m1-67/data/jwst-miri-mrs/wr124-miri-spec-ch2.ecsv
# %ECSV 1.0
# ---
# datatype:
# - {name: Wavelength, unit: micron, datatype: float64}
# - {name: Star, unit: MJy / sr, datatype: float64}
# - {name: Knot A, unit: MJy / sr, datatype: float64}
# - {name: BG A1, unit: MJy / sr, datatype: float64}
# - {name: BG A2, unit: MJy / sr, datatype: float64}
# - {name: Knot B, unit: MJy / sr, datatype: float64}
# - {name: BG B1, unit: MJy / sr, datatype: float64}
# - {name: BG B2, unit: MJy / sr, datatype: float64}
# meta: !!omap
# - __serialized_columns__:
#     BG A1:
#       __class__: astropy.units.quantity.Quantity
#       unit: !astropy.units.Unit {unit: MJy / sr}
#       value: !astropy.table.SerializedColumn {name: BG A1}
#     BG A2:
#       __class__: astropy.units.quantity.Quantity
#       unit: !astropy.units.Unit {unit: MJy / sr}
#       value: !astropy.table.SerializedColumn {name: BG A2}
#     BG B1:
#       __class__: astropy.units.quantity.Quantity
#       unit: !astropy.units.Unit {unit: MJy / sr}
#       value: !astropy.table.SerializedColumn {name: BG B1}
#     BG B2:
#       __class__: astropy.units.quantity.Quantity
#       unit: !astropy.units.Unit {unit: MJy / sr}
#       value: !astropy.table.SerializedColumn {name: BG B2}
#     Knot A:
#       __class__: astropy.units.quantity.Quantity
#       unit: !astropy.units.Unit {unit: MJy / sr}
#       value: !astropy.table.SerializedColumn {name: Knot A}
#     Knot B:
#       __class__: astropy.units.quantity.Quantity
#       unit: !astropy.units.Unit {unit: MJy / sr}
#       value: !astropy.table.SerializedColumn {name: Knot B}
#     Star:
#       __class__: astropy.units.quantity.Quantity
#       unit: !astropy.units.Unit {unit: MJy / sr}
#       value: !astropy.table.SerializedColumn {name: Star}
#     Wavelength:
#       __class__: astropy.coordinates.spectral_coordinate.SpectralCoord
#       unit: !astropy.units.Unit {unit: micron}
#       value: !astropy.table.SerializedColumn {name: Wavelength}
# schema: astropy-2.0
Wavelength Star "Knot A" "BG A1" "BG A2" "Knot B" "BG B1" "BG B2"
[from data line 436]
8.07745023042662 7728.371280924479 188.73176638285318 33.51563776863946 57.64879000981649 -3.983618630303277 -1.6368066403600905 -1.5507763756646051
8.07875023043016 7752.428214518229 197.88286526997885 38.794572830200195 50.111987272898354 19.086100147830116 13.50381326675415 -22.049491339259678
8.080050230433697 7744.065513102213 181.64413197835287 40.865207129054596 52.92605320612589 -1.9078329205513 7.178816742367214 3.3202519793477325
8.081350230437238 7758.755198160808 179.6461613972982 42.893980185190834 35.348276726404826 11.197048452165392 14.684627817736732 -6.6124436193042335
8.082650230440777 7829.166998291015 168.73861440022787 34.47297239303589 46.86291669209798 3.3927035331726074 -7.196515119738049 7.113912251260546
8.083950230444314 7749.555354817709 188.85732650756836 41.20776492357254 36.53489631017049 4.701539191934797 8.621240626192755 -0.5839307838016086
8.085250230447855 7733.430010986328 196.3385384877523 35.80054680506388 47.04496432940165 10.296896245744493 4.418847190009223 2.128527899583181
8.086550230451394 7742.5027262369795 199.16913731892905 41.52998185157776 33.11504201889038 13.650014135572645 24.212209969758987 -14.79843152893914
8.087850230454933 7738.874918619792 178.50447527567545 42.6657382912106 48.9459046681722 13.27168967988756 3.998058686653773 -8.951686898867289
8.089150230458472 7711.922871907552 178.65886370340982 56.66156964831882 27.056199328104654 7.2688706682788 26.092485162946915 -7.122248596615261
8.09045023046201 7720.218597412109 180.87904675801596 47.56843529807197 54.76893178919951 22.674973275926376 -3.5104333493444653 3.0275050004323325
8.09175023046555 7671.397782389323 192.03596941630045 56.92333312829336 53.352184518178305 13.267420927683512 27.583676553434795 17.921462694803875
8.093050230469089 7716.178499348958 192.90944163004556 37.95869482888116 61.919992578029635 11.385243773460388 2.2311781777275934 3.355891082021925
8.094350230472628 7670.952575683594 194.33071517944336 43.39860884348551 56.08965408007304 0.9603982898924086 3.9227905439005957 10.410964866479238
8.095650230476167 7668.748838297526 179.8371957143148 43.78590525521172 52.83770817915599 8.767390012741089 -3.5243745115068226 -6.982180807325575
8.096950230479704 7658.6995300292965 189.8454303741455 44.25316251648797 44.011197344462076 3.980296492576599 16.25106195608775 1.6881245871384938
8.098250230483245 7714.103088378906 189.19688288370767 30.070627556906807 39.61494737068812 19.21575673421224 4.88419771194458 -21.976038292878204
8.099550230486784 7687.436828613281 189.39526176452637 31.981693691677517 30.463120206197104 -9.175817171732584 6.423064291477203 10.677966210577223
8.100850230490323 7726.115311686198 185.59480667114258 37.01558963457743 38.450993633270265 14.672986454433865 11.231875538825989 6.611803743574354
8.102150230493862 7705.433369954427 182.30107561747232 33.458931075202095 45.69692637125651 -4.476801970352729 7.320328275362651 9.356145554118687
8.1034502304974 7739.774670410156 170.94071197509766 44.32527491781447 43.447183736165364 13.20172675450643 7.2873519791497126 -22.75481190946367
8.10475023050094 7727.03153889974 189.3904603322347 34.37508037355211 43.110108363628385 2.154400626818339 4.976116432083978 3.682234605153402
8.10605023050448 7743.169309488932 182.9973258972168 44.14036014344957 39.44479813426733 29.425246132744682 18.635646203429335 -9.272909959157309
8.107350230508018 7734.927087402344 185.49071248372397 39.9939050939348 47.265846824646 6.02096222837766 9.591593768861559 32.559389601151146
8.108650230511557 7581.872615559896 183.09293047587076 47.64673142962985 47.4692485332489 10.034581705927849 27.385980791515774 -14.752156615257263
8.109950230515096 7704.257196044922 187.83593368530273 47.993347830242584 56.24067258834839 11.122455252541435 4.955301152335273 18.39612434970008
8.111250230518635 7693.592370605469 186.11496798197427 66.86281858550177 37.00483365853628 22.473011864556206 13.465344137615627 -6.657210906346639
8.112550230522174 7709.653151448568 194.74132792154947 50.86001049147712 51.59084186553955 19.767510837978786 3.559418241182963 14.269105691048834
8.113850230525712 7545.816119384765 185.69044621785483 54.080938975016274 46.9007971689105 18.823755264282227 33.08115726047092 -5.297854476504856
8.115150230529252 7735.109987386068 207.35726102193198 45.95179910129971 54.58759010632833 14.902055051591661 -0.1768712798754374 22.396823989020454
8.116450230532791 7752.639577229817 193.35969670613608 60.560708575778534 60.151279966036476 18.463477982415093 9.30873191025522 3.251288268301222
8.11775023053633 7758.1300333658855 201.9087988535563 47.81945180892944 72.28023287455241 22.208344883388943 7.4338423940870495 -2.5946471012300916
8.11905023053987 7745.012835693359 193.423854192098 48.598340564303925 39.77279575218757 20.3983367284139 21.794089555740356 1.0074304540952046
8.120350230543407 7774.34008178711 194.37511126200357 35.68498879008823 57.94069836934408 25.816741519504124 5.109704891840617 13.736871977647146
8.121650230546948 7777.821754964193 180.19587326049805 42.99720950921377 49.985106245676675 12.161561912960476 24.76202657487657 10.725310656759474
8.122950230550487 7790.301936848959 178.07608477274576 32.94648113515642 66.24609196980795 35.10989083184136 12.202593882878622 9.75188406308492
8.124250230554026 7750.146240234375 174.73159662882486 42.74113702774048 53.144676296412946 6.757340490818024 23.16114764743381 18.814239170816208
8.125550230557565 7768.635040283203 181.14052518208823 40.02164737383524 62.43583304087321 26.45807711283366 15.566029995679855 10.933708058463203
8.126850230561102 7728.72851155599 178.24190521240234 49.7276255024804 47.560840145746866 -5.181616134113735 24.566180653042263 0.5251470737987094
8.128150230564643 7723.200944010417 195.44600550333658 38.36120815409554 52.82601070404053 15.637418429056803 13.670205963982475 -12.27318000793457
8.129450230568182 7724.502414957682 190.52030754089355 53.34866950247023 50.40763124227524 4.075059667022692 15.67480370733473 11.949230088127983
8.130750230571719 7709.851104736328 192.3974520365397 48.61559560563829 67.2504503885905 15.035423066880968 12.05717102686564 -3.517906778388553
8.13205023057526 7681.622546386719 194.22500610351562 57.01956759558784 55.042906300226846 -8.074595905012554 15.844832075966728 25.051228801409405
8.133350230578799 7721.720821126302 202.6789067586263 36.38425759474436 79.13916670481363 17.71547285715739 7.279689033826192 -0.14901449945237902
8.134650230582338 7740.1078165690105 193.14506594340006 54.41980478498671 62.960912768046065 5.581009778711531 7.0855882035361395 -0.3471354643503825
8.135950230585877 7506.3916015625 189.9815298716227 40.84777230686612 58.88350219726563 7.918914202186796 10.728607383039263 -9.319522857666016
8.137250230589414 7879.638684082031 169.5455404917399 43.085012528631424 53.48833545049032 -8.472748760961824 6.145866793062952 2.005854845046997
8.138550230592955 7998.899989827474 185.22540028889975 39.87726157903671 55.430698998769124 11.7465261220932 27.033714930216473 -8.169134351942274
8.139850230596494 8052.554752604166 179.07735951741537 37.15106063418918 50.79956621726354 16.260633097754585 30.665303468704224 17.567483815881943
8.141150230600033 8230.75293782552 197.44392522176108 41.62356736924913 51.7054417292277 19.948856035868328 19.08641697300805 -0.6304866207970513
8.142450230603572 8308.83252360026 178.4928684234619 39.87565697564019 48.8470871925354 8.980550765991211 -11.146981338659922 23.26631701654858
8.14375023060711 8453.838287353516 191.24086570739746 45.2151358657413 63.232168738047285 12.847750345865885 37.49801778793335 -4.538762549559276
8.14505023061065 8217.38207397461 183.3383356730143 44.1811666165789 56.94741888046265 13.056887865066528 24.747158851888443 32.5121368765831
8.146350230614189 8629.225113932293 199.84070587158203 46.889480815993416 50.1717684241167 16.65841844346788 21.596162663565742 -8.261901749504936
8.147650230617728 8745.083553059896 191.32450485229492 48.48066880967882 43.99106782277425 23.395406617058647 -0.35913945568932426 16.764482067690956
8.148950230621267 8867.716951497396 201.3792413075765 52.37774368789461 47.45110688209534 13.715946833292643 13.262293524212307 11.531167931026882
8.150250230624804 8886.791451009114 192.33164850870767 54.615197075737846 58.430353514353435 10.817347685496012 6.494577089945476 4.167187449004915
8.151550230628345 9031.780301920573 197.93235651652017 61.99974568684896 61.56390101114909 4.557161476877001 14.86995760599772 2.8096882700920105
8.152850230631884 9012.85107421875 188.24052302042642 53.54384093814426 65.69843788146973 2.3523077056225805 6.22533365090688 39.71086981561449
8.154150230635423 9085.647330729167 198.89757537841797 46.571669552061294 57.38573614756266 -3.689134763346778 16.385047807461685 5.489077587922414
8.155450230638962 9132.9984375 200.1588560740153 47.591003841824005 66.17231480280559 14.914723767174614 9.678096857335833 12.906790693600973
8.156750230642501 9172.004565429688 205.5750026702881 35.04395876990424 55.22673171361287 7.4123028251859875 24.11601866616143 4.205475880867905
8.15805023064604 9201.13223470052 195.39080556233725 42.40284641583761 60.24789015452067 26.509605831570095 6.437801996866862 10.918472337639994
8.15935023064958 9158.508707682291 223.4182014465332 52.28198390536838 67.38159936269125 19.974637455410427 21.251013437906902 17.228991001844406
8.160650230653117 9083.013382975261 245.96776580810547 59.07208230760362 80.45623792012533 30.25878143310547 13.27044305536482 30.317616118325127
8.161950230656657 9039.378837076823 203.52190081278482 48.87535011106067 59.71572891871134 4.179122514194912 21.444710943433975 13.37642420331637
8.163250230660196 8979.489239501952 191.8273468017578 52.884601924154495 53.18294542630513 11.199189927842882 4.801586546831661 4.2860212992462845
8.164550230663735 8916.082926432291 196.91135851542154 60.630926344129776 55.604416084289554 -3.0895395146475897 14.720079456766447 5.233746657768886
8.165850230667274 8798.742561848958 183.47772789001465 49.29719294442071 58.85497366587321 5.811535331938002 23.99614249335395 4.177916102939182
8.167150230670812 8666.005692545574 197.14013226826987 49.66716210047404 60.68227909406026 16.029571745130752 30.234516355726456 24.471625407536823
8.168450230674352 8578.851729329426 197.4434871673584 51.56127280659146 54.54898508389791 16.282691531711155 13.130124744441774 14.849159134758843
8.169750230677892 8432.896936035157 207.0844694773356 43.08779640992483 55.07341225941976 7.044725669754876 1.717121230231391 9.504560311635336
8.17105023068143 8324.189882405599 202.85773213704428 42.75949494043986 59.71699434916179 25.0983640882704 11.055947952800327 9.306138368116486
8.17235023068497 8315.596201578775 204.30574798583984 48.3476775487264 70.15750776926676 2.064696686135398 14.961273269520866 25.151876396603054
8.173650230688507 8121.022892252604 195.95068995157877 47.77756479051378 53.20142180124919 15.941024833255344 19.12032142943806 11.210085968176523
8.174950230692048 8081.673687744141 193.44166819254556 46.82934692170885 61.043584966659544 -3.567732983165317 5.1070228881306114 34.63889549838172
8.176250230695587 8015.026495361328 192.60199737548828 55.07701555887858 48.03323057492574 14.225220362345377 20.01129502720303 21.329691979620193
8.177550230699124 7849.586326090494 191.16073163350424 45.16744253370497 59.48481591542562 19.942030270894367 24.75253873401218 23.13154763645596
8.178850230702665 7871.47260538737 170.71254793802896 40.703208420011734 50.80686498483022 19.72312551074558 32.27622000376383 3.5163819127612643
8.180150230706204 7762.06206258138 167.43741289774576 35.58362780676948 50.327962684631345 24.773857328626846 6.243038190735711 26.068793733914692
8.181450230709743 7786.958264160156 173.05656941731772 42.42999049027761 45.047728301708894 23.72003369861179 25.744249555799698 0.7662029531266954
8.182750230713282 7733.220467122396 179.3415069580078 43.920616732703316 52.37899344762166 14.349773512946236 10.62091796927982 24.784667200512356
8.184050230716819 7792.493459065755 183.39345169067383 58.956136809455025 54.53409671783447 14.389496909247505 16.471545351876152 10.868245646357536
8.18535023072036 7656.618255615234 201.73263549804688 49.94014945295122 65.39681777954101 14.945297347174751 13.60917211903466 23.21253117587831
8.186650230723899 7660.2631693522135 185.44590123494467 60.96334245469835 54.74770161310832 9.917467790552312 23.840450392829048 11.781921644177702
8.187950230727438 7605.746927897136 185.91771507263184 50.353306432565056 61.575300470987955 16.079892582363552 1.5882123841179743 35.21223035123613
8.189250230730977 7638.435862223308 174.67446835835776 54.05643346574571 63.4542652130127 14.447766304016113 20.748874543441666 11.583711650636461
8.190550230734514 7621.224228922526 188.2515614827474 46.54872713155217 67.45323136647542 12.526775360107422 5.2651625871658325 14.949511541260613
8.191850230738055 7595.5294189453125 192.6622200012207 59.08789380391439 46.183141167958574 5.068395230505201 18.729026820924545 -8.112506001359886
8.193150230741594 7618.469691975912 197.5043748219808 43.714247677061294 54.846233073870344 22.622230105929905 20.084313842985367 12.370557361178928
8.194450230745133 7640.168105061849 183.94451332092285 54.005787425571015 50.152562872568765 23.370548036363388 23.468627288109726 3.9390637742148504
8.195750230748672 7633.089788818359 183.6869684855143 33.27079761690564 56.00344534715017 29.22385576036241 13.830680383576286 15.86368097199334
8.19705023075221 7630.287707519531 174.56499671936035 57.23560301462809 51.24498523076375 5.047825561629401 14.679710838529799 0.43837051424715257
8.19835023075575 7634.402156575521 178.02299944559732 44.78659211264716 64.68662020365397 21.70881239573161 1.4337872399224176 24.979705651601154
8.19965023075929 7656.204608154297 170.03167851765951 45.70837667253282 56.69500528971354 10.507753372192383 14.599740584691366 7.832897047201793
8.200950230762828 7597.211505126953 174.501740137736 36.24490141040749 66.17185986836752 25.823137495252823 4.175674915313721 14.234314176771376
8.202250230766367 7565.684582519531 186.27109972635904 56.05039013756646 58.08573048909505 1.799589170349969 1.2736358377668593 28.565064364009434
8.203550230769904 7549.382607014974 192.70550473531088 54.17768923441569 73.58207047780355 18.036801232231987 -15.31383662753635 38.676439440912674
8.204850230773445 7556.85381266276 189.74941698710123 66.86786312527127 60.72793197631836 -1.4873937103483412 19.358218510945637 24.378405623965794
8.206150230776984 7545.328220621745 190.58227602640787 53.67318399747213 79.77613563537598 34.23621431986491 14.596266958448622 32.43052511082755
8.207450230780521 7589.284104410807 182.72796122233072 66.87177255418565 71.79271284739177 21.2489898469713 -4.823925707075331 27.80718982219696
8.208750230784062 7338.816217041016 188.6493657430013 55.44814157485962 70.33791440327963 35.998452504475914 -11.825653738445705 10.65717182556788
8.210050230787601 7435.820774332682 178.31096967061362 60.62551339467367 59.60177052815755 15.837169541252983 9.16845056745741 4.957825634214613
8.21135023079114 7596.876271565755 185.52627881368002 55.65631728702121 67.0532761891683 28.605016284518772 10.257363491588169 11.060045931074354
8.21265023079468 7589.50639038086 184.37730280558267 57.23220549689399 52.83647391994794 -0.6886436740557352 0.2686277959081862 5.741621408197615
8.213950230798217 7580.058538818359 182.08004760742188 47.07790385352241 57.14018694559733 2.491090284453498 4.405763554904196 12.001811663309732
8.215250230801757 7599.403304036458 174.82037226359049 57.26326560974121 48.13917927742004 4.322032809257507 6.975782818264431 14.628029260370466
8.216550230805296 7591.54662882487 181.64226849873862 39.31865993059344 60.8319507598877 9.201143741607666 1.6519234577814739 6.868668821122911
