m1-67/data/jwst-miri-mrs/wr124-miri-mrs-ch2-star-line-spectrum.ecsv
# %ECSV 1.0
# ---
# datatype:
# - {name: Wavelength, unit: micron, datatype: float64}
# - {name: Intensity, datatype: float64}
# meta: !!omap
# - __serialized_columns__:
#     Wavelength:
#       __class__: astropy.units.quantity.Quantity
#       unit: !astropy.units.Unit {unit: micron}
#       value: !astropy.table.SerializedColumn {name: Wavelength}
# schema: astropy-2.0
Wavelength Intensity
[from data line 1328]
9.23705023358343 382.6336975097656
9.238350233586969 399.32544962565106
9.239650233590508 419.90807088216144
9.240950233594049 426.2923583984375
9.242250233597586 487.09063720703125
9.243550233601125 537.4565836588541
9.244850233604666 564.1886494954427
9.246150233608203 615.5064086914062
9.247450233611744 651.7802734375
9.248750233615281 696.6509399414062
9.25005023361882 715.9089152018229
9.251350233622361 733.8975626627604
9.252650233625898 761.2467753092448
9.253950233629437 783.8995259602865
9.255250233632976 846.2437845865885
9.256550233636515 890.0789896647135
9.257850233640056 958.1192118326823
9.259150233643593 965.0501810709635
9.260450233647134 964.1493021647135
9.261750233650671 962.3047587076823
9.26305023365421 959.5563659667969
9.264350233657751 960.3499247233073
9.265650233661288 963.8949890136719
9.266950233664828 963.012196858724
9.268250233668368 962.0816752115885
9.269550233671906 958.444101969401
9.270850233675446 947.2517598470052
9.272150233678984 923.6661885579427
9.273450233682523 825.3550109863281
9.274750233686063 746.2946166992188
9.2760502336896 720.9985555013021
9.277350233693141 715.1160888671875
9.278650233696679 682.9986572265625
9.279950233700218 642.9966125488281
9.281250233703759 626.8094584147135
9.282550233707296 583.3769124348959
9.283850233710835 555.8843587239584
9.285150233714374 522.3094584147135
9.286450233717913 479.66016642252606
9.287750233721454 454.8091735839844
9.289050233724991 442.86890665690106
9.29035023372853 424.1217956542969
9.29165023373207 391.46099853515625
9.292950233735608 366.89393107096356
9.294250233739149 299.5364074707031
9.295550233742686 269.4889628092448
9.296850233746225 248.64724731445312
9.298150233749766 229.36113484700522
9.299450233753303 232.69257609049478
9.300750233756842 225.1949259440104
9.302050233760381 224.3320515950521
9.30335023376392 222.03646850585938
9.304650233767461 218.54639689127603
9.305950233770998 191.84298706054688
9.307250233774539 184.99012247721353
9.308550233778076 181.23613484700522
9.309850233781615 175.45245361328125
9.311150233785156 155.80646769205728
9.312450233788693 159.03465779622397
9.313750233792232 160.58525594075522
9.315050233795773 162.67430623372397
9.31635023379931 162.48593139648438
9.317650233802851 162.24240112304688
9.318950233806389 167.79390462239584
9.320250233809928 168.4697469075521
9.321550233813468 156.3918660481771
9.322850233817006 149.66387939453125
9.324150233820546 152.70906575520834
9.325450233824084 159.12581380208334
9.326750233827623 160.726806640625
9.328050233831163 163.6360066731771
9.3293502338347 164.21450805664062
9.33065023383824 169.57955932617188
9.331950233841779 152.78014119466147
9.333250233845318 142.97358194986978
9.334550233848859 147.10608927408853
9.335850233852396 149.46509806315103
9.337150233855935 160.88614908854166
9.338450233859476 144.3099568684896
9.339750233863013 154.69038899739584
9.341050233866554 159.35598754882812
9.342350233870091 180.58304850260416
9.34365023387363 236.45142618815103
9.34495023387717 263.3006083170573
9.346250233880708 265.2079162597656
9.347550233884247 277.63503011067706
9.348850233887786 279.89319864908856
9.350150233891325 287.0145975748698
9.351450233894866 303.74595133463544
9.352750233898403 307.1808369954427
9.354050233901944 318.7042541503906
9.355350233905481 325.1405843098958
9.35665023390902 342.58339436848956
9.357950233912561 359.09763590494794
9.359250233916098 390.90663655598956
9.360550233919637 437.6352945963542
9.361850233923178 499.3567199707031
9.363150233926715 542.7216389973959
9.364450233930256 582.1729736328125
9.365750233933793 663.6938171386719
9.367050233937332 694.9282023111979
9.368350233940873 720.4842529296875
9.36965023394441 773.3593139648438
9.370950233947951 829.7223103841146
9.372250233951489 893.0848693847656
9.373550233955028 993.3013203938802
9.374850233958568 1097.7126973470051
9.376150233962106 1304.2091471354167
9.377450233965645 1600.435323079427
9.378750233969184 1963.7073465983074
9.380050233972723 2347.4708862304688
9.381350233976264 2601.522989908854
9.3826502339798 2899.652862548828
9.38395023398334 3280.4644368489585
9.385250233986879 3458.277028401693
9.386550233990418 3536.885955810547
9.387850233993959 3539.352508544922
9.389150233997496 3548.498057047526
9.390450234001035 3549.1995544433594
9.391750234004576 3549.1995544433594
9.393050234008113 3548.491628011068
9.394350234011652 3547.443288167318
9.395650234015191 3547.443288167318
9.39695023401873 3545.4029642740884
9.39825023402227 3537.3171183268228
9.399550234025808 3425.297159830729
9.400850234029349 3240.6966857910156
9.402150234032886 3073.9645182291665
9.403450234036425 2813.827077229818
9.404750234039966 2724.5816955566406
9.406050234043503 2503.3458964029946
9.407350234047042 2427.0204060872397
9.408650234050581 2273.310475667318
9.40995023405412 2073.323944091797
9.411250234057661 1912.1428934733074
9.412550234061198 1656.5736389160156
9.413850234064737 1452.31494140625
9.415150234068278 1193.0132954915364
9.416450234071815 1085.955301920573
9.417750234075356 931.1886800130209
9.419050234078894 765.8786315917969
9.420350234082433 677.4533996582031
9.421650234085973 557.2446085611979
9.42295023408951 467.41347249348956
9.42425023409305 416.148681640625
9.425550234096589 401.572265625
9.426850234100128 396.46954345703125
9.428150234103668 379.58819580078125
9.429450234107206 368.594970703125
9.430750234110747 349.791748046875
9.432050234114284 336.41929117838544
9.433350234117823 314.94407145182294
9.434650234121364 279.957275390625
9.4359502341249 254.91077677408853
9.43725023412844 232.73096720377603
9.43855023413198 210.17403157552084
9.439850234135518 204.0135498046875
9.441150234139057 199.97247314453125
9.442450234142596 199.7091267903646
9.443750234146135 183.1918741861979
9.445050234149676 158.0597127278646
9.446350234153213 152.12198893229166
9.447650234156754 148.06293741861978
9.448950234160291 123.2696024576823
9.45025023416383 113.85096232096355
9.451550234167371 108.05117797851562
9.452850234170908 107.43313598632812
9.454150234174447 83.08035278320312
9.455450234177986 75.9875996907552
9.456750234181525 72.49441528320312
9.458050234185064 47.908966064453125
9.459350234188603 35.00835164388021
9.460650234192142 18.681955973307293
9.461950234195683 4.335052490234375
9.46325023419922 7.487335205078125
9.464550234202761 6.565216064453125
9.465850234206298 -6.405222574869792
9.467150234209837 -3.8709818522135415
9.468450234213378 -2.1333109537760415
9.469750234216916 6.432708740234375
9.471050234220455 49.331644694010414
9.472350234223994 67.29730224609375
9.473650234227533 84.24641927083333
9.474950234231073 84.26969401041667
9.47625023423461 86.78533935546875
9.477550234238151 87.5896504720052
9.478850234241689 87.57174682617188
9.480150234245228 87.46714274088542
9.481450234248769 108.63157145182292
9.482750234252306 117.7991943359375
9.484050234255845 136.8711954752604
9.485350234259386 139.75918579101562
9.486650234262923 141.43712361653647
9.487950234266462 140.85470581054688
9.489250234270001 144.14892578125
9.49055023427354 152.5477294921875
9.49185023427708 164.0142822265625
9.493150234280618 172.72103881835938
9.494450234284159 203.00324503580728
9.495750234287696 236.14226277669272
9.497050234291235 251.59194946289062
9.498350234294776 281.24095662434894
9.499650234298313 316.42432657877606
9.500950234301852 356.7660725911458
9.502250234305391 373.7715148925781
9.50355023430893 385.1980895996094
9.50485023431247 391.3750406901042
9.506150234316008 406.5917154947917
9.507450234319549 440.1486511230469
9.508750234323086 498.29791259765625
9.510050234326625 615.7296244303385
9.511350234330166 701.0425313313802
9.512650234333703 776.9540201822916
9.513950234337242 814.7371419270834
9.515250234340783 832.9097493489584
9.51655023434432 837.4779866536459
9.51785023434786 837.5637613932291
9.519150234351399 839.959238688151
9.520450234354938 839.959238688151
9.521750234358478 840.3674825032552
9.523050234362016 844.5256042480469
9.524350234365556 860.2344258626302
9.525650234369094 874.1392415364584
9.526950234372633 870.844492594401
9.528250234376173 856.0441589355469
9.52955023437971 836.8226216634115
9.53085023438325 823.0399373372396
9.532150234386789 793.9716796875
9.533450234390328 782.2257893880209
9.534750234393867 762.9002888997396
9.536050234397406 723.3381754557291
9.537350234400945 688.0187377929688
9.538650234404486 661.5065205891927
9.539950234408023 636.0862223307291
9.541250234411564 624.3443908691406
9.542550234415101 600.6270345052084
9.54385023441864 567.4893595377604
9.54515023442218 530.1709493001302
9.546450234425718 431.21840413411456
9.547750234429257 397.0416971842448
9.549050234432796 330.9323221842448
9.550350234436335 298.9564514160156
9.551650234439874 290.7548014322917
9.552950234443413 307.2248128255208
9.554250234446954 293.94762166341144
9.555550234450491 284.1166076660156
9.55685023445403 288.61522420247394
9.558150234457571 291.4301249186198
9.559450234461108 290.45705159505206
9.560750234464647 288.75624593098956
9.562050234468188 276.32481892903644
9.563350234471725 259.5332743326823
9.564650234475264 249.4617716471354
9.565950234478803 280.90187581380206
9.567250234482342 282.2369079589844
9.568550234485883 287.1421610514323
9.56985023448942 290.6260172526042
9.571150234492961 290.387451171875
9.572450234496499 277.1913655598958
9.573750234500038 281.44118245442706
9.575050234503578 277.70941162109375
9.576350234507116 290.3026529947917
9.577650234510655 278.3295491536458
9.578950234514194 254.21036783854166
9.580250234517733 263.57118733723956
9.581550234521272 286.21026611328125
9.58285023452481 292.56231689453125
9.58415023452835 291.64414469401044
9.58545023453189 288.5402018229167
9.586750234535428 286.6533203125
9.588050234538969 294.8492838541667
9.589350234542506 294.85595703125
9.590650234546045 288.4720865885417
9.591950234549586 270.71864827473956
9.593250234553123 253.34293619791666
9.594550234556662 245.9444580078125
9.595850234560201 246.30620320638022
9.59715023456374 249.08158365885416
9.598450234567279 251.16845703125
9.599750234570818 247.53157552083334
9.601050234574359 247.53157552083334
9.602350234577896 253.3423055013021
9.603650234581435 254.26085408528647
9.604950234584976 237.08782958984375
9.606250234588513 226.2566121419271
9.607550234592052 218.64229329427084
9.608850234595593 219.0823771158854
9.61015023459913 219.1456298828125
9.61145023460267 213.59635416666666
9.612750234606208 216.5312703450521
9.614050234609747 221.17127482096353
9.615350234613288 221.79367065429688
9.616650234616825 221.21758015950522
9.617950234620366 213.0885009765625
9.619250234623903 179.87335205078125
9.620550234627443 189.98697916666666
9.621850234630983 191.57218424479166
9.62315023463452 191.2276611328125
9.62445023463806 190.38970947265625
9.625750234641599 191.2738037109375
9.627050234645138 195.3661905924479
9.628350234648677 206.97737630208334
9.629650234652216 202.4815470377604
9.630950234655755 171.6139933268229
9.632250234659294 140.61321004231772
9.633550234662833 142.49565633138022
9.634850234666374 130.12311808268228
9.63615023466991 113.35413614908855
9.63745023467345 110.17713419596355
9.63875023467699 114.19359334309895
9.640050234680528 103.62930297851562
9.641350234684067 102.6447041829427
9.642650234687606 109.28431193033855
9.643950234691145 114.05659993489583
9.645250234694684 117.36086018880208
9.646550234698223 168.06798299153647
9.647850234701764 188.27616373697916
9.649150234705301 192.27855428059897
9.65045023470884 193.79141235351562
9.651750234712381 202.57306925455728
9.653050234715918 226.94762166341147
9.654350234719457 226.66307576497397
9.655650234722996 222.96058146158853
9.656950234726535 219.96548461914062
9.658250234730074 227.53345743815103
9.659550234733613 222.72017415364584
9.660850234737152 203.6331583658854
9.662150234740693 175.0143839518229
9.66345023474423 183.6176554361979
9.664750234747771 165.0726521809896
9.666050234751308 159.1041463216146
9.667350234754847 182.7560831705729
9.668650234758388 180.8556111653646
9.669950234761926 181.40545654296875
9.671250234765465 180.7933146158854
9.672550234769004 183.73114013671875
9.673850234772543 179.2753702799479
9.675150234776082 227.0558878580729
9.67645023477962 241.60324096679688
9.67775023478316 266.1442565917969
9.679050234786699 280.28929646809894
9.680350234790238 317.0740661621094
9.681650234793779 328.5431315104167
9.682950234797316 351.4844462076823
9.684250234800855 376.01671346028644
9.685550234804396 394.1764322916667
9.686850234807933 427.0559387207031
9.688150234811472 448.9202168782552
9.68945023481501 481.6903991699219
9.69075023481855 491.53143310546875
9.692050234822089 547.0390116373698
9.693350234825628 561.0650736490885
9.694650234829169 590.3125508626302
9.695950234832706 611.605234781901
9.697250234836245 728.1809997558594
9.698550234839786 887.7654825846354
9.699850234843323 1091.4224446614583
9.701150234846862 1323.5407613118489
9.702450234850401 1534.0594177246094
9.70375023485394 1780.6056722005208
9.70505023485748 1864.9267679850261
9.706350234861018 1933.110575358073
9.707650234864557 1958.145243326823
9.708950234868098 1968.174051920573
9.710250234871635 1971.9405721028645
9.711550234875176 1974.8291625976562
9.712850234878713 1974.8291625976562
9.714150234882252 1974.8291625976562
9.715450234885793 1977.281962076823
9.71675023488933 1973.817159016927
9.71805023489287 1919.5664469401042
9.719350234896408 1867.256327311198
9.720650234899948 1799.0873311360676
9.721950234903487 1410.4289143880208
9.723250234907026 1274.5822652180989
9.724550234910565 1130.1677551269531
9.725850234914104 1014.8858947753906
9.727150234917643 949.0543518066406
9.728450234921183 907.4596150716146
9.72975023492472 823.6937967936198
9.73105023492826 783.9818929036459
9.7323502349318 752.3093973795573
9.733650234935338 719.8252258300781
9.734950234938877 692.1492207845052
9.736250234942416 668.5867106119791
9.737550234945955 644.4971923828125
9.738850234949494 626.5337422688802
9.740150234953033 570.1071472167969
9.741450234956574 479.6241861979167
9.742750234960111 358.8845520019531
9.74405023496365 279.85071818033856
9.74535023496719 230.3403523763021
9.746650234970728 184.4902140299479
9.747950234974267 170.61250813802084
9.749250234977806 162.82317097981772
9.750550234981345 158.31026204427084
9.751850234984884 141.66551717122397
9.753150234988423 145.48796590169272
9.754450234991962 137.89745076497397
9.755750234995503 141.63379923502603
9.75705023499904 162.96208699544272
9.758350235002581 166.385986328125
9.759650235006118 174.51164754231772
9.760950235009657 184.30594889322916
9.762250235013198 202.24191284179688
9.763550235016735 207.29613240559897
9.764850235020274 217.14663696289062
9.766150235023813 220.51382446289062
9.767450235027352 228.79170735677084
9.768750235030891 233.02587890625
9.77005023503443 221.12680053710938
9.77135023503797 233.55209350585938
9.772650235041509 203.12127685546875
9.773950235045048 190.88249715169272
9.775250235048588 188.17109171549478
9.776550235052126 161.26619466145834
9.777850235055665 145.41217041015625
9.779150235059204 151.3216552734375
9.780450235062743 142.8900349934896
9.781750235066282 157.3756306966146
9.78305023506982 141.8268025716146
9.78435023507336 130.2275390625
9.785650235076899 141.1350301106771
9.786950235080438 140.57113647460938
9.788250235083979 142.87525431315103
9.789550235087516 154.71319580078125
9.790850235091055 161.10147094726562
9.792150235094596 191.79300944010416
9.793450235098133 192.9443359375
9.794750235101672 189.59883626302084
9.796050235105211 185.58258056640625
9.79735023510875 175.9255167643229
9.798650235112289 165.61343383789062
9.799950235115828 164.69019571940103
9.801250235119367 119.9585673014323
9.802550235122906 108.923583984375
9.803850235126445 110.63511149088542
9.805150235129986 113.45826212565105
9.806450235133523 122.0680440266927
9.807750235137062 133.02259318033853
9.809050235140603 133.23674519856772
