m1-67/data/jwst-miri-mrs/wr124-miri-spec-ch1.ecsv
# %ECSV 1.0
# ---
# datatype:
# - {name: Wavelength, unit: micron, datatype: float64}
# - {name: Star, unit: MJy / sr, datatype: float64}
# - {name: Knot A, unit: MJy / sr, datatype: float64}
# - {name: BG A1, unit: MJy / sr, datatype: float64}
# - {name: BG A2, unit: MJy / sr, datatype: float64}
# - {name: Knot B, unit: MJy / sr, datatype: float64}
# - {name: BG B1, unit: MJy / sr, datatype: float64}
# - {name: BG B2, unit: MJy / sr, datatype: float64}
# meta: !!omap
# - __serialized_columns__:
#     BG A1:
#       __class__: astropy.units.quantity.Quantity
#       unit: !astropy.units.Unit {unit: MJy / sr}
#       value: !astropy.table.SerializedColumn {name: BG A1}
#     BG A2:
#       __class__: astropy.units.quantity.Quantity
#       unit: !astropy.units.Unit {unit: MJy / sr}
#       value: !astropy.table.SerializedColumn {name: BG A2}
#     BG B1:
#       __class__: astropy.units.quantity.Quantity
#       unit: !astropy.units.Unit {unit: MJy / sr}
#       value: !astropy.table.SerializedColumn {name: BG B1}
#     BG B2:
#       __class__: astropy.units.quantity.Quantity
#       unit: !astropy.units.Unit {unit: MJy / sr}
#       value: !astropy.table.SerializedColumn {name: BG B2}
#     Knot A:
#       __class__: astropy.units.quantity.Quantity
#       unit: !astropy.units.Unit {unit: MJy / sr}
#       value: !astropy.table.SerializedColumn {name: Knot A}
#     Knot B:
#       __class__: astropy.units.quantity.Quantity
#       unit: !astropy.units.Unit {unit: MJy / sr}
#       value: !astropy.table.SerializedColumn {name: Knot B}
#     Star:
#       __class__: astropy.units.quantity.Quantity
#       unit: !astropy.units.Unit {unit: MJy / sr}
#       value: !astropy.table.SerializedColumn {name: Star}
#     Wavelength:
#       __class__: astropy.coordinates.spectral_coordinate.SpectralCoord
#       unit: !astropy.units.Unit {unit: micron}
#       value: !astropy.table.SerializedColumn {name: Wavelength}
# schema: astropy-2.0
Wavelength Star "Knot A" "BG A1" "BG A2" "Knot B" "BG B1" "BG B2"
[from data line 806]
5.545200079068308 10322.668995993477 39.47245282679796 30.017575200647116 38.92395031452179 0.0 0.0 -4.743487522006035
5.546000079048099 10337.23855481829 51.304377377033234 50.87389730196446 54.270742451772094 0.0 0.0 -16.210402965545654
5.546800079027888 10333.792090824672 58.381030440330505 29.067632124759257 75.19057762622833 0.0 0.0 -12.01131534576416
5.54760007900768 10322.15340750558 46.96020442992449 45.39944413676858 63.62084573507309 0.0 0.0 -9.71237862110138
5.54840007898747 10268.559968675885 50.04198069870472 48.51490485295653 34.8243832886219 0.0 0.0 -17.589425802230835
5.54920007896726 10227.69851739066 49.354228138923645 51.114223033189774 38.390049792826176 0.0 0.0 -13.396209478378296
5.55000007894705 10279.5270249503 50.53771755332127 22.061625450849533 57.79368603602052 0.0 0.0 -8.55885922908783
5.55080007892684 10297.592545645577 59.26466977596283 42.02250122278929 65.62047545984387 0.0 0.0 -12.064376831054688
5.551600078906631 10164.670831407819 60.44863722473383 48.4231065902859 52.68386106938124 0.0 0.0 -11.81879210472107
5.5524000788864205 10137.874465942383 74.77305337786674 42.23195050563663 55.717779979109764 0.0 0.0 -18.394184827804565
5.553200078866212 10166.868826184955 67.7531932592392 44.71381118893623 70.42614688910544 0.0 0.0 -6.683250546455383
5.554000078846001 10106.818675449917 74.32813194394112 51.82380525767803 61.537706434726715 0.0 0.0 -1.8083931505680084
5.554800078825792 10151.909163338798 55.49061086401343 30.26316953614878 70.15679936110973 0.0 0.0 -9.970152854919434
5.555600078805582 10151.573524475098 56.63332052528858 55.15390405058861 57.548179529607296 0.0 0.0 -13.213855981826782
5.556400078785373 10187.962548937116 57.82395589351654 45.10435994155705 49.1100889518857 0.0 0.0 -7.600870132446289
5.557200078765162 10159.539312090192 69.62219882383943 35.37228445033543 51.983760515227914 0.0 0.0 -11.43953824043274
5.5580000787449535 10221.94215938023 56.096176892519 21.428934052586555 57.16161170601845 0.0 0.0 -17.028174877166748
5.558800078724743 10151.666498456683 71.84446036815643 16.90200183726847 52.454684276133776 0.0 0.0 -13.902037620544434
5.559600078704534 10152.42422921317 42.186927393078804 10.147319581359625 48.15145171433687 0.0 0.0 -4.269665062427521
5.5604000786843235 10313.260964529854 64.13186119263992 39.48173228604719 50.618921011686325 0.0 0.0 -12.958772897720337
5.561200078664115 10195.629182543073 82.504638556391 34.754329636693 68.62686689011753 0.0 0.0 -17.59243655204773
5.562000078643904 10150.077559334892 75.33074635267258 30.86368338763714 58.167854338884354 0.0 0.0 -8.277214050292969
5.562800078623695 10283.292300633022 49.15278082340956 19.976273465901613 39.13216133415699 0.0 0.0 -13.84362530708313
5.563600078603486 10202.502000536237 64.3244492597878 58.59622501023114 41.797639578580856 0.0 0.0 -12.871914744377136
5.564400078583276 10230.069903782436 56.36626521125436 58.38273411989212 52.10675875097513 0.0 0.0 -8.156741969287395
5.565200078563065 10248.957880837577 62.47087563946843 15.717695608735085 50.068175941705704 0.0 0.0 -10.160552024841309
5.566000078542856 10276.456985473633 52.745358519256115 29.95915027707815 62.76633723080158 0.0 0.0 -24.424185276031494
5.566800078522647 10253.135840824672 70.06775825098157 31.54831885546446 77.08065807819366 0.0 0.0 -17.06161069869995
5.567600078502436 10266.92017364502 54.505051746964455 29.1641795784235 57.341043803840876 0.0 0.0 -8.210531771183014
5.568400078482227 10292.896408626011 80.64915908873081 37.41125673055649 44.920953407883644 0.0 0.0 -7.282944679260254
5.569200078462017 10272.378874097552 35.497915498912334 17.946227598236874 44.30751607567072 0.0 0.0 -14.439994096755981
5.570000078441808 10314.728473118374 41.54353833757341 33.49486008286476 43.499893471598625 0.0 0.0 -13.924355745315552
5.570800078421597 10323.625389099121 37.160334050655365 8.147378668189049 43.46868439874379 0.0 0.0 -15.449808120727539
5.571600078401389 9891.664625985282 31.126390397548676 16.674157351255417 27.730618001893163 0.0 0.0 -8.236566543579102
5.572400078381178 10364.741201128278 35.62819384038448 32.04466435313225 48.72772209439427 0.0 0.0 -7.684527337551117
5.573200078360969 10548.00405066354 42.91865587979555 25.80907031148672 31.397684693336487 0.0 0.0 -9.79007089138031
5.574000078340759 10177.420993804932 29.854508168064058 0.08830589056015015 36.064099472016096 0.0 0.0 -15.385168313980103
5.57480007832055 10595.186874934605 28.84280413389206 -5.688410572707653 30.23599874973297 0.0 0.0 -7.998025059700012
5.575600078300339 10823.095281873431 21.463351440615952 20.303866172209382 19.731415327638388 0.0 0.0 -10.650053262710571
5.57640007828013 10891.483786991665 29.952264204621315 -1.1919701285660267 27.594640970230103 0.0 0.0 -7.293548941612244
5.57720007825992 11016.929346357074 20.33896052837372 2.614414170384407 41.38257134659216 0.0 0.0 -9.063158512115479
5.578000078239711 11133.095814841134 46.130111284554005 11.27197077870369 59.22281875833869 0.0 0.0 -11.131192207336426
5.578800078219501 11258.591381072998 43.825150698423386 28.98909682035446 40.04260873794556 0.0 0.0 -10.501564025878906
5.579600078199292 11345.78594153268 35.869209099560976 16.29321825504303 45.80692973732948 0.0 0.0 -10.747645378112793
5.580400078179081 11471.076704842704 45.93398835789412 7.349865347146988 52.337231531273574 0.0 0.0 -16.323476314544678
5.581200078158871 11596.861222948346 49.400816794484854 12.23078441619873 57.913188111037016 0.0 0.0 -15.510630369186401
5.5820000781386625 11731.95425578526 53.128231439739466 22.25609514117241 50.83508963882923 0.0 0.0 -12.30079174041748
5.582800078118452 11764.083958762032 31.827332271263003 5.615322396159172 45.44998971000314 0.0 0.0 -12.164657592773438
5.583600078098243 11741.048142569405 40.68531973101199 28.84718289342709 52.37343214452267 0.0 0.0 -8.562495827674866
5.5844000780780325 11728.331088474819 36.07617491483688 44.54932925850153 55.50849383324385 0.0 0.0 -7.967195391654968
5.585200078057824 11675.642043522426 44.68485013325699 34.018422262743115 48.52210459858179 0.0 0.0 -13.37181305885315
5.586000078037613 11618.92797088623 51.79027906060219 19.968790538609028 47.2074179649353 0.0 0.0 -10.707355923950672
5.586800078017404 11526.4645047869 81.13705028966069 49.58180744946003 47.90357458591461 0.0 0.0 -9.894028663635254
5.587600077997194 11349.091015951974 58.41079603508115 10.541670300066471 51.132016979157925 0.0 0.0 -10.540098190307617
5.588400077976985 11161.941306522915 52.8791150348261 17.244054153561592 39.724823236465454 0.0 0.0 -13.061758041381836
5.589200077956774 11005.949334280831 28.615113466978073 -5.526604771614075 48.12884856760502 0.0 0.0 -11.937501192092896
5.5900000779365655 10863.57179096767 35.87057517468929 7.437377691268921 38.32593522593379 0.0 0.0 -11.931333303451538
5.590800077916355 10757.845080239433 28.515077970921993 15.839442505966872 15.299080714583397 0.0 0.0 -9.255399346351624
5.591600077896146 10457.751937321254 39.61622400581837 12.668737962841988 10.411590244621038 0.0 0.0 -11.58367133140564
5.5924000778759355 10348.566823686871 22.385216802358627 6.032159894704819 26.38661002367735 0.0 0.0 -8.619472086429596
5.593200077855727 10450.71979032244 44.378503043204546 21.23323356360197 44.88580207381165 0.0 0.0 -19.413589477539062
5.594000077835517 10382.40112577166 21.257200837135315 -5.139713566750288 40.08940336108208 0.0 0.0 -14.793230772018433
5.594800077815306 10328.178462437221 71.68661760166287 25.867669361643493 24.550594694912434 0.0 0.0 -10.700360894203186
5.595600077795097 10259.351637159076 56.00592789053917 12.362827494740486 25.1123406291008 0.0 0.0 -15.155023574829102
5.596400077774887 10194.828159332275 55.99735819734633 13.536192805040628 26.647506717592478 0.0 0.0 -17.086759567260742
5.597200077754678 10178.244663238525 35.80329355597496 8.587701300159097 39.82682603597641 0.0 0.0 -12.157006025314331
5.598000077734468 10113.352044786725 46.31224554032087 34.92871497571468 31.265250040218234 0.0 0.0 -17.2085018157959
5.598800077714259 10080.140293121338 30.89873132109642 13.174524068832397 16.055498618632555 0.0 0.0 -18.28302025794983
5.599600077694048 10112.289696829659 56.19923918694258 44.6851855404675 22.098769669421017 0.0 0.0 -16.134420156478882
5.600400077673839 10143.66866193499 8.8836999386549 7.683553472161293 33.727832664735615 0.0 0.0 -13.431663990020752
5.601200077653629 10129.172372545514 42.05023193359375 8.594188157469034 51.065818786621094 0.0 0.0 -19.224390983581543
5.60200007763342 10107.160345077515 39.02531426399946 13.505798641592264 42.14951540529728 0.0 0.0 -16.570812225341797
5.602800077613209 10102.910378047398 59.56859354302287 23.177686281502247 50.0968630425632 0.0 0.0 -9.349631190299988
5.603600077593001 10127.621957506452 42.7259865142405 33.01426950097084 41.85113165527582 0.0 0.0 -13.400024175643921
5.60440007757279 10114.478709629604 67.00364577770233 33.61494114249945 61.241922341287136 0.0 0.0 -13.10779094696045
5.605200077552581 10090.377774919782 52.14279356598854 25.19702820852399 48.19934991002083 0.0 0.0 -4.9462292194366455
5.606000077532371 10056.776969909668 90.3951537758112 45.26501422561705 50.54260917566717 0.0 0.0 -17.061096906661987
5.606800077512162 10170.802055358887 74.1440564468503 51.56382517889142 54.687115505337715 0.0 0.0 -8.28952670097351
5.607600077491951 10066.70955984933 59.705652974545956 57.551369085907936 66.77107672765851 0.0 0.0 -4.4049089550971985
5.608400077471742 10103.130187988281 53.827299669384956 29.271435223519802 47.02086525410414 0.0 0.0 -7.668077230453491
5.609200077451533 10056.123760223389 55.287265066057444 40.211858972907066 32.72338929772377 0.0 0.0 -24.55711841583252
5.610000077431322 10057.012186322894 42.22394137829542 33.862297900021076 21.89708105009049 0.0 0.0 -13.776119709014893
5.610800077411112 10080.741876329694 62.20608247816563 50.5840959995985 43.2973212543875 0.0 0.0 -12.731154203414917
5.611600077390903 10040.99356678554 52.403398767113686 47.60255977511406 64.64653077721596 0.0 0.0 -9.68444836139679
5.612400077370694 10022.11203929356 71.38420657813549 31.93219969794154 64.38847568631172 0.0 0.0 -16.539653778076172
5.613200077350483 10012.510036468506 45.132570415735245 50.95328589575365 56.67324020061642 0.0 0.0 -10.557926774024963
5.6140000773302745 10021.049086979458 57.55961953103542 40.134050130844116 68.91518464317778 0.0 0.0 -10.4490225315094
5.614800077310064 10036.844477517265 36.9322169944644 43.42003412544727 80.45483008772135 0.0 0.0 -15.303491592407227
5.615600077289855 10016.14029094151 62.180564530193806 45.609564527869225 85.74592298455536 0.0 0.0 -23.31030511856079
5.6164000772696445 9854.925286974225 48.103568226099014 39.944052174687386 54.329953516833484 0.0 0.0 -14.428673148155212
5.617200077249436 10009.740968976703 41.25069057941437 33.64816643297672 42.75545230507851 0.0 0.0 -11.356292009353638
5.618000077229225 10068.921040126255 53.66995470225811 32.48241978883743 45.76199267804623 0.0 0.0 -5.218478560447693
5.618800077209016 10003.357818603516 52.45839313045144 29.325312040746212 39.21760323015042 0.0 0.0 -15.45844578742981
5.619600077188806 9987.603357587543 46.85254408675246 9.692243337631226 45.71476380806416 0.0 0.0 -13.772174596786499
5.620400077168597 9975.989084516254 71.9138132315129 34.86705593764782 57.521084904670715 0.0 0.0 -12.960049986839294
5.621200077148386 10006.057734353202 55.71330323815346 25.870527405291796 48.070605516433716 0.0 0.0 -13.114862442016602
5.6220000771281775 10019.205727713448 61.42931651324034 40.03197644650936 59.2795994579792 0.0 0.0 -3.339128077030182
5.622800077107967 10028.52097756522 63.56674602255225 51.816884621977806 65.57319863140583 0.0 0.0 -2.521755686029792
5.623600077087758 9994.98114831107 82.4262606240809 52.93486003950238 42.61347779631615 0.0 0.0 2.640951156616211
5.624400077067548 10074.893917628697 69.15319841355085 34.2181886266917 43.970028802752495 0.0 0.0 -9.42660665512085
5.625200077047338 10023.604875292096 69.5615445971489 23.22133331000805 42.799719009548426 0.0 0.0 -11.009935855865479
5.626000077027128 9976.861980983189 68.04709227383137 35.08120773732662 50.262811079621315 0.0 0.0 -7.125839829444885
5.626800077006918 10012.345844813755 59.513881742954254 26.322648752480745 47.78237980604172 0.0 0.0 -14.119399785995483
5.62760007698671 10074.279935019356 56.84348998963833 54.05877693742514 55.27430120110512 0.0 0.0 -16.10492181777954
5.628400076966499 10095.459288460868 57.85714157670736 33.68717594444752 44.60311532765627 0.0 0.0 -10.057959206402302
5.62920007694629 10045.720526014056 42.273256205022335 22.30132094398141 61.82155080139637 0.0 0.0 -3.138302832841873
5.63000007692608 9971.019087110248 55.88845473155379 25.299655809998512 60.457822009921074 0.0 0.0 -13.049545526504517
5.630800076905871 9975.28207724435 42.01155183464289 39.3828723821789 76.14438891410828 0.0 0.0 -16.185214042663574
5.63160007688566 9949.24320111956 44.508527524769306 25.433410985860974 55.64253723761067 0.0 0.0 -15.105720043182373
5.632400076865451 9964.861587524414 38.446710616350174 43.07938838377595 52.287372417747974 0.0 0.0 -9.035685919225216
5.633200076845241 9541.331804003034 79.78362584114075 25.169594056904316 49.91715220734477 0.0 0.0 -13.974467039108276
5.634000076825032 9969.485246930804 74.93103592842817 39.17208218574524 57.579435504972935 0.0 0.0 2.610194206237793
5.634800076804821 10032.130182538715 81.4429733119905 36.68685471639037 49.78105792403221 0.0 0.0 -3.664058178663254
5.635600076784613 10021.113427843366 77.12661607563496 50.45532363653183 56.76261621946469 0.0 0.0 -10.389447927474976
5.636400076764402 9960.491777692523 75.56838105432689 17.105219170451164 46.49185385555029 0.0 0.0 -7.848554968833923
5.637200076744193 9967.583614894322 77.1809004098177 35.02253580838442 29.78263919055462 0.0 0.0 -6.459460020065308
5.638000076723983 9942.045048849923 57.68670070171356 1.8057608306407928 31.840854100883007 0.0 0.0 -9.848824143409729
5.638800076703774 9992.268905094692 44.81551703810692 35.86967048048973 34.59867662191391 0.0 0.0 -10.091538786888123
5.639600076683564 9989.519868033272 60.510459780693054 24.441897064447403 41.63727978989482 0.0 0.0 -5.998608946800232
5.6404000766633535 10004.544470105853 57.17981347441673 26.178619803860784 49.729458041489124 0.0 0.0 -7.989068388938904
5.641200076643144 9983.683596474784 58.17310965061188 33.19814505241811 40.729927346110344 0.0 0.0 -2.404114246368408
5.642000076622934 9902.761977604458 66.50026742741466 33.68069448135793 47.2967634499073 0.0 0.0 -9.694989323616028
5.642800076602725 9751.442301068988 59.82833879813552 25.22642907500267 47.22807055711746 0.0 0.0 -17.075255393981934
5.643600076582515 9958.204041617257 75.76119615137577 37.08075999841094 39.114080891013145 0.0 0.0 -5.990771234035492
5.644400076562306 9954.421762193952 59.352758318185806 28.937064360827208 58.9222145229578 0.0 0.0 -1.2355502247810364
5.645200076542095 9960.806294032505 61.51316104806028 38.122471526265144 59.586546406149864 0.0 0.0 -8.10558533668518
5.6460000765218865 9988.250871930804 73.86011136695743 13.69342353194952 54.79874150082469 0.0 0.0 -8.954557538032532
5.646800076501676 10013.56679698399 63.23003253340721 51.04102459549904 53.294340901076794 0.0 0.0 -5.137388586997986
5.647600076481467 9944.796410696847 37.79039588198066 22.53655032068491 43.55051475763321 0.0 0.0 -4.165430665016174
5.6484000764612565 9952.514878409249 50.200676150619984 36.03676415234804 39.086769085377455 0.0 0.0 -16.889135122299194
5.649200076441048 9904.272731781006 48.52493750862777 20.13296113908291 24.10050304606557 0.0 0.0 -13.823546886444092
5.650000076420837 10258.199892316547 92.1556521654129 63.07162670791149 60.35510890558362 0.0 0.0 -23.695581309497356
5.650800076400628 10087.948978969029 102.13464113138616 61.55331325531006 83.09796246886253 0.0 0.0 -26.43371546268463
