m1-67/data/jwst-miri-mrs/wr124-miri-spec-ch2.ecsv
# %ECSV 1.0
# ---
# datatype:
# - {name: Wavelength, unit: micron, datatype: float64}
# - {name: Star, unit: MJy / sr, datatype: float64}
# - {name: Knot A, unit: MJy / sr, datatype: float64}
# - {name: BG A1, unit: MJy / sr, datatype: float64}
# - {name: BG A2, unit: MJy / sr, datatype: float64}
# - {name: Knot B, unit: MJy / sr, datatype: float64}
# - {name: BG B1, unit: MJy / sr, datatype: float64}
# - {name: BG B2, unit: MJy / sr, datatype: float64}
# meta: !!omap
# - __serialized_columns__:
#     BG A1:
#       __class__: astropy.units.quantity.Quantity
#       unit: !astropy.units.Unit {unit: MJy / sr}
#       value: !astropy.table.SerializedColumn {name: BG A1}
#     BG A2:
#       __class__: astropy.units.quantity.Quantity
#       unit: !astropy.units.Unit {unit: MJy / sr}
#       value: !astropy.table.SerializedColumn {name: BG A2}
#     BG B1:
#       __class__: astropy.units.quantity.Quantity
#       unit: !astropy.units.Unit {unit: MJy / sr}
#       value: !astropy.table.SerializedColumn {name: BG B1}
#     BG B2:
#       __class__: astropy.units.quantity.Quantity
#       unit: !astropy.units.Unit {unit: MJy / sr}
#       value: !astropy.table.SerializedColumn {name: BG B2}
#     Knot A:
#       __class__: astropy.units.quantity.Quantity
#       unit: !astropy.units.Unit {unit: MJy / sr}
#       value: !astropy.table.SerializedColumn {name: Knot A}
#     Knot B:
#       __class__: astropy.units.quantity.Quantity
#       unit: !astropy.units.Unit {unit: MJy / sr}
#       value: !astropy.table.SerializedColumn {name: Knot B}
#     Star:
#       __class__: astropy.units.quantity.Quantity
#       unit: !astropy.units.Unit {unit: MJy / sr}
#       value: !astropy.table.SerializedColumn {name: Star}
#     Wavelength:
#       __class__: astropy.coordinates.spectral_coordinate.SpectralCoord
#       unit: !astropy.units.Unit {unit: micron}
#       value: !astropy.table.SerializedColumn {name: Wavelength}
# schema: astropy-2.0
Wavelength Star "Knot A" "BG A1" "BG A2" "Knot B" "BG B1" "BG B2"
[from data line 1639]
9.641350234684067 5493.335337320964 164.18467585245767 53.56661939620972 64.41698099772135 24.565098418129814 1.870038760619031 15.921337551540798
9.642650234687606 5547.421360270182 154.16048749287924 74.52804268731012 74.42228406270345 29.425620396931965 9.332168446646797 13.162364681561789
9.643950234691145 5450.273461914063 164.60080782572427 69.54843457539876 54.89348494211833 35.18720738093058 11.703310953246223 19.306506580776638
9.645250234694684 5576.701916503906 162.27909469604492 84.7193431854248 71.19667549133301 38.88630694813199 7.952150012056033 23.980797661675346
9.646550234698223 5637.191811116537 169.16622352600098 79.27028359307184 77.3960334777832 41.115418104661835 0.4799395228425662 30.012802759806316
9.647850234701764 5621.606396484375 153.65820693969727 63.628118726942276 64.71115417480469 41.36142264472114 -2.3605539401372275 13.432236969470978
9.649150234705301 5613.480568440756 153.78983052571616 63.91162215338813 67.30619468688965 32.48366792996725 -1.2970735000239477 18.107588900460136
9.65045023470884 5633.395998128255 156.40648206075033 64.20869572957356 64.08722483317057 36.65191896094216 3.445372760295868 19.117343935701584
9.651750234712381 5649.981058756511 158.58753140767416 70.3084110683865 81.29000676472982 43.87366983625624 8.189903047349718 26.56570177608066
9.653050234715918 5532.901251220703 150.56721433003744 51.270548555586075 61.417628606160484 47.133588790893555 -2.7575417508681617 28.065607746442158
9.654350234719457 5651.182348632812 146.12719281514487 66.8585845099555 68.56399256388346 46.762265576256645 -2.7874152925279407 31.340389755037094
9.655650234722996 5643.840694173177 154.94507344563803 49.08372435304854 62.273752975463864 38.98178635703193 -3.4803540176815457 27.97291310628255
9.656950234726535 5636.0557312011715 145.1190096537272 55.693792555067276 69.90144170125326 25.629638877179886 -2.547695060571035 16.241454474214052
9.658250234730074 5599.924739583334 158.24276161193848 63.79496320088705 61.600904337565105 27.810720761617024 1.0401322411166296 23.481367541684044
9.659550234733613 5568.2209879557295 156.57668368021646 54.91899490356445 67.94281438191732 27.606995893849266 -1.2393485440148249 23.670114785432816
9.660850234737152 5546.258237711589 169.2417335510254 82.38510492112901 71.82640202840169 25.080887423621284 -7.5466269387139215 21.470861312415863
9.662150234740693 5498.238562011718 157.02362187703451 62.892291174994575 69.80502878824869 41.78944068484836 -4.902613825268215 17.867685414850712
9.66345023474423 5455.781402587891 163.43574587504068 70.0526892344157 77.6465082804362 21.070821311738754 10.131180312898424 9.129920376671684
9.664750234747771 5356.744667561849 171.5051180521647 61.80133157306247 71.68443654378255 16.175962739520603 6.8677096830474005 28.839753097958035
9.666050234751308 5443.220041910808 174.35542233784994 74.87100315093994 84.88098678588867 16.943950878249275 9.6665407816569 42.10994899272919
9.667350234754847 5510.108514404297 187.4678471883138 62.701666090223526 81.93422927856446 42.36128828757339 -2.732142371022039 46.03128925959269
9.668650234758388 5521.244327799479 179.12996292114258 76.2139195336236 100.9109115600586 53.811976750691734 -8.212473944243458 19.841940797037548
9.669950234761926 5546.170137532552 228.10206095377603 85.86449220445421 92.32465133666992 107.35887734095256 -1.5512661453750398 23.73454843627082
9.671250234765465 5558.7273620605465 248.49346796671549 84.47650358412001 88.82475560506185 114.82783317565918 2.8200960672563977 26.066502138972282
9.672550234769004 5569.224206542969 197.8878517150879 73.99992815653484 77.8122573852539 69.46565935346815 4.452371133698358 14.693501578436958
9.673850234772543 5618.114396158854 165.43583234151205 59.035418616400825 72.30377782185873 48.695533076922096 4.1193020939826965 31.5811161465115
9.675150234776082 5612.858534749349 162.39947001139322 71.75315221150716 71.12453664143881 35.082650396558975 2.0445427008801036 19.1331002149317
9.67645023477962 5631.2202840169275 175.40655008951822 64.48142984178331 58.53358815511068 33.11682893170251 7.677477224005593 27.47608206007216
9.67775023478316 5585.27626953125 157.78975931803384 69.0976685418023 68.84357515970866 41.108478824297585 17.35026470488972 15.122847338517508
9.679050234786699 5557.8838562011715 166.52301851908365 64.12849352094862 59.66947135925293 39.666075779332054 13.517985704872343 17.8469883898894
9.680350234790238 5682.423046875 157.10939153035483 59.56282303068373 79.17631581624349 45.19887510935465 -0.6033864375203848 11.760001540184021
9.681650234793779 5696.541512044271 175.19346237182617 61.46351273854574 65.10362803141275 38.3817146619161 9.136879884534412 18.462511764632332
9.682950234797316 5702.966882324219 151.26055018107095 50.66442505518595 66.4950050354004 26.069498224390877 2.8712069193522134 30.152834362453884
9.684250234800855 5672.820845540365 154.34817949930826 58.7372915479872 62.42979736328125 29.79423991839091 13.797015951739418 16.573536144362556
9.685550234804396 5673.861879475911 163.57307306925455 64.18543444739447 61.00849227905273 42.966737800174286 13.495057106018066 24.41664981842041
9.686850234807933 5626.2175984700525 166.3744093577067 63.96548414230347 77.22263704935709 47.97305891248915 11.069415092468262 16.18168853554461
9.688150234811472 5626.7850891113285 166.9192689259847 75.8897499508328 79.77111892700195 33.53680784834756 6.427731010648939 26.335244589381748
9.68945023481501 5596.087638346354 149.98293240865073 67.76599417792426 84.64034907023112 45.956286589304604 12.694636550214556 18.557589623663162
9.69075023481855 5597.173765055339 176.84687678019205 62.59906217787001 73.3568499247233 33.85294975174798 9.105017105738321 24.696269485685562
9.692050234822089 5591.120503743489 177.53266016642252 65.7913080851237 73.72764879862467 37.43432283401489 -8.915438678529528 25.442347298065823
9.693350234825628 5632.501523844401 196.05954233805338 82.78656842973497 72.7545617421468 36.89552934302224 31.372241073184544 27.144093301561142
9.694650234829169 5676.516377766927 184.48031997680664 74.69484382205539 89.04723205566407 48.883738941616485 3.7356448305977716 24.535718546973335
9.695950234832706 5748.4643961588545 188.9279899597168 66.94657050238715 77.9668078104655 47.65688620673286 -0.48344981918732327 14.63042512204912
9.697250234836245 5915.430938720703 183.9458033243815 82.83818244934082 82.50059153238932 47.97308419810401 -3.99747461742825 52.229551792144775
9.698550234839786 6093.57035522461 173.1845620473226 76.58491812811957 88.35468241373698 30.065619111061096 -13.090326675524315 26.157662679751713
9.699850234843323 6136.74071858724 188.03675079345703 82.60851266649034 74.88174692789714 31.281102511617874 0.16664690441555446 30.02559322781033
9.701150234846862 6118.922139485677 184.72720909118652 69.19156678517659 76.18720143636068 30.1618938975864 -8.01193853881624 24.577528476715088
9.702450234850401 6324.597267659506 180.04587364196777 78.71333588494196 70.03196907043457 40.34737833340963 -2.407067404852973 24.114342149760986
9.70375023485394 6483.321118164063 164.00800704956055 68.27452108595106 78.72654240926107 51.330274966028 -5.6434054308467445 24.09726683298747
9.70505023485748 6565.815891520182 171.72091356913248 79.2464599609375 72.82334340413412 35.492762519253624 8.30929349652595 21.693146149317425
9.706350234861018 6590.564717610677 169.17996660868326 72.63474337259929 75.78825607299805 37.782835483551025 3.245174710949262 35.65156933996413
9.707650234864557 6715.2427429199215 177.46428298950195 58.4463160832723 69.82492904663086 37.00030173195733 4.855813821156819 17.863289674123127
9.708950234868098 6824.971087646484 169.9678497314453 65.0767527686225 75.86688563028972 51.59599815474616 8.903659779164526 31.28587570455339
9.710250234871635 6848.06128540039 167.22550328572592 67.20361010233562 73.53229751586915 48.16585371229384 11.901520235257017 27.735469188955094
9.711550234875176 6969.680287679036 161.2381763458252 68.75755744510226 63.97132339477539 49.47783239682516 24.629442642132442 36.191563765207924
9.712850234878713 6890.328535970052 167.30806096394858 64.29714457194011 71.56578572591145 37.4238485760159 -3.9835873544216156 23.362809379895527
9.714150234882252 6801.309297688802 176.1197109222412 79.72169812520345 70.9581667582194 39.71911350886027 2.2163998749521046 35.80085457695855
9.715450234885793 6744.25991414388 178.77855364481607 68.09097883436415 75.0318832397461 40.30923938751221 8.380653614799181 18.744292894999187
9.71675023488933 6605.664286295573 181.7770118713379 60.932244545883606 78.4990790049235 22.057196617126465 0.7094707853264279 31.018501440684002
9.71805023489287 6506.854361979166 167.612273534139 61.74974621666802 84.00889155069987 21.712966018252903 10.303143726454842 29.618317498101128
9.719350234896408 6471.576765950521 180.4169069925944 69.31096924675836 94.59316838582357 21.40142085817125 11.64776317278544 33.191130797068276
9.720650234899948 6421.057177734375 187.23655446370444 79.4457819196913 98.21047922770182 50.48381079567803 18.117651207579506 45.610959857702255
9.721950234903487 6188.325655110677 190.73676999409994 81.02246697743733 102.03720347086589 62.209399435255264 6.231745903690656 29.657428873288964
9.723250234907026 6074.446822102865 182.6354726155599 83.21878751118977 98.04481099446615 35.64776791466607 18.564155525631374 34.335693359375
9.724550234910565 6113.541514078776 185.14665921529135 74.34904066721599 75.4337807973226 33.97451200750139 1.3673525359481573 20.353921466403538
9.725850234914104 6055.969134521484 177.94182968139648 75.92457718319363 74.8987444559733 24.065931426154243 9.80064766936832 33.40386759903696
9.727150234917643 6005.072324625651 166.85717709859213 75.47118303510878 77.31549555460612 42.344116581810844 12.078668703635534 57.5601061185201
9.728450234921183 5954.248183186849 174.6931266784668 72.93327649434407 72.22407709757486 40.17792558670044 9.82146985994445 41.057055685255264
9.72975023492472 5868.821024576823 169.52523930867514 76.35192404852972 74.38208236694337 33.239157716433205 6.004009644190471 44.35903604825338
9.73105023492826 5849.0894490559895 176.8679904937744 70.61131456163194 71.87239685058594 26.117212560441757 3.604763494597541 21.04042112827301
9.7323502349318 5839.709627278646 166.3252156575521 65.67780113220215 70.59290898640951 33.4422967367702 20.14262710677253 21.84219725926717
9.733650234935338 5806.169543457031 166.13954734802246 56.23236317104764 68.35954869588217 44.25485446718004 10.878723906146156 14.030384745862749
9.734950234938877 5756.0606160481775 163.6861254374186 62.50370089213053 71.65905481974283 45.84921089808146 14.696607331434885 28.29926872253418
9.736250234942416 5743.881429036458 164.46218872070312 60.123582416110565 66.51894747416178 48.17289878262414 11.704106675253975 21.591806146833633
9.737550234945955 5717.279160563151 156.9450454711914 57.37222332424588 75.49048868815105 42.53495324982537 -2.645120130644904 29.189169777764214
9.738850234949494 5718.6255289713545 152.54243914286295 57.762829038831924 62.44978319803874 47.38584374429451 8.1880707922909 32.071262200673424
9.740150234953033 5704.789556884765 161.82352129618326 61.62150949902005 66.33562825520833 31.41560889614953 8.545601725578308 31.154586791992188
9.741450234956574 5673.745029703776 163.74304898579916 61.49249119228787 74.59948145548502 47.066768262121414 11.83607280254364 37.129722240898346
9.742750234960111 5582.801357014974 165.32713063557944 69.13049507141113 74.3177276611328 41.00964503818088 2.6835132075680628 26.92687243885464
9.74405023496365 5543.460367838542 166.9452444712321 72.94173208872478 73.97374877929687 25.77742878595988 15.896817803382874 22.80484664440155
9.74535023496719 5485.307208251953 171.9962698618571 71.9631224738227 64.45574582417807 23.88072406914499 2.805878202120463 20.942622123493088
9.746650234970728 5431.5999471028645 174.45097859700522 70.94420104556613 80.46127573649089 12.418459494908651 17.677924940983456 22.722361809677547
9.747950234974267 5408.726818847656 164.10406494140625 60.03467708163791 78.02524337768554 28.51333709888988 3.2988943325148687 24.128478189309437
9.749250234977806 5416.2852233886715 170.40419896443686 71.04004033406575 96.18832448323568 20.473815812004936 7.409151196479797 21.880210717519123
9.750550234981345 5406.502453613281 157.33791287740073 60.259906980726456 74.27545547485352 45.40669230620066 13.19963847928577 21.613985988828873
9.751850234984884 5429.621502685547 158.5876611073812 75.86676406860352 83.75392710367838 39.579950438605415 4.490402142206828 21.2290834652053
9.753150234988423 5445.510616048177 164.93582407633463 67.83022822274103 74.750306447347 28.654156612025368 2.2040661912825374 32.99500846862793
9.754450234991962 5460.543039957683 179.7388916015625 71.70075692070856 79.57909469604492 30.919523565305603 -8.216190689139896 20.942909942732918
9.755750234995503 5502.202392578125 165.44862937927246 75.46417638990614 79.5299799601237 27.46193061934577 4.8529017265472145 27.518167244063484
9.75705023499904 5518.8412943522135 160.52883211771646 63.292146152920196 71.97190856933594 41.11202616492907 -7.3489157689942255 19.267177517215412
9.758350235002581 5538.6341267903645 159.90193367004395 69.34297641118367 75.07887318929036 38.53180353509055 5.669703765927504 22.007079230414497
9.759650235006118 5529.5555135091145 151.59708086649576 65.07102584838867 71.89758809407552 38.993050522274444 0.20443042119344076 26.11784830358293
9.760950235009657 5566.410668945313 154.37347221374512 66.51768472459581 82.15219167073568 36.09955074389776 -3.2638100253211126 19.43603291403916
9.762250235013198 5588.895900472005 147.40715408325195 57.061801274617515 70.64515113830566 45.4522236055798 11.418198772602612 29.06868161095513
9.763550235016735 5587.576118977865 159.43029403686523 66.24569712744818 75.8138193766276 42.96542024612427 0.3923080861568451 18.4737296336227
9.764850235020274 5579.20536702474 149.71326192220053 60.65962653689914 66.15311101277669 34.24415887726678 7.075983070664936 36.31036451127794
9.766150235023813 5669.086932373047 157.80218442281088 66.73019059499104 73.48189544677734 27.712836265563965 4.647451678911845 25.109399027294582
9.767450235027352 5570.413861083985 158.69036801656088 64.98584344651964 68.43151880900065 40.96730587217543 11.376303434371948 18.652128554052776
9.768750235030891 5651.687487792969 155.58598454793295 59.93982251485189 76.72597147623698 55.59850819905599 12.683370585242907 16.55767415298356
9.77005023503443 5654.170528157552 159.96519470214844 65.5834034813775 69.71357676188151 39.79106511010064 21.1645624505149 31.188135256369907
9.77135023503797 5597.700563557943 154.07821083068848 43.857032193077934 65.60667813618979 59.83613967895508 22.83160893784629 35.48746188481649
9.772650235041509 5532.073321533203 167.81995073954263 72.89375803205702 75.6223742167155 45.548022243711685 23.97425100538466 29.636469655566746
9.773950235045048 5542.124208577474 166.69980112711588 69.36240037282307 77.5432799021403 33.64822526110543 17.830370081795586 29.978364355034298
9.775250235048588 5483.958005777995 178.74924977620444 80.26900386810303 85.29333750406902 24.348567590117455 4.114772372775608 19.282074027591282
9.776550235052126 5443.036401367188 156.26524798075357 59.90537855360243 74.77121404012044 24.84850189420912 14.494940051188072 35.22740284601847
9.777850235055665 5470.029675292969 154.32875442504883 61.46398745642768 75.78959045410156 29.68805832333035 -5.586048072876616 31.792481846279568
9.779150235059204 5440.616058349609 153.7982546488444 69.32363912794325 68.74446055094401 28.311243295669556 10.012923346625435 43.584033992555405
9.780450235062743 5451.529689534505 153.03428077697754 74.5094403160943 92.08106587727865 37.30727388461431 -6.331776142120361 26.238939417733086
