m1-67/data/jwst-miri-mrs/wr124-miri-mrs-ch1-star-line-spectrum.ecsv
# %ECSV 1.0
# ---
# datatype:
# - {name: Wavelength, unit: micron, datatype: float64}
# - {name: Intensity, datatype: float64}
# meta: !!omap
# - __serialized_columns__:
#     Wavelength:
#       __class__: astropy.units.quantity.Quantity
#       unit: !astropy.units.Unit {unit: micron}
#       value: !astropy.table.SerializedColumn {name: Wavelength}
# schema: astropy-2.0
Wavelength Intensity
[from data line 889]
5.611600077390903 931.2573939732143
5.612400077370694 886.1664341517857
5.613200077350483 885.3667689732143
5.6140000773302745 910.4619140625
5.614800077310064 920.2410714285714
5.615600077289855 881.7310267857143
5.6164000772696445 897.2154017857143
5.617200077249436 750.4764229910714
5.618000077229225 778.8073381696429
5.618800077209016 828.2068917410714
5.619600077188806 835.6685965401786
5.620400077168597 853.2488141741071
5.621200077148386 857.9482421875
5.6220000771281775 809.3783482142857
5.622800077107967 906.4860491071429
5.623600077087758 905.4577985491071
5.624400077067548 917.4589146205357
5.625200077047338 917.3453543526786
5.626000077027128 868.2520228794643
5.626800077006918 770.7135184151786
5.62760007698671 790.7813197544643
5.628400076966499 805.5059291294643
5.62920007694629 861.6324637276786
5.63000007692608 888.2581612723214
5.630800076905871 894.4460797991071
5.63160007688566 888.2785295758929
5.632400076865451 868.1540876116071
5.633200076845241 841.41552734375
5.634000076825032 777.5826590401786
5.634800076804821 683.7584402901786
5.635600076784613 693.0788922991071
5.636400076764402 697.9119698660714
5.637200076744193 704.1446707589286
5.638000076723983 688.4559849330357
5.638800076703774 707.5589425223214
5.639600076683564 748.4029715401786
5.6404000766633535 756.1116768973214
5.641200076643144 670.3399135044643
5.642000076622934 858.6934291294643
5.642800076602725 821.5622209821429
5.643600076582515 820.1111886160714
5.644400076562306 804.2291434151786
5.645200076542095 820.9424525669643
5.6460000765218865 762.5168108258929
5.646800076501676 725.4929547991071
5.647600076481467 793.8219168526786
5.6484000764612565 891.5126953125
5.649200076441048 960.0418526785714
5.650000076420837 1195.210170200893
5.650800076400628 1245.570521763393
5.651600076380418 1424.5864955357142
5.652400076360209 1370.111328125
5.653200076339998 1308.710239955357
5.6540000763197895 1247.1699916294642
5.65480007629958 1252.1922433035713
5.655600076279369 1248.6665736607142
5.6564000762591595 1296.119140625
5.65720007623895 1307.4833984375
5.658000076218741 1285.1642020089287
5.65880007619853 1273.133021763393
5.659600076178322 1325.684361049107
5.660400076158111 1327.0638253348213
5.661200076137902 1317.6827566964287
5.662000076117692 1318.8256138392858
5.662800076097483 1310.7940150669642
5.663600076077272 1328.2203543526787
5.664400076057063 1351.6943359375
5.665200076036853 1377.6831752232142
5.666000076016644 1399.1358816964287
5.666800075996433 1393.7593470982142
5.667600075976225 1413.732421875
5.668400075956014 1475.9236886160713
5.669200075935805 1502.2135184151787
5.6700000759155955 1607.702915736607
5.670800075895385 1780.1639927455358
5.671600075875175 1938.45703125
5.6724000758549655 2028.745396205357
5.673200075834757 2105.7058454241073
5.674000075814546 2159.2892717633927
5.674800075794337 2186.8392159598216
5.675600075774127 2190.2005440848216
5.676400075753918 2245.822335379464
5.677200075733707 2229.6070731026784
5.6780000757134985 2177.70458984375
5.678800075693288 2143.0641741071427
5.679600075673079 2136.802176339286
5.6804000756528685 2112.5788225446427
5.68120007563266 2033.0232979910713
5.682000075612449 1996.5902622767858
5.68280007559224 1988.7636021205358
5.68360007557203 1932.780970982143
5.684400075551821 1937.8090122767858
5.685200075531611 1905.3236607142858
5.686000075511401 1863.181849888393
5.686800075491191 1769.4928152901787
5.687600075470981 1567.157435825893
5.688400075450772 1420.3135463169642
5.689200075430562 1402.1031668526787
5.690000075410353 1356.832728794643
5.690800075390142 1361.3961356026787
5.691600075369934 1358.8150809151787
5.692400075349723 1365.74365234375
5.693200075329514 1375.6351143973213
5.694000075309304 1367.7373046875
5.694800075289095 1420.9669363839287
5.695600075268884 1407.7523716517858
5.696400075248675 1507.710658482143
5.697200075228465 1596.2667410714287
5.698000075208256 1540.521275111607
5.698800075188045 1813.7827845982142
5.699600075167836 1947.7330496651787
5.700400075147627 2215.351143973214
5.701200075127416 2617.7389787946427
5.702000075107207 3079.88232421875
5.702800075086997 3576.0002092633927
5.703600075066788 4002.09423828125
5.7044000750465775 4286.910714285715
5.705200075026369 4611.692661830357
5.706000075006158 5102.148297991072
5.706800074985949 5518.439801897322
5.707600074965739 5702.163434709822
5.70840007494553 5890.524693080357
5.709200074925319 6001.398577008928
5.7100000749051105 6044.278878348215
5.7108000748849 6055.774135044643
5.711600074864691 6109.224330357143
5.7124000748444805 6112.809988839285
5.713200074824272 6154.582868303572
5.714000074804061 6232.779436383928
5.714800074783851 6241.245396205357
5.715600074763643 6252.4833984375
5.716400074743432 6163.837611607143
5.717200074723222 6007.920340401785
5.718000074703013 5821.398507254465
5.718800074682804 5594.654296875
5.719600074662593 5396.615652901785
5.720400074642384 4868.04443359375
5.721200074622174 4364.233468191965
5.722000074601965 3995.44921875
5.722800074581754 3722.303292410714
5.723600074561546 3410.3338448660716
5.724400074541335 2626.6037248883927
5.725200074521126 2227.9773297991073
5.726000074500916 1906.3218470982142
5.726800074480707 1680.3482142857142
5.727600074460496 1569.168178013393
5.728400074440287 1544.5580357142858
5.729200074420077 1401.5887276785713
5.730000074399867 1347.113560267857
5.730800074379658 1306.5062779017858
5.731600074359448 1269.86767578125
5.732400074339238 1203.1422293526787
5.733200074319028 1255.552036830357
5.7340000742988195 1205.392857142857
5.734800074278609 1189.980747767857
5.7356000742584 1259.683872767857
5.7364000742381895 1246.5884486607142
5.737200074217981 1200.4213169642858
5.73800007419777 1174.0745675223213
5.738800074177561 1140.2871791294642
5.739600074157351 1126.9605189732142
5.740400074137142 1096.648716517857
5.741200074116931 1074.30078125
5.7420000740967225 1064.308314732143
5.742800074076512 1091.1036551339287
5.743600074056303 1110.834681919643
5.7444000740360925 1120.8353794642858
5.745200074015883 1109.525111607143
5.746000073995674 1092.021484375
5.746800073975463 1034.7523716517858
5.747600073955254 1082.3207310267858
5.748400073935044 1061.9993722098213
5.749200073914835 1221.2271205357142
5.750000073894625 1225.8480747767858
5.750800073874416 1244.3939034598213
5.751600073854205 1248.8258231026787
5.752400073833996 1303.714564732143
5.753200073813786 1342.8383091517858
5.754000073793577 1381.360630580357
5.754800073773366 1367.153599330357
5.755600073753158 1353.4988839285713
5.756400073732947 1345.157924107143
5.757200073712738 1341.6277901785713
5.758000073692528 1336.9131556919642
5.758800073672319 1309.3643275669642
5.759600073652108 1276.114048549107
5.7604000736318985 1281.97314453125
5.76120007361169 1243.8428431919642
5.762000073591479 1246.3648856026787
5.762800073571269 1320.2208426339287
5.76360007355106 1355.0377371651787
5.764400073530851 1370.300083705357
5.76520007351064 1370.317661830357
5.7660000734904315 1368.651646205357
5.766800073470221 1356.6245814732142
5.767600073450012 1305.655552455357
5.7684000734298015 1275.77099609375
5.769200073409593 1236.5545479910713
5.770000073389382 1180.9580078125
5.770800073369173 1149.3572823660713
5.771600073348963 1105.1630859375
5.772400073328754 1144.3462611607142
5.773200073308543 1223.2411411830358
5.7740000732883345 1180.7098214285713
5.774800073268124 1183.0887276785713
5.775600073247914 1179.819614955357
5.776400073227705 1159.9815848214287
5.777200073207495 1079.2105189732142
5.778000073187285 1052.421875
5.7788000731670754 1033.834681919643
5.779600073146867 1003.6506696428571
5.780400073126656 998.2992466517857
5.781200073106447 1010.7329799107143
5.782000073086237 1053.5179966517858
5.782800073066028 1058.213169642857
5.783600073045817 1101.8501674107142
5.784400073025608 1077.9217354910713
5.785200073005398 1060.8973214285713
5.786000072985189 1067.1971261160713
5.7868000729649784 1010.4258510044643
5.78760007294477 925.2403041294643
5.788400072924559 895.2840401785714
5.78920007290435 887.6333705357143
5.79000007288414 855.9665178571429
5.79080007286393 900.7731584821429
5.791600072843721 942.6784319196429
5.7924000728235105 1044.3277064732142
5.793200072803301 1106.4922572544642
5.794000072783091 1118.1817801339287
5.794800072762882 1112.7479073660713
5.795600072742672 1135.0838448660713
5.796400072722463 1082.105259486607
5.797200072702252 1061.773646763393
5.7980000726820435 987.8528878348214
5.798800072661833 1065.419642857143
5.799600072641624 1004.9878627232143
5.8004000726214135 1028.3823939732142
5.801200072601205 1024.2340262276787
5.802000072580994 1088.710239955357
5.802800072560785 1155.3577706473213
5.803600072540575 1307.6934291294642
5.804400072520365 1410.5875418526787
5.805200072500155 1433.1256277901787
5.806000072479946 1345.555873325893
5.806800072459737 1352.3584681919642
5.807600072439526 1225.4448939732142
5.808400072419317 1231.09912109375
5.809200072399107 1070.1747349330358
5.810000072378898 1056.7825753348213
5.8108000723586875 1070.497837611607
5.811600072338479 1115.6717354910713
5.812400072318268 1159.290318080357
5.813200072298059 1198.8138950892858
5.814000072277849 1255.5341796875
5.81480007225764 1338.600306919643
5.815600072237429 1349.750279017857
5.81640007221722 1367.452845982143
5.81720007219701 1290.474888392857
5.818000072176801 1318.3140345982142
5.8188000721565905 1330.5185546875
5.819600072136381 1354.8563058035713
5.820400072116171 1420.5558035714287
5.821200072095961 1477.912109375
5.8220000720757525 1610.8667689732142
5.822800072055542 1734.61767578125
5.823600072035333 1822.887486049107
5.8244000720151226 1894.384974888393
5.825200071994914 1979.5121372767858
5.826000071974703 2107.3819754464284
5.826800071954494 2037.5279017857142
5.827600071934284 2138.7327008928573
5.828400071914075 2298.941964285714
5.829200071893864 2405.7083565848216
5.8300000718736555 2480.5647321428573
5.830800071853445 2586.6902204241073
5.831600071833236 2637.505440848214
5.8324000718130256 2602.0807756696427
5.833200071792817 2621.4580078125
5.834000071772606 2729.0450613839284
5.8348000717523965 2701.2314453125
5.835600071732187 2696.4393136160716
5.836400071711977 2686.7024274553573
5.837200071691768 2632.3314034598216
5.838000071671558 2521.39794921875
5.838800071651349 2318.3465401785716
5.839600071631138 2200.7740652901784
5.8404000716109294 2127.7581612723216
5.841200071590719 1943.612513950893
5.84200007157051 1865.1490652901787
5.8428000715502995 1806.4369419642858
5.843600071530091 1715.9065987723213
5.84440007150988 1626.1019112723213
5.845200071489671 1385.7216099330358
5.846000071469461 1275.0990513392858
5.846800071449252 1052.6007254464287
5.847600071429041 856.5076729910714
5.8484000714088324 783.4893973214286
5.849200071388622 747.5107421875
5.850000071368412 689.3579799107143
5.8508000713482025 651.6369977678571
5.851600071327993 584.7709263392857
5.852400071307784 627.4307338169643
5.853200071287573 696.6369977678571
5.8540000712673645 702.3292410714286
5.854800071247154 669.8888113839286
5.855600071226945 665.3080357142857
5.856400071206735 582.5250418526786
5.857200071186526 473.41064453125
5.858000071166315 454.5733119419643
5.858800071146106 445.66036551339283
5.859600071125896 435.3632114955357
5.860400071105687 374.49644252232144
5.861200071085476 443.19789341517856
5.8620000710652675 482.16713169642856
5.862800071045057 494.89773995535717
5.863600071024848 518.8122209821429
5.8644000710046384 496.1742466517857
5.865200070984428 495.90248325892856
5.866000070964218 525.6492745535714
5.8668000709440085 492.55775669642856
5.8676000709238 396.83837890625
5.868400070903589 373.30064174107144
5.869200070883379 368.7539760044643
5.87000007086317 246.26429966517858
5.870800070842961 318.71595982142856
5.87160007082275 434.9092494419643
5.8724000708025414 441.63211495535717
5.873200070782331 515.4049246651786
5.874000070762122 558.6656668526786
5.8748000707419115 601.9234095982143
5.875600070721703 606.7274693080357
5.876400070701492 554.1180943080357
5.877200070681283 449.75132533482144
5.878000070661073 471.48849051339283
5.878800070640864 457.92578125
5.879600070620654 490.79129464285717
5.880400070600444 608.6036551339286
5.881200070580234 644.1632254464286
5.882000070560024 679.2003348214286
5.882800070539815 813.3936941964286
5.883600070519605 885.2256556919643
5.884400070499395 1005.8152204241071
5.885200070479185 1071.7762974330358
5.8860000704589766 1187.4780970982142
5.886800070438766 1256.474400111607
5.887600070418557 1517.7933175223213
5.888400070398347 1809.162318638393
5.889200070378138 2113.418875558036
5.890000070357927 2585.8585379464284
5.890800070337718 2831.2512555803573
5.891600070317508 3412.4748186383927
5.892400070297299 3766.3038504464284
5.893200070277088 4066.00830078125
5.8940000702568796 4602.180454799107
5.89480007023667 5217.323032924107
5.895600070216459 6308.726143973215
5.89640007019625 7685.443987165178
5.89720007017604 9469.99476841518
5.898000070155831 14042.314383370536
5.8988000701356205 18441.40359933036
5.899600070115411 21456.43387276786
5.900400070095201 23264.932198660714
5.901200070074992 26460.483258928572
5.902000070054782 28538.06375558036
5.902800070034573 30363.06961495536
5.903600070014362 31868.4013671875
5.9044000699941535 32865.09556361607
5.905200069973943 33836.92926897322
5.906000069953734 33962.88909040178
5.9068000699335235 33962.88909040178
5.907600069913315 33962.88909040178
5.908400069893104 33962.88909040178
5.909200069872894 33962.88909040178
5.9100000698526856 33962.88909040178
5.910800069832475 33959.8017578125
5.911600069812265 33956.14104352678
5.912400069792056 33602.68122209822
5.913200069771847 33358.36314174107
5.914000069751636 31693.835518973214
5.9148000697314265 31034.930106026786
5.915600069711217 29346.21456473214
5.916400069691008 27627.21163504464
5.917200069670797 25416.535295758928
5.918000069650589 23854.109375
5.918800069630378 22311.8037109375
5.919600069610169 19794.51241629464
5.920400069589959 16851.407854352678
5.92120006956975 14390.83607700893
5.922000069549539 11493.427525111607
5.92280006952933 8699.901646205357
5.92360006950912 6383.973772321428
5.92440006948891 4684.750767299107
5.925200069468701 3311.129324776786
5.926000069448491 2643.5604073660716
5.926800069428281 2148.9426618303573
5.927600069408071 2051.8840680803573
5.9284000693878625 1936.2532784598213
5.929200069367652 1805.9900948660713
5.930000069347442 1611.664760044643
5.9308000693272325 1391.4409877232142
5.931600069307024 1350.125
5.932400069286813 1258.27734375
5.933200069266604 1242.438755580357
5.934000069246394 1245.6513671875
5.934800069226185 1216.276088169643
5.935600069205974 1136.8006417410713
5.9364000691857655 1145.0311104910713
5.937200069165555 1175.5626395089287
5.938000069145346 1194.0810546875
5.9388000691251355 1164.293178013393
5.939600069104926 1293.4947684151787
5.940400069084717 1379.7056361607142
5.941200069064506 1418.9517299107142
5.942000069044297 1593.1162806919642
5.942800069024087 1747.16650390625
5.943600069003878 2035.306361607143
5.944400068983668 2513.059640066964
5.945200068963458 2820.4474051339284
5.946000068943248 2987.7239118303573
5.946800068923039 3200.3604910714284
5.947600068902829 3888.36083984375
5.94840006888262 4600.494140625
5.949200068862409 5213.093470982143
5.950000068842201 5896.292619977678
5.95080006882199 6624.787876674107
5.951600068801781 7107.474888392857
5.952400068781571 7501.807198660715
5.953200068761362 7954.879464285715
5.954000068741151 8123.360560825893
5.9548000687209415 8396.145577566964
5.955600068700733 8445.20542689732
5.956400068680522 8533.30419921875
5.957200068660312 8595.98402622768
5.958000068640103 8608.82177734375
5.958800068619894 8597.84214564732
5.959600068599683 8590.93617466518
5.960400068579474 8595.03773716518
5.961200068559264 8510.14683314732
5.962000068539055 8495.753138950893
5.9628000685188445 8409.17333984375
5.963600068498636 8217.718959263393
