m1-67/data/jwst-miri-mrs/wr124-miri-mrs-ch2-star-full-spectrum.ecsv
# %ECSV 1.0
# ---
# datatype:
# - {name: Wavelength, unit: micron, datatype: float64}
# - {name: Intensity, datatype: float64}
# meta: !!omap
# - __serialized_columns__:
#     Wavelength:
#       __class__: astropy.units.quantity.Quantity
#       unit: !astropy.units.Unit {unit: micron}
#       value: !astropy.table.SerializedColumn {name: Wavelength}
# schema: astropy-2.0
Wavelength Intensity
[from data line 3054]
11.480850239691788 9196.533874511719
11.482150239695326 9198.922892252604
11.483450239698865 9208.261372884115
11.484750239702405 9209.708028157553
11.486050239705945 9235.609619140625
11.487350239709482 9267.797566731771
11.48865023971302 9323.950805664062
11.489950239716562 9335.441528320312
11.4912502397201 9369.613627115885
11.492550239723638 9420.484781901041
11.493850239727179 9451.386800130209
11.495150239730716 9475.568705240885
11.496450239734255 9495.807149251303
11.497750239737796 9517.568155924479
11.499050239741333 9534.769856770834
11.500350239744872 9546.923868815104
11.501650239748413 9564.008422851562
11.502950239751952 9571.96278889974
11.50425023975549 9575.223409016928
11.505550239759028 9581.804728190104
11.506850239762569 9581.354573567709
11.508150239766108 9582.419392903646
11.509450239769645 9580.647644042969
11.510750239773186 9589.582295735678
11.512050239776723 9606.989176432291
11.513350239780262 9610.477742513021
11.514650239783803 9618.106669108072
11.515950239787342 9635.490193684896
11.51725023979088 9645.9521484375
11.518550239794418 9660.526021321615
11.51985023979796 9687.118306477865
11.521150239801498 9744.988199869791
11.522450239805035 9827.368509928385
11.523750239808576 9943.706909179688
11.525050239812115 10035.414591471354
11.526350239815653 10118.564188639322
11.527650239819193 10285.991231282553
11.52895023982273 10336.000467936197
11.53025023982627 10413.229858398438
11.53155023982981 10495.116088867188
11.53285023983335 10582.662780761719
11.534150239836887 10644.339640299479
11.535450239840426 10781.81044514974
11.536750239843967 10862.933146158854
11.538050239847506 10882.3984375
11.539350239851043 10895.388875325521
11.540650239854584 10914.936645507812
11.54195023985812 10919.441691080729
11.54325023986166 10918.821838378906
11.5445502398652 10918.513936360678
11.545850239868738 10916.793375651041
11.547150239872277 10908.7412109375
11.548450239875818 10867.351704915365
11.549750239879357 10831.979309082031
11.551050239882896 10800.585469563803
11.552350239886433 10753.352233886719
11.553650239889974 10613.467447916666
11.554950239893513 10511.207478841146
11.55625023989705 10449.734700520834
11.557550239900591 10344.734497070312
11.558850239904128 10235.652465820312
11.560150239907667 10105.304565429688
11.561450239911208 10014.799886067709
11.562750239914747 9865.441975911459
11.564050239918284 9662.031758626303
11.565350239921823 9529.189982096354
11.566650239925364 9480.469848632812
11.567950239928903 9388.732482910156
11.56925023993244 9319.278503417969
11.570550239935981 9286.91855875651
11.57185023993952 9252.651509602865
11.573150239943057 9238.722086588541
11.574450239946598 9220.242045084635
11.575750239950136 9207.223795572916
11.577050239953675 9190.595560709635
11.578350239957215 9176.519694010416
11.579650239960754 9164.287068684896
11.580950239964292 9153.418518066406
11.58225023996783 9135.176961263021
11.583550239971371 9109.900655110678
11.58485023997491 9095.873758951822
11.586150239978448 9094.708760579428
11.587450239981989 9065.077433268229
11.588750239985526 9039.992553710938
11.590050239989065 9028.268371582031
11.591350239992606 9021.281819661459
11.592650239996143 9006.732604980469
11.593950239999682 8996.611206054688
11.595250240003221 8983.043579101562
11.596550240006762 8966.153035481771
11.5978502400103 8922.146952311197
11.599150240013838 8913.474080403646
11.600450240017379 8912.118937174479
11.601750240020918 8905.302530924479
11.603050240024455 8896.602355957031
11.604350240027996 8899.046651204428
11.605650240031533 8911.532552083334
11.606950240035072 8915.969482421875
11.608250240038613 8918.529093424479
11.609550240042152 8924.520263671875
11.61085024004569 8926.30078125
11.612150240049228 8928.214436848959
11.613450240052769 8934.779988606771
11.614750240056308 8944.772989908854
11.616050240059845 8948.224060058594
11.617350240063386 8951.927876790365
11.618650240066923 8962.631103515625
11.619950240070462 8963.055603027344
11.621250240074003 8966.863545735678
11.62255024007754 8965.147054036459
11.62385024008108 8959.625691731771
11.62515024008462 8960.02793375651
11.62645024008816 8959.743408203125
11.627750240091697 8944.722351074219
11.629050240095236 8932.20176188151
11.630350240098776 8922.863850911459
11.631650240102315 8898.14638264974
11.632950240105853 8898.346700032553
11.634250240109393 8899.301025390625
11.63555024011293 8890.920450846354
11.63685024011647 8870.010396321615
11.63815024012001 8851.42588297526
11.639450240123548 8830.875061035156
11.640750240127087 8819.078776041666
11.642050240130626 8813.345723470053
11.643350240134167 8811.865559895834
11.644650240137706 8816.370951334635
11.645950240141243 8815.61083984375
11.647250240144784 8806.74082438151
11.648550240148323 8814.456461588541
11.64985024015186 8814.576151529947
11.6511502401554 8822.201375325521
11.652450240158938 8827.49609375
11.653750240162477 8830.512451171875
11.655050240166018 8842.058919270834
11.656350240169557 8888.591796875
11.657650240173094 8896.771504720053
11.658950240176633 8898.463704427084
11.660250240180174 8900.815063476562
11.661550240183713 8901.326009114584
11.66285024018725 8893.723083496094
11.664150240190791 8894.26816813151
11.665450240194328 8890.244771321615
11.666750240197867 8892.812276204428
11.668050240201408 8887.200154622396
11.669350240204945 8889.489013671875
11.670650240208484 8882.655090332031
11.671950240212025 8875.299133300781
11.673250240215564 8871.541870117188
11.674550240219101 8859.138041178385
11.67585024022264 8844.234110514322
11.677150240226181 8837.779724121094
11.67845024022972 8833.239522298178
11.679750240233258 8833.749532063803
11.681050240236798 8818.583435058594
11.682350240240336 8813.91807047526
11.683650240243875 8808.320007324219
11.684950240247415 8805.456075032553
11.686250240250953 8809.47353108724
11.687550240254492 8812.960652669271
11.68885024025803 8818.067932128906
11.690150240261572 8832.794189453125
11.69145024026511 8840.91074625651
11.692750240268648 8837.807535807291
11.694050240272189 8849.934122721354
11.695350240275728 8863.582153320312
11.696650240279265 8862.169637044271
11.697950240282806 8891.234313964844
11.699250240286343 8893.420756022135
11.700550240289882 8942.103190104166
