m1-67/data/jwst-miri-mrs/wr124-miri-mrs-ch1-star-full-spectrum.ecsv
# %ECSV 1.0
# ---
# datatype:
# - {name: Wavelength, unit: micron, datatype: float64}
# - {name: Intensity, datatype: float64}
# meta: !!omap
# - __serialized_columns__:
#     Wavelength:
#       __class__: astropy.units.quantity.Quantity
#       unit: !astropy.units.Unit {unit: micron}
#       value: !astropy.table.SerializedColumn {name: Wavelength}
# schema: astropy-2.0
Wavelength Intensity
[from data line 2649]
7.019600041821831 28768.77734375
7.020400041801621 28770.823660714286
7.021200041781411 28691.153180803572
7.022000041761202 28652.905412946428
7.022800041740992 28746.416434151786
7.0236000417207824 28746.43819754464
7.024400041700573 28725.93484933036
7.025200041680364 28689.09542410714
7.026000041660153 28574.07393973214
7.026800041639944 28510.27225167411
7.027600041619734 28384.526715959822
7.028400041599525 28367.37179129464
7.0292000415793146 28355.52469308036
7.030000041559105 28410.94601004464
7.030800041538895 28419.327985491072
7.031600041518686 28468.3232421875
7.032400041498476 28514.345284598214
7.033200041478266 28552.026506696428
7.034000041458056 28607.785226004464
7.034800041437847 28567.912458147322
7.035600041417637 28567.912458147322
7.036400041397426 28567.912458147322
7.037200041377218 28567.912458147322
7.038000041357008 28626.246163504464
7.038800041336798 28661.228864397322
7.0396000413165885 28608.47537667411
7.04040004129638 28570.251325334822
7.041200041276169 28517.19119698661
7.042000041255959 28505.906877790178
7.04280004123575 28490.475655691964
7.043600041215541 28483.23025948661
7.04440004119533 28409.508161272322
7.0452000411751206 28447.589913504464
7.046000041154911 28391.71707589286
7.046800041134702 28401.56396484375
7.0476000411144915 28494.712332589286
7.048400041094281 28503.26925223214
7.049200041074072 28533.47237723214
7.050000041053862 28548.35400390625
7.050800041033653 28550.612374441964
7.051600041013442 28562.268624441964
7.052400040993234 28638.94705636161
7.0532000409730236 28666.485421316964
7.054000040952814 28651.651506696428
7.054800040932604 28593.796316964286
7.055600040912395 28549.26583426339
7.056400040892185 28484.516741071428
7.057200040871975 28466.22098214286
7.058000040851765 28395.11160714286
7.0588000408315565 28368.90234375
7.059600040811346 28269.03055245536
7.060400040791136 28300.57889229911
7.061200040770927 28359.46170479911
7.062000040750717 28438.13016183036
7.062800040730507 28522.07861328125
7.063600040710297 28599.04952566964
7.064400040690088 28650.505440848214
7.065200040669878 28666.863630022322
7.066000040649668 28721.73807198661
7.066800040629458 28728.62353515625
7.06760004060925 28848.363141741072
7.068400040589039 28779.437151227678
7.06920004056883 28697.881766183036
7.07000004054862 28647.51541573661
7.070800040528411 28649.847307477678
7.0716000405082005 28626.65897042411
7.072400040487991 28597.172921316964
7.073200040467781 28603.30545479911
7.074000040447572 28699.796526227678
7.074800040427362 28670.974260602678
7.075600040407152 28797.705705915178
7.076400040386942 28909.446149553572
7.077200040366733 28965.849051339286
7.078000040346523 29035.20479910714
7.078800040326312 29194.566545758928
7.0796000403061035 29339.519601004464
7.080400040285894 29354.84940011161
7.081200040265684 29386.52852957589
7.0820000402454735 29497.58740234375
7.0828000402252655 29660.753836495536
7.083600040205055 29683.478585379464
7.084400040184845 29747.24679129464
7.085200040164636 29848.11788504464
7.086000040144427 29884.552873883928
7.086800040124216 29932.88936941964
7.0876000401040065 29934.03878348214
7.088400040083797 29967.23660714286
7.089200040063588 30055.74142020089
7.090000040043377 30156.191545758928
7.090800040023168 30276.414969308036
7.091600040002958 30322.776994977678
7.092400039982748 30430.160226004464
7.093200039962539 30507.138602120536
7.094000039942328 30551.77120535714
7.094800039922119 30552.616559709822
7.0956000399019095 30552.616559709822
7.0964000398817 30499.560477120536
7.097200039861489 30389.53878348214
7.098000039841281 30356.120047433036
7.098800039821071 30190.78341238839
7.099600039800861 30126.974679129464
7.100400039780651 30099.675153459822
7.1012000397604425 30032.71805245536
7.102000039740232 29946.708147321428
7.102800039720022 29888.752371651786
7.1036000396998125 29927.50565011161
7.104400039679604 29877.979561941964
7.105200039659393 29833.773018973214
7.106000039639183 29622.12716238839
7.106800039618974 29377.774065290178
7.107600039598764 29320.933663504464
7.108400039578554 29212.71268136161
7.109200039558344 29084.559919084822
7.110000039538135 29076.748604910714
7.110800039517925 29041.27566964286
7.1116000394977155 28994.36739676339
7.112400039477505 28943.61690848214
7.113200039457297 28871.926409040178
7.114000039437086 28766.25174386161
7.114800039416877 28743.47774832589
7.115600039396667 28730.22049386161
7.116400039376458 28636.29513113839
7.117200039356248 28601.371651785714
7.118000039336038 28531.73995535714
7.118800039315828 28491.496930803572
7.119600039295619 28596.118582589286
7.120400039275409 28640.83621651786
7.121200039255199 28710.497140066964
7.122000039234989 28761.11502511161
7.12280003921478 28784.05859375
7.12360003919457 28795.78466796875
7.124400039174359 28852.345354352678
7.125200039154151 28933.42361886161
7.126000039133941 29005.05908203125
7.126800039113731 29092.770926339286
7.127600039093521 29082.91434151786
7.128400039073313 29201.002999441964
7.129200039053102 29317.32666015625
7.130000039032892 29362.224260602678
7.130800039012683 29403.78934151786
7.131600038992474 29394.303292410714
7.132400038972263 29397.7529296875
7.133200038952054 29473.68603515625
7.134000038931844 29560.51708984375
7.134800038911635 29594.490304129464
7.1356000388914245 29651.14773995536
7.136400038871215 29695.24755859375
7.137200038851005 29705.24365234375
7.138000038830795 29798.80057198661
7.138800038810586 29798.80057198661
7.139600038790375 29792.359723772322
7.140400038770166 29739.847237723214
7.141200038749957 29649.279924665178
7.142000038729747 29559.115652901786
7.142800038709536 29511.881905691964
7.143600038689328 29346.74142020089
7.144400038669118 29277.92354910714
7.145200038648908 29201.46358816964
7.146000038628698 29073.57958984375
7.14680003860849 29053.657087053572
7.147600038588279 29010.47195870536
7.148400038568069 28922.187360491072
7.14920003854786 28901.549874441964
7.150000038527651 28797.476632254464
7.15080003850744 28578.310477120536
7.1516000384872305 28528.777901785714
7.152400038467021 28453.98458426339
7.153200038446811 28400.403390066964
7.154000038426601 28356.18826729911
7.154800038406391 28356.18826729911
7.155600038386182 28356.18826729911
7.156400038365972 28383.860700334822
7.157200038345763 28396.18240792411
7.158000038325553 28281.843401227678
7.158800038305344 28198.60791015625
7.1596000382851335 28137.05106026786
7.160400038264924 28045.434640066964
7.161200038244714 28043.356515066964
7.162000038224505 28030.081891741072
7.162800038204295 27996.964983258928
7.163600038184085 27912.16134207589
7.164400038163875 27898.838797433036
7.1652000381436665 27974.38427734375
7.166000038123456 28038.77462332589
7.166800038103246 28067.14383370536
7.1676000380830365 28074.5693359375
7.168400038062827 28081.56710379464
7.169200038042617 28088.585030691964
7.1700000380224065 28145.912667410714
7.170800038002198 28188.67996651786
7.171600037981988 28238.486467633928
7.172400037961778 28193.767438616072
7.173200037941569 28153.738141741072
7.17400003792136 28115.785016741072
7.174800037901149 28078.502371651786
7.1756000378809395 28065.8837890625
7.17640003786073 28058.934012276786
7.177200037840521 27968.644949776786
7.17800003782031 27942.380440848214
7.178800037800101 27897.705217633928
7.179600037779891 27852.15499441964
7.180400037759682 27955.844377790178
7.181200037739472 27999.602190290178
7.182000037719262 28069.002580915178
7.182800037699052 28091.12960379464
7.1836000376788425 28164.0869140625
7.184400037658633 28196.8583984375
7.185200037638422 28241.315080915178
7.186000037618213 28272.61893136161
7.186800037598004 28265.26778738839
7.187600037577794 28232.894880022322
7.188400037557584 28180.97286551339
7.1892000375373755 28138.25467354911
7.190000037517165 28135.963936941964
7.190800037496955 28135.963936941964
7.1916000374767455 28175.58670479911
7.192400037456537 28196.278669084822
7.193200037436326 28264.054268973214
7.194000037416116 28334.26297433036
7.194800037395907 28377.888741629464
7.195600037375698 28506.19308035714
7.196400037355487 28555.587472098214
7.197200037335278 28582.196916852678
7.198000037315068 28600.360909598214
7.198800037294858 28695.699288504464
7.1996000372746485 28763.662109375
7.200400037254438 28869.499930245536
7.201200037234229 28894.647391183036
7.202000037214019 28893.358049665178
7.20280003719381 28920.308942522322
7.2036000371736 28920.05203683036
7.204400037153391 28926.46072823661
7.205200037133181 28923.46798270089
7.206000037112971 28918.158830915178
7.206800037092761 28879.189522879464
7.207600037072552 28844.18115234375
7.208400037052342 28794.776297433036
7.209200037032132 28724.58419363839
7.210000037011922 28724.904854910714
7.210800036991714 28723.9365234375
7.211600036971503 28643.979910714286
7.212400036951293 28604.14571707589
7.213200036931084 28533.92557198661
7.214000036910874 28480.196847098214
7.214800036890664 28446.019461495536
7.215600036870454 28374.891252790178
7.216400036850245 28337.75732421875
7.217200036830035 28282.959891183036
7.218000036809825 28213.065080915178
7.218800036789616 28124.53878348214
7.219600036769407 28050.536690848214
7.220400036749196 28019.954450334822
7.221200036728987 27947.194196428572
7.222000036708777 27939.919084821428
7.222800036688568 27918.55496651786
7.2236000366683575 27796.68191964286
7.224400036648148 27883.74190848214
7.225200036627938 27861.88155691964
7.226000036607729 27875.758928571428
7.226800036587519 27884.82198660714
7.227600036567309 27884.703683035714
7.228400036547099 27862.663504464286
7.22920003652689 27862.663504464286
7.23000003650668 27876.56082589286
7.230800036486469 27922.076729910714
7.2316000364662605 28015.86453683036
7.232400036446051 27954.961495535714
7.233200036425841 27906.557198660714
7.234000036405631 27899.410295758928
7.234800036385423 27875.2275390625
7.235600036365212 27876.76492745536
7.236400036345002 27895.369280133928
7.237200036324793 27895.369280133928
7.238000036304584 27824.048967633928
7.238800036284373 27836.107840401786
7.2396000362641635 27781.14481026786
7.240400036243954 27842.65792410714
7.241200036223745 27885.430524553572
7.242000036203534 27919.990234375
7.242800036183325 27984.17550223214
7.243600036163115 27984.17550223214
7.244400036142905 28024.149762834822
7.245200036122696 28054.722098214286
7.246000036102485 28099.52901785714
7.246800036082276 28107.68331473214
7.2476000360620665 28077.552315848214
7.248400036041857 27996.709542410714
7.249200036021647 28008.517159598214
7.250000036001438 28010.836565290178
7.250800035981228 28011.76827566964
7.251600035961018 28005.134695870536
7.252400035940808 28069.98018973214
7.2532000359205995 28161.581612723214
7.254000035900389 28279.11837332589
7.254800035880179 28324.93631417411
7.2556000358599695 28417.470633370536
7.25640003583976 28620.271065848214
7.25720003581955 28654.311104910714
7.2580000357993395 28717.827008928572
7.258800035779131 28779.220145089286
7.259600035758921 28829.68994140625
7.260400035738711 28908.744140625
7.261200035718501 28999.705147879464
7.262000035698292 29079.57742745536
7.262800035678082 29202.12772042411
7.2636000356578725 29346.218122209822
7.264400035637663 29765.630510602678
7.265200035617454 29784.94384765625
7.266000035597243 29878.304617745536
7.266800035577034 29912.945452008928
7.267600035556824 29926.64139229911
7.268400035536615 30092.310546875
7.269200035516405 30150.982561383928
7.270000035496195 30253.616629464286
7.270800035475985 30263.700055803572
7.2716000354557755 30349.32735770089
7.272400035435566 30384.02099609375
7.273200035415355 30400.089913504464
7.274000035395146 30400.392578125
7.274800035374937 30384.45340401786
7.275600035354727 30353.86690848214
7.276400035334516 30284.323660714286
7.277200035314308 30167.223493303572
7.278000035294098 30092.004464285714
7.278800035273888 29979.97293526786
7.2796000352536785 29926.15157645089
7.28040003523347 29825.79031808036
7.281200035213259 29788.43826729911
7.282000035193049 29728.872488839286
7.28280003517284 29674.14132254464
7.283600035152631 29629.053152901786
7.28440003513242 29560.691824776786
7.285200035112211 29430.21512276786
7.286000035092001 29254.7265625
7.286800035071791 28983.651506696428
7.2876000350515815 28593.16434151786
7.288400035031371 28521.788155691964
7.289200035011162 28453.780412946428
7.290000034990952 28400.447684151786
7.290800034970743 28347.274972098214
7.291600034950532 28183.38992745536
7.292400034930323 28122.326102120536
7.293200034910114 28039.52950613839
7.294000034889904 27931.07986886161
7.294800034869694 27894.505231584822
7.295600034849485 27859.022321428572
7.296400034829275 27791.688337053572
7.297200034809065 27760.438895089286
7.298000034788855 27752.099469866072
7.298800034768647 27751.203194754464
7.299600034748436 27678.95431082589
7.300400034728226 27704.851911272322
7.301200034708017 27715.335030691964
7.302000034687807 27709.867606026786
7.302800034667597 27694.694196428572
7.303600034647387 27694.84305245536
7.304400034627178 27680.954938616072
7.305200034606968 27663.59444754464
7.306000034586758 27653.287458147322
7.306800034566548 27658.503836495536
7.307600034546339 27712.318708147322
7.308400034526129 27732.857491629464
7.30920003450592 27741.857352120536
7.31000003448571 27736.091448102678
7.310800034465501 27705.436872209822
7.3116000344452905 27688.651436941964
7.312400034425081 27688.84200613839
7.313200034404871 27689.541364397322
7.314000034384662 27684.535226004464
7.314800034364452 27684.535226004464
7.315600034344242 27642.179757254464
7.316400034324032 27643.67459542411
7.317200034303823 27586.515625
7.318000034283613 27629.440290178572
7.318800034263402 27626.356305803572
7.3196000342431935 27627.48388671875
7.320400034222984 27632.24190848214
7.321200034202774 27633.73465401786
7.3220000341825635 27639.40408761161
7.322800034162355 27661.767578125
7.323600034142145 27702.838030133928
7.324400034121935 27732.806570870536
7.325200034101726 27719.54708426339
7.326000034081517 27634.519601004464
7.326800034061306 27594.313406808036
7.3276000340410965 27595.822195870536
7.328400034020887 27596.23583984375
7.329200034000678 27589.547712053572
7.330000033980467 27584.541573660714
7.330800033960258 27672.313127790178
7.331600033940048 27847.431710379464
7.332400033919838 27994.43526785714
7.333200033899629 28158.920479910714
7.334000033879418 28285.586077008928
7.334800033859209 28387.80301339286
7.3356000338389995 28441.090890066964
7.33640003381879 28503.655901227678
7.337200033798579 28569.932477678572
7.33800003377837 28739.866071428572
7.338800033758161 28880.656808035714
7.339600033737951 31377.928362165178
7.340400033717741 36695.76018415178
7.3412000336975325 39973.25641741072
7.342000033677322 40326.00627790178
7.342800033657112 40392.752232142855
7.3436000336369025 40483.5400390625
7.344400033616694 40536.95884486607
7.345200033596483 40597.071010044645
7.346000033576273 40602.956333705355
7.346800033556064 40694.83775111607
7.347600033535854 40750.087890625
7.348400033515644 40810.15122767857
7.349200033495434 40887.67717633928
7.350000033475225 40783.96470424107
7.350800033455015 40592.02971540178
7.3516000334348055 40490.250697544645
7.352400033414595 40490.45228794643
7.353200033394386 40493.74986049107
7.354000033374176 40450.502650669645
7.354800033353967 40467.216099330355
7.355600033333757 40471.987025669645
7.356400033313548 40437.63462611607
7.357200033293338 40436.25627790178
7.358000033273128 40427.31208147322
7.358800033252918 40407.90192522322
7.359600033232709 40470.370396205355
7.360400033212499 40532.61537388393
7.361200033192289 40598.449497767855
7.362000033172079 40727.07756696428
7.36280003315187 41172.529296875
7.36360003313166 41172.529296875
7.364400033111449 41171.72907366072
7.365200033091241 41162.55719866072
7.366000033071031 41125.678013392855
7.366800033050821 41062.816685267855
7.367600033030611 41001.071010044645
7.368400033010402 40878.772739955355
7.369200032990192 40713.453822544645
