m1-67/data/jwst-miri-mrs/wr124-miri-spec-ch4.ecsv
# %ECSV 1.0
# ---
# datatype:
# - {name: Wavelength, unit: micron, datatype: float64}
# - {name: Star, unit: MJy / sr, datatype: float64}
# - {name: Knot A, unit: MJy / sr, datatype: float64}
# - {name: BG A1, unit: MJy / sr, datatype: float64}
# - {name: BG A2, unit: MJy / sr, datatype: float64}
# meta: !!omap
# - __serialized_columns__:
#     BG A1:
#       __class__: astropy.units.quantity.Quantity
#       unit: !astropy.units.Unit {unit: MJy / sr}
#       value: !astropy.table.SerializedColumn {name: BG A1}
#     BG A2:
#       __class__: astropy.units.quantity.Quantity
#       unit: !astropy.units.Unit {unit: MJy / sr}
#       value: !astropy.table.SerializedColumn {name: BG A2}
#     Knot A:
#       __class__: astropy.units.quantity.Quantity
#       unit: !astropy.units.Unit {unit: MJy / sr}
#       value: !astropy.table.SerializedColumn {name: Knot A}
#     Star:
#       __class__: astropy.units.quantity.Quantity
#       unit: !astropy.units.Unit {unit: MJy / sr}
#       value: !astropy.table.SerializedColumn {name: Star}
#     Wavelength:
#       __class__: astropy.coordinates.spectral_coordinate.SpectralCoord
#       unit: !astropy.units.Unit {unit: micron}
#       value: !astropy.table.SerializedColumn {name: Wavelength}
# schema: astropy-2.0
Wavelength Star "Knot A" "BG A1" "BG A2"
[from data line 1389]
26.03700083540752 1114.809455871582 747.9594192504883 607.4584096272787 237.74181450737848
26.04300083545968 1124.1322860717773 781.7772674560547 609.7037658691406 238.27505154079861
26.049000835511833 1128.045539855957 810.2959976196289 712.7465515136719 257.6239420572917
26.055000835563987 1146.3207244873047 823.9731292724609 726.77783203125 253.74248589409723
26.06100083561614 1130.5983200073242 765.4821090698242 692.6046142578125 245.37358940972223
26.067000835668296 1098.7135620117188 773.2232894897461 669.3347117106119 229.38158501519098
26.07300083572045 1148.4237518310547 833.9586029052734 752.2047017415365 248.12263997395834
26.079000835772604 1195.4937286376953 851.1385650634766 712.6542256673177 228.95399305555554
26.085000835824758 1120.2956085205078 778.74462890625 695.0758666992188 235.71190049913196
26.091000835876912 1128.6953582763672 808.0088043212891 718.5579274495443 251.83245849609375
26.09700083592907 1192.814682006836 854.04150390625 727.0706481933594 255.93986002604166
26.103000835981216 1203.2484512329102 844.4283599853516 731.8629048665365 274.2444118923611
26.109000836033374 1164.816291809082 814.9182891845703 647.1173604329427 263.8297051323785
26.11500083608553 1155.8471069335938 792.3709411621094 703.5991719563802 226.87864854600696
26.121000836137682 1205.638801574707 862.2978210449219 774.4969889322916 235.96371799045139
26.127000836189836 1236.2381057739258 816.888313293457 717.0059814453125 254.0703125
26.13300083624199 1231.263816833496 808.0155334472656 672.9457397460938 245.25656467013889
26.139000836294144 1217.1139526367188 811.4828567504883 710.8371378580729 248.38339572482639
26.1450008363463 1245.8017578125 821.662353515625 777.2392985026041 244.8003133138021
26.151000836398453 1296.901351928711 855.4524078369141 745.2199300130209 256.46938069661456
26.157000836450607 1228.9167709350586 807.7015228271484 688.4862467447916 247.676025390625
26.163000836502764 1239.3301467895508 795.9727554321289 681.6643371582031 224.10137939453125
26.169000836554915 1287.1323318481445 810.2272491455078 730.1420745849609 235.7120564778646
26.17500083660707 1288.4571075439453 862.9117431640625 759.4462483723959 246.90520562065973
26.181000836659226 1264.106430053711 761.2578506469727 642.8278656005859 250.492919921875
26.187000836711373 1209.005615234375 787.5982894897461 690.8874715169271 220.1535847981771
26.19300083676353 1275.8902053833008 822.4273376464844 764.6891581217448 249.26382785373264
26.199000836815685 1232.8033905029297 829.3559265136719 680.784678141276 244.7874552408854
26.20500083686784 1193.0511474609375 796.4989700317383 636.6535593668619 243.93851725260416
26.211000836919993 1162.4555130004883 757.3591156005859 644.7482757568359 245.67948404947916
26.217000836972147 1178.5957107543945 810.6986846923828 664.9892272949219 230.95096842447916
26.2230008370243 1192.2251815795898 833.8207702636719 659.1198272705078 243.4467569986979
26.229000837076455 1138.2628555297852 765.5350799560547 594.5268402099609 239.52749294704861
26.23500083712861 1098.9053115844727 755.7667999267578 595.9747517903646 214.5052286783854
26.241000837180763 1148.8858642578125 820.0001831054688 666.2240244547526 221.665283203125
26.24700083723292 1157.9632110595703 831.9594573974609 657.1462961832682 228.90220811631946
26.253000837285068 1101.0917892456055 742.584846496582 618.2578684488932 206.49798923068576
26.259000837337226 1052.6441268920898 752.6322631835938 602.9756062825521 213.36237250434027
26.265000837389383 1092.8597030639648 786.0265502929688 675.1008707682291 224.27889675564236
26.271000837441534 1123.5136184692383 831.9427642822266 749.6871643066406 238.83855523003473
26.277000837493688 1129.1897354125977 807.7942199707031 659.4212290445963 227.96051703559027
26.283000837545842 1051.9082794189453 781.1377410888672 600.3520151774088 239.39472113715277
26.289000837597996 1086.9582290649414 821.3391265869141 702.0670166015625 218.37008327907986
26.29500083765015 1136.615104675293 858.5280151367188 735.8057352701823 246.61389838324652
26.301000837702304 1124.5921020507812 797.7826385498047 627.4178059895834 248.99191623263889
26.307000837754458 1077.075080871582 804.466926574707 623.4380544026693 227.77345106336804
26.313000837806616 1122.790870666504 820.1896133422852 700.1829732259115 242.83917914496527
26.319000837858766 1126.7829895019531 835.4994659423828 750.218251546224 255.3925984700521
26.32500083791092 1109.8106689453125 811.3554382324219 698.9515889485677 261.8178236219618
26.331000837963078 1061.7935943603516 788.1804122924805 674.734120686849 250.18147786458334
26.337000838015225 1097.1013870239258 838.0960998535156 656.9231363932291 229.85693359375
26.343000838067383 1136.0842971801758 846.7333679199219 739.3613586425781 246.12327745225696
26.349000838119537 1128.8761749267578 817.4640731811523 672.3334655761719 253.0749037000868
26.35500083817169 1062.705467224121 783.5234451293945 663.1454060872396 249.58255343967014
26.361000838223845 1080.0715026855469 839.5242614746094 711.0046539306641 247.6270955403646
26.367000838276 1138.9159469604492 860.2705078125 701.1821950276693 242.80819363064236
26.373000838328153 1115.138557434082 834.2291717529297 714.8664143880209 247.14864773220486
26.379000838380307 1083.135009765625 779.7068634033203 680.75390625 240.6351521809896
26.38500083843246 1094.644920349121 820.2014236450195 695.2853139241537 248.5339558919271
26.391000838484615 1121.6591339111328 827.1605834960938 725.2557576497396 268.0907050238715
26.397000838536773 1101.151222229004 813.0517425537109 699.2413126627604 269.93857828776044
26.40300083858892 1075.594009399414 777.0548324584961 685.2865142822266 221.7619832356771
26.409000838641077 1089.9319534301758 770.872444152832 666.9258321126302 232.06201850043402
26.41500083869323 1159.2615585327148 842.1099853515625 724.9324798583984 280.4215020073785
26.421000838745385 1139.1620864868164 852.5571441650391 669.6013692220052 276.42979600694446
26.42700083879754 1056.9130554199219 782.2222442626953 672.0465393066406 249.18368191189236
26.433000838849694 1076.6793899536133 758.4003143310547 679.1152598063151 244.9168904622396
26.439000838901848 1129.4649353027344 814.3049621582031 692.3793538411459 264.3318277994792
26.445000838954 1101.624610900879 818.8513793945312 680.2122395833334 251.66961669921875
26.451000839006156 1052.1968231201172 753.3639297485352 610.1128489176432 215.14545355902777
26.45700083905831 1007.1824417114258 774.3138809204102 655.7562357584635 228.5954115125868
26.463000839110467 1093.6654815673828 833.3164825439453 722.5374755859375 231.51394314236111
26.469000839162618 1101.1717834472656 738.2198715209961 642.5560353597006 224.5865478515625
26.475000839214772 1030.8914489746094 755.2611236572266 562.1713663736979 219.10034857855902
26.48100083926693 1006.0728225708008 750.3910369873047 603.3202921549479 241.48680284288196
26.487000839319077 1081.1886138916016 797.9113464355469 699.8589477539062 249.4050089518229
26.493000839371234 1110.9070434570312 801.6117324829102 618.1995442708334 218.90610080295139
26.49900083942339 1063.731674194336 747.818000793457 587.4780069986979 207.54928249782986
26.505000839475542 1064.634017944336 760.1386871337891 639.7527364095052 215.37451171875
26.511000839527696 1058.6000366210938 833.2693634033203 719.0428263346354 244.63050672743054
26.51700083957985 1062.0974960327148 837.2017517089844 691.484120686849 253.3174574110243
26.523000839632004 1010.4672698974609 799.0848236083984 625.4468536376953 253.43073187934027
26.52900083968416 998.9541244506836 781.0805435180664 680.6477559407552 239.61952039930554
26.535000839736313 1045.678108215332 803.3448486328125 775.2713317871094 237.9391886393229
26.541000839788467 1081.0667343139648 806.502082824707 785.7460428873698 223.88134087456598
26.547000839840624 1073.5461807250977 821.0508422851562 683.6083374023438 247.06499565972223
26.55300083989277 1028.7832489013672 780.5434494018555 646.9749348958334 243.33774142795139
26.55900083994493 1087.3219299316406 805.0447769165039 752.5985921223959 239.23907470703125
26.565000839997083 1135.4817733764648 860.5041961669922 790.0598449707031 253.7328355577257
26.571000840049237 1062.4479064941406 791.8626174926758 717.1692454020182 231.15142144097223
26.57700084010139 1061.7669830322266 798.9526596069336 649.8690745035807 233.71449110243054
26.583000840153545 1083.7300643920898 901.3575286865234 778.620859781901 229.98664008246527
26.5890008402057 1135.6091232299805 866.7269592285156 787.9104715983073 262.7120293511285
26.595000840257853 1149.1657409667969 861.3776092529297 729.5157267252604 280.69134521484375
26.601000840310007 1041.4966735839844 849.5767211914062 684.5723978678385 239.36299641927084
26.60700084036216 1096.889762878418 850.7634124755859 742.6351725260416 256.31808132595484
26.61300084041432 1194.5389099121094 856.9647674560547 740.7397155761719 270.8551025390625
26.61900084046647 1118.5014114379883 823.1618041992188 719.3243764241537 275.3217298719618
26.625000840518624 1058.3464050292969 762.3867874145508 672.4277140299479 248.77784559461804
26.63100084057078 1078.7439422607422 809.9465255737305 736.9535217285156 260.9379069010417
26.637000840622928 1179.0031280517578 899.4716796875 788.1318868001302 265.5631035698785
26.643000840675086 1177.0432891845703 834.4953002929688 722.0782775878906 250.2543199327257
26.64900084072724 1114.7265625 843.7556304931641 682.6368357340494 240.45215521918402
26.655000840779394 1093.3809509277344 828.8908920288086 792.0719095865885 229.5493638780382
26.661000840831548 1165.4819793701172 897.3006286621094 954.5990600585938 253.08197699652777
26.667000840883702 1174.6099014282227 919.9463500976562 808.094980875651 261.4722425672743
26.673000840935856 1103.7606048583984 846.3962249755859 692.8744303385416 227.9522230360243
26.67900084098801 1103.9694061279297 849.747688293457 695.9803161621094 247.55008951822916
26.685000841040164 1115.2338409423828 889.7899932861328 872.3458150227865 250.29861111111111
26.69100084109232 1150.547119140625 899.5401458740234 823.8153279622396 276.0662570529514
26.697000841144476 1093.1856384277344 836.0519714355469 731.8802490234375 238.08884006076389
26.703000841196623 1117.6958923339844 796.4739761352539 771.6231384277344 235.76758490668402
26.70900084124878 1120.7368087768555 831.9160537719727 775.6077067057291 219.87127685546875
26.715000841300935 1142.1042861938477 830.883430480957 762.2383117675781 249.38968912760416
26.72100084135309 1095.9867935180664 804.8750152587891 747.0478108723959 249.3615247938368
26.727000841405243 1072.6351699829102 780.9938659667969 652.2045542399088 225.61947970920139
26.733000841457397 1093.1193542480469 873.4129943847656 736.3648071289062 223.1729532877604
26.73900084150955 1129.8339004516602 870.5952606201172 804.9093221028646 247.55597601996527
26.745000841561705 1073.6772232055664 835.1669769287109 736.0574289957682 252.8768107096354
26.75100084161386 1066.8573608398438 800.2790222167969 643.7051544189453 229.16187201605902
26.757000841666013 1123.0076141357422 876.959228515625 792.0592244466146 236.8583238389757
26.76300084171817 1143.682991027832 884.9672241210938 709.5944620768229 255.1611802842882
26.76900084177032 1064.6293563842773 784.6798095703125 647.8258107503256 226.84053548177084
26.775000841822475 1005.0039596557617 751.7158050537109 632.2223256429037 214.56742350260416
26.781000841874633 1056.7280807495117 775.0600738525391 706.2157694498698 241.27411566840277
26.78700084192678 1073.2247924804688 831.2776947021484 799.8173421223959 223.07937282986111
26.793000841978937 1120.7787551879883 865.5888519287109 715.743642171224 263.04031711154516
26.79900084203109 1088.3248443603516 831.0526885986328 618.4928029378256 245.91470675998264
26.805000842083246 1079.459243774414 834.8520278930664 737.97998046875 234.80042182074652
26.8110008421354 1151.0600967407227 900.0193023681641 838.0911254882812 264.27094184027777
26.817000842187554 1168.9557495117188 859.0239562988281 783.9030253092448 255.96883816189236
26.823000842239708 1077.413703918457 801.0332107543945 679.2533315022787 233.11593288845486
26.82900084229186 1091.9440002441406 863.8330535888672 711.6803080240885 233.33662923177084
26.835000842344016 1158.641700744629 907.3721008300781 729.4084116617838 285.1628892686632
26.84100084239617 1156.3262634277344 895.4969787597656 798.621571858724 259.2298583984375
26.847000842448328 1129.5963897705078 861.3959655761719 733.5802764892578 268.0673556857639
26.853000842500474 1061.7697219848633 829.157470703125 579.5447947184244 250.06013997395834
26.859000842552632 1105.5474014282227 873.7444610595703 728.2674967447916 270.77513292100696
26.865000842604786 1161.4751892089844 930.6068725585938 823.5096028645834 278.24539523654516
26.87100084265694 1102.2800521850586 847.2287750244141 696.0993804931641 263.05580647786456
26.877000842709094 1080.7596588134766 824.1031036376953 704.6503448486328 266.46497938368054
26.88300084276125 1055.6461486816406 870.4297790527344 765.0306396484375 254.00552029079861
26.889000842813402 1129.9627380371094 959.340087890625 765.680674235026 277.37430148654516
26.895000842865556 1090.759376525879 891.0111541748047 735.366943359375 277.6431070963542
26.90100084291771 1014.8968963623047 778.0908126831055 598.955810546875 249.4717542860243
26.907000842969865 1003.6807632446289 879.3684234619141 736.6163330078125 279.663818359375
26.913000843022022 1107.7412185668945 879.4323577880859 849.2455444335938 266.054436577691
26.919000843074173 1112.0481262207031 877.5666656494141 799.8078308105469 315.55582004123266
26.925000843126327 1089.7610931396484 850.9365692138672 622.2581939697266 269.89793565538196
26.931000843178484 1073.2454223632812 767.5459976196289 701.3427429199219 219.99508327907986
26.93700084323063 1113.7947006225586 868.6957092285156 803.5507507324219 236.70587836371527
26.94300084328279 1115.9780731201172 895.9685211181641 723.5744374593099 248.98961724175348
26.949000843334943 1063.491943359375 831.6393585205078 656.3964335123698 231.4330851236979
26.955000843387097 1038.0856170654297 805.9669647216797 659.3119964599609 239.7670152452257
26.96100084343925 1019.0759201049805 820.5933151245117 784.2545572916666 221.68225775824652
26.967000843491405 1112.0706024169922 943.3002777099609 725.9016520182291 232.04974365234375
26.97300084354356 1071.7042770385742 844.8841400146484 673.5773366292318 209.84940253363715
26.979000843595713 966.5831985473633 777.0645141601562 630.5301971435547 197.07051255967883
26.985000843647867 1069.5375595092773 826.5396347045898 811.9776204427084 238.78733995225696
26.99100084370002 1115.2913131713867 775.2481918334961 758.1059061686198 241.27864583333334
26.99700084375218 1101.9193878173828 835.735725402832 686.4168497721354 264.63434516059027
27.003000843804326 1027.034896850586 767.2706527709961 551.1603393554688 195.30443657769098
27.009000843856484 1034.8494873046875 806.8042297363281 687.8442687988281 225.68399386935764
27.015000843908638 1102.5276107788086 916.3296051025391 764.7318827311198 244.95712619357639
27.021000843960792 1083.7557373046875 849.4300003051758 680.7013041178385 233.5060017903646
27.027000844012946 1047.0028686523438 779.2528533935547 625.7623189290365 209.5188734266493
27.0330008440651 1042.3725662231445 830.2880172729492 731.9763895670573 228.81203884548611
27.039000844117254 1139.7983474731445 851.4216003417969 774.7310689290365 273.0545179578993
27.045000844169408 1087.7448425292969 885.5538482666016 752.1848551432291 262.0815022786458
27.051000844221562 1024.2296295166016 820.0718078613281 663.9239501953125 231.12698703342014
27.057000844273716 1038.284294128418 830.5597839355469 639.5360209147135 224.67945014105902
27.063000844325874 1099.227294921875 947.4213409423828 814.7979634602865 210.38850911458334
27.06900084437802 1106.4726867675781 1018.8482055664062 885.4641927083334 255.9435560438368
27.07500084443018 1025.243766784668 849.4030303955078 669.9003753662109 241.21908230251736
