m1-67/data/jwst-miri-mrs/wr124-miri-spec-ch4.ecsv
# %ECSV 1.0
# ---
# datatype:
# - {name: Wavelength, unit: micron, datatype: float64}
# - {name: Star, unit: MJy / sr, datatype: float64}
# - {name: Knot A, unit: MJy / sr, datatype: float64}
# - {name: BG A1, unit: MJy / sr, datatype: float64}
# - {name: BG A2, unit: MJy / sr, datatype: float64}
# - {name: Knot B, unit: MJy / sr, datatype: float64}
# - {name: BG B1, unit: MJy / sr, datatype: float64}
# - {name: BG B2, unit: MJy / sr, datatype: float64}
# meta: !!omap
# - __serialized_columns__:
#     BG A1:
#       __class__: astropy.units.quantity.Quantity
#       unit: !astropy.units.Unit {unit: MJy / sr}
#       value: !astropy.table.SerializedColumn {name: BG A1}
#     BG A2:
#       __class__: astropy.units.quantity.Quantity
#       unit: !astropy.units.Unit {unit: MJy / sr}
#       value: !astropy.table.SerializedColumn {name: BG A2}
#     BG B1:
#       __class__: astropy.units.quantity.Quantity
#       unit: !astropy.units.Unit {unit: MJy / sr}
#       value: !astropy.table.SerializedColumn {name: BG B1}
#     BG B2:
#       __class__: astropy.units.quantity.Quantity
#       unit: !astropy.units.Unit {unit: MJy / sr}
#       value: !astropy.table.SerializedColumn {name: BG B2}
#     Knot A:
#       __class__: astropy.units.quantity.Quantity
#       unit: !astropy.units.Unit {unit: MJy / sr}
#       value: !astropy.table.SerializedColumn {name: Knot A}
#     Knot B:
#       __class__: astropy.units.quantity.Quantity
#       unit: !astropy.units.Unit {unit: MJy / sr}
#       value: !astropy.table.SerializedColumn {name: Knot B}
#     Star:
#       __class__: astropy.units.quantity.Quantity
#       unit: !astropy.units.Unit {unit: MJy / sr}
#       value: !astropy.table.SerializedColumn {name: Star}
#     Wavelength:
#       __class__: astropy.coordinates.spectral_coordinate.SpectralCoord
#       unit: !astropy.units.Unit {unit: micron}
#       value: !astropy.table.SerializedColumn {name: Wavelength}
# schema: astropy-2.0
Wavelength Star "Knot A" "BG A1" "BG A2" "Knot B" "BG B1" "BG B2"
[from data line 875]
22.953000808600336 4641.4921875 1106.6506245930989 599.4205525716146 785.2319742838541 690.0628865559896 363.4581807454427 456.8011525472005
22.95900080865249 4557.678331163194 1038.0867919921875 546.989003499349 791.0499674479166 678.3345336914062 364.09083048502606 447.2307840983073
22.965000808704644 4710.612982855902 1062.5042928059895 622.7556610107422 777.6056925455729 677.8754475911459 378.7822570800781 412.2623647054036
22.9710008087568 4878.3515625 1073.4379577636719 584.442637125651 787.1744791666666 677.0574340820312 400.5223897298177 443.1418965657552
22.977000808808953 4873.164822048611 1035.4261169433594 543.8811391194662 752.0579427083334 633.7355753580729 348.5449523925781 408.5763193766276
22.983000808861107 4527.883002387152 982.5069478352865 563.7500559488932 678.5992431640625 633.7982584635416 371.48265584309894 405.2439676920573
22.98900080891326 3149.363240559896 965.6233520507812 568.6369934082031 621.0467732747396 687.5225016276041 369.0983174641927 425.012690226237
22.995000808965415 2263.3448893229165 883.326670328776 485.94597880045575 552.0165405273438 661.6079508463541 333.01572672526044 418.2589874267578
23.00100080901757 2157.2980278862847 865.1296997070312 519.1014099121094 578.6073201497396 619.7581176757812 330.7224527994792 415.6206563313802
23.007000809069723 2216.6338704427085 891.9626871744791 533.0359090169271 608.2117614746094 645.0337320963541 384.53246053059894 399.7107187906901
23.013000809121877 2204.2984619140625 849.2254842122396 500.73834737141925 604.7938944498698 607.9595540364584 344.5539042154948 405.8091735839844
23.01900080917403 2166.793646918403 844.9574178059896 525.2152353922526 582.961680094401 597.5365905761719 344.09149169921875 388.1916249593099
23.025000809226185 2235.357706705729 894.4856669108073 545.6600646972656 589.6592203776041 657.5656127929688 368.9021402994792 417.7647450764974
23.031000809278343 2265.118069118924 877.31494140625 497.81837972005206 587.1662190755209 648.6606648763021 332.94984944661456 409.1119333902995
23.037000809330493 2208.0982530381943 849.2483723958334 523.1594950358073 582.8919982910156 628.6236368815104 343.2681477864583 396.0824890136719
23.043000809382647 2286.587348090278 898.0962219238281 561.6700897216797 590.0723775227865 637.2225138346354 359.6708577473958 384.37571716308594
23.0490008094348 2270.5126139322915 903.9071248372396 555.6676432291666 597.175526936849 656.4290161132812 346.015869140625 388.2210642496745
23.055000809486952 2229.7408040364585 842.7323099772135 508.2219543457031 564.2595825195312 629.6590779622396 336.0901285807292 379.5876770019531
23.06100080953911 2301.3737521701387 892.2710774739584 556.0660909016927 578.1502685546875 627.97998046875 346.4646402994792 381.958735148112
23.067000809591264 2309.76171875 918.6190490722656 564.6004994710287 597.0596822102865 687.0701293945312 374.54750569661456 414.0977783203125
23.073000809643418 2236.112155490451 881.4102376302084 505.3067321777344 545.7911682128906 655.9494018554688 345.39626057942706 391.9286193847656
23.07900080969557 2270.9568956163193 892.6187337239584 523.6340026855469 595.7291463216146 670.8416544596354 361.7050374348958 385.0125783284505
23.085000809747726 2362.4308268229165 917.685780843099 566.0700988769531 589.1243082682291 669.1764729817709 359.8191426595052 403.0398813883464
23.09100080979988 2265.6266004774307 874.2880350748698 515.2329355875651 586.1400655110677 651.4269307454427 351.8657938639323 420.3591054280599
23.097000809852034 2235.6799994574653 885.168202718099 523.4484608968099 590.0246073404948 647.4932861328125 352.67652384440106 373.30384318033856
23.103000809904188 2335.0313313802085 913.7654927571615 561.3858439127604 618.3899841308594 666.4716186523438 376.68918863932294 405.96800740559894
23.109000809956342 2246.1887885199653 894.8126322428385 509.63157653808594 598.1997273763021 658.2820231119791 346.87059529622394 424.29648844401044
23.115000810008496 2218.850151909722 848.6580403645834 513.8814341227213 576.0104064941406 624.0352376302084 359.0413309733073 401.6600799560547
23.12100081006065 2330.7059326171875 899.9913533528646 570.3798217773438 574.4205017089844 675.4861043294271 361.736083984375 389.6835123697917
23.127000810112804 2289.283189561632 897.4276428222656 516.7171223958334 592.9959106445312 681.0942789713541 352.4516906738281 412.70073954264325
23.13300081016496 2229.6102430555557 865.2914835611979 501.63303629557294 568.4702758789062 658.6643676757812 351.5010579427083 415.85304260253906
23.139000810217112 2290.924126519097 875.1951395670573 538.2390391031901 589.3415018717448 649.2540893554688 369.79786173502606 381.0447540283203
23.145000810269266 2278.4705946180557 890.5279947916666 528.5540771484375 581.2497253417969 667.7811686197916 376.79908243815106 367.50884501139325
23.15100081032142 2183.4525282118057 822.6645711263021 489.79498799641925 560.8419087727865 655.9584554036459 328.70493570963544 372.7021891276042
23.157000810373574 2252.9900716145835 895.5642496744791 532.9656372070312 571.1841837565104 663.4155476888021 355.37464396158856 389.3675994873047
23.16300081042573 2312.091159396701 911.8035278320312 541.7507832845052 592.071533203125 675.0602416992188 380.8543701171875 426.2478535970052
23.169000810477883 2183.4599880642363 861.6277974446615 481.0132751464844 562.4642333984375 690.3830769856771 372.8042500813802 391.07501220703125
23.175000810530037 2176.0808919270835 861.4342651367188 525.9851226806641 583.8372192382812 661.0011596679688 364.4473571777344 375.64056396484375
23.181000810582194 2228.5212673611113 908.2610371907552 550.7819569905599 604.8744812011719 670.7355143229166 409.14703369140625 375.993657430013
23.187000810634345 2179.5302734375 871.6995239257812 507.56247965494794 634.3895060221354 657.3391927083334 385.08934529622394 396.92771911621094
23.1930008106865 2153.258341471354 857.6329854329427 522.865712483724 544.1122538248698 661.7316080729166 325.28746541341144 392.43043518066406
23.199000810738653 2229.3052978515625 886.4898071289062 564.099609375 593.7265218098959 678.7370198567709 373.66949462890625 409.3733367919922
23.205000810790803 2203.2132161458335 846.3882141113281 529.5075632731119 592.2375793457031 655.3613891601562 373.9031066894531 411.3059387207031
23.21100081084296 2162.480617947049 831.2455647786459 493.7873789469401 561.002939860026 610.2097778320312 377.13990275065106 389.95542907714844
23.217000810895115 2211.8064778645835 883.5567016601562 528.4649098714193 606.1412760416666 692.6981201171875 344.4697265625 392.81504313151044
23.22300081094727 2253.287122938368 874.7806396484375 515.5951639811198 555.715565999349 669.1146240234375 368.0758870442708 401.77373758951825
23.229000810999423 2103.0496961805557 820.1065572102865 494.16327412923175 542.3605448404948 643.8514404296875 310.0246073404948 378.5276184082031
23.235000811051577 2206.440388997396 872.9519653320312 529.7830251057943 578.3695271809896 639.6578979492188 349.14026896158856 391.95412190755206
23.24100081110373 2257.5502658420137 870.2834269205729 551.0214691162109 581.1382649739584 654.4141642252604 327.15770467122394 387.9340565999349
23.247000811155885 2169.7971869574653 843.7717590332031 501.26966857910156 561.4247233072916 661.3728434244791 351.9843037923177 402.5003356933594
23.25300081120804 2166.1086697048613 902.3395284016927 548.0171661376953 569.0855102539062 638.28271484375 344.15329996744794 386.0239562988281
23.259000811260194 2263.0138888888887 907.3352661132812 541.5654805501302 562.1741943359375 660.9776204427084 376.8930257161458 375.1620737711589
23.265000811312348 2205.945258246528 880.8410237630209 518.255126953125 592.3347981770834 676.8892822265625 349.4372863769531 381.2592468261719
23.2710008113645 2205.507527669271 860.7955423990885 535.3679046630859 568.0739339192709 664.7232462565104 346.8377685546875 396.2816416422526
23.277000811416656 2325.5004069010415 917.0423787434896 571.5382334391276 601.027089436849 673.3212076822916 389.3725280761719 403.7444101969401
23.28300081146881 2266.408786349826 902.8495279947916 501.1955922444661 583.7006632486979 676.8305053710938 375.30736287434894 432.4232889811198
23.289000811520964 2180.507229275174 848.623046875 510.09669494628906 576.1051635742188 618.0062459309896 383.35792032877606 402.0372060139974
23.295000811573118 2265.212497287326 926.3328755696615 547.1172434488932 574.8165588378906 673.8695678710938 376.9457092285156 402.9179941813151
23.301000811625272 2279.8610568576387 907.654296875 532.0643208821615 595.5732014973959 677.1631876627604 355.5021260579427 427.14105733235675
23.307000811677426 2197.3929443359375 861.3705342610677 516.1647898356119 572.2263895670573 663.3699747721354 352.90186564127606 410.35743713378906
23.31300081172958 2234.327690972222 897.2259928385416 558.5871073404948 577.6281229654948 683.1703491210938 391.8145243326823 410.5549062093099
23.319000811781734 2275.215766059028 915.7777811686198 544.5619608561198 592.4639282226562 723.1599527994791 379.48485310872394 411.24207560221356
23.32500081183389 2188.775336371528 868.1585083007812 479.8432973225911 579.9098103841146 668.8280843098959 356.89882405598956 392.2638295491536
23.331000811886046 2191.3494737413193 851.6946716308594 536.4691467285156 565.0715637207031 632.1883748372396 344.5417785644531 386.20350138346356
23.337000811938196 2273.1526963975693 894.426747639974 553.6039784749349 584.2856750488281 684.2915649414062 371.1229960123698 419.82301330566406
23.34300081199035 2209.6526150173613 840.2905578613281 510.0623474121094 562.8513895670573 678.0987345377604 337.8341776529948 391.7859751383464
23.349000812042505 2175.6802571614585 851.4698384602865 511.1961161295573 563.5686950683594 626.5600382486979 330.2028096516927 383.6376088460286
23.355000812094655 2254.5638834635415 909.0423278808594 547.1299184163412 586.8069051106771 692.577880859375 374.2442626953125 399.2670389811198
23.361000812146813 2204.6265326605903 894.1429138183594 531.8727213541666 615.8779602050781 687.9657592773438 343.6451822916667 427.7596893310547
23.367000812198967 2143.9263780381943 843.8805948893229 513.3881174723307 577.4317321777344 686.4914754231771 306.47853597005206 429.6608123779297
23.37300081225112 2205.454928927951 897.7413024902344 542.627939860026 597.1260070800781 691.4913736979166 365.5233561197917 426.71263122558594
23.379000812303275 2200.1738552517363 885.5720520019531 538.9088948567709 577.415537516276 690.5289103190104 398.78118896484375 428.4536590576172
23.38500081235543 2131.4239095052085 845.4448852539062 494.4625752766927 578.3013305664062 612.5082804361979 344.43970743815106 415.00657145182294
23.391000812407583 2181.253675672743 897.7638346354166 541.1533355712891 563.2712198893229 647.2076619466146 367.9654947916667 416.4522349039714
23.397000812459737 2235.452677408854 908.8981424967448 557.8210703531901 574.3128356933594 675.8613484700521 381.2312520345052 407.0829823811849
23.40300081251189 2122.463663736979 857.9313659667969 487.7868245442708 573.8716532389323 645.0510660807291 324.6939392089844 376.83856201171875
23.409000812564045 2138.3244357638887 858.5563354492188 494.16551208496094 580.7791748046875 622.015380859375 353.46046956380206 385.43125406901044
23.4150008126162 2238.957316080729 903.1786702473959 518.8623809814453 601.0657552083334 691.9746297200521 395.8786112467448 409.6839904785156
23.421000812668353 2164.345364040799 860.0308430989584 510.677490234375 612.6545206705729 685.2907918294271 359.59674072265625 407.6765492757161
23.427000812720507 2124.9833306206597 870.9349772135416 537.6927642822266 572.9814453125 647.6108601888021 390.16588338216144 339.46266174316406
23.43300081277266 2238.2020128038193 895.770751953125 559.1221160888672 579.5564982096354 659.2156982421875 357.01304117838544 389.97674051920575
23.439000812824816 2231.9452039930557 905.8984375 541.4968770345052 567.5245666503906 688.9249064127604 358.01023356119794 408.1436818440755
23.44500081287697 2163.084214952257 863.3430684407552 513.5142873128256 569.1001892089844 662.8771565755209 312.62095133463544 408.0179951985677
23.451000812929124 2210.075968424479 920.6659545898438 585.1663716634115 587.7320861816406 633.6911214192709 354.7980041503906 393.0354410807292
23.457000812981278 2220.9398328993057 912.4029134114584 566.3683573404948 618.1252136230469 709.1673177083334 380.57216389973956 437.8191223144531
23.46300081303343 2159.272962782118 899.354014078776 528.8280537923177 585.7887573242188 671.7529907226562 346.4463806152344 426.09357198079425
23.469000813085586 2158.053656684028 902.2800903320312 565.2392374674479 568.3121337890625 650.9189453125 357.70421346028644 415.1329091389974
23.47500081313774 2251.230183919271 944.0643717447916 599.9942423502604 639.17822265625 683.4979248046875 440.2232157389323 432.8725941975911
23.481000813189898 2188.072496202257 908.26708984375 542.0901641845703 587.2920939127604 700.5117594401041 354.3179626464844 428.8533070882161
23.487000813242048 2176.0482042100693 878.1227315266927 533.5994771321615 598.7840881347656 679.3180948893229 366.11553955078125 395.916259765625
23.493000813294202 2257.2071126302085 941.0886840820312 594.7297821044922 600.2672526041666 714.3946736653646 383.7028299967448 411.2176259358724
23.499000813346356 2236.210394965278 923.7762654622396 549.9974568684896 603.214853922526 695.7623901367188 381.25885009765625 435.40845743815106
23.505000813398507 2144.9451768663193 889.5886535644531 541.1949208577474 595.3446655273438 676.5695597330729 344.7184244791667 411.93479410807294
23.511000813450664 2204.933119032118 897.8077189127604 566.2706756591797 632.5354614257812 680.3122965494791 352.8710021972656 422.8264567057292
23.51700081350282 2247.2584228515625 951.3328959147135 552.3093109130859 625.1791381835938 701.3722330729166 379.49184163411456 447.0982615152995
23.523000813554972 2163.248277452257 884.9610392252604 516.7702941894531 567.7160339355469 679.1787923177084 347.06700642903644 430.7551625569661
23.529000813607126 2176.552151150174 907.485107421875 561.7549540201823 578.3863830566406 655.5935262044271 379.50327555338544 402.3890838623047
23.53500081365928 2260.6508517795137 929.6768493652344 569.0963795979818 602.8484293619791 695.2564086914062 396.28612263997394 422.3036244710286
23.541000813711435 2163.3434244791665 918.5971374511719 548.6521504720052 613.4668579101562 634.7595825195312 347.3544108072917 422.4192657470703
23.54700081376359 2140.8048095703125 887.7316589355469 546.6306203206381 607.2745157877604 652.6530558268229 323.97934977213544 443.2288411458333
23.553000813815743 2293.226331922743 947.5548400878906 571.1858723958334 592.2035420735677 700.5085856119791 378.6920878092448 431.7427927652995
23.559000813867897 2171.288872612847 913.9254760742188 545.8587646484375 625.8268229166666 713.0761108398438 376.14610799153644 423.0891367594401
23.56500081392005 2092.723917643229 880.1290181477865 517.7384643554688 599.6712951660156 639.0363057454427 382.4192708333333 416.40196228027344
23.571000813972205 2220.208740234375 928.5698547363281 588.0518035888672 604.8041178385416 673.9912312825521 393.45745849609375 410.16367594401044
23.57700081402436 2234.704833984375 927.1555989583334 560.5461781819662 626.1902974446615 733.4058837890625 354.05274454752606 449.5961201985677
23.583000814076513 2146.826117621528 872.4148254394531 503.5017598470052 605.0856221516927 640.9823404947916 332.62584431966144 414.3172098795573
23.589000814128667 2176.4390462239585 910.3856302897135 538.38232421875 549.3956604003906 678.3520711263021 359.20094807942706 397.293696085612
23.59500081418082 2320.7023247612847 911.940439860026 540.1223500569662 600.8016764322916 694.6960652669271 411.48573811848956 421.1465301513672
23.601000814232975 2249.542236328125 863.0037841796875 561.0519714355469 604.4038798014323 667.1041870117188 370.27137247721356 401.8805745442708
