m1-67/data/jwst-miri-mrs/wr124-miri-spec-ch3.ecsv
# %ECSV 1.0
# ---
# datatype:
# - {name: Wavelength, unit: micron, datatype: float64}
# - {name: Star, unit: MJy / sr, datatype: float64}
# - {name: Knot A, unit: MJy / sr, datatype: float64}
# - {name: BG A1, unit: MJy / sr, datatype: float64}
# - {name: BG A2, unit: MJy / sr, datatype: float64}
# meta: !!omap
# - __serialized_columns__:
#     BG A1:
#       __class__: astropy.units.quantity.Quantity
#       unit: !astropy.units.Unit {unit: MJy / sr}
#       value: !astropy.table.SerializedColumn {name: BG A1}
#     BG A2:
#       __class__: astropy.units.quantity.Quantity
#       unit: !astropy.units.Unit {unit: MJy / sr}
#       value: !astropy.table.SerializedColumn {name: BG A2}
#     Knot A:
#       __class__: astropy.units.quantity.Quantity
#       unit: !astropy.units.Unit {unit: MJy / sr}
#       value: !astropy.table.SerializedColumn {name: Knot A}
#     Star:
#       __class__: astropy.units.quantity.Quantity
#       unit: !astropy.units.Unit {unit: MJy / sr}
#       value: !astropy.table.SerializedColumn {name: Star}
#     Wavelength:
#       __class__: astropy.coordinates.spectral_coordinate.SpectralCoord
#       unit: !astropy.units.Unit {unit: micron}
#       value: !astropy.table.SerializedColumn {name: Wavelength}
# schema: astropy-2.0
Wavelength Star "Knot A" "BG A1" "BG A2"
[from data line 2431]
17.62875005486421 2387.5582597520615 193.37396621704102 200.85059017605252 232.57588704427084
17.631250054808334 2342.9339396158853 191.3871078491211 199.47471703423395 230.95401679144965
17.63375005475245 2343.9149576822915 193.41137186686197 199.4369184705946 227.82404157850476
17.63625005469657 2362.4486609564888 193.9979616800944 207.01617092556424 230.30283694797092
17.638750054640695 2360.143993801541 193.31293614705405 205.96512349446616 230.33824412027994
17.641250054584816 2305.7491353352866 189.51357905069986 193.47913360595703 230.0452185736762
17.643750054528933 2273.5221642388237 188.07333119710287 198.06979709201389 226.8144522772895
17.646250054473054 2281.9489390055337 193.03467559814453 200.85177018907336 228.47299024793836
17.648750054417178 2277.90158589681 194.8244717915853 203.92906188964844 229.3286073472765
17.651250054361295 2242.6733042399087 189.77368545532227 195.00037468804254 226.6483383178711
17.653750054305416 2182.603973388672 187.78014500935873 192.7181142171224 223.68855370415582
17.65625005424954 2174.472624037001 186.34776560465494 197.4487830268012 224.8538784450955
17.65875005419366 2186.4483015272353 190.21758651733398 207.42308637830945 224.0274861653646
17.661250054137778 2178.4242282443574 189.73872248331705 200.6614473130968 226.75484297010632
17.6637500540819 2143.84715101454 188.58306121826172 194.40929497612848 223.69418080647787
17.66625005402602 2116.18990749783 185.3973846435547 197.6443829006619 222.20748223198785
17.66875005397014 2140.843065049913 188.80832036336264 200.30916002061633 221.96383412679037
17.67125005391426 2158.9339633517793 190.07519912719727 205.31911298963757 221.62769741482205
17.673750053858384 2147.667251586914 190.2814915974935 199.79209306504993 219.03028784857855
17.676250053802505 2117.2968139648438 188.15201568603516 194.15163336859808 222.71787685818143
17.678750053746622 2124.8536054823135 188.28620529174805 196.43419901529947 221.00144958496094
17.681250053690746 2148.337109035916 191.1516431172689 200.15453338623047 224.51475609673395
17.683750053634864 2161.9763454861113 192.49899291992188 195.59915669759116 226.8985341389974
17.686250053578984 2130.5052202012803 186.21437072753906 193.03991529676648 225.84832424587674
17.688750053523105 2108.1160888671875 184.9257952372233 192.16168467203775 223.4357435438368
17.69125005346723 2128.1042277018228 189.7757708231608 192.84567175971137 220.93338351779514
17.69375005341135 2157.6481814914277 193.1863899230957 197.62928856743707 224.06000349256726
17.696250053355467 2148.3421834309897 192.6387850443522 196.65090688069662 224.83668857150607
17.69875005329959 2113.3175659179688 189.09540557861328 198.55991872151694 225.0856450398763
17.701250053243708 2113.424294365777 188.67867533365884 201.3505850897895 220.62737358940973
17.70375005318783 2145.3547634548613 191.9300422668457 206.6977479722765 219.9235144721137
17.70625005313195 2161.460486518012 195.52880732218424 200.66167789035373 230.08826700846353
17.708750053076074 2131.297339545356 194.0061772664388 193.84756215413412 226.94561852349176
17.71125005302019 2123.1109703911675 188.6301701863607 188.61989169650607 229.20841301812067
17.71375005296431 2139.1488257514106 194.1168301900228 201.1255620320638 227.93644375271268
17.716250052908435 2153.326478746202 194.45602671305338 202.89369879828558 231.86053042941623
17.718750052852553 2141.1344214545356 193.25863901774088 204.3328331841363 229.40508015950522
17.721250052796673 2113.0435723198784 192.80053329467773 193.53076680501303 225.23504723442926
17.723750052740797 2117.6182996961807 191.18517303466797 193.45160251193576 219.93113242255316
17.726250052684918 2121.0861002604165 190.9877700805664 200.70264434814453 222.4720662434896
17.728750052629035 2148.2140011257598 196.34147771199545 204.3087675306532 226.9995905558268
17.731250052573156 2130.3217112223306 192.21900049845377 195.33377329508463 225.21702406141492
17.73375005251728 2111.9600897894966 190.20669428507486 190.5030034383138 222.78368971082898
17.736250052461397 2114.573240492079 191.17048009236655 195.89480336507162 216.86168416341147
17.738750052405518 2149.2397732204863 193.6483891805013 201.10640631781683 225.4303504096137
17.741250052349642 2090.499250623915 196.1974080403646 196.70187293158637 225.79335106743707
17.743750052293763 2126.9700300428603 191.27148056030273 196.17777252197266 227.12529754638672
17.74625005223788 2109.250968085395 192.5510342915853 194.10357920328775 223.50710127088757
17.748750052182 2138.897703382704 196.10040028889975 201.13922203911676 223.13066016303168
17.751250052126125 2141.336715698242 200.44736099243164 201.38464779324002 228.17894829644098
17.75375005207024 2125.258236355252 196.34197998046875 194.43072085910373 230.27347649468317
17.756250052014362 2098.169252183702 191.3162053426107 194.59779357910156 225.67470380995007
17.758750051958486 2114.1200900607637 193.71292114257812 199.46730719672308 223.97972785101996
17.761250051902607 2133.170644124349 195.11161295572916 201.09407128228082 230.93944380018445
17.763750051846724 2133.9720323350693 195.56282679239908 197.27201758490668 230.63579728868274
17.766250051790845 2089.7694040934243 194.59484990437826 194.6639904446072 224.46388583713107
17.768750051734965 2073.5010121663413 191.66026178995767 193.11820136176215 220.66411887274847
17.771250051679086 2115.6407996283638 192.8234405517578 199.41790093315973 227.82393985324435
17.773750051623207 2141.5360073513457 196.2520891825358 197.276607937283 225.1858401828342
17.77625005156733 2128.35375128852 194.30978647867838 192.50403001573352 227.04473537868924
17.77875005151145 2088.621063232422 191.85010147094727 193.99197896321616 223.92382303873697
17.78125005145557 2072.368401421441 192.23461151123047 196.0035196940104 225.0589082505968
17.783750051399693 2107.071048312717 193.55428822835287 201.3698213365343 225.08172098795572
17.78625005134381 2119.1358235677085 196.1697858174642 201.2534883287218 230.05433061387805
17.78875005128793 2095.3288065592446 194.00655237833658 190.32259877522787 224.92657894558377
17.79125005123205 2102.319539388021 190.69924926757812 191.13828362358942 224.9698232014974
17.793750051176175 2103.9751722547744 195.81911977132162 191.2866219414605 231.50472005208334
17.796250051120296 2112.757363213433 196.3814900716146 202.83099789089627 226.22282240125867
17.798750051064413 2112.4224955240884 195.77833684285483 197.39652167426215 224.95721520317926
17.801250051008537 2117.457297431098 194.90012232462564 193.35607062445746 224.36443413628473
17.803750050952655 2102.4115854899087 191.23980967203775 194.81299251980252 228.06004587809244
17.806250050896775 2116.0262383355034 194.33444468180338 202.54817369249133 227.69765302870007
17.808750050840896 2129.50316535102 199.82815424601236 204.71680196126303 230.19394259982639
17.81125005078502 2107.393625895182 196.32949829101562 197.72880469428168 224.55407036675348
17.813750050729137 2096.8920220269097 191.90236155192056 196.15903557671442 226.57032352023654
17.816250050673258 2112.175526936849 196.01719538370767 205.27059258355035 231.20769839816623
17.818750050617382 2121.355229695638 199.95198567708334 207.587518480089 229.71122063530817
17.8212500505615 2124.203094482422 198.28816095987955 201.45847744411893 227.11051771375867
17.82375005050562 2089.778045654297 193.65302530924478 201.5044208102756 229.81701151529947
17.82625005044974 2082.7752855088975 192.95929463704428 199.53943803575305 235.40777587890625
17.828750050393865 2106.623701307509 196.99065144856772 204.565301683214 225.49966769748264
17.83125005033798 2141.5231814914277 199.99847920735678 207.54787360297308 228.4295137193468
17.833750050282102 2128.0093468560112 197.54362869262695 203.8756620619032 233.70500098334418
17.836250050226226 2097.026453653971 194.05151875813803 198.88605160183377 230.03822072347006
17.838750050170344 2096.354019165039 196.4469337463379 202.28483496771918 231.68677605523004
17.841250050114464 2148.3804677327475 196.97025934855142 204.20267740885416 235.9475529988607
17.84375005005859 2136.1185217963325 198.73415883382162 201.4138649834527 234.9907964070638
17.84625005000271 2104.2406463623047 194.59696833292642 198.80615997314453 233.9453887939453
17.848750049946826 2087.582778930664 195.5052947998047 198.14039272732205 232.1040785047743
17.851250049890947 2124.9996507432725 196.48893229166666 202.09251997205945 230.85240003797742
17.85375004983507 2158.1772579616973 199.28784306844076 201.60018920898438 228.6265614827474
17.856250049779188 2183.5422888861763 199.4081942240397 204.1802690294054 232.5898445977105
17.85875004972331 2180.4906209309897 196.81512959798178 203.19915093315973 238.238644917806
17.861250049667433 2172.9600931803384 194.7134920756022 203.08710734049478 234.75374942355685
17.863750049611554 2207.533949110243 199.26742553710938 206.0053956773546 231.68192036946616
17.86625004955567 2215.207787407769 205.3861935933431 204.8630125257704 234.19082895914713
17.86875004949979 2175.312839084201 202.3931566874186 196.8599378797743 235.95416937934027
17.871250049443912 2153.8021545410156 198.26497650146484 196.54161495632596 235.57471974690756
17.873750049388033 2175.863855997721 200.22628529866537 205.97775183783637 238.9715321858724
17.876250049332153 2187.5115848117402 203.598264058431 208.29991149902344 240.50011698404947
17.878750049276277 2177.0567881266275 201.4712117513021 205.67963663736978 236.87725151909723
17.881250049220398 2164.8002234564888 199.1503588358561 200.5984903971354 236.27957238091363
17.883750049164515 2158.1990882025825 197.56942876180014 206.56931728786893 232.29046885172525
17.88625004910864 2161.387929280599 198.85508600870767 211.12838321261935 232.29068501790366
17.888750049052756 2195.9322492811416 203.60149383544922 212.68998209635416 246.8422792222765
17.891250048996877 2190.6717190212676 225.02690887451172 247.14324612087674 270.7435006035699
17.893750048940998 2182.6446601019966 273.76354217529297 323.31897989908856 328.828251308865
17.896250048885122 2243.9420233832466 291.0425389607747 359.7939809163411 364.62029351128473
17.898750048829243 2237.298580593533 246.4635976155599 278.4650073581272 306.8044255574544
17.90125004877336 2198.3519575330947 213.52060317993164 219.39310455322266 258.37464820014105
17.903750048717484 2163.1041751437715 203.9948387145996 201.42991722954645 240.931032816569
17.9062500486616 2129.362543741862 202.5875104268392 200.56491004096137 235.17013465033637
17.90875004860572 2173.9239196777344 203.01581192016602 207.27733018663196 234.41087426079645
17.911250048549842 2202.023523966471 202.90421295166016 207.85811360677084 237.45980326334634
17.913750048493966 2174.521389431424 200.68133417765299 202.04005855984158 238.27486673990884
17.916250048438084 2143.465174357096 199.15541076660156 202.85103607177734 241.40955691867404
17.918750048382204 2142.1476203070747 196.60153834025064 204.30905405680338 236.26882934570312
17.92125004832633 2188.623369004991 201.61389287312826 209.45904456244574 238.6509314643012
17.923750048270445 2191.630071004232 204.7771962483724 208.5121095445421 238.80496893988715
17.926250048214566 2168.475840250651 201.88594182332358 202.71206834581164 240.00992753770618
17.928750048158687 2145.542270236545 199.06540044148764 206.64655558268228 237.08889431423611
17.93125004810281 2141.630403306749 201.05198033650717 210.90287356906467 233.47290717230902
17.933750048046928 2135.456008911133 202.62186431884766 212.49828253851996 233.36377631293402
17.93625004799105 2106.1993408203125 198.86327489217123 208.54479302300348 233.53480105929904
17.938750047935173 2073.429462009006 201.14212799072266 199.97972191704645 236.3233676486545
17.94125004787929 2079.848364935981 237.27792485555014 228.41200256347656 245.4653811984592
17.94375004782341 2104.5459899902344 327.3401590983073 279.7286631266276 271.0617947048611
17.946250047767535 2126.7812381320527 339.85685475667316 292.49839952256946 275.931408352322
17.948750047711655 2119.5800187852647 244.56243387858072 240.03873443603516 256.534546746148
17.951250047655773 2078.937249077691 200.59260050455728 204.25345102945963 241.39287312825522
17.953750047599893 2081.525394015842 197.76614252726236 201.3822479248047 235.0212164984809
17.956250047544017 2109.7544826931426 200.20626068115234 210.2847425672743 240.02061038547092
17.958750047488135 2100.9866960313584 200.49180348714194 207.2819391886393 243.02596791585287
17.961250047432255 2079.4076266818574 197.7612164815267 205.06992679172092 236.79400719536676
17.96375004737638 2035.8710106743706 195.16793314615884 204.40385097927518 233.9701444837782
17.9662500473205 2056.1118994818794 198.28082021077475 206.92098320855035 230.597659640842
17.968750047264617 2099.014324612088 200.17042922973633 208.56258222791882 233.7936494615343
17.971250047208738 2112.9227210150825 198.63335545857748 208.18983205159506 238.49173906114368
17.97375004715286 2084.5687408447266 197.0682487487793 208.20020718044705 238.78365495469836
17.97625004709698 2071.115983751085 197.77452341715494 207.34867689344617 238.37642923990884
17.9787500470411 2081.0949435763887 201.38806533813477 207.78334723578558 241.8534927368164
