m1-67/data/jwst-miri-mrs/wr124-miri-spec-ch1.ecsv
# %ECSV 1.0
# ---
# datatype:
# - {name: Wavelength, unit: micron, datatype: float64}
# - {name: Star, unit: MJy / sr, datatype: float64}
# - {name: Knot A, unit: MJy / sr, datatype: float64}
# - {name: BG A1, unit: MJy / sr, datatype: float64}
# - {name: BG A2, unit: MJy / sr, datatype: float64}
# - {name: Knot B, unit: MJy / sr, datatype: float64}
# - {name: BG B1, unit: MJy / sr, datatype: float64}
# - {name: BG B2, unit: MJy / sr, datatype: float64}
# meta: !!omap
# - __serialized_columns__:
#     BG A1:
#       __class__: astropy.units.quantity.Quantity
#       unit: !astropy.units.Unit {unit: MJy / sr}
#       value: !astropy.table.SerializedColumn {name: BG A1}
#     BG A2:
#       __class__: astropy.units.quantity.Quantity
#       unit: !astropy.units.Unit {unit: MJy / sr}
#       value: !astropy.table.SerializedColumn {name: BG A2}
#     BG B1:
#       __class__: astropy.units.quantity.Quantity
#       unit: !astropy.units.Unit {unit: MJy / sr}
#       value: !astropy.table.SerializedColumn {name: BG B1}
#     BG B2:
#       __class__: astropy.units.quantity.Quantity
#       unit: !astropy.units.Unit {unit: MJy / sr}
#       value: !astropy.table.SerializedColumn {name: BG B2}
#     Knot A:
#       __class__: astropy.units.quantity.Quantity
#       unit: !astropy.units.Unit {unit: MJy / sr}
#       value: !astropy.table.SerializedColumn {name: Knot A}
#     Knot B:
#       __class__: astropy.units.quantity.Quantity
#       unit: !astropy.units.Unit {unit: MJy / sr}
#       value: !astropy.table.SerializedColumn {name: Knot B}
#     Star:
#       __class__: astropy.units.quantity.Quantity
#       unit: !astropy.units.Unit {unit: MJy / sr}
#       value: !astropy.table.SerializedColumn {name: Star}
#     Wavelength:
#       __class__: astropy.coordinates.spectral_coordinate.SpectralCoord
#       unit: !astropy.units.Unit {unit: micron}
#       value: !astropy.table.SerializedColumn {name: Wavelength}
# schema: astropy-2.0
Wavelength Star "Knot A" "BG A1" "BG A2" "Knot B" "BG B1" "BG B2"
[from data line 2423]
6.838800046389222 8412.670550482613 77.70846897363663 53.78940883278847 30.226546484977007 0.0 0.0 -3.3834636211395264
6.839600046369013 8283.372764587402 81.60058276262134 31.729114059358835 39.2636621594429 0.0 0.0 -3.268220901489258
6.840400046348804 8167.5894086020335 77.15777998790145 42.69287866726518 52.561941725201905 0.0 0.0 -2.6390254497528076
6.841200046328594 8119.046811512539 81.80412753671408 41.88676993642002 32.112374470802024 0.0 0.0 -2.2237770557403564
6.842000046308384 8098.762784140451 83.95439878106117 26.342531394213438 31.90548558626324 0.0 0.0 -2.0664942264556885
6.8428000462881755 8030.694533620562 72.96877490729094 39.863033670932055 34.22966753691435 0.0 0.0 -2.5696558952331543
6.843600046267965 8017.464959825788 79.6920560002327 38.054572366178036 19.220953676849604 0.0 0.0 -2.3922688961029053
6.844400046247755 8087.685472488403 83.89724819362164 17.122780963778496 23.06225549802184 0.0 0.0 -2.7636656761169434
6.8452000462275455 8249.824103491646 68.0163751989603 27.42916163802147 38.018304883968085 0.0 0.0 -3.368513822555542
6.846000046207337 8344.920543125698 71.25049654766917 42.21164003573358 18.993785955011845 0.0 0.0 -3.7176334857940674
6.846800046187126 8457.651309422085 84.066152125597 43.94105076731648 13.007618323899806 0.0 0.0 -4.829939365386963
6.847600046166916 8581.078870228359 76.75118739902973 49.27290979772806 28.852978861890733 0.0 0.0 -2.9244582653045654
6.848400046146707 8626.889747892108 79.6404977850616 39.19336611032486 19.494313843548298 0.0 0.0 -2.311713695526123
6.849200046126498 8647.830883843559 73.6063376441598 28.40150970965624 16.438954500481486 0.0 0.0 -1.124788761138916
6.850000046106287 8745.118748528617 74.55275852233171 44.91159738600254 30.503375206142664 0.0 0.0 -1.6534169912338257
6.850800046086078 8859.806966781616 83.55115646868944 55.526430152356625 15.730890572071075 0.0 0.0 -2.3415868282318115
6.851600046065868 9000.72882107326 82.78872202336788 30.472452450543642 20.668556183576584 0.0 0.0 -3.918879270553589
6.852400046045658 9159.479447228568 71.89926090836525 37.25595550239086 44.549461998045444 0.0 0.0 -2.7290449142456055
6.8532000460254485 9289.85176195417 83.27160859107971 56.37209992762655 39.06848093867302 0.0 0.0 -2.873777151107788
6.854000046005238 9394.85633277893 91.1506412178278 42.71361619979143 34.92514183372259 0.0 0.0 -3.937121868133545
6.854800045985029 9586.454864501953 80.75986898690462 38.51075751706958 47.205122569575906 0.0 0.0 -2.729677438735962
6.855600045964819 9698.224222728184 81.74834623932838 59.02272380888462 32.9446659758687 0.0 0.0 -2.0948941707611084
6.85640004594461 9727.019123349872 84.82561836391687 33.80717447400093 12.085636589676142 0.0 0.0 -1.7903835773468018
6.8572000459244 9765.52809878758 69.47617053613067 24.584977887570858 32.00880747893825 0.0 0.0 -1.7731497287750244
6.858000045904191 9833.055950437274 80.81194561719894 47.14657613635063 37.137055774219334 0.0 0.0 -1.8220900297164917
6.858800045883981 9726.089521953038 85.44961415231228 43.97074447572231 27.066302839666605 0.0 0.0 -1.808286428451538
6.859600045863771 9740.83604976109 83.86133651435375 48.040026377886534 36.063308995217085 0.0 0.0 -1.3618448972702026
6.860400045843561 9734.921264648438 102.42819010838866 58.65452145040035 35.205791875720024 0.0 0.0 -2.362201452255249
6.861200045823352 9745.292687007359 95.66994652152061 46.56213626265526 29.401471819728613 0.0 0.0 -4.999944686889648
6.862000045803142 9633.829805374146 77.56717676669359 46.68281602859497 40.75480938563123 0.0 0.0 -2.2590525150299072
6.862800045782932 9526.53707259042 81.74159114807844 50.16441839188337 39.247973521240056 0.0 0.0 -1.5808534622192383
6.863600045762722 9418.09785924639 83.24528719112277 46.62158614723012 40.515694703906775 0.0 0.0 -2.6578311920166016
6.864400045742514 9325.477420534406 77.62393142282963 60.59464681148529 57.557305082678795 0.0 0.0 -3.6537282466888428
6.865200045722303 9338.20971107483 80.3940405137837 62.918002277612686 44.638247184455395 0.0 0.0 -3.227411985397339
6.866000045702093 9267.20408793858 88.89824007451534 49.426097098737955 35.05567888915539 0.0 0.0 -1.5118287801742554
6.866800045681884 9130.140007019043 93.20719587802887 48.671831080690026 48.08273059129715 0.0 0.0 -0.5911891460418701
6.867600045661674 9094.371108191353 92.49273738265038 66.9514295309782 42.99110650271177 0.0 0.0 -1.033856749534607
6.868400045641464 9028.46178000314 98.16653324663639 62.74952333047986 27.174757089465857 0.0 0.0 -1.875030279159546
6.869200045621254 8925.091839381626 88.01897630654275 59.239445553626865 33.152013851329684 0.0 0.0 -1.0207664966583252
6.870000045601045 8809.2608127594 85.7431313097477 73.10549700818956 40.232595110312104 0.0 0.0 -0.6011810898780823
6.870800045580835 8680.298318317959 87.07952604442835 46.70203670859337 25.99264484271407 0.0 0.0 -0.39426112174987793
6.871600045560625 8613.34570475987 78.46220649033785 28.680702157318592 38.47619836591184 0.0 0.0 -2.3377721309661865
6.872400045540416 8674.879313332694 83.86264371499419 56.849799275398254 44.982410341501236 0.0 0.0 -2.18582820892334
6.873200045520207 8679.837416785103 88.79084050655365 42.24743225798011 31.700103975832462 0.0 0.0 -1.5498056411743164
6.874000045499996 8700.79279763358 75.54790073633194 43.76722566783428 27.808367803692818 0.0 0.0 -1.8357936143875122
6.874800045479787 8756.299960000175 79.09655891358852 50.75403494387865 25.358282869681716 0.0 0.0 -1.5138096809387207
6.875600045459577 8743.937848499843 84.01438343524933 23.527500092983246 22.33277240395546 0.0 0.0 -0.9204516410827637
6.876400045439368 8669.769463675362 85.85906974971294 25.458511359989643 39.24920978397131 0.0 0.0 -3.1914479732513428
6.8772000454191575 8622.46135193961 87.94140237290412 48.755221992731094 42.694478899240494 0.0 0.0 -2.8374626636505127
6.878000045398948 8516.174197878156 90.52504359185696 43.34621867258102 32.01536436169408 0.0 0.0 -0.347755491733551
6.878800045378738 8480.292539596558 85.87006039917469 42.37046682834625 45.44980491697788 0.0 0.0 -1.2392981052398682
6.879600045358529 8469.601922171456 92.79637022316456 74.71816135942936 37.868953824043274 0.0 0.0 -1.9957334995269775
6.880400045338319 8482.853665760585 97.8734491430223 56.141013115644455 40.438632101751864 0.0 0.0 -3.315103530883789
6.881200045318109 8483.459498814174 87.1570636946708 29.262162767350674 58.835888512432575 0.0 0.0 -1.7644171714782715
6.882000045297899 8511.333610262189 92.29658004269004 58.70491373538971 53.10341044515371 0.0 0.0 -2.45334529876709
6.88280004527769 8473.073289598737 104.59146861732006 56.74511309713125 47.428614512085915 0.0 0.0 -3.839958429336548
6.88360004525748 8442.88747242519 96.28703108429909 35.7896149456501 47.514589071273804 0.0 0.0 -3.8181605339050293
6.884400045237269 8493.788314546857 101.77824583649635 63.391773760318756 46.99765834398568 0.0 0.0 -4.15785026550293
6.8852000452170605 8535.294162205288 107.13657587766647 53.43196838349104 34.24064970808104 0.0 0.0 -4.4941325187683105
6.886000045196851 8443.767810004098 99.56330242753029 43.00113348849118 32.15537656471133 0.0 0.0 -2.4863290786743164
6.886800045176641 8455.578409739903 90.59608343243599 58.87101908400655 37.20753813907504 0.0 0.0 -2.035067081451416
6.887600045156431 8488.602709361485 100.80850857612677 59.60307028889656 28.372701961547136 0.0 0.0 -2.041422128677368
6.888400045136223 8494.328109468732 97.7050978243351 30.00414752587676 29.693633457645774 0.0 0.0 -2.8179361820220947
6.889200045116012 8530.188878468105 94.26827318966389 62.58528845757246 55.06916470453143 0.0 0.0 -2.2191765308380127
6.890000045095802 8521.903478894916 88.51612664014101 56.94953443855047 48.8202920332551 0.0 0.0 -1.1346631050109863
6.890800045075593 8469.273462840489 68.0876389592886 35.273967914283276 45.90066282451153 0.0 0.0 -0.6941152215003967
6.891600045055384 8459.105601719448 76.84936819598079 56.395880073308945 51.31245736218989 0.0 0.0 -1.6014065742492676
6.892400045035173 8424.683196476528 84.13407763838768 33.84963369742036 45.83975537493825 0.0 0.0 -2.9222216606140137
6.8932000450149635 8399.326624461582 76.57932631019503 4.835119612514973 50.27866321057081 0.0 0.0 0.7397890686988831
6.894000044994754 8408.072433744159 85.25668632984161 50.79847804806195 50.08217426389456 0.0 0.0 -0.3544690012931824
6.894800044974545 8397.200845990863 99.99910125136375 48.65529700182378 31.309017777442932 0.0 0.0 -2.773116111755371
6.895600044954334 8399.800261633736 89.82756786048412 31.39219330996275 47.956486847251654 0.0 0.0 -3.5476396083831787
6.896400044934125 8411.067326954433 80.93620726466179 64.16530832648277 52.278649907559156 0.0 0.0 -2.4353861808776855
6.897200044913915 8389.30275617327 93.52555119991302 36.20218366384506 42.88218317180872 0.0 0.0 -0.5230012536048889
6.898000044893705 8219.864651816231 95.83171197772026 22.34110052511096 37.76942745037377 0.0 0.0 -1.6947678327560425
6.898800044873496 8109.659500394549 89.01462359726429 66.36395336687565 31.195639457553625 0.0 0.0 -2.8320436477661133
6.899600044853285 8455.46217427935 107.7291598469019 71.81463045952842 29.973340708762407 0.0 0.0 -3.9562437534332275
6.900400044833076 8394.056392397199 92.77026608586311 49.00947854667902 42.05103573016822 0.0 0.0 -2.3920178413391113
6.9012000448128665 8422.323248182025 96.11084582656622 65.10550848767161 45.95401185750961 0.0 0.0 -2.063084840774536
6.902000044792657 8443.922459738595 98.12342691421509 46.93461832404137 41.17066966742277 0.0 0.0 -1.7153756618499756
6.902800044772447 8416.641220092773 89.21164777874947 33.315524861216545 31.537801638245583 0.0 0.0 -1.645880103111267
6.903600044752238 8421.264419010708 90.63521283492446 56.752096615731716 46.02712589269504 0.0 0.0 -1.7771798372268677
6.904400044732028 8459.420555114746 91.99526140093803 42.488920614123344 33.61688216030598 0.0 0.0 -1.897377848625183
6.905200044711818 8447.991022382465 80.12601011246443 23.336664348840714 34.0743939653039 0.0 0.0 -3.495957374572754
6.906000044691608 8465.655050822666 80.57788118720055 51.55563472956419 38.72085899114609 0.0 0.0 -2.9235806465148926
6.9068000446713995 8491.997066225324 88.27269966900349 40.25797217339277 31.702452631667256 0.0 0.0 -2.321338415145874
6.907600044651189 8403.06332370213 78.49221459683031 8.641505792737007 22.59547703526914 0.0 0.0 -0.947756826877594
6.908400044630979 8386.556210381645 71.29392894357443 38.96314973384142 36.14526645466685 0.0 0.0 -2.033127784729004
6.9092000446107695 8417.438744681222 86.5163326561451 45.31487452611327 32.20801194757223 0.0 0.0 -3.0561792850494385
6.910000044590561 8370.190212794712 84.56013909727335 15.72919163107872 18.595922159962356 0.0 0.0 -0.2036568969488144
6.91080004457035 8263.628804615566 92.31244699656963 51.10216283798218 23.084864080650732 0.0 0.0 -1.3191527128219604
6.91160004455014 8454.746966498238 108.35146906971931 56.20891983807087 23.952588766813278 0.0 0.0 -2.3748302459716797
6.912400044529931 8412.868119103568 114.1054739356041 31.277741104364395 35.84412872046232 0.0 0.0 -1.462618112564087
6.913200044509721 8362.381214959281 135.64343816041946 61.657591350376606 34.7335335155949 0.0 0.0 -2.5088043212890625
6.914000044489511 8409.180906568256 157.63120257854462 60.89691295474768 30.046311723068357 0.0 0.0 -2.9360270500183105
6.914800044469301 8412.354705810547 124.59490635991096 41.953458324074745 44.37170007824898 0.0 0.0 -0.7050538063049316
6.915600044449092 8444.30803980146 98.09748480282724 68.92849802970886 40.01347106508911 0.0 0.0 -1.1829441785812378
6.916400044428882 8441.246110643659 86.10428489744663 62.04143676161766 33.67482919059694 0.0 0.0 -1.5391974449157715
6.9172000444086725 8450.56776700701 82.1330604404211 19.553274758160114 40.40866516251117 0.0 0.0 0.006621843669563532
6.918000044388463 8498.117349352155 78.13234116509557 41.45025915838778 39.41968438774347 0.0 0.0 -0.02096915803849697
6.918800044368254 8460.794478280204 88.13006556779146 38.66000008583069 32.141237870790064 0.0 0.0 -0.7647277116775513
6.919600044348043 8306.792882374355 79.93212300539017 25.332948982715607 31.085488237440586 0.0 0.0 -1.1392942667007446
6.920400044327834 8361.186441966465 77.76600420475006 49.263653226196766 39.88703566789627 0.0 0.0 -2.6505126953125
6.921200044307624 8394.311855588641 78.48434694856405 45.92982670664787 27.731599733233452 0.0 0.0 -3.148458242416382
6.922000044287415 8390.48246356419 85.36710318922997 29.52535976935178 30.54946368187666 0.0 0.0 -0.41072922945022583
6.922800044267205 8406.803519112724 92.80924864113331 57.645884815603495 38.79703135602176 0.0 0.0 -1.337002158164978
6.923600044246995 8434.43439238412 97.82872609235346 41.79148476943374 32.136445343494415 0.0 0.0 -1.8162168264389038
6.924400044226785 8451.929029192243 87.13374511152506 18.62370453029871 23.651888072490692 0.0 0.0 -2.2602734565734863
6.925200044206576 8542.43824495588 84.48679099977016 43.06580585241318 44.982944041490555 0.0 0.0 -2.9956676959991455
6.926000044186366 8522.42086165292 75.67968936264515 44.364691972732544 49.691112607717514 0.0 0.0 -3.359118938446045
6.926800044166156 8528.413632256645 88.04190996661782 20.99927654862404 26.462696854025126 0.0 0.0 -2.361325979232788
6.927600044145946 8510.012501307896 92.9209118236322 46.97641161084175 31.93697839975357 0.0 0.0 -2.856797695159912
6.928400044125737 8552.123984200614 96.33450829982758 47.98851555585861 41.57383619155735 0.0 0.0 -2.800947904586792
6.929200044105527 8625.401332310268 105.9436477907002 15.165987491607666 27.119211823679507 0.0 0.0 -1.8186994791030884
6.9300000440853164 8662.456814629692 95.24008796364069 41.115353152155876 33.29149145260453 0.0 0.0 -2.6509206295013428
6.930800044065108 8742.656808308193 98.0668625831604 48.05401831865311 38.63684483617544 0.0 0.0 -3.536970615386963
6.931600044044898 8627.315716879708 90.52214294672012 8.698400487774052 18.04903376661241 0.0 0.0 -3.839709520339966
6.932400044024688 8631.828173501151 91.10197384655476 43.911739215254784 34.408219784498215 0.0 0.0 -3.030374526977539
6.9332000440044785 8553.112156731742 97.90952971577644 51.496487841010094 30.854246200993657 0.0 0.0 -3.1760380268096924
6.93400004398427 8688.272305624825 86.36300771683455 30.005989737808704 12.879719795659184 0.0 0.0 -2.740044116973877
6.934800043964059 8822.236778531756 95.17653533816338 56.45682765543461 29.606025144457817 0.0 0.0 -3.176004648208618
6.935600043943849 8964.407811301095 96.4391090720892 61.84725201129913 25.824873860925436 0.0 0.0 -2.2021687030792236
6.93640004392364 9144.84990310669 89.53948956727982 38.41062206029892 12.143531501293182 0.0 0.0 -0.5520003437995911
6.937200043903431 9181.362686157227 97.54555456712842 48.5267169456929 24.743892319500446 0.0 0.0 -3.526453971862793
6.93800004388322 9417.882182529995 122.2674371600151 40.74698154628277 37.98620044440031 0.0 0.0 -3.574899911880493
6.938800043863011 9609.156356811523 121.32390362769365 25.24042773246765 27.693251394375693 0.0 0.0 -1.856562852859497
6.939600043842801 9707.594067982265 104.53560198843479 57.989516761153936 31.681177031248808 0.0 0.0 -0.14677131175994873
6.940400043822592 9853.39839226859 108.65290123224258 62.20423652231693 34.49121302366257 0.0 0.0 -1.7322009801864624
6.9412000438023815 10010.909446716309 96.42755892127752 21.432086393237114 27.972025632858276 0.0 0.0 -2.4753613471984863
6.942000043782172 10147.577757154193 93.84691232442856 41.63145233690739 37.80200286209583 0.0 0.0 -2.784611463546753
6.942800043761962 10355.441323416573 103.06700211763382 46.899097639136016 30.296775651164353 0.0 0.0 -1.8640259504318237
6.943600043741752 10452.897476196289 105.6447172164917 21.873190686106682 25.32103364728391 0.0 0.0 -1.2604925632476807
6.944400043721543 10576.308510371617 118.20953720808029 55.578946840018034 37.66620203014463 0.0 0.0 -3.9976816177368164
6.945200043701332 10758.545831135341 121.20459297299385 67.93992429971695 43.90888694860041 0.0 0.0 -3.2174136638641357
