m1-67/data/jwst-miri-mrs/wr124-miri-mrs-ch4-star-full-spectrum.ecsv
# %ECSV 1.0
# ---
# datatype:
# - {name: Wavelength, unit: micron, datatype: float64}
# - {name: Intensity, datatype: float64}
# meta: !!omap
# - __serialized_columns__:
#     Wavelength:
#       __class__: astropy.units.quantity.Quantity
#       unit: !astropy.units.Unit {unit: micron}
#       value: !astropy.table.SerializedColumn {name: Wavelength}
# schema: astropy-2.0
Wavelength Intensity
[from data line 1724]
28.04700085287914 0.0
28.053000852931287 0.0
28.059000852983445 0.0
28.0650008530356 0.0
28.071000853087753 0.0
28.077000853139907 0.0
28.08300085319206 0.0
28.089000853244215 0.0
28.09500085329637 0.0
28.101000853348523 0.0
28.107000853400677 0.0
28.113000853452835 0.0
28.119000853504982 0.0
28.12500085355714 0.0
28.131000853609297 0.0
28.137000853661448 0.0
28.143000853713602 0.0
28.149000853765756 0.0
28.15500085381791 0.0
28.161000853870064 0.0
28.167000853922218 0.0
28.173000853974372 0.0
28.17900085402653 0.0
28.18500085407868 0.0
28.191000854130834 0.0
28.197000854182992 0.0
28.20300085423514 0.0
28.209000854287297 0.0
28.21500085433945 0.0
28.221000854391605 0.0
28.22700085444376 0.0
28.233000854495913 0.0
28.239000854548067 0.0
28.24500085460022 0.0
28.251000854652375 0.0
28.25700085470453 0.0
28.263000854756687 0.0
28.269000854808834 0.0
28.27500085486099 0.0
28.28100085491315 0.0
28.2870008549653 0.0
28.293000855017453 0.0
28.299000855069607 0.0
28.30500085512176 0.0
28.311000855173916 0.0
28.31700085522607 0.0
28.323000855278224 0.0
28.32900085533038 0.0
28.335000855382532 0.0
28.341000855434686 0.0
28.347000855486844 0.0
28.35300085553899 0.0
28.359000855591148 0.0
28.365000855643302 0.0
28.371000855695456 0.0
28.37700085574761 0.0
28.383000855799764 0.0
28.38900085585192 0.0
28.395000855904073 0.0
28.401000855956227 0.0
28.40700085600838 0.0
28.41300085606054 0.0
28.419000856112685 0.0
28.425000856164843 0.0
28.431000856217 0.0
28.43700085626915 0.0
28.443000856321305 0.0
28.44900085637346 0.0
28.455000856425613 0.0
28.461000856477767 0.0
28.46700085652992 0.0
28.473000856582075 0.0
28.479000856634233 0.0
28.485000856686383 0.0
28.491000856738538 0.0
28.497000856790695 0.0
28.503000856842842 0.0
28.509000856895 0.0
28.515000856947154 0.0
28.521000856999308 0.0
28.527000857051462 0.0
28.533000857103616 0.0
28.53900085715577 0.0
28.545000857207924 0.0
28.551000857260078 0.0
28.557000857312232 0.0
28.56300085736439 0.0
28.569000857416537 0.0
28.575000857468694 0.0
28.581000857520852 0.0
28.587000857573003 0.0
28.593000857625157 0.0
28.59900085767731 0.0
28.605000857729465 0.0
28.61100085778162 0.0
28.617000857833773 0.0
28.623000857885927 0.0
28.629000857938085 0.0
28.635000857990235 0.0
28.64100085804239 0.0
28.647000858094547 0.0
28.653000858146694 0.0
28.65900085819885 0.0
28.665000858251005 0.0
28.67100085830316 0.0
28.677000858355314 0.0
28.683000858407468 0.0
28.68900085845962 0.0
28.695000858511776 0.0
28.70100085856393 0.0
