m1-67/data/jwst-miri-mrs/wr124-miri-spec-ch1.ecsv
# %ECSV 1.0
# ---
# datatype:
# - {name: Wavelength, unit: micron, datatype: float64}
# - {name: Star, unit: MJy / sr, datatype: float64}
# - {name: Knot A, unit: MJy / sr, datatype: float64}
# - {name: BG A1, unit: MJy / sr, datatype: float64}
# - {name: BG A2, unit: MJy / sr, datatype: float64}
# meta: !!omap
# - __serialized_columns__:
#     BG A1:
#       __class__: astropy.units.quantity.Quantity
#       unit: !astropy.units.Unit {unit: MJy / sr}
#       value: !astropy.table.SerializedColumn {name: BG A1}
#     BG A2:
#       __class__: astropy.units.quantity.Quantity
#       unit: !astropy.units.Unit {unit: MJy / sr}
#       value: !astropy.table.SerializedColumn {name: BG A2}
#     Knot A:
#       __class__: astropy.units.quantity.Quantity
#       unit: !astropy.units.Unit {unit: MJy / sr}
#       value: !astropy.table.SerializedColumn {name: Knot A}
#     Star:
#       __class__: astropy.units.quantity.Quantity
#       unit: !astropy.units.Unit {unit: MJy / sr}
#       value: !astropy.table.SerializedColumn {name: Star}
#     Wavelength:
#       __class__: astropy.coordinates.spectral_coordinate.SpectralCoord
#       unit: !astropy.units.Unit {unit: micron}
#       value: !astropy.table.SerializedColumn {name: Wavelength}
# schema: astropy-2.0
Wavelength Star "Knot A" "BG A1" "BG A2"
[from data line 2983]
7.286800035071791 6526.018315845065 112.75194603204727 40.47933439774947 46.576913598510956
7.2876000350515815 6425.364775975545 113.91780708730221 42.65181956507943 36.25809535715315
7.288400035031371 6383.815123452081 117.00327176228166 24.99384702327238 28.65642633040746
7.289200035011162 6338.08202595181 120.92424806952477 40.09414490786466 40.087891360123955
7.290000034990952 6325.570193396674 127.9724183678627 41.02826755697077 35.479557977782356
7.290800034970743 6318.586173587375 104.02200263738632 27.070582054555416 42.376004192564224
7.291600034950532 6256.340287950304 92.96913678944111 45.09851275790822 47.62381433778339
7.292400034930323 6242.667223188612 108.60678158700466 29.112906220284376 34.71701866057184
7.293200034910114 6223.242284138997 123.10989321768284 19.561001073230397 43.90358663929833
7.294000034889904 6230.235879898071 121.81162369251251 47.38888123902407 40.73194335069921
7.294800034869694 6246.668397903442 123.66311454772949 39.26640557294542 24.9684810658089
7.295600034849485 6242.935635460748 113.49903273582458 40.46643027934161 45.147247672080994
7.296400034829275 6247.640829298231 105.75829344987869 48.320908936587244 37.954915902680824
7.297200034809065 6254.274749967787 109.91987854242325 29.452444445003163 32.14511786235703
7.298000034788855 6241.107227113512 105.08769357204437 38.080007162961095 46.99419379234314
7.298800034768647 6246.551998986139 120.48546829819679 48.374940904704005 42.817269219292534
7.299600034748436 6268.365210215251 123.85225427150726 28.484198142181743 42.769141687287224
7.300400034728226 6266.375403510199 123.42576599121094 37.106890792196445 50.740217785040535
7.301200034708017 6260.057624181111 139.0227793455124 44.4303954297846 27.907531281312306
7.302000034687807 6251.514750798543 119.3165807723999 19.003046195615422 33.80349392443895
7.302800034667597 6251.870871437921 125.34717220067978 44.2067434462634 42.98033554818863
7.303600034647387 6238.404666052924 137.56791031360626 37.123095802285455 34.28659282128016
7.304400034627178 6215.7961162991 109.86716639995575 20.06308150833303 41.87265408701367
7.305200034606968 6190.606396993001 110.81047187373042 28.9766813733361 34.011516561938656
7.306000034586758 6207.605120976766 112.90851613879204 36.125121007588774 27.064236839612324
7.306800034566548 6184.714327070448 102.52181547880173 46.16795555569909 43.907092187139725
7.307600034546339 6204.993084589641 132.38593989610672 58.79180446538058 34.325384222798874
7.308400034526129 6226.267611397638 119.52025839686394 35.0593581199646 27.041332986619736
7.30920003450592 6193.623245663113 102.15670651197433 27.690285498445686 33.870743138922585
7.31000003448571 6204.354234059651 136.43013834953308 31.85338402065364 28.142845208446186
7.310800034465501 6204.043658998277 135.83059740066528 20.062706116925586 36.19918669594659
7.3116000344452905 6225.449616538153 117.60916113853455 35.44356218081984 50.44418899218241
7.312400034425081 6244.90928586324 130.05449855327606 39.50306527181105 33.601408421993256
7.313200034404871 6102.729925579495 123.87455670760392 22.552323601462625 38.25785771012306
7.314000034384662 6238.2138144175215 123.94278734922409 33.218559231609106 36.75457568301095
7.314800034364452 6274.151331159804 136.70482516288757 40.43144364790483 33.97123207979732
7.315600034344242 6245.03561062283 125.88222450017929 33.75564428893003 54.5664214293162
7.316400034324032 6259.302796469794 135.15248155593872 45.71889133886857 45.442660649617515
7.317200034303823 6255.618667814467 134.8705736398697 33.30336094173518 36.96576368146472
7.318000034283613 6223.360939661662 115.62872970104218 36.9199644760652 51.31975632114336
7.318800034263402 6211.44311565823 118.66952408850193 48.003432122143835 38.263025584320225
7.3196000342431935 6170.733619689941 121.76522982120514 35.69576606154442 27.786383184293907
7.320400034222984 6205.436329099867 112.66307383775711 30.12573971446942 47.45915203293165
7.321200034202774 6209.630449506972 131.46959137916565 36.32321120934053 34.99986452360948
7.3220000341825635 6215.014194700453 125.8740032762289 28.6176310506734 36.21290109720495
7.322800034162355 6231.143608093262 116.4358149766922 42.18132900649851 45.84623246722751
7.323600034142145 6159.570065816243 132.06241434812546 52.39316767996008 22.742186413870918
7.324400034121935 6176.192174275716 116.57283037900925 42.70300108736212 40.93984341952536
7.325200034101726 6202.477847841051 136.92557525634766 46.408126484264024 45.3947830663787
7.326000034081517 6240.154025183783 138.28840744495392 31.059497637166217 37.67334621482425
7.326800034061306 6231.18680466546 111.59258264303207 23.69235714999112 49.95716545316908
7.3276000340410965 6268.45660103692 119.18976583750919 41.33460483700037 44.41715844389465
7.328400034020887 6290.3941599528 138.2607560157776 40.19226790016348 38.31030138002502
7.329200034000678 6264.342554304335 112.69634211063385 30.92959876493974 38.633800733420586
7.330000033980467 6259.874219894409 118.94765567779541 25.65811812877655 37.513077563709686
7.330800033960258 6271.014225641887 116.81686896085739 13.348180245269429 38.7474832865927
7.331600033940048 6338.3211962382 116.65880444645882 18.469032777981326 35.28909866760174
7.332400033919838 6347.642906824748 132.3720764219761 35.61483705992048 22.6093962987264
7.333200033899629 6249.617920981513 132.80109190940857 19.938319532370027 31.95698349012269
7.334000033879418 6240.342556211684 112.07215949892998 27.763179096308622 31.22285634610388
7.334800033859209 6101.04817199707 118.60771507024765 29.949134826660156 17.58246162864897
7.3356000338389995 6109.256212022569 103.52020201738924 9.719408202006228 29.45913744635052
7.33640003381879 6177.258159001668 100.78310785256326 23.523463810032066 24.833324816491867
7.337200033798579 6176.118906233046 122.5421122610569 11.903231458230453 17.706207394599915
7.33800003377837 6248.143136978149 107.85907520353794 13.910323322157968 37.70517557859421
7.338800033758161 6508.164278666179 117.14632481336594 38.51814941926436 19.236444115638733
7.339600033737951 7263.973453097873 129.96032416820526 33.27210993252017 27.6512195136812
7.340400033717741 8516.736953311496 125.34691800177097 29.42903184890747 48.75384906596608
7.3412000336975325 9468.300193362766 149.3529157936573 44.075059879909865 49.952170226309036
7.342000033677322 9867.141377766928 160.75189876556396 41.40784241665494 53.02350323460996
7.342800033657112 9924.04224480523 146.74940967559814 44.7170517986471 59.05574283003807
7.3436000336369025 9901.994806925455 182.24252378940582 48.24983794038946 52.0454597208235
7.344400033616694 9900.278316921658 167.4242775440216 33.45489924604242 61.46386405328909
7.345200033596483 9978.672382778592 174.64520573616028 28.564207228747282 66.407388213608
7.346000033576273 9936.43249935574 194.62302994728088 33.191669382832266 63.60492321517732
7.346800033556064 9880.387025621203 167.79942178726196 30.874768007885326 74.22287790642844
7.347600033535854 9839.783608330621 180.36727023124695 38.780109665610574 68.64560873640909
7.348400033515644 9833.215844896105 181.9854085445404 44.63034973632205 72.02329956822925
7.349200033495434 9793.7668033176 171.69958186149597 40.83122012831948 81.44508398241467
7.350000033475225 9758.855091518826 163.39039260149002 44.193029111081906 61.612130804194344
7.350800033455015 9657.905370076498 160.91777354478836 37.682843804359436 58.47004674871763
7.3516000334348055 9612.11587524414 149.553486533463 53.43597909537229 63.53410221470727
7.352400033414595 9549.84641096327 166.93799727782607 71.1381514519453 56.48818227979872
7.353200033394386 9515.21024746365 166.53579211235046 37.56078197773207 65.5182316965527
7.354000033374176 9507.650293986002 155.85958314687014 18.861286986957897 70.07811662554741
7.354800033353967 9550.728744506836 182.03235733509064 40.763144460591406 62.354802572064926
7.355600033333757 9586.317661709256 158.26447466015816 40.53550081361424 83.81464142931833
7.356400033313548 9574.011251661512 181.93109250068665 62.573383981531315 83.73585216204326
7.357200033293338 9582.90998840332 190.73479807376862 64.93998213247819 77.57432851526472
7.358000033273128 9601.731085035535 167.3855633288622 39.27452659065073 80.95648644450638
7.358800033252918 9663.033106486002 175.35166756808758 52.236419829455286 66.1053351453609
7.359600033232709 9734.684332105848 169.5516459941864 42.587385635484345 74.91039513879352
7.360400033212499 9792.24101087782 157.99263870716095 34.236746886914425 74.24850257237752
7.361200033192289 9805.293707953559 183.53063642978668 51.565622362223536 66.82758535610304
7.362000033172079 9836.917821248373 177.54250717163086 50.32432113147595 81.17742032474942
7.36280003315187 9941.811108907064 178.48040914535522 46.86239062656056 86.93884106145964
7.36360003313166 9918.114988538953 186.0724184513092 54.669472250071436 79.55525377392769
7.364400033111449 9896.483485751682 173.8872674703598 43.81082284179601 75.93528697888057
7.365200033091241 9899.760006374783 179.42289566993713 45.03441216728904 67.74903449085024
7.366000033071031 9852.33581966824 193.77166485786438 49.13738935643976 68.64943700449334
7.366800033050821 9816.329350789389 193.38810324668884 48.69248459826816 75.38493605454762
7.367600033030611 9788.189090304904 184.7228274345398 55.33086720379916 70.90594401624467
7.368400033010402 9703.22710969713 174.05347192287445 56.085823286663405 80.01909035692613
7.369200032990192 9824.791527642145 169.16425693035126 45.64513535933061 86.89373309082455
7.370000032969982 9793.646890428332 177.76304817199707 63.132412910461426 63.06335421403249
7.370800032949773 9652.685603671604 169.3884031176567 57.90465377677571 66.12007735835181
7.371600032929564 8950.421190897623 146.8550824522972 45.15513292767785 55.22449158463213
7.372400032909353 7630.762265523274 146.9970779195428 41.46212291301683 34.08947092956967
7.373200032889144 6810.321636411879 136.00776320695877 29.099977016448975 44.67160671080152
7.374000032868934 6405.368769751654 136.19678270816803 27.7251671444286 35.24808205167452
7.374800032848725 6313.713804033067 149.860657453537 24.846086396412417 35.416108161211014
7.3756000328285145 6257.987944285075 132.36749410629272 32.63290951468728 49.796228263113235
7.376400032808305 6338.258187188043 131.6481169462204 37.02569383924658 43.45275357034471
7.377200032788095 6359.071101294623 137.6737185716629 44.257317478006534 44.327690263589226
7.378000032767885 6363.27541563246 130.21548771858215 39.41288682547483 46.05993440705869
7.378800032747676 6346.383936776056 151.9037858247757 29.006681057539854 34.63816078503927
7.379600032727465 6335.289594650269 151.3416290283203 32.38207374716347 55.044762694173386
7.380400032707256 6369.853461159601 140.40378308296204 26.707166799936783 46.94733768039279
7.381200032687047 6345.941642549303 150.94047713279724 27.85695988481695 40.432908107837044
7.382000032666837 6361.392502890692 145.7255575656891 26.526824859055605 49.17573724852668
7.382800032646626 6324.2405289544 146.89653098583221 24.976858564398505 46.525176831779795
7.3836000326264175 6242.53297636244 162.7668013572693 29.964382740584288 35.602180586920845
7.384400032606208 6264.303696950276 127.2577348202467 33.23772383278067 36.75758320093155
7.385200032585998 6217.875135845608 134.09483909606934 38.28470362858339 25.613655775164563
7.386000032565788 6203.726909213596 150.87350243330002 44.31155147877607 40.89342154065768
7.38680003254558 6212.751851187812 129.38362634181976 23.052063199268147 45.749299155341255
7.387600032525369 6198.593057420519 137.2302911877632 25.50233023816889 25.649906526009243
7.388400032505159 6219.225753996107 138.84183818101883 38.35219054872339 49.48354251186053
7.38920003248495 6245.369968626234 116.26158529520035 24.8022628697482 51.12958855761422
7.390000032464741 6231.892644246419 152.5827488899231 29.814874562350187 51.00812002685335
7.39080003244453 6235.8389231363935 135.05709773302078 25.698795557022095 56.98177704546187
7.3916000324243205 6146.446231842041 129.27081263065338 29.524656668178398 45.18737976087464
7.392400032404111 6195.303887897067 147.71399998664856 49.093397351828486 45.33648971716563
7.393200032383901 6297.020641538832 149.48773711919785 37.357748430828714 63.04009176294009
7.394000032363691 6277.574216418796 146.18132781982422 20.11718402906906 63.364058170053696
7.394800032343481 6272.427381303575 157.3352781534195 29.301244720816612 65.1789486474461
7.395600032323272 6315.5692452324765 143.53458297252655 22.734938621520996 59.72990942001343
7.396400032303062 6236.615921868219 149.66386699676514 34.29165196973224 41.24833881855011
7.397200032282853 6235.5558884938555 147.89649057388306 46.18055184584024 47.40677708056238
7.398000032262642 6235.778807110257 127.07034528255463 37.43496920480285 44.10261450873481
7.398800032242433 6193.082722769843 152.60078275203705 46.84416156591371 37.106854601038826
7.3996000322222235 6198.315574010213 143.9443472623825 35.00850374754085 50.84796407487657
7.400400032202014 6169.280748791165 142.30741214752197 33.87071415158205 44.487305418898664
7.401200032181804 6140.883126788669 173.45306313037872 42.99761477182078 51.621475060780845
7.402000032161595 6115.314167658488 157.71721363067627 43.39407903510471 49.08397470580207
7.402800032141385 6074.3340000576445 161.354647397995 47.53724221018858 39.418613486819794
7.403600032121175 6177.480436748929 160.88794350624084 53.14564327966599 63.1117782526546
7.404400032100965 6210.811392678155 148.73976188898087 46.0213193439302 62.79384897814857
7.4052000320807565 6217.636742909749 173.41906106472015 33.43917764652343 40.710536471050645
7.406000032060546 6216.533032099406 162.42808723449707 46.32350490206764 55.71636786725786
7.406800032040336 6246.389226913452 163.4201111793518 34.68222201438177 51.46033065021038
7.4076000320201265 6257.269049750434 178.10884010791779 30.45663076923007 41.56570217344496
7.408400031999917 6310.4085854424375 172.80396056175232 39.467151789438155 57.401157220204674
7.409200031979707 6311.204882303874 169.24197363853455 29.113518215361097 49.420493364334106
7.4100000319594965 6314.544795566135 181.27570843696594 42.04373947779337 54.55846416950226
7.410800031939288 6350.803236855401 168.55061674118042 34.2703225115935 56.28981274531947
7.411600031919078 6356.084319008722 169.537428855896 39.67046507767269 40.38513073325157
7.412400031898868 6332.787010828654 182.4154028892517 56.4658192225865 57.44285988807678
7.413200031878658 6358.085567686293 168.83766531944275 52.70716009821211 59.54476266437106
7.414000031858449 6300.558536741469 192.90439438819885 60.783292634146555 61.50255115495788
7.414800031838239 6274.028260760837 187.79011797904968 58.15823172955286 69.72651039726205
7.4156000318180295 6299.009520424737 181.12038683891296 49.189268281062446 57.756429513295494
7.41640003179782 6228.34592183431 182.98060059547424 62.61674119177319 62.95211221236322
7.417200031777611 6226.9483691321475 170.12503743171692 67.65509650820778 79.75688915782504
7.4180000317574 6227.8154269324405 171.58162820339203 47.30634677906831 57.57547864649031
7.418800031737191 6234.323362138536 177.43565595149994 54.38301530338469 62.081727259688904
7.419600031716981 6273.838087293837 159.918461561203 40.67966099615608 55.58455957306756
7.420400031696772 6336.239267137315 168.11463570594788 43.555217027664185 48.132069846822155
7.421200031676562 6458.533060709636 178.2966537475586 57.1277901558649 76.0015556414922
7.422000031656352 6621.521709018283 170.15819323062897 51.498091992877775 64.12313253349728
7.422800031636142 6813.123531977336 182.91214549541473 45.087228181816286 44.940017898877464
7.4236000316159325 7082.51863055759 161.22709155082703 40.15020227999914 63.8509076833725
7.424400031595723 7405.3643186357285 159.1902449131012 30.713728472590446 54.231144696267116
7.425200031575512 7695.343039194743 174.54927349090576 48.85715389116244 55.99506762954924
7.426000031555303 8103.4362377590605 172.3009533882141 37.27484120665626 69.74541883998447
