m1-67/data/jwst-miri-mrs/wr124-miri-mrs-ch2-star-full-spectrum.ecsv
# %ECSV 1.0
# ---
# datatype:
# - {name: Wavelength, unit: micron, datatype: float64}
# - {name: Intensity, datatype: float64}
# meta: !!omap
# - __serialized_columns__:
#     Wavelength:
#       __class__: astropy.units.quantity.Quantity
#       unit: !astropy.units.Unit {unit: micron}
#       value: !astropy.table.SerializedColumn {name: Wavelength}
# schema: astropy-2.0
Wavelength Intensity
[from data line 1308]
9.211050233512651 10843.923736572266
9.212350233516188 10833.115010579428
9.21365023351973 10832.09267171224
9.214950233523268 10833.23105875651
9.216250233526806 10834.677937825521
9.217550233530346 10830.841654459635
9.218850233533884 10842.669057210287
9.220150233537423 10844.20248413086
9.221450233540963 10852.646759033203
9.2227502335445 10858.876780192057
9.224050233548041 10871.801025390625
9.225350233551579 10879.601481119791
9.226650233555118 10889.247111002604
9.227950233558659 10893.798207600912
9.229250233562196 10895.42593383789
9.230550233565737 10890.497365315756
9.231850233569274 10874.88373819987
9.233150233572813 10870.378835042318
9.234450233576354 10887.416920979818
9.235750233579891 10928.700327555338
9.23705023358343 10947.70415242513
9.238350233586969 10964.395904541016
9.239650233590508 10984.64623006185
9.240950233594049 10990.554982503256
9.242250233597586 11037.202219645182
9.243550233601125 11064.989247639975
9.244850233604666 11083.769002278646
9.246150233608203 11130.129811604818
9.247450233611744 11164.17172241211
9.248750233615281 11208.415802001953
9.25005023361882 11225.871287027994
9.251350233622361 11241.334564208984
9.252650233625898 11267.831787109375
9.253950233629437 11284.45703125
9.255250233632976 11344.394226074219
9.256550233636515 11385.899475097656
9.257850233640056 11448.741333007812
9.259150233643593 11448.663716634115
9.260450233647134 11440.085591634115
9.261750233650671 11438.241048177084
9.26305023365421 11434.072570800781
9.264350233657751 11434.866129557291
9.265650233661288 11438.411193847656
9.266950233664828 11436.656717936197
9.268250233668368 11435.205220540365
9.269550233671906 11430.937052408854
9.270850233675446 11417.674072265625
9.272150233678984 11393.263163248697
9.273450233682523 11293.998942057291
9.274750233686063 11214.938547770182
9.2760502336896 11189.642486572266
9.277350233693141 11183.76001993815
9.278650233696679 11151.642588297525
9.279950233700218 11111.640543619791
9.281250233703759 11095.453389485678
9.282550233707296 11052.02084350586
9.283850233710835 11024.528289794922
9.285150233714374 10990.953389485678
9.286450233717913 10948.30409749349
9.287750233721454 10923.453104654947
9.289050233724991 10911.512837727865
9.29035023372853 10892.76572672526
9.29165023373207 10860.10492960612
9.292950233735608 10835.537862141928
9.294250233739149 10768.180338541666
9.295550233742686 10738.132893880209
9.296850233746225 10717.291178385416
9.298150233749766 10698.005065917969
9.299450233753303 10701.336507161459
9.300750233756842 10693.838857014975
9.302050233760381 10692.975982666016
9.30335023376392 10690.680399576822
9.304650233767461 10687.19032796224
9.305950233770998 10660.48691813151
9.307250233774539 10653.634053548178
9.308550233778076 10649.880065917969
9.309850233781615 10644.096384684244
9.311150233785156 10624.450398763021
9.312450233788693 10627.678588867188
9.313750233792232 10629.229187011719
9.315050233795773 10631.318237304688
9.31635023379931 10631.129862467447
9.317650233802851 10630.88633219401
9.318950233806389 10636.43783569336
9.320250233809928 10637.113677978516
9.321550233813468 10624.9987894694
9.322850233817006 10618.21743774414
9.324150233820546 10620.988840738932
9.325450233824084 10627.046702067057
9.326750233827623 10625.928131103516
9.328050233831163 10628.76557413737
9.3293502338347 10627.60649617513
9.33065023383824 10632.736460367838
9.331950233841779 10615.937042236328
9.333250233845318 10605.803700764975
9.334550233848859 10603.866414388021
9.335850233852396 10605.074818929037
9.337150233855935 10612.617045084635
9.338450233859476 10594.8955078125
9.339750233863013 10602.839172363281
9.341050233866554 10602.088470458984
9.342350233870091 10599.769215901693
9.34365023387363 10605.257771809896
9.34495023387717 10607.18251546224
9.346250233880708 10592.140116373697
9.347550233884247 10604.56723022461
9.348850233887786 10606.825398763021
9.350150233891325 10611.374715169271
9.351450233894866 10627.174530029297
9.352750233898403 10628.227498372396
9.354050233901944 10630.403747558594
9.355350233905481 10624.761067708334
9.35665023390902 10626.33203125
9.357950233912561 10628.692606608072
9.359250233916098 10655.944315592447
9.360550233919637 10692.418986002604
9.361850233923178 10752.433705647787
9.363150233926715 10795.522440592447
9.364450233930256 10833.890828450521
9.365750233933793 10910.15581258138
9.367050233937332 10931.879536946615
9.368350233940873 10952.838399251303
9.36965023394441 11003.026743570963
9.370950233947951 11048.091400146484
9.372250233951489 11111.216979980469
9.373550233955028 11209.39697265625
9.374850233958568 11312.268717447916
9.376150233962106 11506.567576090494
9.377450233965645 11801.353810628256
9.378750233969184 12156.103780110678
9.380050233972723 12521.891245524088
9.381350233976264 12764.336741129557
9.3826502339798 13053.514872233072
9.38395023398334 13431.208526611328
9.385250233986879 13609.021118164062
9.386550233990418 13687.630045572916
9.387850233993959 13689.092692057291
9.389150233997496 13698.238240559896
9.390450234001035 13698.939737955729
9.391750234004576 13698.939737955729
9.393050234008113 13698.939737955729
9.394350234011652 13698.939737955729
9.395650234015191 13698.939737955729
9.39695023401873 13698.939737955729
9.39825023402227 13691.834197998047
9.399550234025808 13579.814239501953
9.400850234029349 13398.118347167969
9.402150234032886 13231.68822224935
9.403450234036425 12971.55078125
9.404750234039966 12882.305399576822
9.406050234043503 12661.069600423178
9.407350234047042 12584.744110107422
9.408650234050581 12431.0341796875
9.40995023405412 12232.506062825521
9.411250234057661 12073.007019042969
9.412550234061198 11819.08290608724
9.413850234064737 11617.75015258789
9.415150234068278 11366.850850423178
9.416450234071815 11260.1706644694
9.417750234075356 11105.40404256185
9.419050234078894 10940.093994140625
9.420350234082433 10852.134318033854
9.421650234085973 10732.410654703775
9.42295023408951 10642.579518636068
9.42425023409305 10596.412384033203
9.425550234096589 10586.4621480306
9.426850234100128 10581.661712646484
9.428150234103668 10565.716786702475
9.429450234107206 10559.39448038737
9.430750234110747 10540.890736897787
9.432050234114284 10529.079762776693
9.433350234117823 10510.775604248047
9.434650234121364 10477.254709879557
9.4359502341249 10452.208211263021
9.43725023412844 10430.517456054688
9.43855023413198 10415.166778564453
9.439850234135518 10413.50942993164
9.441150234139057 10411.847666422525
9.442450234142596 10411.58432006836
9.443750234146135 10398.654388427734
9.445050234149676 10377.617279052734
9.446350234153213 10373.974314371744
9.447650234156754 10372.20448811849
9.448950234160291 10347.411153157553
9.45025023416383 10337.992513020834
9.451550234167371 10332.192728678385
9.452850234170908 10331.574686686197
9.454150234174447 10307.572082519531
9.455450234177986 10300.479329427084
9.456750234181525 10293.28672281901
9.458050234185064 10264.262390136719
9.459350234188603 10250.651163736979
9.460650234192142 10232.46523030599
9.461950234195683 10211.076741536459
9.46325023419922 10208.108256022135
9.464550234202761 10206.377380371094
9.465850234206298 10190.073262532553
9.467150234209837 10188.414143880209
9.468450234213378 10188.357299804688
9.469750234216916 10191.816101074219
9.471050234220455 10196.381215413412
9.472350234223994 10208.278533935547
9.473650234227533 10223.184682210287
9.474950234231073 10223.20795694987
9.47625023423461 10223.14496866862
9.477550234238151 10223.570821126303
9.478850234241689 10223.552917480469
9.480150234245228 10223.448313395182
9.481450234248769 10243.980051676432
9.482750234252306 10247.311614990234
9.484050234255845 10258.093149820963
9.485350234259386 10257.66807047526
9.486650234262923 10253.909362792969
9.487950234266462 10252.574991861979
9.489250234270001 10255.087677001953
9.49055023427354 10262.91879272461
9.49185023427708 10274.385345458984
9.493150234280618 10282.693990071615
9.494450234284159 10295.410034179688
9.495750234287696 10325.82655843099
9.497050234291235 10340.736775716146
9.498350234294776 10366.05312093099
9.499650234298313 10386.163655598959
9.500950234301852 10401.87104288737
9.502250234305391 10418.876485188803
9.50355023430893 10430.231648763021
9.50485023431247 10435.738962809244
9.506150234316008 10450.563303629557
9.507450234319549 10484.023518880209
9.508750234323086 10542.172780354818
9.510050234326625 10659.6044921875
9.511350234330166 10739.473063151041
9.512650234333703 10806.874135335287
9.513950234337242 10838.640492757162
9.515250234340783 10845.07807413737
9.51655023434432 10848.127349853516
9.51785023434786 10848.2131245931
9.519150234351399 10850.608601888021
9.520450234354938 10850.608601888021
9.521750234358478 10851.016845703125
9.523050234362016 10855.174967447916
9.524350234365556 10870.753621419271
9.525650234369094 10865.430653889975
9.526950234372633 10840.820271809896
9.528250234376173 10814.280639648438
9.52955023437971 10787.73496500651
9.53085023438325 10770.858530680338
9.532150234386789 10740.734395345053
9.533450234390328 10727.394714355469
9.534750234393867 10708.069213867188
9.536050234397406 10668.507100423178
9.537350234400945 10633.591420491537
9.538650234404486 10605.816284179688
9.539950234408023 10575.2912495931
9.541250234411564 10550.082824707031
9.542550234415101 10525.16079711914
9.54385023441864 10490.368133544922
9.54515023442218 10452.107818603516
9.546450234425718 10351.383585611979
9.547750234429257 10317.20687866211
9.549050234432796 10251.09750366211
9.550350234436335 10219.12163289388
9.551650234439874 10207.822916666666
9.552950234443413 10201.172159830729
9.554250234446954 10185.566518147787
9.555550234450491 10175.73550415039
9.55685023445403 10174.89330037435
9.558150234457571 10165.841176350912
9.559450234461108 10164.868103027344
9.560750234464647 10160.909525553385
9.562050234468188 10147.577138264975
9.563350234471725 10130.78559366862
9.564650234475264 10121.320129394531
9.565950234478803 10158.27724202474
9.567250234482342 10158.391245524088
9.568550234485883 10161.817901611328
9.56985023448942 10161.760009765625
9.571150234492961 10159.58388264974
9.572450234496499 10144.947285970053
9.573750234500038 10146.844095865885
9.575050234503578 10146.304626464844
9.576350234507116 10158.241170247396
9.577650234510655 10144.899047851562
9.578950234514194 10120.779866536459
9.580250234517733 10128.865295410156
9.581550234521272 10147.119445800781
9.58285023452481 10148.776021321615
9.58415023452835 10139.434102376303
9.58545023453189 10136.938883463541
9.586750234535428 10135.052001953125
9.588050234538969 10143.247965494791
9.589350234542506 10143.325358072916
9.590650234546045 10137.059326171875
9.591950234549586 10120.002014160156
9.593250234553123 10102.626302083334
9.594550234556662 10095.227823893229
9.595850234560201 10095.589569091797
9.59715023456374 10098.364949544271
9.598450234567279 10100.451822916666
9.599750234570818 10096.81494140625
9.601050234574359 10096.81494140625
9.602350234577896 10102.625671386719
9.603650234581435 10103.544219970703
9.604950234584976 10086.37119547526
9.606250234588513 10075.539978027344
9.607550234592052 10067.925659179688
9.608850234595593 10068.365743001303
9.61015023459913 10068.428995768229
9.61145023460267 10062.879720052084
9.612750234606208 10065.814636230469
9.614050234609747 10070.45464070638
9.615350234613288 10071.077036539713
9.616650234616825 10070.500946044922
9.617950234620366 10062.371866861979
9.619250234623903 10029.156717936197
9.620550234627443 10039.270345052084
9.621850234630983 10040.855550130209
9.62315023463452 10040.511027018229
9.62445023463806 10039.673075358072
9.625750234641599 10040.557169596354
9.627050234645138 10044.649556477865
9.628350234648677 10056.2607421875
9.629650234652216 10051.764912923178
9.630950234655755 10020.89735921224
9.632250234659294 9989.896575927734
9.633550234662833 9991.779022216797
9.634850234666374 9979.4064839681
9.63615023466991 9962.637502034506
9.63745023467345 9959.46050008138
9.63875023467699 9963.476959228516
9.640050234680528 9952.912668863932
9.641350234684067 9951.92807006836
9.642650234687606 9958.567677815756
9.643950234691145 9963.339965820312
9.645250234694684 9966.644226074219
9.646550234698223 10017.351348876953
9.647850234701764 10031.941284179688
9.649150234705301 10029.254384358725
9.65045023470884 10020.756418863932
9.651750234712381 10020.334381103516
9.653050234715918 10037.722279866537
9.654350234719457 10037.4377339681
9.655650234722996 10034.602671305338
9.656950234726535 10028.128835042318
9.658250234730074 10033.982981363932
9.659550234733613 10024.839497884115
9.660850234737152 10003.489379882812
9.662150234740693 9975.992106119791
9.66345023474423 9972.745564778646
9.664750234747771 9954.787963867188
9.666050234751308 9949.553181966146
9.667350234754847 9970.934855143229
9.668650234758388 9969.034383138021
9.669950234761926 9969.686197916666
9.671250234765465 9969.686197916666
9.672550234769004 9972.6240234375
9.673850234772543 9969.347290039062
9.675150234776082 10017.290893554688
9.67645023477962 10031.240346272787
9.67775023478316 10054.666615804037
9.679050234786699 10059.942779541016
9.680350234790238 10087.837331136068
9.681650234793779 10096.643147786459
9.682950234797316 10117.777659098307
9.684250234800855 10141.678619384766
9.685550234804396 10159.838338216146
9.686850234807933 10192.809407552084
9.688150234811472 10212.568857828775
9.68945023481501 10246.320404052734
9.69075023481855 10256.739674886068
9.692050234822089 10300.483093261719
9.693350234825628 10314.274383544922
9.694650234829169 10331.116414388021
9.695950234832706 10352.443135579428
9.697250234836245 10463.515258789062
9.698550234839786 10614.816680908203
9.699850234843323 10811.66362508138
9.701150234846862 11042.095092773438
9.702450234850401 11249.535420735678
9.70375023485394 11496.314463297525
9.70505023485748 11572.043029785156
9.706350234861018 11635.022979736328
9.707650234864557 11658.927357991537
9.708950234868098 11658.927357991537
9.710250234871635 11658.927357991537
9.711550234875176 11658.927357991537
9.712850234878713 11658.927357991537
9.714150234882252 11658.927357991537
9.715450234885793 11658.927357991537
9.71675023488933 11658.927357991537
9.71805023489287 11605.178232828775
9.719350234896408 11552.94975789388
9.720650234899948 11485.069030761719
9.721950234903487 11101.07632446289
9.723250234907026 10965.713826497396
9.724550234910565 10821.325459798178
9.725850234914104 10706.341044108072
9.727150234917643 10640.661153157553
9.728450234921183 10599.598724365234
9.72975023492472 10516.638142903646
9.73105023492826 10491.804209391275
9.7323502349318 10460.338175455729
9.733650234935338 10429.983337402344
9.734950234938877 10403.082560221354
9.736250234942416 10383.729502360025
9.737550234945955 10360.71401977539
9.738850234949494 10342.750569661459
9.740150234953033 10289.018961588541
9.741450234956574 10198.536000569662
9.742750234960111 10079.773295084635
9.74405023496365 10000.739461263021
9.74535023496719 9951.229095458984
9.746650234970728 9905.37895711263
9.747950234974267 9891.501251220703
9.749250234977806 9883.7119140625
9.750550234981345 9879.199005126953
9.751850234984884 9862.554260253906
9.753150234988423 9866.376708984375
9.754450234991962 9858.786193847656
9.755750234995503 9862.522542317709
9.75705023499904 9883.850830078125
9.758350235002581 9887.2819925944
9.759650235006118 9895.876352945963
9.760950235009657 9905.710927327475
9.762250235013198 9924.127461751303
9.763550235016735 9929.267862955729
9.764850235020274 9939.118367513021
9.766150235023813 9942.485555013021
9.767450235027352 9950.7634379069
9.768750235030891 9954.99760945638
9.77005023503443 9943.09853108724
9.77135023503797 9955.52382405599
9.772650235041509 9925.0930074056
9.773950235045048 9913.027862548828
9.775250235048588 9914.179779052734
9.776550235052126 9888.416392008463
9.777850235055665 9870.7653910319
9.779150235059204 9875.04615275065
