m1-67/data/jwst-miri-mrs/wr124-miri-mrs-ch3-star-line-spectrum.ecsv
# %ECSV 1.0
# ---
# datatype:
# - {name: Wavelength, unit: micron, datatype: float64}
# - {name: Intensity, datatype: float64}
# meta: !!omap
# - __serialized_columns__:
#     Wavelength:
#       __class__: astropy.units.quantity.Quantity
#       unit: !astropy.units.Unit {unit: micron}
#       value: !astropy.table.SerializedColumn {name: Wavelength}
# schema: astropy-2.0
Wavelength Intensity
[from data line 429]
12.623750166734679 593.8022853306362
12.6262501666788 567.4148406982422
12.62875016662292 514.122314453125
12.63125016656704 484.61986650739397
12.633750166511163 455.1888449532645
12.636250166455282 420.3195103236607
12.638750166399404 384.94310215541293
12.641250166343523 355.696541922433
12.643750166287644 331.4847324916295
12.646250166231765 306.30026463099887
12.648750166175885 286.4034423828125
12.651250166120008 271.29753548758373
12.653750166064127 258.4627707345145
12.656250166008249 240.48013741629464
12.658750165952368 228.8036400931222
12.661250165896488 219.62637438092912
12.66375016584061 212.87650735037667
12.66625016578473 210.1989974975586
12.66875016572885 209.23646000453405
12.671250165672971 202.98623984200614
12.673750165617092 201.44818878173828
12.676250165561212 200.46865953717912
12.678750165505333 199.00472041538782
12.681250165449455 198.41601889474052
12.683750165393574 199.26294926234655
12.686250165337695 202.12243979317802
12.688750165281816 200.36240604945593
12.691250165225936 202.4823771885463
12.693750165170059 200.75233786446708
12.696250165114177 202.35272543770927
12.6987501650583 204.6644559587751
12.701250165002419 204.65742383684432
12.70375016494654 208.70864977155412
12.70625016489066 209.66852351597376
12.70875016483478 210.96964699881417
12.711250164778903 215.1201684134347
12.713750164723022 204.27504512241907
12.716250164667143 205.97074999128068
12.718750164611263 199.54552023751395
12.721250164555384 204.02004459926061
12.723750164499506 214.33207375662667
12.726250164443625 218.29784829275948
12.728750164387746 219.87718309674943
12.731250164331867 226.36459459577287
12.733750164275987 233.27269308907645
12.73625016422011 242.97796957833427
12.738750164164228 246.1752210344587
12.74125016410835 241.8468518938337
12.74375016405247 244.1978051321847
12.74625016399659 251.74153464181083
12.748750163940711 255.3853040422712
12.751250163884832 258.17496163504467
12.753750163828954 260.07958984375
12.756250163773073 263.0876682826451
12.758750163717195 265.9175687517439
12.761250163661314 262.41499873570035
12.763750163605435 265.228878566197
12.766250163549557 275.24989209856307
12.768750163493676 293.9852632795061
12.771250163437797 301.3539515904018
12.773750163381917 313.9735107421875
12.776250163326038 335.4044385637556
12.778750163270159 348.51910509381975
12.78125016321428 364.32464708600725
12.783750163158402 379.8379364013672
12.78625016310252 392.68007223946705
12.788750163046641 604.1850749424526
12.791250162990762 2465.795618329729
12.793750162934883 6730.446204049246
12.796250162879005 9169.764408656529
12.798750162823124 9535.001028878349
12.801250162767246 9603.035845075336
12.803750162711365 9638.406149727958
12.806250162655486 9679.318442208427
12.808750162599607 9738.670248849052
12.811250162543727 9778.17850603376
12.81375016248785 9847.502633231026
12.816250162431968 9962.132158551898
12.818750162376089 10002.104588099888
12.82125016232021 10005.059055873326
12.82375016226433 9995.303658621651
12.826250162208453 9908.355364118304
12.828750162152572 9720.3388671875
12.831250162096692 9633.359837123326
12.833750162040813 9567.976893833706
12.836250161984934 9521.648603166852
12.838750161929054 9460.634608677456
12.841250161873175 9377.435298374721
12.843750161817297 9271.619755336216
12.846250161761416 7963.740349905832
12.848750161705537 4069.6604341779434
12.851250161649657 1131.260895865304
12.853750161593778 483.19612666538785
12.8562501615379 427.4425582885742
12.85875016148202 386.1317672729492
12.861250161426142 362.8856539045061
12.86375016137026 352.636355808803
12.866250161314381 339.93865639822826
12.868750161258502 320.9576525006975
12.871250161202623 307.8332257952009
12.873750161146743 288.6557137625558
12.876250161090864 272.9011328560965
12.878750161034985 260.6714760916574
12.881250160979105 254.6232190813337
12.883750160923226 258.23241533551897
12.886250160867348 239.78040640694755
12.888750160811467 233.92147827148438
12.891250160755588 231.97263554164343
12.893750160699708 223.9529538835798
12.89625016064383 229.18458230154855
12.898750160587952 225.8289282662528
12.90125016053207 225.00573403494698
12.903750160476193 230.79970114571708
12.906250160420312 222.22625078473772
12.908750160364432 212.4880142211914
12.911250160308553 210.07899584089006
12.913750160252674 199.84401048932756
12.916250160196796 196.22006770542689
12.918750160140915 192.26158469063895
12.921250160085037 184.16476222446985
12.923750160029156 176.58077566964286
12.926250159973277 167.3971394130162
12.9287501599174 151.91005924769811
12.931250159861518 131.76808166503906
12.933750159805639 131.25443594796317
12.93625015974976 128.34495108468192
12.93875015969388 146.33710370744978
12.941250159638 137.47369166782923
12.943750159582121 137.38631548200334
12.946250159526244 142.85750906808036
12.948750159470363 129.65421513148718
12.951250159414483 146.40280696323939
12.953750159358604 147.34789712088448
12.956250159302725 140.31953757149833
12.958750159246847 139.6926999773298
12.961250159190966 142.10879516601562
12.963750159135088 141.7814679827009
12.966250159079207 140.38810511997767
12.968750159023328 139.14803859165735
12.971250158967448 133.75681086948939
12.97375015891157 133.15435246058874
12.976250158855692 133.934937613351
12.97875015879981 130.28039768763952
12.981250158743931 122.80318123953683
12.983750158688052 124.41405378069196
12.986250158632172 118.63321358816964
12.988750158576295 114.45957946777344
12.991250158520414 116.2875747680664
12.993750158464534 130.58869825090682
12.996250158408655 137.34992327008928
12.998750158352776 135.52633013044084
13.001250158296896 143.22854069301061
13.003750158241017 150.8314470563616
13.00625015818514 160.09108407156808
13.008750158129258 172.32388414655412
13.011250158073379 181.97010040283203
13.0137501580175 197.28888157435827
13.01625015796162 213.73748234340124
13.018750157905743 229.05272674560547
13.021250157849861 237.6974356515067
13.023750157793984 249.02771650041853
13.026250157738103 264.0527103969029
13.028750157682223 272.5438036237444
13.031250157626344 286.75305829729353
13.033750157570465 301.82482474190846
13.036250157514585 312.95963614327565
13.038750157458706 301.0491703578404
13.041250157402827 299.78179713657926
13.043750157346947 299.34022521972656
13.046250157291068 293.5709533691406
13.04875015723519 289.1183384486607
13.05125015717931 283.78184509277344
13.05375015712343 273.9167382376535
13.05625015706755 277.0086789812361
13.058750157011671 271.7129614693778
13.061250156955793 256.6311808994838
13.063750156899912 240.9931586129325
13.066250156844035 213.7321831839425
13.068750156788154 199.76780155726843
13.071250156732274 177.74456787109375
13.073750156676395 157.14652797154017
13.076250156620516 149.18622044154577
13.078750156564638 145.44767870221818
13.081250156508757 142.48164258684432
13.083750156452878 144.9884272984096
13.086250156396998 139.98029109409876
13.088750156341119 141.43751634870256
13.091250156285241 144.64192417689733
13.09375015622936 149.25393676757812
13.09625015617348 167.3222394670759
13.098750156117601 184.14008985246932
13.101250156061722 195.73949105398995
13.103750156005843 219.54590933663505
13.106250155949963 252.7497798374721
13.108750155894086 290.8261969430106
13.111250155838205 335.63423592703685
13.113750155782325 373.8832528250558
13.116250155726446 400.4042936052595
13.118750155670567 415.58216966901506
13.121250155614689 434.4193583897182
13.123750155558808 448.65694318498885
13.12625015550293 449.31646728515625
13.12875015544705 452.37674386160717
13.13125015539117 451.7436305454799
13.13375015533529 449.7579084123884
13.136250155279411 449.7809818812779
13.138750155223532 445.0710253034319
13.141250155167652 425.5727081298828
13.143750155111773 402.27464294433594
13.146250155055894 393.4708949497768
13.148750155000014 377.70123617989674
13.151250154944137 365.5451006208147
13.153750154888256 351.37688991001676
13.156250154832376 352.5506482805525
13.158750154776497 339.7978254045759
13.161250154720618 349.9654017857143
13.163750154664738 351.49125126429965
13.166250154608859 350.5905227661133
13.168750154552981 353.03694915771484
13.1712501544971 358.70345524379184
13.17375015444122 372.17687443324496
13.176250154385341 381.9525811331613
13.178750154329462 382.7278627668108
13.181250154273584 391.6069793701172
13.183750154217703 397.6490805489676
13.186250154161824 401.2855551583426
13.188750154105945 403.44683837890625
13.191250154050065 405.52093287876676
13.193750153994188 412.54708208356584
13.196250153938307 412.6907697405134
13.198750153882427 409.9223327636719
13.201250153826548 397.149178641183
13.203750153770669 378.44491795131137
13.20625015371479 356.40252467564176
13.20875015365891 350.39592415945873
13.211250153603032 336.48782130650113
13.213750153547151 321.20134408133373
13.216250153491272 311.05448150634766
13.218750153435392 302.76992688860213
13.221250153379513 288.2430191040039
13.223750153323635 269.6531895228795
13.226250153267754 253.21085684640067
13.228750153211877 238.5262908935547
13.231250153155996 217.43574850899833
13.233750153100116 203.67772129603796
13.236250153044237 192.74732971191406
13.238750152988358 171.47891562325614
13.24125015293248 162.8190689086914
13.243750152876599 156.29322052001953
13.24625015282072 150.29069192068917
13.24875015276484 142.65689631870814
13.25125015270896 142.60673195975167
13.253750152653083 131.28372519356864
13.256250152597202 119.27220480782645
13.258750152541323 117.08187757219586
13.261250152485443 114.93775830950055
13.263750152429564 110.72140720912388
13.266250152373685 96.82549394880023
13.268750152317805 89.58777509416852
13.271250152261928 84.7545645577567
13.273750152206047 78.5648683820452
13.276250152150167 74.84868621826172
13.278750152094288 73.22430528913226
13.281250152038409 66.21053750174386
13.283750151982531 61.17024121965681
13.28625015192665 62.50609261648996
13.288750151870772 59.21547263009207
13.291250151814891 56.17125047956194
13.293750151759012 63.534684317452566
13.296250151703132 51.79749516078404
13.298750151647253 48.60526493617466
13.301250151591374 46.286011832101
13.303750151535494 48.34324645996094
13.306250151479615 50.34047154017857
13.308750151423736 72.393556867327
13.311250151367856 81.03036499023438
13.313750151311979 86.05196925571987
13.316250151256098 86.56068311418805
13.318750151200218 85.99527413504464
13.321250151144339 87.06443132672992
13.32375015108846 86.02720642089844
13.32625015103258 84.93746839250836
13.3287501509767 93.71326228550502
13.331250150920823 93.42162105015346
13.333750150864942 96.3124029976981
13.336250150809063 99.3531243460519
13.338750150753183 106.18933868408203
13.341250150697304 113.2651596069336
13.343750150641426 116.64924948556083
13.346250150585545 118.0708977835519
13.348750150529666 119.36135973249164
13.351250150473787 122.44273921421596
13.353750150417907 122.09681374686105
13.35625015036203 127.57580021449498
13.358750150306149 131.46892547607422
13.36125015025027 131.3030515398298
13.36375015019439 132.97789110456193
13.36625015013851 135.86291176932198
13.368750150082631 138.570684160505
13.371250150026752 138.89724622453963
13.373750149970874 140.3335407802037
13.376250149914993 138.996216910226
13.378750149859114 138.74038805280412
13.381250149803234 131.24673788888114
13.383750149747355 128.3199975149972
13.386250149691477 126.5898186819894
13.388750149635596 126.76617758614677
13.391250149579719 135.68993486676897
13.393750149523838 134.72200339181083
13.396250149467958 138.78072575160436
13.398750149412079 145.83465031215124
13.4012501493562 151.89221736363
13.40375014930032 157.19681985037667
13.40625014924444 161.9740262712751
13.408750149188561 170.58626120431083
13.411250149132682 178.27430398123605
13.413750149076803 180.2494637625558
13.416250149020925 185.44458225795202
13.418750148965044 185.62300545828683
13.421250148909165 188.14976283482142
13.423750148853285 190.77398027692522
13.426250148797406 194.35393415178572
13.428750148741527 198.65504564557756
13.431250148685647 202.71658434186662
13.43375014862977 211.39431217738561
13.436250148573889 211.052855355399
13.43875014851801 214.3788081577846
13.44125014846213 213.7604261125837
13.44375014840625 210.6058632986886
13.446250148350373 211.68660409109933
13.448750148294492 211.94515555245536
13.451250148238612 210.2205810546875
13.453750148182733 211.00680106026786
13.456250148126854 208.79857308523995
13.458750148070974 197.77036612374442
13.461250148015095 181.54065595354353
13.463750147959216 178.02772739955358
13.466250147903336 174.8755874633789
13.468750147847457 171.00835963657923
13.471250147791578 165.0656956263951
13.473750147735698 165.62287030901228
13.47625014767982 166.988160269601
13.47875014762394 155.05935559953963
13.48125014756806 150.18324388776506
13.48375014751218 147.44018227713448
13.486250147456301 140.08929770333427
13.488750147400424 138.83215876988
13.491250147344543 136.8310775756836
13.493750147288665 139.61331394740515
13.496250147232784 144.10670689174108
13.498750147176905 147.50326102120536
13.501250147121025 151.3516082763672
13.503750147065146 150.51702444893974
13.506250147009267 148.45229121616907
13.508750146953387 153.64522334507532
13.51125014689751 148.52228328159876
13.513750146841629 144.10072871616907
13.51625014678575 139.16148267473494
13.518750146729872 131.4187458583287
13.52125014667399 132.07364436558314
13.523750146618111 125.52928706577846
13.526250146562232 122.50485338483539
13.528750146506352 125.11487470354352
13.531250146450473 126.96761866978237
13.533750146394594 129.21559579031808
13.536250146338716 128.15163203648157
13.538750146282835 114.09802137102399
13.541250146226956 108.89382498604911
13.543750146171076 103.71232169015067
13.546250146115197 111.9142347063337
13.548750146059318 124.16640145438058
13.551250146003438 130.42008318219865
13.55375014594756 129.6311983380999
13.55625014589168 130.84498051234655
13.5587501458358 139.19308362688338
13.56125014577992 145.82697078159876
13.563750145724041 143.80230821881975
13.566250145668162 143.03121839250838
13.568750145612283 142.51558576311385
13.571250145556403 155.0725827898298
13.573750145500524 167.41336604527064
13.576250145444645 168.2821317400251
13.578750145388767 158.57875388009208
13.581250145332886 154.3436769757952
13.583750145277007 150.35577937534876
13.586250145221127 147.41190774100167
13.588750145165248 138.94117845807756
13.591250145109369 142.88041360037667
13.59375014505349 150.54205104282923
13.596250144997612 148.43902151925224
13.59875014494173 149.10069492885046
13.601250144885851 149.42013222830636
13.603750144829972 147.58846718924386
13.606250144774092 134.47164372035436
13.608750144718213 126.77960532052177
13.611250144662334 127.93271854945591
13.613750144606456 127.31456538609096
13.616250144550575 131.13318198067802
13.618750144494696 136.546015058245
13.621250144438816 133.00582776750838
13.623750144382937 128.35601043701172
13.626250144327058 137.22369493756975
13.628750144271178 131.95938001360213
13.631250144215299 117.86812700544085
13.63375014415942 137.83006504603796
13.63625014410354 144.66136496407645
13.638750144047663 156.45557730538505
13.641250143991781 158.194703238351
13.643750143935902 167.65504346575057
13.646250143880023 175.2089898245675
13.648750143824143 180.5805424281529
13.651250143768266 177.98472704206193
13.653750143712385 167.50389862060547
13.656250143656507 171.49981144496374
13.658750143600626 190.13597215924943
13.661250143544747 197.44669778006417
13.663750143488867 207.54656655447823
13.666250143432988 208.3906980242048
13.668750143377109 217.9818627493722
13.67125014332123 214.75940595354353
13.67375014326535 213.09161921909876
13.67625014320947 206.7645263671875
13.678750143153591 212.48658643450057
13.681250143097714 214.34825352260046
13.683750143041832 227.8869639805385
13.686250142985953 226.52440643310547
13.688750142930074 228.90937042236328
13.691250142874194 236.1944536481585
