m1-67/data/jwst-miri-mrs/wr124-miri-mrs-ch4-star-full-spectrum.ecsv
# %ECSV 1.0
# ---
# datatype:
# - {name: Wavelength, unit: micron, datatype: float64}
# - {name: Intensity, datatype: float64}
# meta: !!omap
# - __serialized_columns__:
#     Wavelength:
#       __class__: astropy.units.quantity.Quantity
#       unit: !astropy.units.Unit {unit: micron}
#       value: !astropy.table.SerializedColumn {name: Wavelength}
# schema: astropy-2.0
Wavelength Intensity
[from data line 858]
22.851000807713717 1269.9125637478298
22.85700080776587 1277.2288637514469
22.863000807818025 1289.88998526114
22.86900080787018 1301.5958150227864
22.875000807922333 1324.4868729202835
22.88100080797449 1412.8424106174045
22.88700080802664 2091.3355102539062
22.893000808078796 2434.727948224103
22.89900080813095 2495.823658130787
22.9050008081831 2542.95499448423
22.911000808235258 2573.1216204607927
22.917000808287412 2595.1262885199653
22.923000808339566 2603.377823441117
22.92900080839172 2592.0231300636574
22.935000808443874 2588.589509186921
22.941000808496028 2594.869502314815
22.947000808548182 2595.813530815972
22.953000808600336 2592.058435510706
22.95900080865249 2581.909964102286
22.965000808704644 2557.856207953559
22.9710008087568 2519.555354365596
22.977000808808953 2474.5068314163773
22.983000808861107 2367.2905069986978
22.98900080891326 1686.7513812029804
22.995000808965415 1277.6921771014179
23.00100080901757 1267.3705907751012
23.007000809069723 1253.7839072898582
23.013000809121877 1252.2710673014324
23.01900080917403 1249.1504279242622
23.025000809226185 1241.4954054090713
23.031000809278343 1242.5026324236835
23.037000809330493 1250.7071567111545
23.043000809382647 1249.8057963053386
23.0490008094348 1254.2574971516926
23.055000809486952 1261.78773215965
23.06100080953911 1259.036597357856
23.067000809591264 1261.5048342104312
23.073000809643418 1265.8751254611545
23.07900080969557 1263.7270812988281
23.085000809747726 1261.411329481337
23.09100080979988 1264.5510604293258
23.097000809852034 1266.0198465983074
23.103000809904188 1261.2066277398003
23.109000809956342 1266.2463706687645
23.115000810008496 1266.0098458749276
23.12100081006065 1257.2339861834491
23.127000810112804 1259.6337935836227
23.13300081016496 1264.4440420645255
23.139000810217112 1257.9168509024162
23.145000810269266 1254.6485607005932
23.15100081032142 1257.5089891221787
23.157000810373574 1252.632630524812
23.16300081042573 1238.1211310492622
23.169000810477883 1244.0763346354167
23.175000810530037 1233.1825855396412
23.181000810582194 1226.2497016059028
23.187000810634345 1232.7026909722222
23.1930008106865 1231.6528828938801
23.199000810738653 1222.4694021719474
23.205000810790803 1226.1576006854023
23.21100081084296 1235.8175704390915
23.217000810895115 1225.0548140914352
23.22300081094727 1229.0740073875145
23.229000810999423 1238.1073879665798
23.235000811051577 1233.4106953938801
23.24100081110373 1230.9870322898582
23.247000811155885 1240.9625379774307
23.25300081120804 1242.0040011935764
23.259000811260194 1237.3706167715568
23.265000811312348 1247.0095327871818
23.2710008113645 1255.3552099157262
23.277000811416656 1247.422967981409
23.28300081146881 1253.80726340965
23.289000811520964 1258.2213812934028
23.295000811573118 1252.8502988462094
23.301000811625272 1251.2907601815682
23.307000811677426 1257.884095368562
23.31300081172958 1249.002045808015
23.319000811781734 1240.02113059715
23.32500081183389 1250.0974143699364
23.331000811886046 1240.399176703559
23.337000811938196 1231.379483823423
23.34300081199035 1236.3980034722222
23.349000812042505 1230.436570909288
23.355000812094655 1228.1542087131077
23.361000812146813 1231.5318456579137
23.367000812198967 1235.0617664478443
23.37300081225112 1230.541909677011
23.379000812303275 1228.1401389793114
23.38500081235543 1233.3518812391494
23.391000812407583 1228.6791732222946
23.397000812459737 1222.0279925311054
23.40300081251189 1229.579788773148
23.409000812564045 1229.8145039876301
23.4150008126162 1227.659829598886
23.421000812668353 1232.624772813585
23.427000812720507 1242.7663675944011
23.43300081277266 1227.5734049479167
23.439000812824816 1232.4748761212384
23.44500081287697 1245.4942638255932
23.451000812929124 1236.9206644694011
23.457000812981278 1238.2450889304832
23.46300081303343 1243.7624206542969
23.469000813085586 1244.1853490758824
23.47500081313774 1238.071226897063
23.481000813189898 1245.3804942943432
23.487000813242048 1247.6315861454716
23.493000813294202 1240.0487727412471
23.499000813346356 1240.9761951587818
23.505000813398507 1251.7928545916523
23.511000813450664 1245.9872832121673
23.51700081350282 1241.0115865071614
23.523000813554972 1254.5639637134693
23.529000813607126 1244.587577537254
23.53500081365928 1232.2593078613281
23.541000813711435 1241.2214265046296
23.54700081376359 1242.8147537796585
23.553000813815743 1236.1568852177372
23.559000813867897 1237.6533180519386
23.56500081392005 1245.434718379268
23.571000813972205 1242.6521798593026
23.57700081402436 1247.465308295356
23.583000814076513 1262.2882294831452
23.589000814128667 1264.5472920735676
23.59500081418082 1270.1291402180989
23.601000814232975 1280.1811263472946
23.60700081428513 1290.5763968008537
23.613000814337283 1301.6238708496094
23.619000814389437 1317.0125879358363
23.62500081444159 1324.5357044361256
23.63100081449375 1329.101535373264
23.6370008145459 1326.9522863317418
23.643000814598054 1333.3740460431134
23.649000814650208 1333.4306324146412
23.65500081470236 1329.460507993345
23.661000814754516 1329.4110378689236
23.66700081480667 1329.881014223452
23.673000814858824 1319.88865492079
23.679000814910978 1313.63202130353
23.685000814963132 1307.6913079155815
23.691000815015286 1297.5069500958477
23.69700081506744 1285.143507215712
23.703000815119594 1284.1679461443866
23.70900081517175 1270.7331859447338
23.715000815223902 1262.5508061161747
23.721000815276053 1258.1641958731193
23.72700081532821 1256.0612804271557
23.733000815380365 1250.1575939037182
23.73900081543252 1245.7407339590568
23.745000815484673 1245.6821515118634
23.751000815536827 1237.2725965711807
23.75700081558898 1222.1960200557003
23.763000815641135 1228.4765568485966
23.76900081569329 1224.3101817943432
23.775000815745443 1215.3795945909287
23.7810008157976 1216.7395403826679
23.78700081584975 1219.3339764630352
23.793000815901905 1217.7233547634548
23.79900081595406 1224.5994658293548
23.80500081600621 1238.135088885272
23.811000816058367 1239.060471146195
23.81700081611052 1253.2182741518375
23.823000816162676 1278.0726182725693
23.82900081621483 1313.6804549605758
23.835000816266984 1346.1768177173756
23.841000816319138 1362.1164200394242
23.847000816371292 1373.930133960865
23.853000816423446 1386.2175756383824
23.8590008164756 1387.5905671296296
23.865000816527754 1392.391364203559
23.871000816579905 1401.1484951443142
23.877000816632062 1398.7891088415074
23.883000816684216 1394.846095332393
23.88900081673637 1381.9762200249565
23.895000816788524 1364.7664727105034
23.90100081684068 1352.1991418909145
23.907000816892833 1327.9227407949943
23.913000816944987 1305.5596008300781
23.91900081699714 1287.7304642288773
23.925000817049295 1271.4577297634548
23.931000817101452 1250.2694170916523
23.937000817153603 1236.8140077944156
23.943000817205757 1224.60528338397
23.94900081725791 1212.9842913592304
23.955000817310065 1211.7624896014179
23.96100081736222 1203.3809271918403
23.967000817414373 1203.4291494864005
23.973000817466527 1202.6527506510417
23.97900081751868 1196.4145598234954
23.985000817570835 1194.5142031069156
23.99100081762299 1199.2921108669705
23.997000817675143 1196.7359607837818
24.003000817727298 1191.549319797092
24.00900081777945 1196.5345685040509
24.015000817831606 1197.7988507306134
24.021000817883756 1193.3298249421296
24.027000817935914 1195.3119732892071
24.033000817988068 1202.768317328559
24.039000818040222 1204.7317380551938
24.045000818092376 1207.0422487612125
24.05100081814453 1208.2248930754486
24.057000818196684 1209.153850414135
24.063000818248838 1213.301819977937
24.069000818300992 1212.5653686523438
24.075000818353146 1220.2198305483219
24.081000818405304 1219.1476496943721
24.087000818457454 1219.860375298394
24.09300081850961 1230.8399319118923
24.099000818561763 1230.9825608995225
24.105000818613917 1227.9037012170863
24.11100081866607 1231.1674782081886
24.117000818718225 1237.4205706561054
24.12300081877038 1232.409994619864
24.129000818822533 1231.4997931586372
24.135000818874687 1235.870344373915
24.14100081892684 1236.3990365487557
24.147000818979 1230.158962673611
24.15300081903115 1227.336378309462
24.159000819083303 1228.7371826171875
24.165000819135457 1226.855909559462
24.171000819187608 1225.997049967448
24.177000819239765 1221.2383987991898
24.18300081929192 1222.620007550275
24.189000819344074 1213.7165312590423
24.195000819396228 1216.1555424442997
24.20100081944838 1217.084139223452
24.207000819500536 1210.8310897262008
24.21300081955269 1212.2067023383247
24.219000819604844 1217.3766649034287
24.225000819656998 1217.02210715965
24.231000819709156 1212.9846971299912
24.237000819761306 1215.0140516493057
24.24300081981346 1215.1727091471355
24.249000819865614 1211.0911887839989
24.25500081991777 1211.3885746708622
24.261000819969922 1217.0908350061488
24.267000820022076 1217.9350698965568
24.27300082007423 1216.4776984320747
24.279000820126384 1213.6495508264613
24.28500082017854 1216.5801798502605
24.291000820230693 1215.9172442400898
24.29700082028285 1215.4304967809605
24.303000820335 1212.2679398148148
24.309000820387155 1213.5055044668693
24.31500082043931 1208.6016597041378
24.32100082049146 1204.6257030345776
24.327000820543617 1203.1708860044125
24.33300082059577 1199.7512218334057
24.339000820647925 1196.950291386357
24.34500082070008 1195.502860740379
24.351000820752233 1195.8947041829426
24.357000820804387 1190.8670654296875
24.36300082085654 1193.022464328342
24.369000820908695 1196.9260129575375
24.37500082096085 1199.590724238643
24.381000821013007 1202.5013574670863
24.387000821065158 1208.6997352882668
24.39300082111731 1211.5200116192852
24.399000821169466 1217.33918705693
24.40500082122162 1218.9557664659287
24.411000821273774 1225.2381467466
24.417000821325928 1226.2369576913338
24.423000821378082 1227.2066424334491
24.429000821430236 1227.8065185546875
24.43500082148239 1229.6680207429108
24.441000821534544 1228.1719812463832
24.447000821586702 1228.5989978931568
24.453000821638852 1231.7872438784
24.459000821691006 1231.5948305483219
24.46500082174316 1237.5389133029514
24.47100082179531 1245.355376066985
24.47700082184747 1251.6308616355614
24.483000821899623 1259.5952193648727
24.489000821951777 1274.6779920789932
24.49500082200393 1277.2884837962963
24.501000822056085 1279.6901019061054
24.50700082210824 1286.8158637152778
24.513000822160393 1289.00311505353
24.519000822212547 1290.1986355251736
24.5250008222647 1291.470169632523
24.53100082231686 1290.0785985876012
24.53700082236901 1289.620718496817
24.543000822421163 1283.3722715024594
24.549000822473317 1278.259501139323
24.55500082252547 1273.6907484266494
24.561000822577626 1270.234371609158
24.56700082262978 1262.8876037597656
24.573000822681934 1259.8959633156105
24.579000822734088 1256.929288510923
24.58500082278624 1252.039791531033
24.591000822838396 1249.8942238136574
24.597000822890553 1246.6962754991318
24.603000822942704 1244.765693947121
24.609000822994858 1244.0213521321614
24.615000823047012 1240.7126182273582
24.621000823099163 1238.9070016366463
24.62700082315132 1236.3501914695457
24.633000823203474 1234.983553285952
24.63900082325563 1233.658529776114
24.645000823307782 1235.712354871962
24.651000823359936 1236.7491048177083
24.65700082341209 1238.0991911711517
24.663000823464245 1239.2004857946324
24.6690008235164 1239.043130380136
24.675000823568553 1243.4633054380063
24.68100082362071 1243.1771545410156
24.68700082367286 1246.2185454191986
24.693000823725015 1250.8327546296296
24.69900082377717 1253.248762342665
24.705000823829323 1254.8813691315827
24.711000823881477 1256.5188429090713
24.71700082393363 1256.6868229618779
24.723000823985785 1257.2276136610244
24.72900082403794 1260.0604383680557
24.735000824090093 1261.20868145978
24.741000824142247 1263.083918818721
24.747000824194405 1262.7761931242767
24.753000824246556 1263.5842364275898
24.75900082429871 1262.8531505443432
24.765000824350864 1261.649056893808
24.771000824403014 1259.7152257848668
24.777000824455172 1259.141309950087
24.783000824507326 1258.192441587095
24.78900082455948 1258.6897786458333
24.795000824611634 1260.2608190465855
24.801000824663788 1259.404620135272
24.807000824715942 1259.202959979022
24.813000824768096 1257.7598017939815
24.81900082482025 1256.7905623824508
24.825000824872404 1257.9585446958188
24.831000824924562 1259.8737985116463
24.837000824976712 1259.403481942636
24.843000825028867 1259.873806423611
24.84900082508102 1260.7671361852574
24.855000825133175 1261.2268382884838
24.86100082518533 1258.3758895308883
24.867000825237483 1261.1907111273872
24.873000825289637 1259.124683521412
24.87900082534179 1258.728976779514
24.885000825393945 1257.75752653899
24.8910008254461 1255.893534342448
24.897000825498257 1251.1213288483796
24.903000825550407 1248.069738317419
24.90900082560256 1245.5676586009838
24.915000825654715 1242.1160436559605
24.921000825706866 1241.4587278012875
24.927000825759023 1244.6032827871818
24.933000825811177 1247.4872617368344
24.93900082586333 1248.5909288194443
24.945000825915486 1251.9084902162906
24.95100082596764 1255.0756406430844
24.957000826019794 1263.4269465693721
24.963000826071948 1271.846789324725
24.969000826124102 1276.1732189037182
24.975000826176256 1279.4146084255642
24.981000826228414 1282.5481657805267
24.987000826280564 1288.827749746817
24.993000826332718 1291.8257242838542
24.999000826384872 1290.5495989764179
25.005000826437026 1288.3328235767506
25.01100082648918 1285.8287545663338
25.017000826541334 1286.089619954427
25.02300082659349 1282.005952058015
25.029000826645643 1280.6332691333912
25.035000826697797 1276.8155698423031
25.04100082674995 1273.284238462095
25.04700082680211 1271.2013052481193
25.05300082685426 1266.9549877025463
25.059000826906413 1259.6400451660156
25.065000826958567 1254.0019045229312
25.071000827010717 1249.709231906467
25.077000827062875 1248.8842524775753
25.08300082711503 1250.4690845630787
25.089000827167183 1251.3341245298031
25.095000827219337 1251.4182829680267
25.10100082727149 1256.6207976164642
25.107000827323645 1259.3413628472222
25.1130008273758 1260.497380009404
25.119000827427953 1264.347412109375
25.125000827480108 1269.7370221173321
25.13100082753226 1270.2999810112847
25.137000827584416 1273.8014051649307
25.14300082763657 1276.8524350766781
25.149000827688724 1276.811258951823
25.155000827740878 1275.4236088505497
25.161000827793032 1273.5175464771412
25.167000827845186 1272.4049546983506
25.17300082789734 1271.7568540219906
25.179000827949494 1268.830876103154
25.185000828001648 1268.987789577908
25.191000828053802 1269.1076162832755
25.19700082810596 1268.9529418945312
25.20300082815811 1264.015466760706
25.209000828210264 1263.889101381655
25.21500082826242 1262.8822270146122
25.22100082831457 1261.185061984592
25.227000828366727 1260.9670602303963
25.23300082841888 1262.5224123354312
25.239000828471035 1260.0858708134404
25.24500082852319 1258.1317274305557
25.251000828575343 1251.9058216236256
25.257000828627497 1243.689181857639
25.26300082867965 1241.5924682617188
25.269000828731805 1239.5969837330006
25.27500082878396 1237.2697087040654
25.281000828836113 1236.1008911132812
25.287000828888267 1239.4246046278213
25.29300082894042 1235.675537109375
25.299000828992575 1231.769977710865
25.30500082904473 1238.4522083423756
25.311000829096884 1243.1294442635995
25.317000829149038 1243.6228083857784
25.32300082920119 1246.4687409577546
25.329000829253346 1248.4571872287327
25.3350008293055 1248.6575091326679
25.341000829357654 1254.7241708260995
25.34700082940981 1262.2828323929398
25.35300082946196 1263.3734650788483
25.359000829514116 1266.656625253183
25.365000829566274 1269.4018645109954
25.37100082961842 1272.2280431676793
25.37700082967058 1274.3102518717449
25.383000829722732 1275.493535924841
25.389000829774886 1276.4677214445892
25.39500082982704 1280.906566478588
25.401000829879194 1282.2459445529514
25.40700082993135 1286.5606723361545
25.413000829983503 1289.049715395327
