m1-67/data/jwst-miri-mrs/wr124-miri-mrs-ch4-star-line-spectrum.ecsv
# %ECSV 1.0
# ---
# datatype:
# - {name: Wavelength, unit: micron, datatype: float64}
# - {name: Intensity, datatype: float64}
# meta: !!omap
# - __serialized_columns__:
#     Wavelength:
#       __class__: astropy.units.quantity.Quantity
#       unit: !astropy.units.Unit {unit: micron}
#       value: !astropy.table.SerializedColumn {name: Wavelength}
# schema: astropy-2.0
Wavelength Intensity
17.70300076296553 17.01689091435185
17.709000763017684 52.424343532986114
17.71500076306984 61.067697030526624
17.721000763121992 74.80535775643808
17.727000763174146 76.3224939416956
17.7330007632263 75.6776676884404
17.739000763278455 74.79452966760707
17.74500076333061 73.08037990993924
17.751000763382763 71.51858520507812
17.757000763434917 73.36259290907118
17.76300076348707 72.08091114185474
17.769000763539225 70.79709314416957
17.77500076359138 72.72542430736401
17.781000763643533 73.06916865596065
17.787000763695687 73.32225997359664
17.79300076374784 72.98744484230325
17.799000763799995 72.11752319335938
17.80500076385215 72.45552571614583
17.811000763904303 71.22761140046296
17.817000763956457 71.13748395001447
17.82300076400861 73.95771733036747
17.829000764060766 75.55906959816262
17.83500076411292 77.72598153573496
17.841000764165074 82.60025476526332
17.847000764217228 85.38150815610533
17.85300076426938 96.07225997359664
17.859000764321536 98.71026272243924
17.86500076437369 109.17224573206019
17.871000764425844 113.7525555645978
17.877000764477998 119.6049646448206
17.883000764530152 123.36892474139178
17.889000764582306 89.92758065682871
17.89500076463446 81.09079431604457
17.901000764686614 69.33012672706887
17.90700076473877 66.42808702256944
17.913000764790922 64.99339577003762
17.919000764843076 64.75141624168113
17.92500076489523 61.92356929072627
17.931000764947385 56.89306527596933
17.93700076499954 36.12127233434607
17.943000765051693 27.603977909794562
17.949000765103847 22.169901529947918
17.955000765156 19.7719884801794
17.961000765208155 17.366187201605904
17.96700076526031 14.812276204427084
17.973000765312463 14.869362160011574
17.979000765364617 15.73994615342882
17.98500076541677 17.665691234447337
17.991000765468925 21.179106535734952
17.99700076552108 25.865617540147568
18.003000765573233 29.85302056206597
18.009000765625387 36.6036693431713
18.01500076567754 40.193328857421875
18.021000765729696 45.24960553204572
18.02700076578185 49.228348343460645
18.033000765834004 49.663302951388886
18.039000765886158 52.27210828993056
18.045000765938312 55.501609519675924
18.051000765990466 59.16146398473669
18.057000766042616 63.8795482494213
18.063000766094774 67.31011510778356
18.069000766146928 66.15777474862558
18.075000766199082 64.6819085015191
18.081000766251236 66.14493702076099
18.08700076630339 67.53384173357928
18.093000766355544 67.04830254448785
18.0990007664077 64.19299542462385
18.105000766459852 62.86262907805266
18.111000766512007 60.21652334707755
18.11700076656416 57.379270200376155
18.123000766616315 47.04186333550347
18.12900076666847 44.86193395543982
18.135000766720623 37.66726119429977
18.141000766772777 36.06280969690393
18.14700076682493 31.35951515480324
18.153000766877085 26.671947337962962
18.15900076692924 27.02197039568866
18.165000766981393 24.044405336733217
18.171000767033547 26.723740189163774
18.1770007670857 22.98092312282986
18.183000767137855 26.021916142216437
18.18900076719001 23.73715775101273
18.195000767242163 24.804832175925927
18.201000767294317 22.69144241898148
18.207000767346468 21.9969482421875
18.213000767398626 19.805492259837962
18.21900076745078 18.93306025752315
18.225000767502934 17.101638228804976
18.231000767555088 18.984679045500577
18.237000767607242 19.22481960720486
18.243000767659396 19.129929154007524
18.24900076771155 17.979225441261573
18.255000767763704 19.245331940827548
18.261000767815858 18.712830720124423
18.267000767868012 18.911249231409144
18.273000767920166 20.379651104962385
18.27900076797232 22.018724229600693
18.285000768024474 24.396268491391783
18.29100076807663 24.99458369502315
18.297000768128783 23.619885479962385
18.303000768180937 25.117653175636573
18.30900076823309 25.223046196831596
18.315000768285245 26.668827763310187
18.3210007683374 25.82282172309028
18.327000768389553 26.27775517216435
18.333000768441707 24.744263825593173
18.33900076849386 24.366484465422452
18.345000768546015 23.556623670789932
18.35100076859817 23.55413140190972
18.357000768650323 22.221651430483217
18.363000768702477 20.552604392722802
18.36900076875463 20.62670672381366
18.375000768806785 20.08848289207176
18.38100076885894 20.497572157118057
18.387000768911093 19.540592900028937
18.393000768963248 19.864073576750577
18.3990007690154 20.083507396556712
18.405000769067556 21.67184109157986
18.41100076911971 21.49312111183449
18.417000769171864 25.137483950014467
18.423000769224018 21.80394603587963
18.429000769276172 24.031587953920717
18.435000769328326 19.798828125
18.44100076938048 20.216328938802082
18.447000769432634 18.580800374348957
18.453000769484788 18.29041431568287
18.459000769536942 17.195557770905673
18.465000769589096 18.735332347728587
18.47100076964125 16.900932029441552
18.477000769693404 16.641607213903356
18.48300076974556 13.020051179108796
18.489000769797713 10.956852665653935
18.495000769849867 10.809041341145834
18.50100076990202 9.016115541811343
18.507000769954175 9.88837574146412
18.51300077000633 10.74749755859375
18.519000770058483 10.957017686631945
18.525000770110637 10.96719021267361
18.53100077016279 11.615466082537615
18.537000770214945 14.21176486545139
18.5430007702671 16.340686939380788
18.549000770319253 21.374950267650462
18.555000770371407 27.87654396339699
18.56100077042356 35.90310442889178
18.567000770475715 41.27668366608796
18.57300077052787 54.81406091760706
18.579000770580024 81.1602150245949
18.585000770632178 100.39617015697338
18.59100077068433 108.70793434425637
18.597000770736486 129.64964803059897
18.60300077078864 138.73090390805845
18.609000770840794 165.27713803891783
18.615000770892948 199.22669022171587
18.621000770945102 210.68702867296008
18.627000770997256 212.9590940122251
18.63300077104941 218.3375718858507
18.639000771101564 217.91322609230323
18.64500077115372 224.80693336769386
18.651000771205872 238.06630678530092
18.657000771258026 244.40167236328125
18.66300077131018 246.5870248300058
18.669000771362334 254.25419447157117
18.67500077141449 281.1877271864149
18.681000771466643 884.6411347565828
18.687000771518797 1384.0043436686199
18.69300077157095 1455.4812271683304
18.699000771623105 1495.9501659252026
18.70500077167526 1523.5553645381221
18.711000771727413 1524.7023643211082
18.717000771779567 1523.4963277180989
18.72300077183172 1508.402567545573
18.729000771883875 1496.9600909197773
18.73500077193603 1474.6356031629775
18.741000771988183 1463.0526405617043
18.747000772040337 1428.9194912380642
18.75300077209249 1377.5344046133537
18.759000772144645 1178.572918927228
18.7650007721968 358.53640521014177
18.771000772248954 42.04753282335069
18.777000772301108 31.886337845413774
18.78300077235326 26.267977114076967
18.789000772405416 20.041672318070024
18.79500077245757 15.331721553096065
18.801000772509724 10.97595101815683
18.807000772561878 11.774662724247685
18.813000772614032 10.604503490306714
18.819000772666186 10.43471837926794
18.82500077271834 8.250259964554399
18.831000772770494 7.861342818648727
18.83700077282265 7.478868272569445
18.843000772874802 5.517288773148148
18.849000772926956 6.045150191695602
18.85500077297911 4.798986364293982
18.861000773031265 4.361808494285301
18.86700077308342 4.1021547670717595
18.873000773135573 3.1954345703125
18.879000773187727 3.9786930790653936
18.88500077323988 4.838262487340857
18.891000773292035 7.349071361400463
18.89700077334419 10.132841887297454
18.903000773396343 12.398912217881945
18.909000773448497 14.66946750217014
18.91500077350065 17.128935637297452
18.921000773552805 20.815851282190394
18.92700077360496 26.948047779224538
18.933000773657113 35.28159925672743
18.939000773709267 55.283072012442126
18.94500077376142 82.65896606445312
18.951000773813576 101.96760502567997
18.95700077386573 132.58491120515046
18.963000773917884 162.0485647696036
18.969000773970038 188.04666928891783
18.97500077402219 223.82798936631946
18.981000774074346 249.57329418041087
18.9870007741265 269.15601151077834
18.993000774178654 281.1412263093171
18.999000774230808 292.94260886863424
19.005000774282962 310.20379525643807
19.011000774335116 353.9456854926215
19.01700077438727 541.086116084346
19.023000774439424 1013.4600208423756
19.02900077449158 1819.9230007595486
19.035000774543732 2797.6916515209055
19.041000774595886 3821.3783026801216
19.04700077464804 3882.269382052951
19.053000774700195 3884.301990650318
19.05900077475235 3885.4993444372108
19.065000774804503 3885.7912914134836
19.071000774856657 3886.376505533854
19.07700077490881 3809.8385620117188
19.083000774960965 3374.1480125144676
19.08900077501312 3031.2699031123407
19.095000775065273 2477.2307569715713
19.101000775117427 1751.5263072826244
19.10700077516958 980.219871238426
19.113000775221735 427.52316736291954
19.11900077527389 176.48370022243924
19.125000775326043 86.047119140625
19.131000775378197 68.6034014666522
19.13700077543035 56.16516000253183
19.143000775482506 42.07477145724826
19.14900077553466 37.598038284866895
19.155000775586814 35.34043488679109
19.161000775638968 32.114827473958336
19.167000775691122 30.625114158347802
19.173000775743276 28.737230088975693
19.17900077579543 25.642744276258682
19.185000775847584 22.739079228153937
19.191000775899738 22.642877649377894
19.197000775951892 21.43172878689236
19.203000776004046 20.214987295645255
19.2090007760562 18.448331479673033
19.215000776108354 18.08212845413773
19.22100077616051 17.702345106336807
19.227000776212662 15.709456832320601
19.233000776264817 13.54701402452257
19.23900077631697 11.310419153284144
19.245000776369125 10.727378562644676
19.25100077642128 11.13460964626736
19.257000776473433 9.489350495515046
19.263000776525587 8.62579232675058
19.26900077657774 9.515812626591435
19.275000776629895 11.260722972728589
19.28100077668205 10.968083134403935
19.287000776734203 11.212179678457755
19.293000776786357 12.485345911096644
19.29900077683851 11.09161376953125
19.305000776890665 12.033223470052084
19.31100077694282 11.44090892650463
19.317000776994973 10.8557208025897
19.323000777047127 10.835627803096065
19.32900077709928 9.902872721354166
19.335000777151436 9.758921305338541
19.34100077720359 9.78676124855324
19.347000777255744 10.551978217230904
19.353000777307898 11.644674795645255
19.359000777360052 15.358245849609375
19.365000777412206 17.428036159939236
19.37100077746436 17.78811306423611
19.377000777516514 18.603365297670717
19.383000777568668 18.681135389539932
19.389000777620822 19.1082921911169
19.395000777672976 17.859754774305557
19.40100077772513 16.19441505714699
19.407000777777284 13.44072695131655
19.41300077782944 12.364627414279514
19.419000777881593 11.58297277379919
19.425000777933747 11.361936216001157
19.4310007779859 12.720282660590279
19.437000778038055 14.381311487268519
19.44300077809021 16.482877378110533
19.449000778142363 18.99337429470486
19.455000778194517 25.9524988245081
19.46100077824667 34.04827202690972
19.467000778298825 42.32389888057002
19.47300077835098 47.58166956018518
19.479000778403133 52.697672526041664
19.485000778455287 57.0866303620515
19.49100077850744 59.38404789677373
19.497000778559595 59.616967095269096
19.50300077861175 58.403759991681135
19.509000778663903 57.140645345052086
19.515000778716058 57.557565194589124
19.52100077876821 51.326230649594905
19.527000778820366 43.46349419487847
19.53300077887252 36.55996478045428
19.539000778924674 29.731760660807293
19.545000778976828 20.87116156684028
19.551000779028982 16.93475115740741
19.557000779081136 14.780931260850695
19.56300077913329 12.455782289858218
19.569000779185444 11.74119398328993
19.575000779237598 10.816491021050346
19.581000779289752 10.85956714771412
19.587000779341906 11.55279427987558
19.59300077939406 11.375452112268519
19.599000779446214 13.15380859375
19.60500077949837 14.14347556785301
19.611000779550523 15.59460562246817
19.617000779602677 18.34500461154514
19.623000779654827 19.785921450014467
19.629000779706985 21.842573377821182
19.63500077975914 21.600660536024307
19.641000779811293 23.86032443576389
19.647000779863447 21.72118914568866
19.6530007799156 21.943227132161457
19.659000779967755 21.162602177372687
19.66500078001991 20.08792453342014
19.671000780072063 20.20174605758102
19.677000780124217 18.45558449074074
19.68300078017637 16.266697636357062
19.689000780228525 15.31852552625868
19.69500078028068 13.623092086226851
19.701000780332834 15.340360288266782
19.707000780384988 14.08714124891493
19.71300078043714 15.411579273365161
19.719000780489296 14.907625551576968
19.72500078054145 18.008270263671875
19.731000780593604 19.076564082392938
19.737000780645758 18.30791332103588
19.743000780697912 20.23490849247685
19.749000780750066 18.448080557364005
19.75500078080222 22.047802960431135
19.761000780854374 21.18244086371528
19.76700078090653 23.34107123480903
19.77300078095868 22.31993724681713
19.779000781010836 22.707051595052082
19.78500078106299 24.238719798900462
19.791000781115144 22.31322564019097
19.7970007811673 23.000223795572918
19.803000781219453 21.324843795211226
19.809000781271607 20.361909089265048
19.81500078132376 20.099864818431712
19.821000781375915 17.270979139539932
19.82700078142807 20.608243589048033
19.833000781480223 19.315118860315394
19.839000781532377 19.631885669849538
19.84500078158453 19.098499439380788
19.851000781636685 18.731500696252894
19.85700078168884 17.873721652560764
19.863000781740993 17.646397343388312
19.869000781793147 18.202508997034144
19.8750007818453 17.333861174406827
19.881000781897455 18.750718858506943
19.88700078194961 17.762117739076967
19.893000782001764 18.65593804253472
19.899000782053918 18.951426188151043
19.90500078210607 17.890354862919562
19.911000782158226 17.812312373408563
19.91700078221038 15.32782886646412
19.92300078226253 15.54669189453125
19.929000782314688 16.65776005497685
19.935000782366842 15.02578283239294
19.941000782418996 16.438434742115163
19.94700078247115 12.64745189525463
19.953000782523304 9.971076117621529
19.95900078257546 7.982115568938078
19.965000782627612 6.692135281032986
19.971000782679766 10.502770317925346
19.97700078273192 5.988160309968172
19.983000782784075 9.15849134657118
19.98900078283623 8.006106906467014
19.995000782888383 12.484788682725695
20.001000782940537 17.330079255280673
20.00700078299269 20.048789695457177
20.013000783044845 23.376775670934606
20.019000783097 23.413462320963543
20.025000783149153 25.975082962601274
20.031000783201307 28.73779070818866
20.03700078325346 24.483986183449073
20.043000783305615 32.848720974392364
20.04900078335777 30.148174144603587
20.055000783409923 36.511806911892364
20.061000783462077 33.536392777054395
20.06700078351423 33.76318020290799
20.073000783566382 34.78227290400752
20.07900078361854 34.95373648184317
20.085000783670694 37.001222963686345
20.091000783722848 36.58630258065683
20.097000783775 38.106957329644096
20.103000783827156 44.424479166666664
20.10900078387931 39.76756456163194
20.115000783931464 45.698287398726855
20.121000783983618 38.5159832989728
20.127000784035772 44.849855776186345
20.133000784087926 44.64417521158854
20.13900078414008 41.18406394675926
20.145000784192234 42.119059244791664
20.15100078424439 36.923654061776624
20.157000784296542 35.191648130063655
20.163000784348696 29.31294533058449
20.16900078440085 27.011059796368635
20.175000784453005 26.921971073857062
20.18100078450516 21.900516086154514
20.187000784557313 22.023013644748264
20.193000784609467 17.479732937282986
20.19900078466162 14.275884557653356
20.205000784713775 12.751209400318286
20.21100078476593 10.90021543149595
20.217000784818083 13.27056093569155
20.223000784870237 13.57870144314236
20.22900078492239 12.436451099537036
20.235000784974545 15.929825394241899
20.2410007850267 12.30291861074942
20.247000785078853 15.15071275499132
20.253000785131007 14.830995912905093
20.25900078518316 15.556787561487269
20.265000785235316 17.031297471788193
20.27100078528747 15.756430166739005
20.277000785339624 21.474538167317707
20.283000785391778 17.91600884331597
