m1-67/data/jwst-miri-mrs/wr124-miri-mrs-ch1-star-full-spectrum.ecsv
# %ECSV 1.0
# ---
# datatype:
# - {name: Wavelength, unit: micron, datatype: float64}
# - {name: Intensity, datatype: float64}
# meta: !!omap
# - __serialized_columns__:
#     Wavelength:
#       __class__: astropy.units.quantity.Quantity
#       unit: !astropy.units.Unit {unit: micron}
#       value: !astropy.table.SerializedColumn {name: Wavelength}
# schema: astropy-2.0
Wavelength Intensity
[from data line 442]
5.2540000864246394 38778.70591517857
5.254800086404429 38897.366489955355
5.25560008638422 39275.134974888395
5.2564000863640095 39543.135951450895
5.257200086343801 39765.768345424105
5.25800008632359 40192.708217075895
5.258800086303381 40226.720493861605
5.259600086283171 40274.47084263393
5.260400086262962 40333.82603236607
5.261200086242751 40429.007114955355
5.2620000862225424 40451.156947544645
5.262800086202333 40463.66001674107
5.263600086182123 40477.4736328125
5.264400086161913 40459.90924944197
5.265200086141704 40445.38971819197
5.266000086121494 40441.7216796875
5.266800086101283 40386.73297991072
5.2676000860810746 40300.247837611605
5.268400086060864 40202.87702287947
5.269200086040655 40109.48039899553
5.270000086020445 40043.969517299105
5.270800086000236 39918.086704799105
5.271600085980025 39759.266880580355
5.272400085959816 39681.81089564732
5.273200085939606 39529.44203404018
5.274000085919397 39397.418247767855
5.274800085899186 39252.38176618303
5.2756000858789776 38846.61579241072
5.276400085858767 38670.49211774553
5.277200085838558 38530.338099888395
5.2780000858183485 38373.10546875
5.278800085798139 38200.82875279018
5.279600085777929 38165.80168805803
5.2804000857577185 38081.258998325895
5.28120008573751 37948.61725725447
5.282000085717299 37876.87785993303
5.28280008569709 37864.09465680803
5.28360008567688 37846.988071986605
5.284400085656671 37816.61676897322
5.28520008563646 37771.817103794645
5.2860000856162515 37736.69935825893
5.286800085596041 37659.56040736607
5.287600085575832 37683.97474888393
5.2884000855556215 37681.407993861605
5.289200085535413 37675.87562779018
5.290000085515202 37670.96575055803
5.290800085494993 37670.95179966518
5.291600085474783 37648.55315290178
5.292400085454574 37641.08775111607
5.293200085434364 37641.08775111607
5.2940000854141545 37646.57659040178
5.294800085393945 37650.47642299107
5.295600085373734 37650.47642299107
5.296400085353525 37652.19196428572
5.297200085333315 37581.85993303572
5.298000085313106 37583.37220982143
5.298800085292895 37531.556361607145
5.299600085272687 37550.30803571428
5.300400085252476 37517.16796875
5.301200085232267 37518.64787946428
5.302000085212057 37521.88560267857
5.302800085191848 37474.97907366072
5.303600085171637 37471.74135044643
5.304400085151428 37309.701450892855
5.305200085131218 37252.361607142855
5.306000085111009 37214.267857142855
5.306800085090798 37163.53264508928
5.30760008507059 37091.982700892855
5.30840008505038 37091.982700892855
5.30920008503017 37091.982700892855
5.3100000850099605 37106.36439732143
5.31080008498975 37088.904017857145
5.311600084969541 37106.17271205357
5.3124000849493305 37106.17271205357
5.313200084929122 37144.271275111605
5.314000084908911 37144.94154575893
5.314800084888702 37176.55064174107
5.315600084868492 37183.345005580355
5.316400084848283 37168.8642578125
5.317200084828072 37166.71526227678
5.3180000848078635 37215.094447544645
5.318800084787653 37231.81654575893
5.319600084767444 37303.02971540178
5.3204000847472335 37300.92243303572
5.321200084727025 37304.90855189732
5.322000084706814 37318.904087611605
5.322800084686605 37378.14655412947
5.323600084666396 37473.68840680803
5.324400084646186 37555.214634486605
5.325200084625976 37515.536900111605
5.326000084605766 37449.245326450895
5.326800084585557 37478.59772600447
5.327600084565346 37440.52434430803
5.328400084545137 37423.34075055803
5.329200084524927 37424.47893415178
5.330000084504718 37424.47893415178
5.330800084484507 37412.33998325893
5.331600084464299 37410.331333705355
5.332400084444088 37410.331333705355
5.333200084423879 37396.13734654018
5.334000084403669 37379.82896205357
5.33480008438346 37348.07672991072
5.335600084363249 37308.715122767855
5.33640008434304 37284.03627232143
5.33720008432283 37284.03627232143
5.338000084302621 37288.07421875
5.338800084282411 37288.07421875
5.339600084262202 37291.818080357145
5.340400084241992 37288.874720982145
5.341200084221781 37340.91350446428
5.3420000842015725 37341.17982700893
5.342800084181362 37293.01409040178
5.343600084161153 37291.65611049107
5.3444000841409425 37185.51213727678
5.345200084120734 37185.51213727678
5.346000084100523 37245.32561383928
5.346800084080314 37246.375767299105
5.347600084060104 37240.82359095982
5.348400084039895 37297.86488560268
5.349200084019684 37297.86488560268
5.3500000839994755 37301.29241071428
5.350800083979265 37297.86488560268
5.351600083959056 37215.759556361605
5.3524000839388455 37111.661900111605
5.353200083918637 37102.063685825895
5.354000083898427 37108.08600725447
5.354800083878217 37111.779087611605
5.355600083858008 37114.54582868303
5.356400083837797 37193.25732421875
5.357200083817588 37204.11028180803
5.358000083797378 37202.07679966518
5.358800083777169 37203.65269252232
5.359600083756958 37238.78083147322
5.360400083736749 37267.22607421875
5.361200083716539 37390.497837611605
5.36200008369633 37418.861607142855
5.362800083676119 37481.00544084822
5.363600083655911 37654.62506975447
5.3644000836357 37673.71930803572
5.365200083615491 37702.991908482145
5.366000083595281 37735.77064732143
5.366800083575072 37841.51841517857
5.367600083554861 37889.694614955355
5.368400083534652 37945.43589564732
5.369200083514443 38031.341587611605
5.370000083494233 38159.14690290178
5.370800083474023 38557.67299107143
5.371600083453813 38937.88616071428
5.372400083433604 39287.98388671875
5.373200083413393 39873.479771205355
5.3740000833931845 40066.252720424105
5.374800083372974 40142.949428013395
5.375600083352765 40232.75348772322
5.3764000833325545 40300.954868861605
5.377200083312346 40453.18505859375
5.378000083292135 40470.11418805803
5.378800083271926 40493.60804966518
5.379600083251716 40518.30475725447
5.380400083231507 40547.49769810268
5.381200083211296 40548.47377232143
5.3820000831910875 40543.384486607145
5.382800083170877 40355.02064732143
5.383600083150668 40283.31752232143
5.384400083130458 40258.1640625
5.385200083110248 40198.332310267855
5.386000083090039 40055.498325892855
5.386800083069828 39888.85009765625
5.38760008304962 39824.064243861605
5.388400083029409 39688.4990234375
5.3892000830092 39528.16761997768
5.39000008298899 39169.15904017857
5.390800082968781 38726.725376674105
5.39160008294857 38455.84368024553
5.392400082928361 38217.98542131697
5.393200082908151 38101.605678013395
5.394000082887942 37962.54736328125
5.394800082867731 37865.76185825893
5.395600082847523 37669.92585100447
5.396400082827312 37651.535435267855
5.397200082807103 37560.58656529018
5.398000082786893 37489.68687220982
5.398800082766684 37305.001743861605
5.399600082746474 37271.72551618303
5.4004000827262635 37245.50146484375
5.401200082706055 37205.13127790178
5.402000082685844 37175.74867466518
5.402800082665635 37125.88344029018
5.403600082645425 37111.78941127232
5.404400082625216 37091.53599330357
5.405200082605005 37023.93805803572
5.4060000825847965 37017.439174107145
5.406800082564586 37008.22126116072
5.407600082544377 37006.98046875
5.4084000825241665 37006.98046875
5.409200082503958 37053.408900669645
5.410000082483747 37053.408900669645
5.410800082463538 37026.41657366072
5.411600082443328 37109.800013950895
5.412400082423119 37125.96296037947
5.413200082402908 37127.13706752232
5.4140000823826995 37157.60246930803
5.41480008236249 37175.841029575895
5.415600082342279 37169.89208984375
5.41640008232207 37161.34075055803
5.41720008230186 37164.377650669645
5.418000082281651 37187.38630022322
5.41880008226144 37223.4755859375
5.419600082241232 37243.79624720982
5.420400082221021 37248.70863560268
5.421200082200812 37248.70863560268
5.422000082180602 37248.70863560268
5.422800082160393 37260.2001953125
5.423600082140182 37265.38971819197
5.424400082119973 37208.77232142857
5.425200082099763 37192.3203125
5.426000082079554 37181.029296875
5.426800082059343 37162.74302455357
5.427600082039135 37158.94391741072
5.428400082018924 37132.72174944197
5.429200081998715 37117.863071986605
5.4300000819785055 37072.03962053572
5.430800081958295 37037.217982700895
5.431600081938086 37024.41015625
5.4324000819178755 36875.85400390625
5.433200081897667 36868.60463169643
5.434000081877456 36857.62611607143
5.434800081857247 36849.75592912947
5.435600081837037 36804.98793247768
5.436400081816828 36745.278529575895
5.437200081796617 36738.17905970982
5.4380000817764085 36707.09814453125
5.438800081756198 36699.58461216518
5.439600081735989 36683.762486049105
5.4404000817157785 36681.70179966518
5.44120008169557 36620.86921037947
5.442000081675359 36618.25425502232
5.44280008165515 36628.22984095982
5.44360008163494 36664.38469587053
5.444400081614731 36669.11097935268
5.445200081594521 36650.950962611605
5.446000081574311 36648.75578962053
5.446800081554102 36644.11083984375
5.447600081533891 36642.23570033482
5.448400081513682 36641.175990513395
5.449200081493472 36650.59284319197
5.450000081473263 36584.68101283482
5.450800081453052 36627.22160993303
5.451600081432844 36628.78090122768
5.452400081412633 36643.76792689732
5.453200081392424 36722.15952845982
5.454000081372214 36708.70361328125
5.454800081352005 36748.201381138395
5.455600081331794 36768.03773716518
5.456400081311585 36763.74469866072
5.457200081291375 36815.98674665178
5.458000081271166 36836.17536272322
5.458800081250955 36815.49009486607
5.459600081230747 36769.546595982145
5.460400081210537 36761.55705915178
5.461200081190326 36794.76318359375
5.4620000811701175 36803.90813337053
5.462800081149907 36771.01499720982
5.463600081129698 36752.465541294645
5.4644000811094875 36747.29750279018
5.465200081089279 36722.35302734375
5.466000081069068 36607.96351841518
5.466800081048859 36589.842006138395
5.467600081028649 36555.204310825895
5.46840008100844 36566.53627232143
5.469200080988229 36540.16838727678
5.4700000809680205 36531.437709263395
5.47080008094781 36484.16203962053
5.471600080927601 36380.44691685268
5.472400080907391 36370.472446986605
5.473200080887182 36356.48890904018
5.474000080866971 36336.83461216518
5.474800080846762 36333.227748325895
5.475600080826553 36279.733189174105
5.476400080806342 36285.06968470982
5.477200080786133 36371.25774274553
5.478000080765923 36366.74267578125
5.478800080745714 36321.80768694197
5.479600080725503 36269.920131138395
5.480400080705294 36275.920689174105
5.481200080685084 36324.00990513393
5.482000080664875 36351.32087053572
5.482800080644664 36351.32087053572
5.483600080624456 36351.28766741072
5.484400080604245 36333.6953125
5.485200080584036 36372.117466517855
5.486000080563826 36390.81891741072
5.486800080543617 36411.48200334822
5.487600080523407 36453.53676060268
5.488400080503197 36493.67494419643
5.489200080482987 36532.46533203125
5.490000080462777 36560.423618861605
5.490800080442568 36568.032924107145
5.491600080422358 36573.98681640625
5.492400080402149 36733.82261439732
5.493200080381938 36725.28159877232
5.4940000803617295 36777.25034877232
5.494800080341519 36798.09912109375
5.49560008032131 36810.67578125
5.4964000803010995 36815.31459263393
5.497200080280891 36854.59612165178
5.49800008026068 36835.2607421875
5.498800080240471 36836.99107142857
5.499600080220261 36777.11704799107
5.500400080200052 36778.57659040178
5.501200080179841 36773.90764508928
5.5020000801596325 36674.843052455355
5.502800080139423 36636.82728794643
5.503600080119213 36641.892787388395
5.5044000800990025 36674.017299107145
5.505200080078793 36614.67138671875
5.506000080058584 36628.08112444197
5.506800080038373 36654.69098772322
5.507600080018165 36896.211216517855
5.508400079997954 36967.27204241072
5.509200079977745 36976.57017299107
5.510000079957535 36997.62025669643
5.510800079937326 37075.43763950893
5.511600079917115 37122.0576171875
5.512400079896906 37224.33433314732
5.513200079876696 37282.550013950895
5.514000079856487 37437.715122767855
5.514800079836276 37569.90534319197
5.515600079816068 37893.91803850447
5.516400079795857 38354.247767857145
5.517200079775648 38806.151157924105
5.5180000797554385 39368.669921875
5.518800079735229 39866.30552455357
5.519600079715018 40145.283970424105
5.5204000796948085 40360.529994419645
5.5212000796746 40453.59326171875
5.522000079654389 40527.69642857143
5.52280007963418 40654.332240513395
5.52360007961397 40740.12688337053
5.524400079593761 40765.55726841518
5.52520007957355 40772.63483537947
5.5260000795533415 40779.96442522322
5.526800079533131 40768.184849330355
5.527600079512922 40768.13462611607
5.5284000794927115 40745.450474330355
5.529200079472503 40689.77525111607
5.530000079452292 40618.11900111607
5.530800079432083 40427.48088727678
5.531600079411873 40229.28271484375
5.532400079391664 40013.85707310268
5.533200079371454 39798.23765345982
5.5340000793512445 39738.80357142857
5.534800079331034 39624.98277064732
5.535600079310824 39263.89174107143
5.536400079290615 38654.25746372768
5.537200079270405 38473.50690569197
5.538000079250196 38124.94775390625
5.538800079229985 37963.609654017855
5.539600079209777 37876.7783203125
5.540400079189566 37790.857631138395
5.541200079169357 37686.48723493303
5.542000079149147 37547.21930803572
5.542800079128938 37489.19475446428
5.543600079108727 37408.58021763393
5.544400079088518 37303.78334263393
5.545200079068308 37271.72984095982
5.546000079048099 37196.63657924107
5.546800079027888 37154.870814732145
5.54760007900768 37039.51130022322
5.54840007898747 36972.794224330355
5.54920007896726 36890.158482142855
5.55000007894705 36788.90855189732
5.55080007892684 36855.428501674105
5.551600078906631 36823.37799944197
5.5524000788864205 36775.84870256697
5.553200078866212 36761.41803850447
5.554000078846001 36742.88909040178
5.554800078825792 36796.48828125
5.555600078805582 36790.16294642857
5.556400078785373 36765.45989118303
5.557200078765162 36740.46303013393
5.5580000787449535 36728.18303571428
5.558800078724743 36755.298549107145
5.559600078704534 36815.34584263393
5.5604000786843235 36871.923549107145
5.561200078664115 36834.21498325893
5.562000078643904 36856.38755580357
5.562800078623695 36891.001255580355
5.563600078603486 36895.30287388393
5.564400078583276 36923.944056919645
5.565200078563065 36959.837193080355
5.566000078542856 37009.58949497768
5.566800078522647 37034.43959263393
5.567600078502436 37100.19573102678
5.568400078482227 37218.001743861605
5.569200078462017 37389.21930803572
5.570000078441808 37477.03020368303
5.570800078421597 37515.42320033482
5.571600078401389 37557.54534040178
5.572400078381178 37664.78466796875
5.573200078360969 37790.58998325893
5.574000078340759 38170.70082310268
5.57480007832055 38422.82191685268
5.575600078300339 38717.637416294645
5.57640007828013 39020.716029575895
5.57720007825992 39525.85002790178
5.578000078239711 39988.009765625
5.578800078219501 40474.950404575895
5.579600078199292 40689.23618861607
5.580400078179081 40751.475864955355
5.581200078158871 40754.071568080355
5.5820000781386625 40754.071568080355
5.582800078118452 40754.071568080355
5.583600078098243 40754.071568080355
5.5844000780780325 40617.61732700893
5.585200078057824 40604.3818359375
5.586000078037613 40604.3818359375
5.586800078017404 40550.74428013393
5.587600077997194 40507.96888950893
5.588400077976985 40280.089076450895
5.589200077956774 39888.954380580355
5.5900000779365655 39341.157924107145
5.590800077916355 38894.740443638395
5.591600077896146 38399.983607700895
5.5924000778759355 38239.468470982145
5.593200077855727 37694.29485212053
5.594000077835517 37342.51960100447
5.594800077815306 37169.99114118303
5.595600077795097 36913.44642857143
5.596400077774887 36746.81773158482
5.597200077754678 36714.53090122768
5.598000077734468 36701.109584263395
5.598800077714259 36625.3125
5.599600077694048 36548.11669921875
5.600400077673839 36495.87590680803
5.601200077653629 36493.93401227678
5.60200007763342 36472.63616071428
5.602800077613209 36440.876185825895
5.603600077593001 36364.057896205355
5.60440007757279 36284.91155133928
5.605200077552581 36255.177525111605
5.606000077532371 36239.43519810268
5.606800077512162 36235.18952287947
