m1-67/data/jwst-miri-mrs/wr124-miri-mrs-ch4-star-full-spectrum.ecsv
# %ECSV 1.0
# ---
# datatype:
# - {name: Wavelength, unit: micron, datatype: float64}
# - {name: Intensity, datatype: float64}
# meta: !!omap
# - __serialized_columns__:
#     Wavelength:
#       __class__: astropy.units.quantity.Quantity
#       unit: !astropy.units.Unit {unit: micron}
#       value: !astropy.table.SerializedColumn {name: Wavelength}
# schema: astropy-2.0
Wavelength Intensity
17.70300076296553 1242.8358256022136
17.709000763017684 1278.2432782208477
17.71500076306984 1286.846927218967
17.721000763121992 1300.5520358615452
17.727000763174146 1302.0691720468026
17.7330007632263 1301.4121704101562
17.739000763278455 1300.529032389323
17.74500076333061 1298.814882631655
17.751000763382763 1297.239230685764
17.757000763434917 1296.8651123046875
17.76300076348707 1295.5452360930267
17.769000763539225 1294.1803814923321
17.77500076359138 1296.1087126555267
17.781000763643533 1296.4524570041233
17.787000763695687 1296.7055483217594
17.79300076374784 1296.370733190466
17.799000763799995 1295.500811541522
17.80500076385215 1295.8388140643085
17.811000763904303 1294.6108997486256
17.817000763956457 1294.520772298177
17.82300076400861 1297.34100567853
17.829000764060766 1298.9423579463253
17.83500076411292 1301.1092698838975
17.841000764165074 1305.9835431134259
17.847000764217228 1308.764796504268
17.85300076426938 1319.4555483217594
17.859000764321536 1322.093551070602
17.86500076437369 1332.5555340802227
17.871000764425844 1337.1358439127605
17.877000764477998 1342.9882529929832
17.883000764530152 1346.7522130895543
17.889000764582306 1348.511358190466
17.89500076463446 1349.5440775553386
17.901000764686614 1347.2928082501446
17.90700076473877 1345.8611811885128
17.913000764790922 1344.9032005027489
17.919000764843076 1343.9686731409145
17.92500076489523 1341.2077241120514
17.931000764947385 1336.2513393825955
17.93700076499954 1315.2461253978588
17.943000765051693 1306.1051443594474
17.949000765103847 1300.6138576931423
17.955000765156 1296.8628223560474
17.961000765208155 1294.7026593243634
17.96700076526031 1292.4923220034
17.973000765312463 1292.69548091182
17.979000765364617 1293.0922286422165
17.98500076541677 1294.3887905544705
17.991000765468925 1297.2125470196759
17.99700076552108 1299.9192527488426
18.003000765573233 1304.6176418728298
18.009000765625387 1311.4102093731915
18.01500076567754 1315.3622052228009
18.021000765729696 1321.2768780743634
18.02700076578185 1325.17512455693
18.033000765834004 1328.9974184389469
18.039000765886158 1331.1906218352142
18.045000765938312 1334.1016031901042
18.051000765990466 1337.9566209581162
18.057000766042616 1342.9564129864727
18.063000766094774 1346.013888888889
18.069000766146928 1344.9534064398872
18.075000766199082 1342.794876663773
18.081000766251236 1344.2921097366898
18.08700076630339 1345.2797309027778
18.093000766355544 1344.4565520109954
18.0990007664077 1340.9322679307725
18.105000766459852 1338.8676350911458
18.111000766512007 1335.588488543475
18.11700076656416 1331.4171425148293
18.123000766616315 1320.6730877911602
18.12900076666847 1318.4779131854023
18.135000766720623 1311.1398665816696
18.141000766772777 1309.1361909089264
18.14700076682493 1304.4328963668258
18.153000766877085 1299.5385956940827
18.15900076692924 1299.4918585883247
18.165000766981393 1295.9568391022858
18.171000767033547 1298.4574053729023
18.1770007670857 1294.0322073477287
18.183000767137855 1296.6586518464264
18.18900076719001 1294.1757236056858
18.195000767242163 1295.63247567636
18.201000767294317 1294.2284116391781
18.207000767346468 1293.8343505859375
18.213000767398626 1292.5349663628472
18.21900076745078 1291.8519117567275
18.225000767502934 1290.4296309859665
18.231000767555088 1292.369741934317
18.237000767607242 1292.377015290437
18.243000767659396 1292.496018021195
18.24900076771155 1290.9715824833622
18.255000767763704 1292.4061482747395
18.261000767815858 1291.776340060764
18.267000767868012 1291.8611382378472
18.273000767920166 1293.3047440140335
18.27900076797232 1294.4418210630063
18.285000768024474 1294.9111689814815
18.29100076807663 1294.5994500054253
18.297000768128783 1292.6906647858796
18.303000768180937 1293.5855611165364
18.30900076823309 1293.421676070602
18.315000768285245 1294.4248306839554
18.3210007683374 1293.2889392994068
18.327000768389553 1293.8124129683883
18.333000768441707 1292.278921621817
18.33900076849386 1291.9011422616463
18.345000768546015 1291.091281467014
18.35100076859817 1291.1598567256221
18.357000768650323 1289.8542367440682
18.363000768702477 1288.2885719581886
18.36900076875463 1288.3711581759983
18.375000768806785 1287.8329343442563
18.38100076885894 1288.2420236093026
18.387000768911093 1287.7955220540364
18.393000768963248 1288.1863199869792
18.3990007690154 1288.7354951081452
18.405000769067556 1290.9524728280526
18.41100076911971 1290.9482500994648
18.417000769171864 1294.9237772623699
18.423000769224018 1291.892152009187
18.429000769276172 1294.324459499783
18.435000769328326 1290.3243555139613
18.44100076938048 1291.2020015010128
18.447000769432634 1289.900631374783
18.453000769484788 1290.5866348831742
18.459000769536942 1290.0823488588687
18.465000769589096 1291.812321415654
18.47100076964125 1290.023114239728
18.477000769693404 1290.0665452745225
18.48300076974556 1286.7779235839844
18.489000769797713 1285.0740085177952
18.495000769849867 1285.3157823350693
18.50100076990202 1283.6601381655094
18.507000769954175 1284.6916210033276
18.51300077000633 1285.6206077293114
18.519000770058483 1286.4664849175347
18.525000770110637 1286.6347667552807
18.53100077016279 1287.4267453794125
18.537000770214945 1290.1539498788338
18.5430007702671 1292.648905436198
18.549000770319253 1297.9371439615886
18.555000770371407 1304.5594900625724
18.56100077042356 1312.6735297309028
18.567000770475715 1318.6176317003037
18.57300077052787 1332.3162231445312
18.579000770580024 1358.702258074725
18.585000770632178 1378.032800745081
18.59100077068433 1386.7358839246963
18.597000770736486 1408.0003560384114
18.60300077078864 1417.878971806279
18.609000770840794 1444.7157423231338
18.615000770892948 1479.1695748788338
18.621000770945102 1490.9975156430844
18.627000770997256 1493.2299815990307
18.63300077104941 1498.6692425763165
18.639000771101564 1499.2277199074074
18.64500077115372 1505.7537954824943
18.651000771205872 1519.1165534125435
18.657000771258026 1525.6145313404224
18.66300077131018 1527.8175975658276
18.669000771362334 1535.5096232096355
18.67500077141449 1560.5099882902923
18.681000771466643 2164.113893862124
18.687000771518797 2664.102426034433
18.69300077157095 2735.9823857060187
18.699000771623105 2777.004817256221
18.70500077167526 2805.6268107096353
18.711000771727413 2807.6381270797165
18.717000771779567 2808.1136678059897
18.72300077183172 2793.8992128725404
18.729000771883875 2783.2905657732927
18.73500077193603 2763.085792824074
18.741000771988183 2753.233194986979
18.747000772040337 2720.790943287037
18.75300077209249 2671.1201940465858
18.759000772144645 2474.5249249493636
18.7650007721968 1655.8025309244792
18.771000772248954 1341.1891479492188
18.777000772301108 1332.665352150246
18.78300077235326 1327.6617363823784
18.789000772405416 1322.8159157081886
18.79500077245757 1319.0292437518085
18.801000772509724 1316.4552024558739
18.807000772561878 1317.4161105685764
18.813000772614032 1316.8973546911168
18.819000772666186 1316.8172030978733
18.82500077271834 1315.0100188078704
18.831000772770494 1314.7644506383824
18.83700077282265 1314.3901830602574
18.843000772874802 1312.4356734664352
18.849000772926956 1313.0831547489872
18.85500077297911 1311.8369909215855
18.861000773031265 1311.4113871256511
18.86700077308342 1311.2522119592738
18.873000773135573 1310.3454917625145
18.879000773187727 1311.2159898546006
18.88500077323988 1312.1360157154224
18.891000773292035 1314.646824589482
18.89700077334419 1317.3982803909867
18.903000773396343 1319.5836373788338
18.909000773448497 1321.8541926631221
18.91500077350065 1324.213182237413
18.921000773552805 1327.3089972601997
18.92700077360496 1333.3778528284145
18.933000773657113 1341.364993625217
18.939000773709267 1360.9988844129775
18.94500077376142 1387.4540484393085
18.951000773813576 1406.6354404025608
18.95700077386573 1436.369068287037
18.963000773917884 1464.470142505787
18.969000773970038 1488.534492775246
18.97500077402219 1523.1770132559318
18.981000774074346 1546.8294508192275
18.9870007741265 1565.3159518771702
18.993000774178654 1576.0076712149162
18.999000774230808 1586.4375
19.005000774282962 1603.3334497522426
19.011000774335116 1646.2472613299335
19.01700077438727 1832.4520365397136
19.023000774439424 2303.3230726453994
19.02900077449158 3108.622802734375
19.035000774543732 4084.516615125868
19.041000774595886 5107.489183213976
19.04700077464804 5166.58177806713
19.053000774700195 5166.58177806713
19.05900077475235 5166.58177806713
19.065000774804503 5166.58177806713
19.071000774856657 5166.58177806713
19.07700077490881 5089.893500434027
19.083000774960965 4653.462678132234
19.08900077501312 4310.174409089265
19.095000775065273 3755.9938603153937
19.101000775117427 3029.9009670681426
19.10700077516958 2258.417425084997
19.113000775221735 1705.363518608941
19.11900077527389 1454.336498119213
19.125000775326043 1363.8478608308014
19.131000775378197 1345.6585591634114
19.13700077543035 1333.424385353371
19.143000775482506 1319.270267062717
19.14900077553466 1314.17431640625
19.155000775586814 1311.3000544795284
19.161000775638968 1307.7031634295429
19.167000775691122 1306.2134501139324
19.173000775743276 1304.3236536096645
19.17900077579543 1301.0911650481048
19.185000775847584 1298.175021701389
19.191000775899738 1296.945928502966
19.197000775951892 1295.5829999005352
19.203000776004046 1294.0275358977142
19.2090007760562 1291.7283325195312
19.215000776108354 1290.2810250741463
19.22100077616051 1289.8651202166523
19.227000776212662 1287.3134844744648
19.233000776264817 1285.0757378472222
19.23900077631697 1282.8391429759838
19.245000776369125 1282.2561023853443
19.25100077642128 1282.663333468967
19.257000776473433 1281.0180743182148
19.263000776525587 1280.1545161494503
19.26900077657774 1281.0445364492912
19.275000776629895 1282.7894467954281
19.28100077668205 1282.4968069571037
19.287000776734203 1282.7409035011574
19.293000776786357 1284.0140697337963
19.29900077683851 1282.620337592231
19.305000776890665 1283.5619472927517
19.31100077694282 1282.9696327492043
19.317000776994973 1282.3844446252895
19.323000777047127 1282.1410624186199
19.32900077709928 1280.6346220793548
19.335000777151436 1279.6972904911747
19.34100077720359 1279.5760690194588
19.347000777255744 1280.1174892849392
19.353000777307898 1281.0644339102287
19.359000777360052 1283.9331970214844
19.365000777412206 1284.1487121582031
19.37100077746436 1283.223829481337
19.377000777516514 1283.6667220504196
19.383000777568668 1283.6944591380932
19.389000777620822 1284.05389630353
19.395000777672976 1282.8302702727142
19.40100077772513 1281.1594554759838
19.407000777777284 1278.423212122034
19.41300077782944 1277.3165136266637
19.419000777881593 1276.5787251790364
19.425000777933747 1276.3576886212384
19.4310007779859 1277.6134236653645
19.437000778038055 1279.3270060221355
19.44300077809021 1281.440477159288
19.449000778142363 1284.0195662887008
19.455000778194517 1290.9272788718895
19.46100077824667 1298.4787744592738
19.467000778298825 1306.466401276765
19.47300077835098 1311.3433702256943
19.479000778403133 1315.960422092014
19.485000778455287 1320.284849943938
19.49100077850744 1321.9201128924335
19.497000778559595 1322.1130947536892
19.50300077861175 1321.2810408980758
19.509000778663903 1319.7061586733219
19.515000778716058 1318.4728167498554
19.52100077876821 1311.9433751989293
19.527000778820366 1304.080638744213
19.53300077887252 1297.1771093297887
19.539000778924674 1290.4447100604023
19.545000778976828 1281.58674565068
19.551000779028982 1277.4595043041088
19.557000779081136 1275.5652284975406
19.56300077913329 1273.2010158962673
19.569000779185444 1272.3111617476852
19.575000779237598 1271.3938598632812
19.581000779289752 1271.1725938585068
19.587000779341906 1271.7094850893375
19.59300077939406 1271.3309699164497
19.599000779446214 1273.273065637659
19.60500077949837 1274.6444137008102
19.611000779550523 1275.9256105776187
19.617000779602677 1278.5978009259259
19.623000779654827 1279.5572023744937
19.629000779706985 1281.4258332429108
19.63500077975914 1280.529365822121
19.641000779811293 1282.693699589482
19.647000779863447 1280.53549307364
19.6530007799156 1280.9130712438512
19.659000779967755 1280.1867822717738
19.66500078001991 1279.132489239728
19.671000780072063 1279.3871301721645
19.677000780124217 1277.759442364728
19.68300078017637 1275.598722104673
19.689000780228525 1274.7056432653355
19.69500078028068 1273.0352681477864
19.701000780332834 1274.414069281684
19.707000780384988 1272.92562979239
19.71300078043714 1274.1148749457466
19.719000780489296 1273.4658248336227
19.72500078054145 1276.211353443287
19.731000780593604 1277.264081036603
19.737000780645758 1276.3344127513744
19.743000780697912 1277.4706296567563
19.749000780750066 1275.5797842520255
19.75500078080222 1279.0191379123264
19.761000780854374 1277.5724159523293
19.76700078090653 1279.4311218261719
19.77300078095868 1277.6368995949074
19.779000781010836 1277.751289650246
19.78500078106299 1278.7417907714844
19.791000781115144 1276.4522128634983
19.7970007811673 1276.9909181948062
19.803000781219453 1275.246627242477
19.809000781271607 1274.4063618977864
19.81500078132376 1274.2775618941696
19.821000781375915 1271.7338776765046
19.82700078142807 1275.0609639485676
19.833000781480223 1274.1681145562065
19.839000781532377 1274.3256022135417
19.84500078158453 1274.2832291214554
19.851000781636685 1274.181379530165
19.85700078168884 1273.4475493254486
19.863000781740993 1273.2935033727574
19.869000781793147 1273.754352710865
19.8750007818453 1273.0096311216
19.881000781897455 1274.5258178710938
19.88700078194961 1273.7064683702256
19.893000782001764 1274.8987313729745
19.899000782053918 1275.2464147497105
19.90500078210607 1274.3167023835358
19.911000782158226 1274.3006512677227
19.91700078221038 1271.8514392994068
19.92300078226253 1272.0464974862557
19.929000782314688 1273.3605290165654
19.935000782366842 1271.6679642288773
19.941000782418996 1273.0277325665509
19.94700078247115 1269.0728590223525
19.953000782523304 1266.658760353371
19.95900078257546 1264.3856506347656
19.965000782627612 1262.9284475821037
19.971000782679766 1266.7809922960068
19.97700078273192 1261.8994366681134
19.983000782784075 1264.3616016529224
19.98900078283623 1262.5510095666957
19.995000782888383 1265.5318569607205
20.001000782940537 1268.2408628110531
20.00700078299269 1269.0678654423466
20.013000783044845 1270.9775752314815
20.019000783097 1270.850420916522
20.025000783149153 1272.1787154586227
20.031000783201307 1274.905534532335
20.03700078325346 1270.6074953432437
20.043000783305615 1278.7557508680557
20.04900078335777 1275.8982668276187
20.055000783409923 1282.1566026475693
20.061000783462077 1278.8131578233506
20.06700078351423 1279.1647858796296
20.073000783566382 1279.7787554705585
20.07900078361854 1279.9152447735821
20.085000783670694 1282.13510244864
20.091000783722848 1281.5782911512588
20.097000783775 1283.098945900246
20.103000783827156 1289.39077645761
20.10900078387931 1284.4670839662906
20.115000783931464 1290.4091932508682
20.121000783983618 1283.1830274793838
20.127000784035772 1289.183751989294
20.133000784087926 1288.6812981499565
20.13900078414008 1284.2644269024884
20.145000784192234 1284.7771730776187
20.15100078424439 1279.5817678946037
20.157000784296542 1277.724988019025
20.163000784348696 1271.5391529224537
20.16900078440085 1267.6530298303676
20.175000784453005 1267.5612148708767
20.18100078450516 1262.527274802879
20.187000784557313 1262.76789799443
20.193000784609467 1258.206137197989
20.19900078466162 1255.0037107114438
20.205000784713775 1253.2791521990741
20.21100078476593 1251.506436948423
20.217000784818083 1253.7335238986545
20.223000784870237 1254.172824435764
20.22900078492239 1253.1310130931713
20.235000784974545 1257.1232005931713
20.2410007850267 1253.520061351635
20.247000785078853 1256.842061360677
20.253000785131007 1256.522344518591
20.25900078518316 1257.7536428946037
20.265000785235316 1259.670162624783
20.27100078528747 1258.3952953197338
