m1-67/data/jwst-miri-mrs/wr124-miri-mrs-ch1-star-line-spectrum.ecsv
# %ECSV 1.0
# ---
# datatype:
# - {name: Wavelength, unit: micron, datatype: float64}
# - {name: Intensity, datatype: float64}
# meta: !!omap
# - __serialized_columns__:
#     Wavelength:
#       __class__: astropy.units.quantity.Quantity
#       unit: !astropy.units.Unit {unit: micron}
#       value: !astropy.table.SerializedColumn {name: Wavelength}
# schema: astropy-2.0
Wavelength Intensity
4.900400095357327 1298.2926199776787
4.901200095337117 2268.2209123883927
4.902000095316907 2222.1272321428573
4.902800095296698 2179.184151785714
4.903600095276488 2061.0973772321427
4.904400095256278 2066.085379464286
4.905200095236069 2016.317103794643
4.906000095215859 1989.6180245535713
4.906800095195648 1953.564732142857
4.9076000951754395 2032.275669642857
4.908400095155229 2129.861328125
4.90920009513502 2255.1883370535716
4.9100000951148095 2396.5280412946427
4.910800095094601 2413.2654854910716
4.91160009507439 2544.4659598214284
4.912400095054181 2571.9422433035716
4.913200095033971 2658.1808035714284
4.914000095013762 2726.553780691964
4.914800094993551 2781.7630440848216
4.9156000949733425 2810.3362165178573
4.916400094953133 2915.5777762276784
4.917200094932923 2987.730398995536
4.918000094912713 2987.6964285714284
4.918800094892504 2976.772530691964
4.919600094872294 3048.428780691964
4.920400094852084 3010.5886579241073
4.921200094831875 3021.6824079241073
4.922000094811664 3045.8224051339284
4.922800094791455 3041.0939592633927
4.923600094771245 3004.523367745536
4.924400094751036 2889.4940011160716
4.925200094730825 2710.764578683036
4.926000094710616 2649.6365792410716
4.926800094690406 2641.9708426339284
4.927600094670197 2629.681710379464
4.928400094649986 2535.7271902901784
4.929200094629778 2553.0807059151784
4.930000094609567 2585.6126534598216
4.930800094589358 2404.328543526786
4.9316000945691485 2374.1238839285716
4.932400094548939 2181.310965401786
4.933200094528729 2088.97509765625
4.934000094508519 2044.787318638393
4.93480009448831 2012.628208705357
4.9356000944681 1914.649135044643
4.93640009444789 1857.9884207589287
4.93720009442768 1930.131556919643
4.938000094407471 1798.348353794643
4.93880009438726 1782.7967354910713
4.9396000943670515 1745.2508370535713
4.940400094346841 1720.327915736607
4.941200094326632 1717.4345005580358
4.9420000943064215 1770.1508091517858
4.942800094286213 1826.7866908482142
4.943600094266002 1857.8198939732142
4.944400094245793 1865.07666015625
4.945200094225583 1875.6181640625
4.946000094205374 1936.7926199776787
4.946800094185164 1865.1143275669642
4.9476000941649545 1915.71484375
4.948400094144745 1962.303013392857
4.949200094124535 1523.856654575893
4.950000094104325 1670.3287527901787
4.950800094084116 1805.4557059151787
4.951600094063906 1905.7705078125
4.952400094043695 1859.5980747767858
4.953200094023487 1904.7109375
4.954000094003276 1888.6136997767858
4.954800093983067 1878.8765345982142
4.955600093962857 1845.4574497767858
4.956400093942648 1870.3152901785713
4.957200093922437 1929.0265066964287
4.958000093902228 1996.1395089285713
4.958800093882018 1992.453125
4.959600093861809 2117.7668805803573
4.960400093841598 2163.3074776785716
4.96120009382139 2134.316824776786
4.96200009380118 2003.163853236607
4.96280009378097 2084.06396484375
4.9636000937607605 2244.3123604910716
4.964400093740551 2221.349609375
4.965200093720341 2298.3019670758927
4.9660000937001305 2310.41748046875
4.966800093679922 2306.646902901786
4.967600093659711 2183.9362444196427
4.968400093639502 2183.3839983258927
4.969200093619292 2253.281319754464
4.970000093599083 2272.498116629464
4.970800093578872 2313.20458984375
4.9716000935586635 2424.4928152901784
4.972400093538453 2486.2371651785716
4.973200093518244 2446.4699358258927
4.9740000934980335 2360.96826171875
4.974800093477825 2264.92578125
4.975600093457614 2219.916922433036
4.976400093437405 2109.01904296875
4.977200093417196 1948.507603236607
4.978000093396986 1905.3346121651787
4.978800093376776 1915.8324497767858
4.9796000933565665 1910.601841517857
4.980400093336357 1929.4912109375
4.981200093316146 1821.773228236607
4.982000093295937 1759.1277901785713
4.982800093275727 1586.284458705357
4.983600093255518 1520.1210239955358
4.984400093235307 1497.6483677455358
4.985200093215099 1533.9092494419642
4.986000093194888 1545.6806640625
4.986800093174679 1653.835658482143
4.987600093154469 1546.929966517857
4.98840009313426 1394.2476283482142
4.989200093114049 1395.2071010044642
4.99000009309384 1359.9795619419642
4.99080009307363 1342.1854073660713
4.991600093053421 1321.052734375
4.992400093033211 1342.1079799107142
4.993200093013002 1358.3087332589287
4.994000092992792 1290.6944754464287
4.994800092972582 1301.3042689732142
4.9956000929523725 1332.0606166294642
4.996400092932162 1311.193638392857
4.997200092911953 1282.654575892857
4.9980000928917425 1166.6602957589287
4.998800092871534 1157.3621651785713
4.999600092851323 1078.6063755580358
5.000400092831114 1062.1275809151787
5.001200092810904 1064.265345982143
5.002000092790695 1170.255859375
5.002800092770484 1237.6132114955358
5.0036000927502755 1175.010532924107
5.004400092730065 1160.1676199776787
5.005200092709856 1141.8199637276787
5.0060000926896455 1100.9258510044642
5.006800092669437 1086.950962611607
5.007600092649227 1004.4117606026786
5.008400092629017 1148.541782924107
5.009200092608808 1285.9697963169642
5.010000092588598 1341.6221400669642
5.010800092568388 1255.3626534598213
5.011600092548178 1314.2354213169642
5.012400092527969 1283.301548549107
5.013200092507758 1320.655970982143
5.014000092487549 1394.2403041294642
5.014800092467339 1454.8538643973213
5.01560009244713 1562.58203125
5.016400092426919 1758.351841517857
5.017200092406711 1942.3013392857142
5.0180000923865 1965.603724888393
5.018800092366291 2087.0486886160716
5.019600092346081 2060.4908621651784
5.020400092325872 2244.647391183036
5.021200092305661 2294.709054129464
5.022000092285452 2328.2023577008927
5.022800092265243 2463.023507254464
5.023600092245033 2518.752022879464
5.024400092224823 2613.336495535714
5.025200092204614 2701.267159598214
5.026000092184404 2715.943777901786
5.026800092164193 2776.4044363839284
5.0276000921439845 2771.1982421875
5.028400092123774 2729.3240792410716
5.029200092103565 2727.9069475446427
5.0300000920833545 2689.0908203125
5.030800092063146 2627.700613839286
5.031600092042935 2549.212472098214
5.032400092022726 2468.5926339285716
5.033200092002516 2370.2171456473216
5.034000091982307 2216.018136160714
5.034800091962096 2031.1492745535713
5.0356000919418875 1897.03076171875
5.036400091921677 1784.0931222098213
5.037200091901468 1608.8417271205358
5.038000091881258 1518.525599888393
5.038800091861049 1503.315220424107
5.039600091840839 1464.8851841517858
5.040400091820629 1429.7847377232142
5.04120009180042 1423.9746791294642
5.042000091780209 1269.661411830357
5.04280009176 1225.461635044643
5.04360009173979 1159.8843470982142
5.044400091719581 1168.8198939732142
5.04520009169937 1120.0795200892858
5.046000091679161 1043.6212332589287
5.046800091658951 1013.4972098214286
5.047600091638742 1012.2596261160714
5.048400091618531 973.5584542410714
5.049200091598323 921.6298130580357
5.050000091578112 949.4766322544643
5.050800091557903 977.2517438616071
5.051600091537693 890.0589425223214
5.052400091517484 948.0654296875
5.053200091497274 966.4691685267857
5.054000091477064 984.3798828125
5.054800091456855 1015.1973353794643
5.055600091436645 1016.6654575892857
5.056400091416435 992.1862444196429
5.057200091396225 942.3790457589286
5.058000091376016 915.0961216517857
5.058800091355805 921.1203962053571
5.0596000913355965 901.7822265625
5.060400091315386 930.9273158482143
5.061200091295177 980.5520368303571
5.0620000912749665 983.2330496651786
5.062800091254758 986.2068219866071
5.063600091234547 877.6296037946429
5.064400091214338 810.4139229910714
5.065200091194128 780.361328125
5.066000091173919 752.3504464285714
5.066800091153708 718.1047712053571
5.0676000911334995 815.9727957589286
5.06840009111329 800.6797572544643
5.06920009109308 800.2704380580357
5.07000009107287 765.6621791294643
5.07080009105266 801.3692103794643
5.071600091032451 805.6446707589286
5.07240009101224 812.5068359375
5.073200090992032 771.4111328125
5.074000090971821 827.7458147321429
5.074800090951612 809.7527901785714
5.075600090931402 854.1826171875
5.076400090911193 920.8358677455357
5.077200090890982 957.7401646205357
5.078000090870773 1092.799037388393
5.078800090850563 1188.721470424107
5.079600090830354 1180.4180385044642
5.080400090810143 1247.68701171875
5.081200090789935 1486.3216378348213
5.082000090769724 1548.3340541294642
5.082800090749515 1691.3504464285713
5.0836000907293055 1855.3401925223213
5.084400090709096 2008.137904575893
5.085200090688886 2061.968680245536
5.0860000906686755 2213.750558035714
5.086800090648467 2239.6526227678573
5.087600090628256 2211.358816964286
5.088400090608047 2203.572265625
5.089200090587837 2229.377511160714
5.090000090567628 2257.4363839285716
5.090800090547417 2431.4074358258927
5.0916000905272085 2512.487234933036
5.092400090506998 2569.735281808036
5.093200090486789 2504.802804129464
5.0940000904665785 2357.8918108258927
5.09480009044637 2245.23583984375
5.095600090426159 2193.431222098214
5.09640009040595 2126.782645089286
5.097200090385741 2068.3362165178573
5.098000090365531 1962.1024693080358
5.098800090345321 1780.7735072544642
5.0996000903251115 1766.6591099330358
5.100400090304902 1715.395717075893
5.101200090284691 1611.181919642857
5.102000090264482 1509.689662388393
5.102800090244272 1297.2479073660713
5.103600090224063 1101.3094308035713
5.104400090203852 864.8445870535714
5.105200090183644 861.0524553571429
5.106000090163433 889.8978794642857
5.106800090143224 950.8549107142857
5.107600090123014 948.2633928571429
5.108400090102805 1038.654296875
5.109200090082594 1054.8002232142858
5.110000090062385 1113.707310267857
5.110800090042175 1136.171595982143
5.111600090021966 1338.895228794643
5.112400090001756 1624.7324916294642
5.113200089981547 2013.258091517857
5.114000089961337 2276.879952566964
5.114800089941127 2739.2101702008927
5.1156000899209175 3287.3341936383927
5.116400089900707 3915.4012276785716
5.117200089880498 4410.772042410715
5.1180000898602875 5488.141810825893
5.118800089840079 6911.704659598215
5.119600089819868 9318.430106026786
5.120400089799659 11699.934779575893
5.121200089779449 14456.890904017857
5.12200008975924 17580.399553571428
5.122800089739029 20424.119698660714
5.1236000897188205 22882.15750558036
5.12440008969861 24192.652483258928
5.125200089678401 25252.03585379464
5.1260000896581905 25298.611258370536
5.126800089637982 25356.62967354911
5.127600089617772 25391.57303292411
5.128400089597562 25411.609026227678
5.129200089577353 25464.859235491072
5.130000089557143 25471.085797991072
5.130800089536933 25502.6318359375
5.131600089516723 25545.350027901786
5.132400089496514 25588.479631696428
5.133200089476303 25597.595075334822
5.134000089456094 24323.163922991072
5.134800089435884 22382.350167410714
5.135600089415675 20969.385602678572
5.136400089395464 19379.78445870536
5.137200089375256 17973.309988839286
5.138000089355045 16339.24693080357
5.138800089334836 14501.605747767857
5.139600089314626 10267.833286830357
5.140400089294417 7381.945382254465
5.141200089274207 5557.639439174107
5.142000089253997 4666.114955357143
5.142800089233787 3271.872977120536
5.143600089213578 2854.831473214286
5.144400089193368 2688.0573381696427
5.145200089173159 2579.681640625
5.146000089152949 2336.0090680803573
5.146800089132738 2310.0818917410716
5.1476000891125295 2280.7160295758927
5.148400089092319 2193.7897600446427
5.14920008907211 2208.58984375
5.1500000890518995 2104.235421316964
5.150800089031691 2089.873046875
5.15160008901148 2131.6012834821427
5.152400088991271 2084.8030133928573
5.153200088971061 2119.9793526785716
5.154000088950852 2193.0842633928573
5.154800088930641 2173.0408063616073
5.1556000889104325 2219.2815290178573
5.156400088890223 2311.1080496651784
5.157200088870013 2530.4543108258927
5.1580000888498025 2636.3751395089284
5.158800088829594 2778.4465680803573
5.159600088809384 2859.244559151786
5.160400088789174 3055.603445870536
5.161200088768965 3450.1990094866073
5.162000088748754 3672.0705217633927
5.162800088728545 3767.9016462053573
5.163600088708335 3849.2428152901784
5.164400088688126 3980.0079520089284
5.165200088667915 3965.327706473214
5.166000088647706 3979.054268973214
5.166800088627496 4021.6633649553573
5.167600088607287 4077.494140625
5.1684000885870764 4123.935477120535
5.169200088566868 4149.548060825893
5.170000088546657 4118.692034040178
5.170800088526448 3952.73681640625
5.1716000885062385 3777.15380859375
5.172400088486029 3752.072335379464
5.173200088465819 3673.661690848214
5.174000088445609 3639.140555245536
5.1748000884254 3522.077218191964
5.175600088405189 3475.3828125
5.17640008838498 3368.706124441964
5.17720008836477 3256.8215680803573
5.178000088344561 3146.228445870536
5.17880008832435 2879.2233537946427
5.1796000883041415 2655.799386160714
5.180400088283931 2393.6868024553573
5.181200088263722 2208.240792410714
5.1820000882435115 2042.2841796875
5.182800088223303 1901.3927176339287
5.183600088203092 1787.731724330357
5.184400088182883 1674.5419921875
5.185200088162673 1356.522739955357
5.186000088142464 1314.020228794643
5.186800088122254 1267.6864536830358
5.1876000881020445 1189.0103934151787
5.188400088081835 1136.3763950892858
5.189200088061625 1068.5897042410713
5.190000088041415 990.6572265625
5.190800088021205 854.7030552455357
5.191600088000996 745.7609514508929
5.1924000879807855 857.62451171875
5.193200087960577 860.2188197544643
5.194000087940366 806.7536969866071
5.194800087920157 805.0039760044643
5.195600087899947 791.12109375
5.196400087879738 737.8859514508929
5.197200087859527 680.50146484375
5.198000087839318 578.6706891741071
5.198800087819108 575.4905133928571
5.199600087798899 573.4085518973214
5.2004000877786885 539.2696010044643
5.20120008775848 600.2841099330357
5.20200008773827 631.1805943080357
5.20280008771806 653.07080078125
5.2036000876978505 606.1647600446429
5.204400087677641 669.8452845982143
5.205200087657431 606.1720145089286
5.2060000876372206 626.4263392857143
5.206800087617012 548.1484375
5.207600087596801 541.8234514508929
5.208400087576592 585.0255998883929
5.209200087556382 580.4354771205357
5.210000087536173 589.3054547991071
5.210800087515962 578.0184849330357
5.2116000874957535 575.73828125
5.212400087475543 559.6030970982143
5.213200087455334 504.7320033482143
5.2140000874351236 514.9284319196429
5.214800087414915 509.64327566964283
5.215600087394704 502.26925223214283
5.216400087374495 542.4451729910714
5.217200087354286 561.8360770089286
5.218000087334076 580.5464564732143
5.218800087313866 584.9711216517857
5.2196000872936565 545.4870256696429
5.220400087273447 555.7250279017857
5.221200087253236 490.70884486607144
5.222000087233027 580.9557756696429
5.222800087212817 656.5891462053571
5.223600087192608 736.1473911830357
5.2244000871723975 780.1572963169643
5.225200087152189 842.3269391741071
5.226000087131978 927.8283342633929
5.226800087111769 857.37158203125
5.227600087091559 1040.2252371651787
5.22840008707135 1065.1582728794642
5.229200087051139 1156.96337890625
5.2300000870309304 1244.2889927455358
5.23080008701072 1312.4586356026787
5.231600086990511 1319.5077427455358
5.232400086970301 1373.1282784598213
5.233200086950092 1365.6787806919642
5.234000086929882 1293.263881138393
5.234800086909672 1277.32470703125
5.2356000868894625 1233.7993861607142
5.236400086869252 1247.4349888392858
5.237200086849043 1264.578404017857
5.238000086828833 1248.4296875
5.238800086808624 1205.8255440848213
5.239600086788413 1209.873256138393
5.240400086768204 1205.7286551339287
5.241200086747994 1187.9198521205358
5.242000086727785 1206.0585239955358
5.242800086707574 1189.1983119419642
5.2436000866873655 1173.8470284598213
5.244400086667155 1148.0963309151787
5.245200086646946 1160.24755859375
5.246000086626736 1172.0048130580358
5.246800086606527 1261.2686244419642
5.247600086586317 1293.6581333705358
5.248400086566107 1297.5420619419642
5.249200086545898 1428.2223074776787
5.250000086525688 1530.46923828125
5.250800086505478 1555.3057338169642
5.251600086485268 1608.02099609375
5.252400086465059 1773.980678013393
5.253200086444848 1837.9705636160713
