m1-67/data/jwst-miri-mrs/wr124-miri-spec-ch4.ecsv
# %ECSV 1.0
# ---
# datatype:
# - {name: Wavelength, unit: micron, datatype: float64}
# - {name: Star, unit: MJy / sr, datatype: float64}
# - {name: Knot A, unit: MJy / sr, datatype: float64}
# - {name: BG A1, unit: MJy / sr, datatype: float64}
# - {name: BG A2, unit: MJy / sr, datatype: float64}
# meta: !!omap
# - __serialized_columns__:
#     BG A1:
#       __class__: astropy.units.quantity.Quantity
#       unit: !astropy.units.Unit {unit: MJy / sr}
#       value: !astropy.table.SerializedColumn {name: BG A1}
#     BG A2:
#       __class__: astropy.units.quantity.Quantity
#       unit: !astropy.units.Unit {unit: MJy / sr}
#       value: !astropy.table.SerializedColumn {name: BG A2}
#     Knot A:
#       __class__: astropy.units.quantity.Quantity
#       unit: !astropy.units.Unit {unit: MJy / sr}
#       value: !astropy.table.SerializedColumn {name: Knot A}
#     Star:
#       __class__: astropy.units.quantity.Quantity
#       unit: !astropy.units.Unit {unit: MJy / sr}
#       value: !astropy.table.SerializedColumn {name: Star}
#     Wavelength:
#       __class__: astropy.coordinates.spectral_coordinate.SpectralCoord
#       unit: !astropy.units.Unit {unit: micron}
#       value: !astropy.table.SerializedColumn {name: Wavelength}
# schema: astropy-2.0
Wavelength Star "Knot A" "BG A1" "BG A2"
[from data line 346]
19.779000781010836 1450.5224914550781 500.3565216064453 370.1226043701172 143.93746270073785
19.78500078106299 1437.4374389648438 496.0810317993164 379.6293589274089 146.92084079318576
19.791000781115144 1421.761817932129 497.4793472290039 375.616205851237 144.054928249783
19.7970007811673 1417.0509948730469 509.4113082885742 390.3654073079427 143.53542751736111
19.803000781219453 1415.4572982788086 495.9612503051758 377.3394775390625 146.1668226453993
19.809000781271607 1403.845573425293 508.50079345703125 378.71612040201825 143.86548529730902
19.81500078132376 1429.7491455078125 506.51336669921875 377.2330017089844 141.01283094618054
19.821000781375915 1409.2738647460938 498.60597229003906 392.0187276204427 142.49648708767361
19.82700078142807 1432.6444854736328 503.78055572509766 391.70506286621094 146.3388671875
19.833000781480223 1408.2925567626953 500.23402404785156 389.6648356119792 144.48539225260416
19.839000781532377 1425.9102325439453 516.1483535766602 408.3280385335286 153.03534613715277
19.84500078158453 1421.2611465454102 519.0350112915039 387.81146240234375 150.84225463867188
19.851000781636685 1418.7238082885742 511.95069885253906 395.2307637532552 146.59060329861111
19.85700078168884 1433.856101989746 512.3145980834961 386.4479471842448 152.809566921658
19.863000781740993 1431.9962844848633 504.7234420776367 379.1320292154948 146.13521321614584
19.869000781793147 1448.0910186767578 502.97437286376953 397.5222676595052 146.53761121961804
19.8750007818453 1427.775489807129 493.72137451171875 372.3158009847005 143.68753051757812
19.881000781897455 1432.080451965332 501.33528900146484 376.1669006347656 146.70582411024304
19.88700078194961 1423.3111877441406 506.7695846557617 370.6046600341797 144.29886542426215
19.893000782001764 1424.1632080078125 505.84444427490234 376.89906819661456 142.19784206814236
19.899000782053918 1439.238670349121 505.02537536621094 372.51030985514325 141.46345689561633
19.90500078210607 1409.2938537597656 494.2576141357422 383.596923828125 141.43649631076389
19.911000782158226 1433.3734130859375 503.2860641479492 373.3197733561198 141.882564968533
19.91700078221038 1426.8341979980469 493.706298828125 359.338623046875 145.5580851236979
19.92300078226253 1434.5716857910156 510.91951751708984 385.42591349283856 150.4458991156684
19.929000782314688 1429.5357055664062 508.60164642333984 378.6919657389323 149.3800523546007
19.935000782366842 1392.267318725586 501.714599609375 377.4139149983724 147.5465562608507
19.941000782418996 1439.4545211791992 501.54005432128906 378.0810953776042 144.27111138237848
19.94700078247115 1403.4307327270508 490.77274322509766 375.1262512207031 143.71441989474826
19.953000782523304 1426.9505233764648 501.0147399902344 388.3970184326172 136.01182386610242
19.95900078257546 1420.8401794433594 497.54408264160156 367.9865010579427 139.96080186631946
19.965000782627612 1401.9243927001953 493.98077392578125 373.5297037760417 138.272220187717
19.971000782679766 1430.0039749145508 499.74048614501953 367.8100179036458 138.9252726236979
19.97700078273192 1393.7683639526367 490.13832092285156 368.9261728922526 139.08654106987848
19.983000782784075 1427.5107040405273 501.1516418457031 369.0363362630208 140.33169216579861
19.98900078283623 1413.8642044067383 497.00994873046875 360.49066162109375 142.55374823676215
19.995000782888383 1411.7032852172852 505.1005401611328 378.5645497639974 142.3777092827691
20.001000782940537 1427.2335739135742 503.6012649536133 372.02089436848956 149.1363559299045
20.00700078299269 1402.496810913086 501.29297637939453 362.55713907877606 143.41728719075522
20.013000783044845 1403.918930053711 501.75706481933594 368.86305745442706 142.81446329752603
20.019000783097 1423.8430633544922 493.14041900634766 366.3780924479167 139.96693250868054
20.025000783149153 1418.6897201538086 503.73484802246094 380.7218475341797 143.04830254448785
20.031000783201307 1437.7952270507812 493.75281524658203 373.0673014322917 138.47720336914062
20.03700078325346 1400.9280014038086 489.97386169433594 365.3529815673828 139.47431437174478
20.043000783305615 1416.9118728637695 506.35687255859375 367.65037536621094 145.6419440375434
20.04900078335777 1428.060447692871 486.7552490234375 349.4163564046224 143.1176554361979
20.055000783409923 1439.2791900634766 495.9365921020508 376.44285583496094 137.83719550238715
20.061000783462077 1434.7688293457031 491.82999420166016 365.25572713216144 136.50261773003473
20.06700078351423 1429.252426147461 494.0968246459961 374.47755432128906 140.423583984375
20.073000783566382 1454.505126953125 505.14542388916016 382.15452067057294 140.74030558268228
20.07900078361854 1413.4111022949219 492.26465606689453 372.8213348388672 142.280270046658
20.085000783670694 1448.1919403076172 516.5588302612305 383.8507385253906 139.9298841688368
20.091000783722848 1424.388671875 493.33032989501953 361.8102620442708 143.71436564127603
20.097000783775 1426.1995239257812 503.78611755371094 381.2908935546875 141.78743489583334
20.103000783827156 1458.2005157470703 518.1185531616211 378.14316813151044 141.2744377983941
20.10900078387931 1427.8097686767578 497.85587310791016 367.6494903564453 139.57307942708334
20.115000783931464 1456.414566040039 512.5277633666992 381.01844278971356 145.7843051486545
20.121000783983618 1432.787857055664 503.85755920410156 370.0463409423828 144.3859117296007
20.127000784035772 1444.9678497314453 510.2064666748047 382.70473225911456 141.7490437825521
20.133000784087926 1466.4134979248047 506.93670654296875 377.92316182454425 141.53380330403647
20.13900078414008 1441.7944564819336 498.60904693603516 366.1480712890625 147.50985378689236
20.145000784192234 1456.856948852539 515.4705810546875 380.24452718098956 143.3213365342882
20.15100078424439 1427.3848190307617 500.94750213623047 370.4846445719401 143.29410468207465
20.157000784296542 1435.0839614868164 514.0574340820312 386.55438741048175 146.36151123046875
20.163000784348696 1433.8730392456055 506.734375 371.5847981770833 143.66692776150174
20.16900078440085 1406.445053100586 502.6805725097656 372.0635630289714 147.88997056749133
20.175000784453005 1427.4203796386719 502.8647918701172 382.1983286539714 142.3259514702691
20.18100078450516 1383.564094543457 501.77537536621094 368.276362101237 142.9287312825521
20.187000784557313 1407.328956604004 520.4056930541992 381.45470174153644 147.63680352105035
20.193000784609467 1397.0061950683594 499.2775344848633 365.17017618815106 142.07975260416666
20.19900078466162 1390.3701171875 489.7508544921875 377.0259958902995 144.877682156033
20.205000784713775 1418.3700561523438 512.3914184570312 390.9892323811849 148.7898695203993
20.21100078476593 1383.6653747558594 501.0737533569336 371.1581217447917 144.9452379014757
20.217000784818083 1405.6108016967773 507.66507720947266 385.3323008219401 150.1376478407118
20.223000784870237 1387.247703552246 499.5864944458008 381.6743977864583 140.3212653266059
20.22900078492239 1382.4470291137695 506.31392669677734 378.4391276041667 145.8684319390191
20.235000784974545 1401.4027709960938 515.4435195922852 387.86793009440106 143.71864149305554
20.2410007850267 1368.107292175293 510.23760986328125 385.6003672281901 141.87764146592883
20.247000785078853 1416.1215133666992 518.3225708007812 403.65712483723956 145.34420437282986
20.253000785131007 1409.543228149414 507.72469329833984 390.137212117513 145.11015828450522
20.25900078518316 1378.865982055664 513.708366394043 386.2191670735677 147.91305202907986
20.265000785235316 1414.3428649902344 524.168586730957 394.7854258219401 147.93991427951389
20.27100078528747 1390.7333297729492 511.86925506591797 386.13547770182294 148.30549791124133
20.277000785339624 1420.4029846191406 527.4421310424805 406.2145690917969 148.41735161675348
20.283000785391778 1400.6477127075195 515.8214950561523 389.35272216796875 148.4637688530816
20.289000785443932 1395.7825164794922 515.513916015625 387.4545542399089 146.6071573893229
20.295000785496086 1392.218849182129 528.6317443847656 389.9318084716797 148.1799553765191
20.30100078554824 1399.9582138061523 513.4371871948242 383.49408467610675 143.56301540798611
20.307000785600394 1439.9173049926758 535.3190689086914 410.89161682128906 148.06694878472223
20.313000785652548 1373.1470031738281 515.4337310791016 389.2120310465495 147.44572957356772
20.319000785704702 1403.501365661621 513.4700393676758 399.24609375 142.91391330295139
20.325000785756856 1417.696273803711 524.4132995605469 401.42298889160156 143.7776862250434
20.33100078580901 1369.5409622192383 515.5427932739258 397.04461669921875 145.77497355143228
20.337000785861164 1414.6068954467773 521.9195327758789 397.5726674397786 148.0285169813368
20.34300078591332 1375.345115661621 511.640869140625 387.26410420735675 145.4714152018229
20.349000785965472 1383.5723342895508 530.4375762939453 395.3028259277344 142.37859429253473
20.355000786017627 1415.4094467163086 520.1397399902344 382.4969482421875 148.86727566189236
20.36100078606978 1374.1911849975586 511.0752410888672 383.77695719401044 146.68565199110242
20.367000786121935 1407.2025451660156 525.016960144043 407.8584696451823 147.98198445638022
20.37300078617409 1371.304832458496 504.69481658935547 378.0956726074219 149.85848999023438
20.379000786226243 1390.4089584350586 521.3259201049805 382.8291727701823 150.67180379231772
20.385000786278397 1415.2809982299805 524.9695053100586 390.1508382161458 148.88367377387152
20.39100078633055 1371.9629440307617 507.60291290283203 388.83851623535156 149.73023139105902
20.397000786382705 1421.845474243164 529.8809585571289 407.14093526204425 149.96391805013022
20.40300078643486 1389.4756469726562 524.586784362793 398.234375 146.69390869140625
20.409000786487013 1376.5266876220703 527.9116439819336 405.64977010091144 148.19838121202258
20.41500078653917 1413.3053436279297 532.8678207397461 406.9743398030599 149.3910895453559
20.42100078659132 1338.3096771240234 516.9599456787109 391.76653544108075 149.644283718533
20.427000786643475 1425.1942596435547 528.5630416870117 405.0791320800781 146.50580173068576
20.43300078669563 1386.588493347168 524.3406829833984 389.1343282063802 149.28792656792535
20.439000786747783 1374.8617477416992 534.898307800293 394.1324768066406 149.35933091905383
20.445000786799937 1419.7553100585938 547.4287490844727 412.0607147216797 153.15392049153647
20.45100078685209 1367.159439086914 528.781379699707 404.8484293619792 153.74136691623264
20.457000786904246 1422.9239883422852 540.247802734375 411.54823303222656 155.63829549153647
20.4630007869564 1393.2327194213867 542.0581817626953 401.45098368326825 153.46278211805554
20.469000787008554 1400.0086669921875 534.4037780761719 408.25432840983075 152.46732245551215
20.475000787060708 1439.8451919555664 555.8376998901367 398.49969991048175 155.38279554578992
20.481000787112862 1417.8928680419922 525.5369644165039 387.9375813802083 151.16861300998264
20.487000787165016 1466.3757781982422 530.227424621582 406.9521077473958 152.92170884874133
20.49300078721717 1473.5922241210938 520.2268524169922 390.5120035807292 149.07609388563367
20.499000787269324 1472.0105667114258 521.1476058959961 393.6862487792969 152.02521430121527
20.505000787321478 1502.1693725585938 530.1062393188477 414.0547383626302 160.46200900607639
20.511000787373632 1469.541862487793 517.4425582885742 389.8541514078776 152.50060017903647
20.517000787425786 1518.4957122802734 541.5052108764648 405.29445393880206 154.4591267903646
20.52300078747794 1498.283676147461 537.53515625 398.9909210205078 152.71519978841147
20.529000787530094 1481.6711120605469 542.027946472168 398.1147918701172 153.62960137261285
20.53500078758225 1511.9196853637695 551.8087768554688 405.4093933105469 155.66068522135416
20.541000787634403 1463.977928161621 527.7982177734375 392.55450948079425 154.1552530924479
20.547000787686557 1493.6754684448242 544.5125198364258 410.6878356933594 154.63826497395834
20.55300078773871 1470.6812362670898 547.6685028076172 413.59978739420575 149.89603678385416
20.559000787790865 1444.373519897461 538.5797805786133 404.76959228515625 154.38883463541666
20.565000787843022 1468.8103561401367 552.0968170166016 420.0489756266276 156.02042643229166
20.571000787895173 1416.3114776611328 533.5282287597656 397.51459248860675 154.90877278645834
20.577000787947327 1429.7697143554688 536.8132171630859 400.7861684163411 152.1082797580295
20.58300078799948 1434.9550018310547 550.009765625 411.8745625813802 156.56231011284723
20.589000788051635 1394.8244934082031 533.4873962402344 407.3560333251953 149.82756890190973
20.59500078810379 1421.5087585449219 556.2533874511719 422.35515848795575 152.32619900173611
20.601000788155943 1401.310806274414 542.535758972168 390.93506876627606 154.08768717447916
20.607000788208097 1356.8249053955078 537.5241622924805 401.1564076741536 146.7354770236545
20.61300078826025 1402.889144897461 546.8972015380859 412.4456532796224 150.15911865234375
20.619000788312405 1345.8133163452148 536.2534561157227 409.8854471842448 152.81962415907117
20.62500078836456 1399.0935440063477 546.3781051635742 418.31264241536456 154.17069837782117
20.631000788416713 1352.8086242675781 546.3968048095703 406.14336649576825 149.74020724826389
20.637000788468868 1376.9611892700195 528.7674789428711 407.1508534749349 153.99795193142361
20.64300078852102 1397.9620208740234 545.8142395019531 406.76964314778644 152.51139322916666
20.649000788573176 1356.081771850586 533.7980880737305 388.8000996907552 150.9918246799045
20.65500078862533 1397.3990020751953 548.2468109130859 413.77516682942706 154.42425537109375
20.661000788677484 1369.0099258422852 547.3005752563477 407.1406656901042 154.12319946289062
20.667000788729638 1360.7454833984375 530.4727020263672 411.74012247721356 148.932376437717
20.673000788781792 1396.132553100586 543.8448791503906 419.92018127441406 158.96171400282117
20.679000788833946 1371.2374267578125 521.0990676879883 410.0381317138672 154.0857916937934
20.6850007888861 1361.3856353759766 537.9381713867188 412.4377085367839 157.39999728732639
20.691000788938254 1339.9967193603516 534.6861038208008 408.47580973307294 151.64305962456598
20.697000788990408 1365.8752059936523 531.558219909668 408.4264729817708 153.59375678168402
20.703000789042562 1373.779800415039 541.6432876586914 413.8334096272786 155.14844767252603
20.709000789094716 1352.0740356445312 541.115837097168 409.2263997395833 156.4032185872396
20.715000789146874 1373.1897430419922 544.9437866210938 413.96636454264325 157.52290852864584
20.721000789199024 1390.6940536499023 546.3175430297852 413.0916697184245 157.23187594943576
20.72700078925118 1366.389503479004 541.0896377563477 406.0194600423177 157.7378946940104
20.733000789303333 1400.7015533447266 550.4341278076172 422.88636779785156 159.71849229600696
20.739000789355487 1377.0403137207031 545.0846786499023 416.33607482910156 159.35428534613715
20.74500078940764 1385.6994934082031 545.7409515380859 415.5587209065755 156.49285549587674
20.751000789459795 1394.4428329467773 550.85205078125 413.4155985514323 157.05155775282117
20.75700078951195 1361.302993774414 535.7029190063477 397.32557169596356 155.82564629448785
20.763000789564103 1366.7812271118164 552.5526123046875 412.36255900065106 163.76115926106772
20.769000789616257 1359.3764038085938 546.4790191650391 403.8850962320964 159.69150119357639
20.77500078966841 1363.8186111450195 548.9050674438477 412.99501037597656 155.0627204047309
20.781000789720565 1366.2064590454102 548.4401016235352 418.0238749186198 157.36205376519098
20.78700078977272 1348.32470703125 532.7362747192383 404.15904744466144 161.23672824435764
20.793000789824873 1368.6108016967773 548.189453125 417.69732666015625 164.45974731445312
20.799000789877027 1351.8400268554688 549.0171356201172 415.6633758544922 160.25629001193576
20.80500078992918 1342.875503540039 531.8589477539062 402.99609375 157.8844977484809
