m1-67/data/jwst-miri-mrs/wr124-miri-spec-ch2.ecsv
# %ECSV 1.0
# ---
# datatype:
# - {name: Wavelength, unit: micron, datatype: float64}
# - {name: Star, unit: MJy / sr, datatype: float64}
# - {name: Knot A, unit: MJy / sr, datatype: float64}
# - {name: BG A1, unit: MJy / sr, datatype: float64}
# - {name: BG A2, unit: MJy / sr, datatype: float64}
# meta: !!omap
# - __serialized_columns__:
#     BG A1:
#       __class__: astropy.units.quantity.Quantity
#       unit: !astropy.units.Unit {unit: MJy / sr}
#       value: !astropy.table.SerializedColumn {name: BG A1}
#     BG A2:
#       __class__: astropy.units.quantity.Quantity
#       unit: !astropy.units.Unit {unit: MJy / sr}
#       value: !astropy.table.SerializedColumn {name: BG A2}
#     Knot A:
#       __class__: astropy.units.quantity.Quantity
#       unit: !astropy.units.Unit {unit: MJy / sr}
#       value: !astropy.table.SerializedColumn {name: Knot A}
#     Star:
#       __class__: astropy.units.quantity.Quantity
#       unit: !astropy.units.Unit {unit: MJy / sr}
#       value: !astropy.table.SerializedColumn {name: Star}
#     Wavelength:
#       __class__: astropy.coordinates.spectral_coordinate.SpectralCoord
#       unit: !astropy.units.Unit {unit: micron}
#       value: !astropy.table.SerializedColumn {name: Wavelength}
# schema: astropy-2.0
Wavelength Star "Knot A" "BG A1" "BG A2"
7.5106502288836055 18336.03301420666 185.097651890346 80.39780221666608 75.41696875435966
7.5119502288871445 17942.118204752605 204.80174800327845 90.40052931649345 77.67660822187152
7.5132502288906835 17209.491550990515 207.7375008719308 96.84884425571987 84.02405275617328
7.5145502288942225 16376.688380650112 160.8276972089495 67.21335819789341 61.28838062286377
7.5158502288977616 15426.222191220239 142.61469323294503 49.410794087818694 46.183245522635325
7.517150228901301 14406.483017694383 137.02058792114258 49.05130345480783 52.24295847756522
7.51845022890484 13122.551423572359 136.738397870745 47.234930106571746 48.46350342886789
7.519750228908379 11725.434802827382 133.3140629359654 52.53734942844936 49.149069922310964
7.521050228911918 10472.277489071801 123.8236449105399 46.689185755593435 45.10779735020229
7.522350228915457 9359.960704985118 132.5766329084124 53.16836857795715 46.80739838736398
7.523650228918996 8450.574352446056 115.80963134765625 40.60682218415396 47.370754786900115
7.524950228922535 7738.794488816035 124.84884480067662 44.8129711832319 45.518255301884246
7.526250228926074 7261.265940348308 119.20144053867885 38.183741433279856 41.771505628313335
7.527550228929613 6936.951039632161 118.92374311174665 41.346710085868835 39.07147019250052
7.528850228933152 6712.023744128999 110.24641990661621 37.121513571058 37.52477182660784
7.530150228936691 6604.708981468564 106.46464729309082 29.392144245760782 34.58348873683384
7.53145022894023 6528.603259858631 105.0375668661935 29.086504646709987 36.67096437726702
7.532750228943769 6507.3307219005765 103.78275571550641 31.6142994420869 33.813064438956125
7.534050228947308 6500.357375372024 109.99701690673828 41.88685573850359 37.55143969399588
7.535350228950847 6470.4976472400485 108.25308064052037 25.97316743646349 35.761317116873606
7.536650228954386 6411.5674714587985 112.54732186453683 39.465585827827454 32.14985295704433
7.537950228957925 6375.484597342355 110.0141293661935 33.963827065059114 39.48117010934012
7.539250228961464 6292.153047107515 111.80467932564872 42.148501191820415 33.065423420497346
7.540550228965003 6246.987564813523 113.9492416381836 39.643725344112944 33.63397366659982
7.541850228968542 6202.527717227027 112.08839688982282 37.59332585334778 31.09615785734994
7.543150228972081 6207.399710518973 114.03463581630162 45.36371374130249 31.876146044049943
7.54445022897562 6180.211289178757 110.29017094203404 33.089837048734935 31.653791087014334
7.545750228979159 6227.720742361887 116.16592243739537 41.92640508924212 31.601971217564174
7.547050228982698 6127.539590018137 108.43111910138812 24.851724292550767 38.131668601717266
7.548350228986237 6262.862971714565 112.10544858660016 40.888768093926565 28.023697887148177
7.549650228989776 6273.948024204799 108.26198496137347 26.05344729764121 27.767054549285344
7.550950228993315 6229.513623918806 110.4672268458775 41.315799065998625 28.118267365864344
7.552250228996854 6261.597800118582 116.70018332345145 34.247698869024006 38.251870564052034
7.553550229000393 6311.457791283017 113.0541261945452 46.19475718906948 35.36288349969046
7.554850229003932 6223.3431730724515 121.96584974016461 45.08645715032305 41.053570066179546
7.556150229007471 6164.899623325893 120.88928277151925 35.28558568869318 40.06892578942435
7.55745022901101 6131.7555745442705 121.64305441720145 39.13697297232492 32.05069156203951
7.558750229014549 6084.885858444941 119.72532272338867 30.699041485786438 41.95063696588789
7.560050229018088 6104.6511462983635 124.56800297328404 49.77672903878348 44.831852776663645
7.5613502290216275 6168.647084554036 123.83376720973423 35.53677939410721 37.34439420700073
7.5626502290251665 6149.449122837612 119.92119761875698 49.96310690471104 31.84449018750872
7.5639502290287055 6088.405024937221 112.13361304146903 32.37035128048488 32.08288288116455
7.5652502290322445 6102.429469517299 112.91121401105609 43.351670605795725 24.558457919529506
7.566550229035784 6104.308329264323 117.19866289411273 30.36735996178218 25.999220030648367
7.567850229039323 6124.757290794736 115.05417142595563 33.461062205689295 34.738774163382395
7.569150229042862 6114.6134847005205 119.34218924386161 34.7705445757934 33.94495381627764
7.570450229046401 6079.690046037947 122.08235331944057 33.655901193618774 37.964778423309326
7.57175022904994 6054.524741036551 120.98693684169224 50.85120276042393 32.409615414483206
7.573050229053479 6025.882597423735 122.62799944196429 38.609154088156565 40.35749026707241
7.574350229057018 6146.298573811849 121.2010258265904 51.60131747382028 42.47708790642874
7.575650229060557 6170.65378679548 126.38703046526227 37.66400221415928 47.09767886570522
7.576950229064096 6135.047097342355 130.97835159301758 41.16576744828905 39.84802777426584
7.578250229067635 6190.5444902692525 127.50499234880719 32.91222880567823 40.32899682862418
7.579550229071174 6282.78351702009 123.7596413748605 32.40203703301294 37.67922176633562
7.580850229074713 6305.74170648484 120.37324442182269 25.07817680495126 30.684551341193064
7.582150229078252 6274.950279599145 118.74313245500836 28.561846749590977 30.046041420527867
7.583450229081791 6333.497065952846 121.62642778669085 40.704154116766794 24.886011042765208
7.58475022908533 6446.186232793899 132.33928108215332 35.31521114281246 35.810709544590544
7.586050229088869 6517.510378882998 126.83419173104423 42.32026072910854 38.9826786177499
7.587350229092408 6536.973571777344 126.00196783883231 33.73100345475333 39.176338876996724
7.588650229095947 6522.611732119605 126.44517353602818 41.508591779640746 42.74567454201834
7.589950229099486 6465.708876836868 137.13753618512834 39.27122027533395 41.90977008002145
7.591250229103025 6437.809661865234 124.76437105451312 44.48383923087801 42.627845764160156
7.592550229106564 6475.826440720331 130.34074020385742 45.7407477242606 42.599681445530486
7.593850229110103 6433.227278936477 128.03241293770927 44.6633740067482 39.24862684522356
7.595150229113642 6323.094823928106 122.63223075866699 42.640942914145334 32.738659748009276
7.596450229117181 6281.083529517764 123.42786897931781 35.26115168418203 40.547168254852295
7.59775022912072 6255.0742754255025 112.83495548793248 26.89629121337618 40.44737958908081
7.599050229124259 6247.435501825242 123.4408506665911 18.33771800143378 31.347596849714005
7.600350229127798 6208.31784929548 118.15272630964007 35.07616749831608 28.94596610750471
7.601650229131337 6191.226677304223 125.03789520263672 27.954600014856883 31.72584663118635
7.602950229134876 6169.927320207868 126.35518373761859 37.16079025609152 34.63169595173427
7.604250229138415 6155.535037086123 129.8140869140625 31.331185596329824 39.525705746241975
7.605550229141954 6014.37120274135 131.25076838902064 39.134369316909996 41.53031131199428
7.606850229145493 5924.780907040551 128.54322106497628 42.621831962040496 41.304302964891704
7.608150229149032 5876.590395972842 126.74519511631557 42.36880376402821 42.31374209267752
7.609450229152571 5874.566897437686 119.72774015154157 35.97646379470825 42.955481733594624
7.61075022915611 5857.410737537202 129.61971991402763 38.57723571998732 33.43539381027222
7.6120502291596495 5880.709280831473 125.36449486868722 42.17190547979304 37.883566447666716
7.6133502291631885 6004.736982073103 125.00351006644112 37.846730704818455 27.06314139706748
7.6146502291667275 5936.817606608073 121.83443886893136 33.853274072919575 32.384354727608816
7.6159502291702665 5934.120149158296 123.06050927298409 31.303936634744918 20.165670139448984
7.617250229173806 5972.930450439453 117.585784639631 36.73477441923959 32.786217417035786
7.618550229177345 5948.900240943545 122.82369068690709 27.679244356495992 33.6498782570873
7.619850229180884 5985.429749988374 124.69331359863281 33.81877891506468 35.654102189200266
7.621150229184423 5910.157036190942 125.67390441894531 38.001837083271575 36.61249451977866
7.622450229187962 5840.921302432105 130.93138667515345 39.51530301570892 35.01821197782244
7.623750229191501 5814.093853178479 127.4538219996861 39.74361733027867 42.634900842394146
7.62505022919504 5822.5745035807295 136.7001669747489 43.005537033081055 32.61744485582624
7.626350229198579 5854.476254417783 128.13048335484095 36.3015969821385 41.590782574244905
7.627650229202118 5825.90621366955 131.3685144696917 32.910861662455964 32.72999074629375
7.628950229205657 5808.081093924387 130.03599221365792 34.79396913732801 42.881529808044434
7.630250229209196 5818.527769542876 126.64002391270229 30.628435015678406 27.22540123122079
7.631550229212735 5784.926640101841 125.36116709027972 29.26468515396118 42.73384148733957
7.632850229216275 5831.146202450707 122.5624885559082 28.549831986427307 29.028898102896555
7.634150229219813 5754.355616978237 126.04227365766253 37.123198696545195 34.55169875281198
7.635450229223351 5886.0375569661455 124.0451910836356 35.07721139703478 32.87131684167044
7.636750229226892 5895.250403994605 129.41435841151647 32.28869536944798 27.063232694353378
7.63805022923043 5885.188297816685 125.28810065133231 32.48723040308271 37.76127985545567
7.63935022923397 5862.908511207217 131.85811505998885 36.55058799471174 28.192601816994802
7.640650229237508 5826.294323149182 132.20231083461218 36.271549829414916 47.39661012377058
7.641950229241046 5812.502656482515 129.60271399361747 47.10713202612741 31.22993004322052
7.643250229244587 5809.946520124163 130.26871708461218 37.00033911424024 44.6914587020874
7.644550229248125 5872.942218598865 123.85900006975446 40.5871776172093 35.93650372964995
7.645850229251663 5793.662711007254 127.44341632298061 37.115838749068125 44.672466550554546
7.647150229255203 5864.445651099795 126.69394520350865 34.99545393245561 35.044420663799556
7.648450229258742 5913.8394455682665 130.8314105442592 37.39231269700186 40.007800238473074
7.649750229262282 5966.8322187151225 127.53064782278878 31.725553682872228 32.004979951041086
7.65105022926582 5883.825645810082 133.66116986955916 29.631279161998204 26.47991112300328
7.652350229269358 5896.264133998326 129.89136668613978 26.72976804631097 35.46657044546945
7.653650229272898 6078.915236700149 129.091402053833 33.0241961479187 27.69127004487174
7.654950229276437 6075.448381696428 126.24381419590541 28.31909932409014 46.765892437526155
7.656250229279977 6111.4293706984745 125.56413214547294 32.94830771854946 29.150803887418338
7.657550229283515 6006.535933721633 129.3840114048549 34.46057111876352 43.28234549931118
7.6588502292870535 5973.727565220424 128.42237745012557 36.75446673801967 30.902724606650217
7.660150229290593 6038.99462890625 132.13962282453264 41.41370872088841 53.5862603868757
7.661450229294132 6077.95003545852 121.15756552559989 36.96768849236624 43.848921230861116
7.662750229297671 6072.311806815012 125.95538221086774 37.56427781922476 41.99309287752424
7.6640502293012105 6141.0662522088915 125.7940423148019 28.333945662315404 34.36013160433088
7.665350229304749 6246.509100051153 126.89828409467425 31.80876793180193 28.473714896610804
7.666650229308289 6274.395788283575 118.95302908761161 30.82895299366542 27.91742593901498
7.667950229311828 6282.445789155506 117.95926884242466 29.278068440301077 25.959630148751394
7.669250229315366 6274.985515776135 126.71223068237305 27.603938579559326 47.6498898097447
7.670550229318906 6254.241803850447 124.79828698294503 26.802664348057338 31.352780478341238
7.671850229322445 6161.49398077102 134.10887745448522 28.786928943225316 36.61616257258824
7.673150229325985 6167.43755086263 122.48856517246791 29.962587560926163 22.637565119192004
7.674450229329523 6095.342981247675 128.8679940359933 30.82468352999006 36.889858858925955
7.675750229333061 6030.698464529855 119.52147456577846 30.557287650448934 38.789361408778596
7.677050229336601 5993.422690255301 128.68060084751673 28.231746350015914 39.425675187792095
7.67835022934014 5846.529360816592 122.99797821044922 34.77852065222604 39.004363128117156
7.67965022934368 5820.140003022693 121.49932180132184 30.14252213069371 36.34203904015677
7.680950229347218 5921.937417166574 125.75709860665458 29.873877393347875 38.16090045656477
7.682250229350756 5951.279527936663 122.95419011797223 27.56855184691293 32.180435521262034
7.683550229354296 5945.388352167039 121.3268290928432 26.921570420265198 35.00188619749887
7.684850229357835 5942.713009788877 114.12776293073382 21.437548841748917 31.97048262187413
7.686150229361375 5924.21197219122 121.42809077671596 29.251363141196116 37.6239801134382
7.687450229364913 5954.566715785435 116.2458130972726 27.44414896624429 37.65055193219866
7.688750229368451 5893.059345063709 120.77204949515206 32.62631940841675 37.552899496895925
7.690050229371992 5897.313701811291 116.15708868844169 26.749384820461273 36.61011219024658
7.69135022937553 5850.506180536179 117.3879029410226 34.056019510541645 35.23339966365269
7.692650229379068 5793.015928722563 116.80083847045898 28.89253295319421 32.72363127980913
7.693950229382608 5797.5308024088545 118.34202657427106 33.56046554020473 37.100798402513774
7.695250229386147 5692.845785958426 119.12318311418805 33.10203508819853 28.783769505364553
7.696550229389687 5447.494120279948 116.50359453473773 30.159125464303152 39.69537707737514
7.697850229393225 5766.853519984654 119.20587376185826 35.365063534251284 33.52585315704346
7.699150229396763 5796.100122360956 112.84001050676618 30.620474202292307 34.76966667175293
7.700450229400303 5836.942971365793 115.4679685320173 31.227721628333843 30.057255336216517
7.701750229403842 5887.812691824777 110.92755344935826 26.949297973087855 31.04853446143014
7.703050229407382 5904.246842157273 122.5050070626395 31.331531081880843 33.348071166447234
7.70435022941092 5765.435658046177 117.05344063895089 26.67119755063738 36.740048953465056
7.705650229414458 5781.868087041946 122.34886714390346 31.241427889892034 39.574345111846924
7.706950229417998 5905.3848223005025 113.48417173113141 24.717087081500463 38.15621934618269
7.708250229421537 5864.626155308315 117.75402069091797 25.602367164034927 37.36844989231655
7.7095502294250755 5863.179962158203 119.16711316789899 29.246327174561365 32.08344432285854
7.710850229428615 5888.766530354817 114.03595461164203 24.06871782030378 40.208356039864675
7.712150229432154 5721.691942487444 112.32553318568638 29.87991326195853 24.367633938789368
7.713450229435694 5733.965443929036 113.89363752092633 33.80698834146772 36.487284660339355
7.7147502294392325 5736.429771786645 114.93268585205078 34.366511055401396 25.05623655659812
7.716050229442771 5740.514238630022 110.87752151489258 26.92301450456892 33.2408629826137
7.7173502294463105 5776.428802490234 118.96412822178432 27.779514078583038 29.950828007289342
7.718650229449849 5815.66412789481 112.8506088256836 21.23619109392166 34.938929966517854
7.7199502294533895 5878.774598621187 114.35842786516461 31.73156408752714 29.040037768227712
7.721250229456928 5864.0198480515255 110.13068989345005 22.71166610292026 37.66327435629709
7.722550229460466 5859.776705787295 111.97538757324219 28.197802747998917 37.52318041665213
7.723850229464006 5761.746432349795 111.90534373692104 25.87762753878321 33.845392159053254
7.725150229467545 5850.80912562779 113.25126266479492 28.444506815501622 38.25311728886196
7.726450229471085 5798.373555501302 115.96908133370536 29.110119136316435 31.050348928996495
7.727750229474623 5766.287811279297 116.84309932163784 25.771554912839616 44.368440764290945
7.729050229478161 5736.54347156343 117.75547409057617 37.983606474740164 28.257933727332524
7.730350229481701 5740.841273716518 119.64852687290737 31.751814978463308 42.257849965776714
7.73165022948524 5742.877073742095 119.50950677054269 44.78472450801304 30.13125126702445
7.73295022948878 5741.14354015532 116.99799074445453 28.510322132280894 38.530945096697124
7.734250229492318 5770.0273844401045 113.67554255894252 32.085535185677664 22.426952941077097
7.735550229495856 5806.638121105376 118.13988930838448 30.82142973797662 33.061620576041086
