m1-67/data/jwst-miri-mrs/wr124-miri-spec-ch2.ecsv
# %ECSV 1.0
# ---
# datatype:
# - {name: Wavelength, unit: micron, datatype: float64}
# - {name: Star, unit: MJy / sr, datatype: float64}
# - {name: Knot A, unit: MJy / sr, datatype: float64}
# - {name: BG A1, unit: MJy / sr, datatype: float64}
# - {name: BG A2, unit: MJy / sr, datatype: float64}
# meta: !!omap
# - __serialized_columns__:
#     BG A1:
#       __class__: astropy.units.quantity.Quantity
#       unit: !astropy.units.Unit {unit: MJy / sr}
#       value: !astropy.table.SerializedColumn {name: BG A1}
#     BG A2:
#       __class__: astropy.units.quantity.Quantity
#       unit: !astropy.units.Unit {unit: MJy / sr}
#       value: !astropy.table.SerializedColumn {name: BG A2}
#     Knot A:
#       __class__: astropy.units.quantity.Quantity
#       unit: !astropy.units.Unit {unit: MJy / sr}
#       value: !astropy.table.SerializedColumn {name: Knot A}
#     Star:
#       __class__: astropy.units.quantity.Quantity
#       unit: !astropy.units.Unit {unit: MJy / sr}
#       value: !astropy.table.SerializedColumn {name: Star}
#     Wavelength:
#       __class__: astropy.coordinates.spectral_coordinate.SpectralCoord
#       unit: !astropy.units.Unit {unit: micron}
#       value: !astropy.table.SerializedColumn {name: Wavelength}
# schema: astropy-2.0
Wavelength Star "Knot A" "BG A1" "BG A2"
[from data line 2637]
10.938750238216013 3790.056121826172 91.54505375453404 31.297998445374624 49.85251876286098
10.940050238219554 3818.3746890113466 92.74992261614118 45.398705210004536 48.4105133329119
10.941350238223091 3812.355470203218 85.22602462768555 40.774384941373555 46.636166436331614
10.942650238226632 3790.27774483817 87.2445308140346 36.842730215617586 51.56070409502302
10.94395023823017 3826.522761753627 85.53785869053432 40.23712042399815 46.57781573704311
10.94525023823371 3818.072036016555 86.25946426391602 31.28483760356903 46.07545076097761
10.946550238237249 3796.0244663783483 87.53423036847796 38.06690617970058 45.44517993927002
10.947850238240786 3835.755863734654 83.81866618565151 34.60795709065029 47.781652859279085
10.949150238244327 3814.1834789457776 83.40024730137416 35.81168760572161 47.331389563424246
10.950450238247866 3790.999270484561 86.10618155343192 40.212759835379465 44.37513065338135
10.951750238251403 3777.629920596168 84.9904044015067 40.36259731224605 43.37158530099051
10.953050238254944 3789.4925580705917 88.19405909946987 41.76805648633412 48.825785636901855
10.954350238258481 3760.8411836170017 86.44513157435826 42.94504083905901 46.68585661479405
10.955650238262022 3728.5992170061386 87.3128160749163 34.6898746745927 44.14190340042114
10.956950238265561 3706.4916236514136 93.76096017020089 40.03391160709517 45.84614971705845
10.9582502382691 3713.6410246349515 88.20970589773995 35.61370645250593 42.740144797733855
10.959550238272639 3693.6761954171316 91.54758780343192 36.08793741464615 43.658187355313984
10.960850238276178 3680.572235107422 95.40500204903739 42.315148557935444 49.716513225010466
10.962150238279717 3690.160595121838 87.66964612688336 38.442683696746826 44.58373635155814
10.963450238283256 3710.3289606003536 88.09403446742466 40.49465104511806 44.03788334982736
10.964750238286793 3707.7920590355284 91.15424374171666 42.372379302978516 51.706455775669646
10.966050238290334 3710.7628566196986 96.05318341936383 41.30433859143938 42.6407264981951
10.967350238293873 3721.026136125837 96.48246492658343 44.411747455596924 46.42530632019043
10.96865023829741 3726.4610784621464 87.34421375819615 40.02496583121164 46.83443151201521
10.969950238300951 3733.9365670340403 90.38816779000419 42.279163224356516 40.08547142573765
10.971250238304489 3755.2189360119046 89.5521877833775 48.076797349112375 50.83010728018625
10.97255023830803 3764.477831159319 89.31218773978097 44.246267795562744 44.635396412440706
10.973850238311568 3753.26514398484 92.16678401402065 42.63219928741455 48.682415281023296
10.975150238315107 3802.599907284691 89.76748221261161 43.32472242627825 49.94364711216518
10.976450238318646 3851.951158796038 91.70043400355748 35.49868106842041 37.62817587171282
10.977750238322184 3804.1163460867747 91.29210444859096 41.50630133492606 46.55843571254185
10.979050238325724 3787.8892182849704 88.54242161342076 34.57614415032523 51.55581419808524
10.980350238329263 3802.4039640880765 91.90481621878487 33.04659496460642 42.240001814705984
10.9816502383328 3803.8931477864585 91.73313358851841 36.529251439230784 50.38337707519531
10.982950238336342 3901.6942225864955 88.16609791346959 31.203531197139196 39.78912493160793
10.98425023833988 4106.092165992373 93.3986064365932 40.63626752580915 44.96899850027902
10.985550238343418 4506.496419270833 96.51441465105329 39.27437891278948 48.09031711305891
10.986850238346959 4753.134496779669 93.76145226614815 34.904201643807546 40.59095386096409
10.988150238350496 4787.185821533203 100.13005665370396 44.33077778135027 52.28908797672817
10.989450238354037 4782.91502453032 100.91697638375419 37.87189653941563 51.91065379551479
10.990750238357576 4769.953479585193 103.13585826328823 40.04539040156773 44.64948150089809
10.992050238361115 4718.68707711356 106.87474714006696 46.52799660818918 56.65719154902867
10.993350238364654 4719.336982363746 101.68005698067802 40.974362237112864 44.78271222114563
10.994650238368191 4705.005471365793 106.60263551984515 53.133181640080046 49.48942906515939
10.995950238371732 4626.398805164155 108.59154292515346 45.62356553758894 60.03067125592913
10.99725023837527 4669.008661179316 108.76988274710519 44.288666588919504 49.669262068612234
10.998550238378808 4693.073618570964 111.0660400390625 47.773358072553364 60.74669756208147
10.999850238382349 4676.064894903274 110.24560165405273 40.73246737888881 62.74543496540615
11.001150238385886 4694.920456659226 107.73610632760185 38.40862498964582 51.406246525900706
11.002450238389427 4713.9643787202385 110.59191349574498 43.67342662811279 65.06793934958321
11.003750238392966 4724.753599621001 107.62301744733539 39.867925473621916 53.245223249707905
11.005050238396505 4721.242155529204 110.8696049281529 44.73666793959482 57.9847503389631
11.006350238400044 4758.236467633928 113.286926814488 44.263669286455425 63.66948904309954
11.007650238403583 4763.734007335845 104.18101392473493 40.61118071419852 51.92224223273141
11.008950238407122 4765.822788783482 109.40880366734096 50.30372619628906 64.95724391937256
11.010250238410661 4790.113490513393 111.38162013462612 42.75100820405142 62.099800314222065
11.011550238414198 4820.17586117699 108.36886215209961 44.4174941607884 51.006400278636384
11.01285023841774 4819.588800339472 110.605959211077 52.05744538988386 62.84637246813093
11.014150238421278 4813.51219976516 106.46781703404018 40.683251993996755 48.27687319687435
11.015450238424815 4826.888561430432 109.39581789289203 48.23743534088135 53.362986837114605
11.016750238428356 4866.863377162388 112.77745165143695 47.65659018925258 60.774265153067454
11.018050238431893 4894.438912527902 105.01288059779576 44.317287990025115 45.94148465565273
11.019350238435434 4900.418432326544 106.50640378679547 49.89711175646101 58.73972511291504
11.020650238438973 4923.191949753535 110.16402762276786 43.901065008980886 58.04866681780134
11.021950238442512 4905.314764113653 106.60653959001813 43.741519008363994 52.51459653036935
11.023250238446051 4899.786991664341 111.72288622174945 45.234009061540874 62.90073721749442
11.024550238449589 4899.675557454427 112.29228755405971 44.724673884255544 51.1593964440482
11.02585023845313 4856.640902564639 110.40832574026925 49.491941009249004 55.30148696899414
11.027150238456668 4841.605217343285 114.4586568559919 46.0828481401716 58.984572410583496
11.028450238460206 4840.145288376581 106.36025183541435 38.36287661961147 53.44982508250645
11.029750238463746 4879.527925037202 108.99538367135185 43.91294847215925 64.52734129769462
11.031050238467285 4727.031328473772 111.77164132254464 39.13648520197187 58.006703649248394
11.032350238470823 4454.36812046596 107.00606645856585 41.53928184509277 52.5492125919887
11.033650238474364 4115.3425060453865 106.68907655988421 48.159625325884136 67.36792455400739
11.0349502384779 3884.0823277064733 100.28171811785016 44.643132482256206 42.69400119781494
11.036250238481442 3813.830344063895 98.50470297677177 44.09627490384238 50.004196303231375
11.03755023848498 3766.3357660202755 104.31434522356305 44.37737652233669 59.12378379276821
11.03885023848852 3828.687222435361 98.90930993216378 41.29679719039372 46.94090993063791
11.040150238492059 3827.0861147925966 102.97436141967773 45.60165555136545 62.545557839529856
11.041450238495596 3838.0316467285156 104.13252530779157 44.87974630083357 55.14955929347447
11.042750238499137 3856.5413353329614 98.80723789760044 42.08597878047398 51.400208473205566
11.044050238502676 3832.329126267206 106.72575759887695 42.52440425327846 63.50582872118269
11.045350238506213 3845.1812380836122 103.25951712472099 37.590240069798064 47.54336765834263
11.046650238509754 3869.7249625069753 99.5712389264788 34.97050872019359 53.22663402557373
11.047950238513291 3880.8439331054688 103.55579430716378 37.92234230041504 52.78963933672224
11.049250238516832 3841.0983537946427 98.475036076137 30.499995708465576 41.64339583260672
11.05055023852037 3856.864949544271 101.72562789916992 39.11011116845267 48.94026470184326
11.05185023852391 3851.3223077683224 99.0999995640346 42.96573448181152 46.1294059753418
11.053150238527449 3847.3302118210568 95.69714028494698 37.525542327335906 45.14176368713379
11.054450238530986 3866.1907493954614 105.41926302228656 43.01431751251221 49.35609204428537
11.055750238534527 3866.2659577869235 100.51006480625698 41.01275798252651 39.11137383324759
11.057050238538066 3829.2261018298923 95.38198961530414 40.869035720825195 44.769151960100444
11.058350238541603 3820.524366106306 101.6525524684361 47.47102151598249 48.168028831481934
11.059650238545144 3814.2437918526784 101.80433382306781 40.69090243748256 39.68485839026315
11.060950238548683 3788.1195446196057 104.3920783996582 41.67352976117815 51.990817070007324
11.06225023855222 3751.935350690569 103.0974589756557 41.21895728792463 49.62562526975359
11.063550238555761 3741.4809991745724 97.13152313232422 39.94643746103559 50.20517703465053
11.064850238559298 3731.6021248953684 111.58200454711914 51.15102795192173 56.72982406616211
11.06615023856284 3711.9620419456846 104.27349690028599 45.5289808682033 48.875279017857146
11.067450238566378 3691.6216023763022 106.9550427028111 36.82974559920175 53.09800706590925
11.068750238569917 3705.682874407087 107.74767630440849 44.0165639604841 56.9362085887364
11.070050238573456 3696.5085725330173 91.15567343575614 42.107263701302664 51.82303959982736
11.071350238576994 3698.5892174130395 99.88333293369838 44.77612270627703 62.369699886866975
11.072650238580534 3705.6167820521764 101.74734715053013 45.421784264700754 55.72481748035976
11.073950238584073 3702.198944091797 98.43810108729771 36.96772440416472 54.782684666769846
11.07525023858761 3712.5128464471727 102.56444822038922 47.337416648864746 57.03280816759382
11.076550238591151 3717.373510451544 94.04535838535854 37.338932854788645 48.57068184443882
11.077850238594689 3732.921872093564 94.09351239885602 34.7415543624333 50.35412161690848
11.079150238598228 3754.6316949753536 96.49744088309151 43.22343989780971 48.87770898001535
11.080450238601768 3759.5457153320312 89.64894539969308 33.54277392796108 46.90536839621408
11.081750238605306 3725.1079377673923 98.95111083984375 38.306823117392405 51.06933798108782
11.083050238608847 3742.927568708147 95.057799748012 38.62389714377267 44.76620033809117
11.084350238612386 3747.9666995093935 91.79357474190849 34.622125898088726 45.90893064226423
11.085650238615925 3749.035863967169 100.41945920671735 41.469124112810405 41.491681643894744
11.086950238619464 3754.514407203311 95.51716613769531 33.369601658412385 45.0739483152117
11.088250238623 3767.422309512184 96.57665525163922 36.5903137751988 46.85852772848947
11.089550238626542 3769.716358003162 97.25182506016323 42.88543742043631 44.91200910295759
11.09085023863008 3783.7177225748696 94.37983104160854 33.677187885556904 43.36507878984724
11.092150238633618 3797.3868480864026 100.0863892691476 41.82727130396025 45.8887733731951
11.093450238637159 3782.2723693847656 101.35468891688755 42.369079896381926 45.408669880458284
11.094750238640696 3758.686058407738 104.52672031947544 34.894947754485266 44.89596128463745
11.096050238644237 3756.9146583193824 107.78712626865932 44.05608708517892 47.39951532227652
11.097350238647776 3759.7572806222097 96.03667231968471 32.62054967880249 44.73665073939732
11.098650238651315 3715.104249500093 101.5891865321568 41.01620033809117 45.47861661229815
11.099950238654854 3724.255600702195 99.0826301574707 50.779932090214324 52.814587524959016
11.101250238658391 3704.5543518066406 98.01178632463727 31.86563264472144 47.8352199281965
11.102550238661932 3668.2970086960568 107.60514286586216 41.77450459344046 44.75285461970738
11.103850238665471 3695.0587405250185 104.29842158726284 38.14507286889212 47.27297060830252
11.105150238669008 3708.3411007835753 104.05377360752651 39.90895005634853 51.32532542092459
11.106450238672549 3721.3055972144716 102.76918629237584 51.68098708561489 53.761651856558665
11.107750238676088 3720.165742420015 102.12292861938477 35.05122346537454 51.77215766906738
11.109050238679625 3716.124684651693 106.1083401271275 40.87370012487684 50.83739117213658
11.110350238683166 3755.814458937872 102.25553785051618 44.28765419551304 52.7927029473441
11.111650238686703 3727.0103265671505 101.25239399501255 37.38008829525539 49.474307196480886
11.112950238690244 3715.463628859747 104.87610408238002 50.746456963675364 47.00408738000052
11.114250238693783 3732.489510672433 97.32411847795758 38.50686754499163 49.212342262268066
11.115550238697322 3725.731943766276 99.91236822945731 30.230100435870035 46.41064132962908
11.116850238700861 3718.853762672061 103.39917482648578 42.478707381657195 45.44376632145473
11.118150238704398 3721.1746186755954 99.43941116333008 34.17672722680228 43.70760563441685
11.11945023870794 3627.0577450706846 106.13736179896763 43.56356961386545 39.32874509266445
11.120750238711478 3703.3418826148622 99.84105627877372 37.74366814749582 43.24307223728725
11.122050238715016 3724.4576474144346 96.34051077706474 27.47061719213213 40.41741929735456
11.123350238718556 3728.525932675316 99.58737782069615 38.06443154811859 40.67817504065378
11.124650238722094 3746.278561546689 93.7552010672433 34.40446119223322 44.28509562356131
11.125950238725633 3695.5618722098216 98.5973129272461 38.29851652894701 37.81667389188494
11.127250238729173 3635.425576346261 103.64640154157367 45.050046239580425 45.62958567483084
11.12855023873271 3741.954565139044 100.04461288452148 34.105472224099294 49.182617732456755
11.129850238736251 3728.3759039015995 102.20194244384766 42.095629760197234 46.5615987096514
11.13115023873979 3738.040305001395 100.99099404471261 34.989342076437815 50.059201104300364
11.13245023874333 3742.9241623651415 104.53650174822126 29.948982783726283 48.16298457554409
11.133750238746869 3724.453614734468 113.75890459333148 44.63628700801304 52.548098291669575
11.135050238750406 3705.9068836030506 105.54516765049526 36.160055364881245 51.054233414786204
11.136350238753947 3682.284824916295 111.99258150373187 48.75508178983416 44.958079610552105
11.137650238757486 3620.7428617931546 114.80960191999164 51.56436511448452 53.720829827444895
11.138950238761023 3684.611857096354 105.41732515607562 35.10744852253369 48.710324832371306
11.140250238764564 3714.7173214867003 117.46269771030971 54.053473063877654 47.24089710201536
11.141550238768101 3718.835117885045 112.96365792410714 40.43330832890102 49.885890347617014
11.142850238771642 3698.968755812872 108.98466546194894 36.93840054103306 46.09174496786935
11.14415023877518 3689.6578223818824 110.96768297467914 48.90452037538801 54.65570763179234
11.14545023877872 3694.7098068963915 111.1878422328404 34.30469428641455 50.57143906184605
11.146750238782259 3731.634498232887 112.26796340942383 48.182671308517456 48.731904234204976
11.148050238785796 3728.777507963635 111.98999731881278 43.25022833687918 55.27003601619175
11.149350238789337 3735.2205868675596 113.89500536237445 34.112585714885164 46.46435533251081
11.150650238792876 3733.0024835495724 117.38947078159877 57.74281488146101 49.85337454932077
11.151950238796413 3731.2483738490514 110.90431703839984 36.81760460989816 49.82320499420166
11.153250238799954 3623.224773588635 111.77329744611468 36.32895578656878 41.43227965491159
11.154550238803493 3702.114035470145 117.62944957188198 45.99803345543997 50.68206862040928
11.15585023880703 3743.5080144973026 110.98590796334403 33.63232660293579 44.317746707371306
11.157150238810571 3714.750040690104 111.80372565133231 45.84806946345738 43.03019392490387
11.158450238814108 3713.9828985305057 113.1900018964495 45.62048734937395 49.97331925800869
11.159750238817649 3707.033447265625 112.74105671473912 37.03910609654018 45.0078774860927
11.161050238821188 3717.3533165341332 114.98640550885882 47.55545466286795 45.74289764676775
11.162350238824727 3727.3674926757812 116.72243772234235 36.197721004486084 44.523152760096956
