m1-67/data/jwst-miri-mrs/wr124-miri-spec-ch1.ecsv
# %ECSV 1.0
# ---
# datatype:
# - {name: Wavelength, unit: micron, datatype: float64}
# - {name: Star, unit: MJy / sr, datatype: float64}
# - {name: Knot A, unit: MJy / sr, datatype: float64}
# - {name: BG A1, unit: MJy / sr, datatype: float64}
# - {name: BG A2, unit: MJy / sr, datatype: float64}
# meta: !!omap
# - __serialized_columns__:
#     BG A1:
#       __class__: astropy.units.quantity.Quantity
#       unit: !astropy.units.Unit {unit: MJy / sr}
#       value: !astropy.table.SerializedColumn {name: BG A1}
#     BG A2:
#       __class__: astropy.units.quantity.Quantity
#       unit: !astropy.units.Unit {unit: MJy / sr}
#       value: !astropy.table.SerializedColumn {name: BG A2}
#     Knot A:
#       __class__: astropy.units.quantity.Quantity
#       unit: !astropy.units.Unit {unit: MJy / sr}
#       value: !astropy.table.SerializedColumn {name: Knot A}
#     Star:
#       __class__: astropy.units.quantity.Quantity
#       unit: !astropy.units.Unit {unit: MJy / sr}
#       value: !astropy.table.SerializedColumn {name: Star}
#     Wavelength:
#       __class__: astropy.coordinates.spectral_coordinate.SpectralCoord
#       unit: !astropy.units.Unit {unit: micron}
#       value: !astropy.table.SerializedColumn {name: Wavelength}
# schema: astropy-2.0
Wavelength Star "Knot A" "BG A1" "BG A2"
[from data line 2281]
6.7252000492590005 6936.7545286814375 102.89493361674249 25.117874495188396 12.25913187695874
6.726000049238791 7020.202771928575 91.00077438354492 16.647759002447128 40.239227725399864
6.726800049218581 7012.9777791765 80.52387703582644 17.363129756185742 39.216326885753205
6.727600049198372 6908.235671149359 69.74169791862369 27.614335621727836 21.72883779472775
6.728400049178162 6771.557515886095 82.87327136099339 29.416414043969578 39.0807308703661
6.729200049157952 6846.503022723728 79.94849370419979 24.448979995971502 43.25251339210404
6.730000049137742 6844.572330050998 71.3912595435977 27.57297670563986 29.803477017208934
6.7308000491175335 6875.589733335707 81.92500075697899 19.40567991345428 35.58007839984364
6.731600049097323 6899.433132383559 82.13385592401028 27.827020426129184 37.250391986634995
6.732400049077114 6934.930950376723 92.54075562953949 41.78603798844094 22.986027757326763
6.7332000490569035 6894.173765606351 87.4211722612381 22.512289191401283 30.84349517027537
6.734000049036694 6904.413156509399 73.9769679158926 21.673166618790738 34.62368601560593
6.734800049016484 6905.326681772868 74.36232464760542 34.71124039139858 14.10731671584977
6.735600048996274 6918.334992938571 74.92845793068409 22.863709948783697 19.17993864085939
6.736400048976065 6932.460659662883 75.61607943847775 21.781205074731695 34.80646294189824
6.737200048955855 6932.148326873779 68.4559062984772 27.175728420878567 23.604974952008988
6.738000048935645 6928.973861906264 77.19301226735115 25.596137107804765 21.77860535432895
6.738800048915436 6890.984639909532 75.92775598168373 7.772937100987102 26.56634480216437
6.739600048895227 6822.13431655036 64.15423202514648 16.13297579246898 26.940521496865486
6.740400048875016 6783.025141398112 71.80196085013449 15.110587043817652 28.1886917286449
6.7412000488548065 6748.069282319811 80.63509884476662 8.715635809787484 33.12928895817863
6.742000048834597 6710.257574717204 81.39767979830503 32.10960381114206 23.46707660622067
6.742800048814388 6671.198021146986 84.6603380292654 39.72741695891979 19.70973265171051
6.743600048794177 6668.505095375909 75.6177533864975 26.971199703771013 39.29072941839695
6.744400048773968 6653.382931815253 69.6681283377111 26.662658153578292 35.74210177527534
6.745200048753758 6661.996993594699 83.17313279956579 33.795351871224334 33.05132038725747
6.746000048733549 6704.941954718695 75.8779374063015 25.811601279086844 36.95342172351148
6.746800048713339 6698.932459513347 65.88339859619737 37.285750882570134 29.442124128341675
6.747600048693129 6728.357654995389 75.44935331493616 34.64963777675185 16.599107153713703
6.748400048672919 6786.682171503703 78.72108662128448 21.29251132454983 30.065092857513164
6.7492000486527095 6790.891800562541 67.5024184640497 17.709287615709528 30.511288050148224
6.7500000486325 6795.2597531212705 68.62532582134008 11.997051000595093 23.5843160616027
6.75080004861229 6873.723243289523 75.66205370426178 7.346674126248027 24.759556270307964
6.75160004859208 6869.094018300374 63.01659491658211 19.69601804559881 18.666617413361866
6.752400048571871 6851.016939163208 51.80917465686798 14.623112532225521 11.627854684988657
6.753200048551661 6871.812770207723 65.11030783504248 9.173090967265042 14.458609455161625
6.754000048531451 6905.815600501166 52.00065036909655 9.830498177896846 12.44060292508867
6.7548000485112425 6832.501292970445 51.90718173980713 20.092630191282794 9.260099783539772
6.755600048491032 6868.774252149794 68.42552212253213 12.873228549957275 25.022597640752792
6.756400048470822 6901.2445117102725 66.19692718237638 9.006078237837011 39.22673364811473
6.7572000484506125 6986.878447214763 52.52287596464157 12.873782405799085 22.259436554378933
6.758000048430404 7164.947385364108 58.33959686756134 6.291337186639959 33.310294661257004
6.758800048410193 7340.334053675334 54.68014722317457 8.448422003876079 34.10882307133741
6.759600048389983 7456.128668679132 50.62982565164566 14.555441466244785 16.333152479595608
6.760400048369774 7622.894575119019 64.32296465337276 -1.841983432119543 8.39792383213838
6.761200048349565 7808.541143841214 59.334437653422356 2.628407187082551 7.721028675635655
6.762000048329354 8058.682933595445 49.01803547143936 13.850376356731761 1.7338267879353628
6.762800048309145 8243.474129570855 59.47679342329502 9.158182789317586 -1.7552312376598518
6.763600048288935 8465.827785491943 65.573446854949 9.245840720155023 17.09433203604486
6.764400048268725 8698.657020144992 56.520446836948395 12.698234211314809 8.460846738475892
6.7652000482485155 8914.584009806314 64.73930138349533 9.021560588174246 6.677815824747086
6.766000048228306 8979.511650721231 52.36906603164971 7.255857315930453 18.17851953042878
6.766800048208096 8998.217969682482 48.475819289684296 9.543760798194192 6.745682292514378
6.767600048187886 9099.020733515421 63.772085309028625 22.527241509069096 6.700501865810818
6.768400048167677 9094.053349177042 62.010386034846306 20.922406695105813 21.176148811976116
6.769200048147467 9108.500914891561 61.18145127687603 23.48190955004909 16.987904800309074
6.770000048127258 9206.514028761121 76.90986205637455 21.50455244732174 9.64209427850114
6.770800048107048 9312.085713704428 76.11031134426594 24.097334292801943 33.182386464542816
6.771600048086838 9406.34292793274 63.77684108540416 27.339195947755467 35.2469242811203
6.772400048066628 9470.12327363756 78.34795531257987 26.173647075891495 29.37871206469006
6.773200048046419 9552.9156282213 83.61618496477604 28.65589116378264 44.923084100087486
6.774000048026209 9537.830975850424 80.92545359581709 40.750144178217106 40.73503969113032
6.774800048005999 9490.448088963827 105.6738008633256 55.538742829452865 25.801317181852127
6.775600047985789 9459.280902014838 168.44255256652832 70.31362761150707 50.673986342218186
6.776400047965581 9410.881966696845 176.51991838216782 69.30710909583352 53.824212819337845
6.77720004794537 9346.13496208191 131.5197720527649 58.334490689364344 37.16452585988574
6.77800004792516 9279.312445110745 100.65969353914261 35.869264629754156 36.03166522085667
6.778800047904951 9149.380001915826 79.99658664315939 25.6073250269348 38.04980546732744
6.779600047884741 8980.461680730185 63.11171419918537 30.685727446932685 27.872487392690445
6.780400047864531 8879.446149614123 95.64973947405815 34.77442190863869 30.923746602402794
6.7812000478443215 8705.42834133572 86.94069281220436 28.686925584619697 32.470272954967285
6.782000047824112 8471.541480382284 76.67898680269718 23.66073449497873 27.653977195835775
6.782800047803902 8300.15946261088 85.95444843173027 20.163971001451667 22.505834225151276
6.783600047783692 8117.5814160241025 73.82718727737665 25.97902523387562 28.639563745715552
6.784400047763483 7966.790986802843 78.83222831785679 49.30064476620067 26.588737540774876
6.785200047743274 7824.829940583971 84.63546154648066 51.44902973825281 22.54179639948739
6.786000047723063 7580.798518498738 79.14504635334015 35.979757363823325 32.219686878638136
6.786800047702854 7434.587206098769 73.69461160898209 34.51851351423697 27.192298998435337
6.787600047682644 7349.366615931193 85.34157356619835 32.16014111042023 22.346230169137318
6.788400047662435 7243.455038282606 78.78409912064672 22.62010496312922 28.383792168564266
6.7892000476422245 7146.027126100328 60.96615370362997 21.34975175965916 19.886415069301922
6.790000047622015 7014.0405841403535 67.46222883462906 15.093989664858038 15.215384738312828
6.790800047601805 6942.1133992936875 81.20992621034384 24.382809701291 30.685005095269943
6.791600047581596 6704.6034709082705 65.88225835561752 22.86812311410904 27.114947514401543
6.792400047561386 6804.5758830176455 73.43157163262367 14.142463218082082 17.03226986196306
6.793200047541176 6882.349118550618 76.6995858848095 16.603438304229215 36.52236575509111
6.794000047520966 6837.910261789958 59.70968999713659 20.996894765983928 36.476026429070366
6.794800047500757 6729.946191999647 77.09604788571596 30.370096931403335 23.681409544414944
6.795600047480547 6688.257600784302 80.45031517185271 24.036129902709614 31.392629659838146
6.796400047460337 6625.305737601386 60.38195087760687 23.961159058592536 32.40733440551493
6.7972000474401275 6594.451597213745 87.23575307056308 33.06738773259249 15.060765938626396
6.798000047419918 6580.235314475165 106.89602535963058 36.678956454450436 28.330775923199123
6.798800047399708 6541.908699671428 77.77274955436587 46.72647844661366 30.281049653059906
6.799600047379498 6654.8909740448 94.47305688261986 49.14524326541207 24.946954647699993
6.80040004735929 6712.161300553216 91.7624625787139 33.980250812389635 22.741958998971516
6.801200047339079 6705.952205022176 73.00661952793598 30.369367106394336 22.354354593488907
6.802000047318869 6704.077550252278 82.64541570842266 30.058787768537346 16.852493037780125
6.80280004729866 6729.324629889594 91.34952114522457 24.837470840324055 31.992271840572357
6.803600047278451 6759.90137608846 69.40660547837615 27.125093232501637 33.72311739126841
6.80440004725824 6733.511392381456 66.69635194540024 25.62872255932201 19.33671387698915
6.8052000472380305 6747.050326241388 74.72141646966338 21.033332486044277 13.407292630937365
6.806000047217821 6877.1812824673125 68.86785562708974 17.816683519885622 18.514994859695435
6.806800047197612 6891.906671524048 65.13431301340461 21.786908978765663 14.653600788778729
6.807600047177401 6835.170087602403 73.37800478935242 24.764448339288887 24.541784524917603
6.808400047157192 6711.694428973728 50.6588838994503 21.358103042299096 31.971573107772404
6.809200047136982 6697.728229310777 61.84867411479354 24.069707144390453 32.14254180424743
6.810000047116772 6688.835831960042 84.41645184904337 31.920597656206652 24.411336132221752
6.810800047096563 6672.047656165229 79.15582143049687 28.504277026111428 31.31539526250627
6.811600047076353 6670.156795925564 70.00194379687309 37.70861410552805 34.08563778797785
6.812400047056144 6679.750978257921 81.98464992642403 39.68486830287359 18.886284689108532
6.8132000470359335 6757.793024275038 81.51913844048977 34.18913479826667 32.4584110710356
6.814000047015724 6752.890450795491 81.16775677353144 32.52991279688749 31.29532908068763
6.814800046995514 6797.894415749444 86.25645263493061 25.26256181977012 21.02794000175264
6.815600046975305 6856.799841986762 73.76203975081444 26.12492047656666 28.35578381531458
6.816400046955095 6891.068617290921 63.33799408376217 15.912864357233047 28.33054084248013
6.817200046934885 6915.995770984226 77.83157081063837 16.181524200872943 16.670470842884647
6.818000046914675 6963.175737380981 78.69641133397818 18.19520820270885 20.43311212129063
6.8188000468944665 7001.4927938249375 82.81349630281329 32.11130817369981 23.094364133074933
6.819600046874256 7037.730499903361 78.69815820176154 26.033624486489728 22.68264962070518
6.820400046854046 7024.070701387193 68.92151968926191 28.6289806636897 29.63728057510323
6.8212000468338365 6977.122058868408 63.23521515727043 29.266967551274732 15.62214532163408
6.822000046813628 6860.402723524306 85.92361205816269 25.884292033585634 6.4046572599973945
6.822800046793417 6861.910121705797 88.59563326835632 32.15942177582871 27.185831791824764
6.823600046773207 6874.962977515326 65.7945721168071 44.48599822412837 28.42462033033371
6.824400046752998 6849.3434723748105 76.6539009064436 37.16752637516368 15.70130529668596
6.825200046732788 6912.162041134305 68.94514256715775 36.796444462104276 24.95654274026553
6.826000046712578 7260.03703795539 70.24825944751501 46.29837637597864 42.049123664697014
6.826800046692369 7012.216857062445 86.48722860217094 36.830206871032715 29.06682488653395
6.82760004667216 6898.540173424615 84.31661084294319 25.349727963859383 31.917115264468723
6.828400046651949 6946.885518179999 78.87731305137277 34.40437809174711 29.329423785209656
6.8292000466317395 6939.776555591159 93.05512288212776 33.3445939800956 26.403391751978134
6.83000004661153 6950.579103257921 94.43352803587914 33.30058761542155 33.366561783684624
6.830800046591321 6994.859955681695 76.45586833357811 40.61112868785858 34.970551931195786
6.83160004657111 7025.036575105455 72.99819272756577 39.09678539362821 26.565908653040726
6.832400046550901 7040.3401044209795 79.65542651712894 34.26952187716961 34.98950223624706
6.833200046530691 7015.422781626384 83.97441885620356 31.513574242591858 31.758698993259006
6.834000046510482 6975.77950308058 84.69354689121246 19.683652124621652 19.977817840046352
6.834800046490272 6931.556801478068 81.53030066483188 28.012286167253148 26.132753857307964
6.835600046470062 6825.761801613702 73.28215736150742 26.9413337003101 35.05768603748746
6.836400046449852 6753.9240114423965 83.14082673564553 29.667574683825176 23.951600558227963
6.837200046429643 6693.593845579359 76.31607060134411 37.790506723192 18.71768633524577
6.838000046409433 6618.964142269559 67.49613318312913 39.2926772567961 28.7957430291507
6.838800046389222 6543.188205930922 77.70846897363663 38.25024628109402 26.86804131997956
6.839600046369013 6442.623261345758 81.60058276262134 22.56292555332184 34.90103303061591
6.840400046348804 6352.569540023804 77.15777998790145 30.35938038561079 46.72172597795725
6.841200046328594 6314.814186731975 81.80412753671408 29.786147510343127 28.544332862935132
6.842000046308384 6299.037720998128 83.95439878106117 18.732466769218444 28.36043163223399
6.8428000462881755 6246.095748371548 72.96877490729094 28.347046165996126 30.426371143923866
6.843600046267965 6235.806079864502 79.6920560002327 27.06102923817105 17.085292157199646
6.844400046247755 6290.422034157647 83.89724819362164 12.176199796464708 20.499782664908302
6.8452000462275455 6416.529858271281 68.0163751989603 19.50518160925971 33.79404878574941
6.846000046207337 6490.493755764432 71.25049654766917 30.01716624763277 16.88336529334386
6.846800046187126 6578.173240661621 84.066152125597 31.246969434536165 11.562327399022049
6.847600046166916 6674.172454622057 76.75118739902973 35.03851363393996 25.647092321680653
6.848400046146707 6709.803137249417 79.6404977850616 27.870838122897677 17.32827897204293
6.849200046126498 6726.090687433879 73.6063376441598 20.196629126866657 14.612404000427988
6.850000046106287 6801.759026633368 74.55275852233171 31.93713591893514 27.114111294349033
6.850800046086078 6890.9609741634795 83.55115646868944 39.485461441675824 13.983013841840956
6.851600046065868 7000.566860834758 82.78872202336788 21.66929952038659 18.372049940956963
6.852400046045658 7124.039570066664 71.89926090836525 26.493123912811278 39.5995217760404
6.8532000460254485 7225.4402592976885 83.27160859107971 40.086826615201105 34.72753861215379
6.854000046005238 7307.110481050279 91.1506412178278 30.37412707540724 31.044570518864525
6.854800045985029 7456.131561279297 80.75986898690462 27.385427567693924 41.96010895073414
6.855600045964819 7543.0632843441435 81.74834623932838 41.971714708540176 29.284147534105514
6.85640004594461 7565.459318161011 84.82561836391687 24.040657403733995 10.742788079712126
6.8572000459244 7595.410743501451 69.47617053613067 17.48265094227261 28.45227331461178
6.858000045904191 7647.932405895657 80.81194561719894 33.52645414140489 33.01071624375052
6.858800045883981 7564.736294852362 85.44961415231228 31.268084960513644 24.058935857481426
6.859600045863771 7576.205816480849 83.86133651435375 34.16179653538598 32.056274662415184
6.860400045843561 7571.6054280598955 102.42819010838866 41.709881920284694 31.294037222862244
6.861200045823352 7579.672089894612 95.66994652152061 33.11085245344374 26.134641617536545
6.862000045803142 7492.978737513225 77.56717676669359 33.19666917588976 36.226497231672205
6.862800045782932 7409.528834236993 81.74159114807844 35.672475300894845 34.887087574435604
6.863600045762722 7325.187223858304 83.24528719112277 33.1531279269192 36.01395084791713
6.864400045742514 7253.149104860094 77.62393142282963 43.08952662150065 51.16204896238115
