m1-67/data/jwst-miri-mrs/wr124-miri-spec-ch2.ecsv
# %ECSV 1.0
# ---
# datatype:
# - {name: Wavelength, unit: micron, datatype: float64}
# - {name: Star, unit: MJy / sr, datatype: float64}
# - {name: Knot A, unit: MJy / sr, datatype: float64}
# - {name: BG A1, unit: MJy / sr, datatype: float64}
# - {name: BG A2, unit: MJy / sr, datatype: float64}
# - {name: Knot B, unit: MJy / sr, datatype: float64}
# - {name: BG B1, unit: MJy / sr, datatype: float64}
# - {name: BG B2, unit: MJy / sr, datatype: float64}
# meta: !!omap
# - __serialized_columns__:
#     BG A1:
#       __class__: astropy.units.quantity.Quantity
#       unit: !astropy.units.Unit {unit: MJy / sr}
#       value: !astropy.table.SerializedColumn {name: BG A1}
#     BG A2:
#       __class__: astropy.units.quantity.Quantity
#       unit: !astropy.units.Unit {unit: MJy / sr}
#       value: !astropy.table.SerializedColumn {name: BG A2}
#     BG B1:
#       __class__: astropy.units.quantity.Quantity
#       unit: !astropy.units.Unit {unit: MJy / sr}
#       value: !astropy.table.SerializedColumn {name: BG B1}
#     BG B2:
#       __class__: astropy.units.quantity.Quantity
#       unit: !astropy.units.Unit {unit: MJy / sr}
#       value: !astropy.table.SerializedColumn {name: BG B2}
#     Knot A:
#       __class__: astropy.units.quantity.Quantity
#       unit: !astropy.units.Unit {unit: MJy / sr}
#       value: !astropy.table.SerializedColumn {name: Knot A}
#     Knot B:
#       __class__: astropy.units.quantity.Quantity
#       unit: !astropy.units.Unit {unit: MJy / sr}
#       value: !astropy.table.SerializedColumn {name: Knot B}
#     Star:
#       __class__: astropy.units.quantity.Quantity
#       unit: !astropy.units.Unit {unit: MJy / sr}
#       value: !astropy.table.SerializedColumn {name: Star}
#     Wavelength:
#       __class__: astropy.coordinates.spectral_coordinate.SpectralCoord
#       unit: !astropy.units.Unit {unit: micron}
#       value: !astropy.table.SerializedColumn {name: Wavelength}
# schema: astropy-2.0
Wavelength Star "Knot A" "BG A1" "BG A2" "Knot B" "BG B1" "BG B2"
[from data line 3057]
11.484750239702405 5283.624169921875 263.4398676554362 54.198633233706154 82.17449111938477 73.14848097165425 27.029383252064388 31.18149471282959
11.486050239705945 5306.60038655599 274.1316057840983 62.572340647379555 80.72695693969726 61.55777250395881 17.4028806620174 34.94023169411553
11.487350239709482 5332.514749145508 270.6201235453288 67.62609195709229 101.16903533935547 71.2531795501709 5.5388978189892235 20.019742591513527
11.48865023971302 5362.50097249349 263.2391408284505 65.76959705352783 86.71602935791016 60.29001394907633 6.92951621611913 29.205979108810425
11.489950239716562 5372.502657063802 269.8050880432129 62.057180404663086 89.42212931315105 88.06003295050726 30.221893098619248 14.132160138752726
11.4912502397201 5392.18949584961 276.3601837158203 65.6523134443495 89.4624755859375 92.44889937506781 16.034239667985176 23.157994561725193
11.492550239723638 5416.992057291666 269.85747655232746 62.409692976209854 87.5954091389974 52.97380749384562 12.392004797856012 31.367942836549545
11.493850239727179 5456.295933024088 255.29525883992514 61.52880562676324 91.95324732462565 70.34983921051025 19.942971507708233 8.533210886849297
11.495150239730716 5471.284889729818 264.5176582336426 62.254517555236816 87.94827117919922 67.86914772457547 17.34656082590421 30.47216780980428
11.496450239734255 5442.514408365885 248.90383783976236 61.17523500654433 92.23146260579428 63.55376678042941 21.07161685493257 21.858499606450398
11.497750239737796 5457.60580851237 268.8413429260254 67.09796227349176 88.11999766031902 63.123258643680145 21.470931500196457 23.176802317301433
11.499050239741333 5523.761580403646 279.7523600260417 65.01315307617188 90.72116139729818 55.73238049613105 20.340618716345894 28.593633903397453
11.500350239744872 5515.098691813151 269.5620587666829 67.88179344601102 96.98766784667968 61.9406951268514 35.026879915760624 14.532657543818155
11.501650239748413 5481.4361857096355 265.30065790812176 64.19945552614 87.65116882324219 62.30590894487169 20.27903464105394 31.898917304144966
11.502950239751952 5484.559651692708 254.03975041707358 64.57899538675944 95.88368428548178 67.84085040622287 36.86610505315993 24.737432956695557
11.50425023975549 5504.969274902343 258.4197425842285 61.626818339029946 82.13713785807292 65.53487777709961 18.545305411020916 25.162366257773506
11.505550239759028 5413.960807291666 253.34709803263345 57.77812470330132 83.1344851175944 48.66838677724203 8.168428864743975 43.00285159216987
11.506850239762569 5419.217498779297 248.51035817464194 63.279927253723145 87.24560623168945 79.87282996707492 18.542254328727722 10.637126409345203
11.508150239766108 5452.586789957682 251.67241541544595 59.98349486456977 85.54018910725911 69.94593048095703 -5.434680925475226 31.303149554464554
11.509450239769645 5455.905904134114 257.3092180887858 60.24578238858117 96.55875651041667 56.532604429456924 11.714821961190966 26.00413653585646
11.510750239773186 5411.751200358073 259.29992930094403 65.69988865322537 85.78872528076172 62.868029064602325 1.7541406551996868 14.399717317687141
11.512050239776723 5378.1852620442705 253.6413345336914 69.36067162619696 91.65006713867187 47.90606141090393 -15.784065352545845 25.270640386475456
11.513350239780262 5387.21166381836 255.35846328735352 77.0838099585639 96.54251022338867 62.529906060960556 14.969237450096342 3.0596173803011575
11.514650239783803 5395.286212158203 267.12481053670246 73.62611632876926 89.06109186808268 49.48368099000719 -9.586006669534576 18.721709966659546
11.515950239787342 5388.22861328125 257.94986216227215 87.61094156901042 101.82619781494141 47.54135181506475 -0.28771324538522297 18.8264555964205
11.51725023979088 5406.127748616536 263.05376561482746 88.44722938537598 98.62591705322265 75.5795112186008 7.649828917450375 3.3267275624805026
11.518550239794418 5471.725286865234 248.56272633870444 73.09780152638753 102.75832824707031 47.554534912109375 18.72399232784907 33.74851947360568
11.51985023979796 5517.063710530599 253.46207809448242 69.59602091047499 97.44852549235026 54.22397963205973 25.790433439943527 7.05404516061147
11.521150239801498 5575.285158284505 269.95509338378906 66.69547568427191 97.27279561360677 53.174613343344795 -6.099072866969639 19.423441410064697
11.522450239805035 5623.9125834147135 254.73682657877603 70.1541469362047 98.25837860107421 40.134209632873535 10.859289195802477 16.533939917882282
11.523750239808576 5720.453625488281 260.9934616088867 74.64917352464464 95.74073130289713 50.03394285837809 18.637050337261623 6.66983985569742
11.525050239812115 5791.432967122396 252.64662170410156 73.81354565090604 101.18496500651041 59.608200550079346 -9.433646007544464 31.962662160396576
11.526350239815653 5827.534525553386 247.53244654337564 82.45233747694228 87.39727300008138 62.39818366368612 14.790091296037039 8.854523671997917
11.527650239819193 5935.75581665039 260.25330861409503 68.52285597059462 82.03052597045898 65.51472250620525 16.052934169769287 21.21911084983084
11.52895023982273 6029.372031656901 252.63503138224283 75.1836314731174 90.47830556233724 51.20322076479594 16.46329473786884 31.537271208233303
11.53025023982627 6021.010614013672 259.55399958292645 81.65160009596083 83.45624821980795 59.81663523779975 22.84748175409105 23.20511081483629
11.53155023982981 6045.0933553059895 258.34913126627606 69.40615908304851 98.46133778889974 50.36325878567166 2.7262587630086474 43.29634475708008
11.53285023983335 6133.541961669922 255.92508443196616 70.8604178958469 102.57115783691407 46.0017712381151 25.91773415936364 21.86990856813888
11.534150239836887 6200.610947672526 254.53777186075845 77.36467340257433 90.37794698079428 48.9138912624783 26.383615884515976 22.69911322908269
11.535450239840426 6146.517704264323 239.29632695515951 67.45854049258762 94.10200754801433 50.08373636669583 21.379679653793573 30.131747033860947
11.536750239843967 6178.470123291016 259.30122629801434 74.38813209533691 92.13722229003906 48.55278073416816 21.670753949218327 7.429206993844774
11.538050239847506 6284.503169759115 253.7581990559896 62.970215797424316 93.01181488037109 46.688375526004364 7.445061206817627 27.638471391465927
11.539350239851043 6327.439080810547 258.7640749613444 69.40823088751898 86.1921780904134 55.78854327731662 17.94032245543268 11.518073245055145
11.540650239854584 6302.798250325521 258.4636586507161 73.5592041015625 94.72675018310547 72.04831059773763 17.417794936233097 19.21018159720633
11.54195023985812 6381.383571370443 254.33665466308594 69.04046938154433 94.83630625406902 59.723199950324165 8.27096144358317 26.555418994691635
11.54325023986166 6436.250805664063 266.90194447835285 73.73413785298665 89.165056737264 79.41137674119737 38.20215156343248 1.4230751858817206
11.5445502398652 6418.448935953776 273.040470123291 74.75862884521484 103.51216252644856 76.30415566762288 19.705969913138283 35.66941505008273
11.545850239868738 6383.392405192058 304.76293690999347 79.5941202375624 114.99337056477864 70.15924835205078 29.632543245951336 31.25702163908217
11.547150239872277 6392.117891438802 307.93180592854816 81.97710927327473 110.1546132405599 79.18133195241292 27.380868507756126 26.38180128733317
11.548450239875818 6325.185422770182 262.4617805480957 73.1737003326416 106.60343399047852 67.04493596818712 12.587121824423471 25.313915451367695
11.549750239879357 6251.675286865235 269.55931599934894 73.19604513380263 97.82481180826822 66.40320852067735 28.5012356572681 15.445167428917355
11.551050239882896 6174.324247233073 254.35372670491537 65.95314937167697 101.19872385660807 56.45756424797906 27.185202081998188 43.91973431905111
11.552350239886433 6142.064666748047 252.68788528442383 72.18265512254503 100.79883626302083 46.73476219177246 17.702008171213997 23.901806116104126
11.553650239889974 6068.547550455729 264.4850145975749 74.09427134195964 93.19920501708984 56.288880348205566 15.91560392578443 11.797935905659365
11.554950239893513 6024.76533610026 247.31165059407553 61.81953329510159 104.1397918701172 41.595393459002175 9.94892600002802 32.90873924891154
11.55625023989705 5959.552311197916 248.56233088175455 71.55502213372125 92.6297996520996 57.343704541524254 32.66921055316925 36.82923301060995
11.557550239900591 5917.517602539063 236.1654535929362 74.61665227678087 98.88580017089843 54.84196648332808 12.48677526579963 39.77118746439616
11.558850239904128 5852.086869303385 254.9924456278483 78.0448072221544 93.52020950317383 47.54049836264716 20.779466099209255 22.098159829775494
11.560150239907667 5778.704931640625 254.93841044108072 69.58865812089708 98.71100362141927 58.88514253828261 16.464017695850796 11.2199324104521
11.561450239911208 5776.737436930339 240.13009134928384 58.77745022541947 102.46823323567709 60.14543660481771 2.3086279498206244 27.53397466076745
11.562750239914747 5663.115012613932 236.6930135091146 76.34670088026259 96.00422643025716 55.41941346062554 15.541137675444284 12.64564738339848
11.564050239918284 5545.29496866862 230.2089080810547 69.29162671830919 100.21544036865234 48.45672692192925 -11.37088837226232 36.461396508746674
11.565350239921823 5464.025410970052 235.13530731201172 74.81711069742839 86.21116256713867 32.020249151521256 0.020705979731347825 29.33753334151374
11.566650239925364 5454.181217447916 236.22279357910156 70.5855163998074 86.927316792806 63.23450014326308 14.819255785809624 18.268171628316242
11.567950239928903 5407.6536051432295 235.23491923014322 63.604240311516655 96.51952107747395 51.16968822479248 4.42609345085091 39.57540628645155
11.56925023993244 5342.514723714193 247.40831756591797 71.69769753350153 93.6733004252116 48.89277954896291 22.793513986799454 7.6339362727271185
11.570550239935981 5280.039169311523 227.98668924967447 61.30291726854112 94.24282430013021 56.56243313683404 17.74601101875305 19.771676116519505
11.57185023993952 5276.032182820638 241.7413241068522 59.87650510999892 88.92027638753255 46.24925963083903 19.2671943191025 20.276388353771633
11.573150239943057 5296.119287109375 231.18416595458984 66.0946602291531 91.66203333536784 78.30119874742296 36.33987379074097 15.694102542267906
11.574450239946598 5270.908728027343 228.07340621948242 61.04791333940294 89.69937082926432 49.01303850279914 3.720623407098982 30.184109661314224
11.575750239950136 5247.883342488607 228.54087829589844 74.38820669386122 77.60495300292969 55.85048251681857 23.739448731144268 -1.0423686106999714
11.577050239953675 5292.025931803385 226.42321395874023 60.240772777133515 83.1335942586263 63.58073743184408 5.096985777219136 22.565760162141586
11.578350239957215 5267.557110595703 241.4070841471354 62.6025898191664 74.4663314819336 46.30315197838677 11.426538874705633 18.421686735418106
11.579650239960754 5255.869081624349 230.1944325764974 64.85669072469075 85.49624099731446 61.430867513020836 26.10937735769484 16.98924850092994
11.580950239964292 5240.834763590495 230.4103749593099 62.61262554592557 85.12887496948242 59.753106435139976 20.8458993650145 39.18809170193143
11.58225023996783 5228.077656046549 231.1494051615397 64.47389464908176 87.60112113952637 57.94659614562988 32.22861749596066 8.570986602041456
11.583550239971371 5225.688416544596 230.32241694132486 53.993353525797524 87.54327290852865 65.84892378913031 25.89212908016311 17.892676909764607
11.58485023997491 5197.126078287761 242.2903594970703 57.2327815161811 88.44620463053386 51.56604533725314 17.60778543684218 21.420283873875935
11.586150239978448 5143.594581095377 237.80591201782227 66.33647516038683 90.5446652730306 62.259535471598305 26.467956860860188 19.95911118719313
11.587450239981989 5210.646877034505 233.87324396769205 59.4408982594808 89.51315231323242 52.66183569696214 13.56818307770623 45.93609126408895
11.588750239985526 5193.913551839193 233.65503692626953 67.01953591240778 87.20109202067057 53.7337760925293 27.685095974140697 8.35143968794081
11.590050239989065 5154.32857055664 233.65213775634766 65.62967459360759 94.42156626383463 76.76675033569336 13.44962082306544 24.78996004495356
11.591350239992606 5076.303389485677 247.29730097452799 67.51496420966254 93.66242141723633 55.8356204562717 17.49137258529663 11.615771015485128
11.592650239996143 5167.119003295898 239.18682479858398 67.8722563849555 99.39235382080078 68.84528562757704 31.49033796787262 -20.172783666186863
11.593950239999682 5153.603672281901 240.3260383605957 57.80045382181803 99.47214965820312 48.29995960659451 5.571167379617691 35.48910718493991
11.595250240003221 5134.846060180664 234.0323028564453 61.8272057639228 88.39882863362631 35.83494906955295 15.208702840738827 19.395295513172943
11.596550240006762 5144.361391194661 232.33009465535483 56.60708575778537 98.54475962320963 56.29859187867906 5.516251643498738 35.23232513003879
11.5978502400103 5104.233471679688 236.2773068745931 64.39569240146213 100.1734624226888 39.93087391058604 -0.5844596756829156 26.223738458421494
11.599150240013838 5100.484597778321 236.81107966105142 61.784968270195854 88.97683436075846 55.32320679558648 22.13404557440016 8.648689919047886
11.600450240017379 5072.585061645508 247.8498191833496 66.70392910639445 102.80296503702799 43.50899394353231 4.684157116545571 35.686562564637924
11.601750240020918 5085.225746663412 232.35769017537436 73.42630916171603 103.61503067016602 41.1751169645124 15.46522065003713 31.8526582452986
11.603050240024455 5118.875984700521 225.07025909423828 61.63207636939155 105.89450531005859 57.039634492662216 7.4237842029995385 35.52307595147027
11.604350240027996 5106.581675211589 230.63144556681314 62.64449458652072 110.0964599609375 46.51364697350396 1.9770660350720088 27.127727296617294
11.605650240031533 5119.972755940756 231.5092976888021 60.39655335744222 101.89626871744791 58.84967009226481 19.12324647108714 12.75013121879763
11.606950240035072 5123.2322998046875 242.1605478922526 61.554929203457306 105.94155044555664 65.72602441575792 3.8578277909093432 40.02977646721734
11.608250240038613 5118.173185221354 235.86433283487955 65.53348061773512 100.78249613444011 56.27784162097507 20.987238354153103 15.154812732090553
11.609550240042152 5117.58142191569 232.31974283854166 57.695725202560425 86.3175776163737 60.1995956103007 22.70077872276306 35.00362904866537
11.61085024004569 5093.879279581705 233.75037002563477 69.88487572140164 95.4457784016927 47.27717733383179 8.292533665274581 32.31896824306912
11.612150240049228 5160.661185709635 226.97835795084634 68.413192431132 94.34488321940104 63.93638038635254 27.450775093502468 16.931180973847706
11.613450240052769 5163.0229634602865 234.45135370890299 69.19203037685818 105.26487325032552 59.723021825154625 12.667117404027117 36.375078757603966
11.614750240056308 5118.184187825521 232.7032788594564 69.17706892225478 100.38765436808268 49.574554655287 27.754858321613735 11.255492236879137
11.616050240059845 5147.8272837320965 233.4723892211914 60.18610742357042 98.8090316772461 69.97885025872125 22.67881573902236 42.55827236175537
11.617350240063386 5174.495245361328 241.30322901407877 69.75688118404813 100.01542434692382 53.91334289974637 9.132981148031023 48.32678487565782
11.618650240066923 5141.272969563802 221.54803466796875 59.084567387898765 91.9382199605306 57.43346638149686 9.627606451511383 18.882657812701332
11.619950240070462 5139.907753499349 227.54670333862305 64.51673285166423 88.40403849283854 57.09361690945096 14.937866349601084 42.96445035934448
11.621250240074003 5142.942215983073 229.72435506184897 61.662201166152954 90.02885258992514 56.22272523244222 29.756732020113205 24.564901771851712
11.62255024007754 5163.635299682617 233.7059580485026 64.58137154579163 90.12945200602213 70.77662372589111 20.712993310557472 37.86873573727078
11.62385024008108 5131.741110229492 233.6115468343099 77.99940872192383 99.5866470336914 57.54367340935601 15.058003392484453 46.132602267795136
