m1-67/data/jwst-miri-mrs/wr124-miri-mrs-ch2-star-line-spectrum.ecsv
# %ECSV 1.0
# ---
# datatype:
# - {name: Wavelength, unit: micron, datatype: float64}
# - {name: Intensity, datatype: float64}
# meta: !!omap
# - __serialized_columns__:
#     Wavelength:
#       __class__: astropy.units.quantity.Quantity
#       unit: !astropy.units.Unit {unit: micron}
#       value: !astropy.table.SerializedColumn {name: Wavelength}
# schema: astropy-2.0
Wavelength Intensity
[from data line 2203]
10.374550236680077 226.20457967122397
10.375850236683617 221.28914388020834
10.377150236687154 236.32755533854166
10.378450236690695 223.56429036458334
10.379750236694234 217.1432088216146
10.381050236697773 213.16795857747397
10.382350236701312 213.10540771484375
10.38365023670485 213.9260457356771
10.38495023670839 215.28801472981772
10.386250236711929 215.25277709960938
10.387550236715468 206.25074259440103
10.388850236719007 197.60132853190103
10.390150236722546 197.45714314778647
10.391450236726085 171.56087239583334
10.392750236729624 114.3485819498698
10.394050236733161 111.618896484375
10.395350236736702 119.26956176757812
10.396650236740243 123.77538045247395
10.39795023674378 133.04192097981772
10.399250236747319 139.30504353841147
10.400550236750858 139.09563191731772
10.401850236754397 135.06023152669272
10.403150236757936 132.19418334960938
10.404450236761475 124.91110229492188
10.405750236765014 118.57540893554688
10.407050236768551 113.38700358072917
10.408350236772092 127.89973958333333
10.409650236775631 127.67525227864583
10.41095023677917 140.46744791666666
10.41225023678271 139.0938924153646
10.413550236786248 139.7844034830729
10.414850236789787 138.92852783203125
10.416150236793326 141.1409912109375
10.417450236796865 139.78959147135416
10.418750236800404 142.52498372395834
10.420050236803943 130.97404988606772
10.421350236807482 109.64096069335938
10.422650236811021 97.9083251953125
10.423950236814559 71.80038452148438
10.4252502368181 84.74545288085938
10.426550236821639 97.60028076171875
10.427850236825178 98.76144409179688
10.429150236828717 111.39944458007812
10.430450236832256 117.48226928710938
10.431750236835795 133.42196655273438
10.433050236839334 148.00153605143228
10.434350236842873 142.65021769205728
10.435650236846412 145.80463663736978
10.436950236849949 171.43667602539062
10.43825023685349 176.44204711914062
10.439550236857029 210.11274210611978
10.440850236860566 239.16759236653647
10.442150236864107 264.8767598470052
10.443450236867646 288.0919494628906
10.444750236871185 294.9507344563802
10.446050236874724 295.74231974283856
10.447350236878263 300.33411661783856
10.448650236881802 303.80652872721356
10.449950236885341 303.75975545247394
10.45125023688888 303.6669616699219
10.452550236892419 302.1123860677083
10.453850236895956 300.6048990885417
10.455150236899497 293.8977864583333
10.456450236903036 274.47808837890625
10.457750236906575 268.74863688151044
10.459050236910114 268.19635009765625
10.460350236913653 276.354736328125
10.461650236917192 283.035888671875
10.462950236920731 293.71754964192706
10.46425023692427 303.93003336588544
10.46555023692781 311.42112223307294
10.466850236931348 323.41868082682294
10.468150236934887 348.64337158203125
10.469450236938426 366.0350341796875
10.470750236941964 411.90126546223956
10.472050236945504 444.0722249348958
10.473350236949043 495.62217203776044
10.474650236952582 588.6585896809896
10.475950236956121 693.4638468424479
10.47725023695966 774.3780721028646
10.4785502369632 845.6039632161459
10.479850236966739 937.5453287760416
10.481150236970278 1024.330810546875
10.482450236973817 1188.1368204752605
10.483750236977354 1404.0046997070312
10.485050236980895 1573.541280110677
10.486350236984434 1860.2169189453125
10.487650236987971 2258.8734537760415
10.488950236991512 2546.2862548828125
10.49025023699505 2873.7891438802085
10.49155023699859 3457.6419881184897
10.492850237002129 3908.5194295247397
10.494150237005668 4331.1172281901045
10.495450237009207 4805.693379720052
10.496750237012746 5111.843933105469
10.498050237016285 5291.4278564453125
10.499350237019824 5460.1689453125
10.500650237023361 5515.043528238933
10.501950237026902 5525.744974772136
10.503250237030441 5522.772033691406
10.50455023703398 5513.662200927734
10.505850237037519 5498.760986328125
10.507150237041058 5491.4595947265625
10.508450237044597 5484.928527832031
10.509750237048136 5477.523620605469
10.511050237051675 5445.5775960286455
10.512350237055214 5416.694803873698
10.513650237058753 5341.14501953125
10.514950237062292 5125.808024088542
10.516250237065831 4996.315490722656
10.517550237069369 4783.8332112630205
10.51885023707291 4433.384348551433
10.520150237076448 4149.848012288411
10.521450237079987 3803.0582580566406
10.522750237083526 3524.6698099772134
10.524050237087065 3308.580851236979
10.525350237090604 2920.981211344401
10.526650237094143 2486.4998677571616
10.527950237097683 2227.822052001953
10.529250237101222 1935.0022277832031
10.530550237104759 1673.5647481282551
10.5318502371083 1436.6406148274739
10.533150237111839 1335.0646057128906
10.534450237115376 1186.3617248535156
10.535750237118917 1083.5163675944011
10.537050237122456 940.2534790039062
10.538350237125995 791.9471333821615
10.539650237129534 606.781483968099
10.540950237133073 540.2592061360677
10.542250237136612 519.21875
10.54355023714015 493.7453918457031
10.54485023714369 478.63817342122394
10.546150237147229 463.3794657389323
10.547450237150766 442.1918538411458
10.548750237154307 425.8856201171875
10.550050237157846 404.6374104817708
10.551350237161385 365.53615315755206
10.552650237164924 331.90049235026044
10.553950237168463 304.2724202473958
10.555250237172002 304.69146728515625
10.556550237175541 312.3807373046875
10.55785023717908 323.43316650390625
10.55915023718262 331.7197977701823
10.560450237186156 343.6223653157552
10.561750237189697 351.1527404785156
10.563050237193236 363.71790568033856
10.564350237196773 371.68993123372394
10.565650237200314 394.5839538574219
10.566950237203853 402.5029602050781
10.568250237207392 403.5010477701823
10.569550237210931 421.1993713378906
10.57085023721447 439.0141092936198
10.57215023721801 456.5066630045573
10.573450237221548 457.6362813313802
10.574750237225087 456.4363505045573
10.576050237228626 455.87132771809894
10.577350237232164 459.4307149251302
10.578650237235705 457.22522989908856
10.579950237239244 446.7240498860677
10.58125023724278 433.7925109863281
10.582550237246322 429.8061014811198
10.58385023724986 432.8200988769531
10.5851502372534 412.0976053873698
10.586450237256939 314.79613240559894
10.587750237260478 257.9142557779948
10.589050237264017 242.37533569335938
10.590350237267556 231.70325724283853
10.591650237271095 221.36613972981772
10.592950237274634 209.70362345377603
10.594250237278171 208.23151652018228
10.595550237281712 207.08189900716147
10.59685023728525 204.42235310872397
10.59815023728879 204.17927042643228
10.599450237292329 199.08338419596353
10.600750237295868 204.389892578125
10.602050237299407 233.72957356770834
10.603350237302946 241.07272338867188
10.604650237306485 243.3442179361979
10.605950237310024 248.56683349609375
10.607250237313561 255.3773193359375
10.608550237317102 256.14699300130206
10.609850237320641 251.78643798828125
10.611150237324178 254.851806640625
10.61245023732772 256.4373779296875
10.613750237331258 252.9681396484375
10.615050237334797 255.19023640950522
10.616350237338336 234.6049601236979
10.617650237341875 217.0982869466146
10.618950237345414 213.1015421549479
10.620250237348953 171.14686075846353
10.621550237352492 111.18602498372395
10.622850237356031 82.56421915690105
10.624150237359569 71.71776326497395
10.62545023736311 75.18565877278645
10.626750237366648 82.30382283528645
10.628050237370186 80.65896606445312
10.629350237373727 83.47325642903645
10.630650237377266 85.8679911295573
10.631950237380805 86.0575663248698
10.633250237384344 75.36780802408855
10.634550237387883 93.00570678710938
10.635850237391422 110.11503092447917
10.63715023739496 145.7591349283854
10.6384502373985 152.849853515625
10.639750237402039 165.36212158203125
10.641050237405576 166.98942057291666
10.642350237409117 177.15299479166666
10.643650237412656 179.06131998697916
10.644950237416195 174.2642822265625
10.646250237419734 172.310546875
10.647550237423273 168.1806844075521
10.648850237426812 168.30048624674478
10.650150237430351 167.5671183268229
10.65145023743389 162.57894897460938
10.652750237437429 157.10560099283853
10.654050237440966 133.92617797851562
10.655350237444507 139.53087361653647
10.656650237448046 134.69070434570312
10.657950237451583 129.13560994466147
10.659250237455124 123.76071166992188
10.660550237458661 122.55978393554688
10.661850237462202 122.5590311686198
10.663150237465741 120.18307495117188
10.66445023746928 118.17503865559895
10.66575023747282 117.2548319498698
10.667050237476358 120.65261840820312
10.668350237479897 125.14376831054688
10.669650237483436 146.20140584309897
10.670950237486974 164.40066528320312
10.672250237490514 178.88778686523438
10.673550237494053 195.73698933919272
10.67485023749759 203.12769571940103
10.676150237501131 210.43775431315103
10.67745023750467 215.22824096679688
10.67875023750821 221.67278035481772
10.680050237511749 234.43653361002603
10.681350237515288 235.73589070638022
10.682650237518827 240.37110392252603
10.683950237522364 251.12547810872397
10.685250237525905 252.43413289388022
10.686550237529444 254.29918416341147
10.687850237532981 254.19385782877603
10.689150237536522 254.79953002929688
10.69045023754006 257.2200622558594
10.6917502375436 263.44031778971356
10.693050237547139 266.4694315592448
10.694350237550678 275.5469055175781
10.695650237554217 276.9106140136719
10.696950237557756 278.6680399576823
10.698250237561295 286.0036112467448
10.699550237564834 281.7102355957031
10.700850237568371 276.5024922688802
10.702150237571912 281.1304423014323
10.703450237575451 291.3722229003906
10.704750237578988 307.9585266113281
10.706050237582529 305.1558024088542
10.707350237586066 306.525146484375
10.708650237589607 307.8483479817708
10.709950237593146 305.28294881184894
10.711250237596685 301.6545715332031
10.712550237600224 300.06040445963544
10.713850237603763 278.27553304036456
10.715150237607302 258.21982828776044
10.716450237610841 256.5567321777344
10.717750237614379 242.77164713541666
10.71905023761792 204.8974609375
10.720350237621458 185.2675984700521
10.721650237624996 178.12223307291666
10.722950237628536 166.8047078450521
10.724250237632075 163.02608235677084
10.725550237635614 160.32132975260416
10.726850237639153 160.60699462890625
10.728150237642692 162.7682902018229
10.729450237646232 155.59468587239584
10.730750237649769 150.3271484375
10.73205023765331 156.0997314453125
10.733350237656849 161.9281005859375
10.734650237660386 166.35882568359375
10.735950237663927 172.13555908203125
10.737250237667466 167.1705322265625
10.738550237671005 173.6695353190104
10.739850237674544 175.2127482096354
10.741150237678083 190.4277547200521
10.742450237681622 190.58655802408853
10.74375023768516 185.88558959960938
10.7450502376887 184.7505086263021
10.746350237692239 176.1264851888021
10.747650237695776 173.57356770833334
10.748950237699317 169.80110677083334
10.750250237702856 165.76898193359375
10.751550237706393 169.89481608072916
10.752850237709934 173.578369140625
10.754150237713471 172.2647908528646
10.755450237717012 163.6760050455729
10.756750237720551 154.0687459309896
10.75805023772409 148.48331705729166
10.759350237727629 160.0433553059896
10.760650237731168 152.70819091796875
10.761950237734707 148.40765380859375
10.763250237738246 157.43731689453125
10.764550237741783 186.74503580729166
10.765850237745324 222.00443522135416
10.767150237748863 233.42940266927084
10.7684502377524 256.4569905598958
10.769750237755941 320.2853190104167
10.77105023775948 346.6908772786458
10.77235023776302 363.7198079427083
10.773650237766558 388.6824544270833
10.774950237770097 415.14422607421875
10.776250237773636 433.2637939453125
10.777550237777174 455.9356689453125
10.778850237780714 495.19488525390625
10.780150237784254 587.3178304036459
10.78145023778779 648.8126220703125
10.782750237791332 680.1086222330729
10.78405023779487 747.6538696289062
10.78535023779841 782.2937825520834
10.786650237801949 840.3561401367188
10.787950237805488 973.5999145507812
10.789250237809027 1027.7470296223958
10.790550237812566 1107.2406209309895
10.791850237816105 1208.9326985677083
10.793150237819644 1262.2106119791667
10.794450237823181 1362.0708618164062
10.795750237826722 1426.7798868815105
10.79705023783026 1451.2015787760417
10.798350237833798 1494.1038208007812
10.799650237837339 1509.6095174153645
10.800950237840876 1510.3021647135417
10.802250237844417 1511.0841064453125
10.803550237847956 1511.6694742838542
10.804850237851495 1511.6694742838542
10.806150237855034 1511.6694742838542
10.807450237858571 1508.3094075520833
10.808750237862112 1507.4128824869792
10.810050237865651 1507.7402954101562
10.811350237869188 1476.002950032552
10.81265023787273 1430.296407063802
10.813950237876268 1392.8493245442708
10.815250237879805 1298.775858561198
10.816550237883346 1226.8758748372395
10.817850237886885 1120.5404459635417
10.819150237890424 963.86962890625
10.820450237893963 884.0722249348959
10.821750237897502 820.9731038411459
10.823050237901041 726.0124104817709
10.824350237904579 632.5556437174479
10.82565023790812 552.9847615559896
10.826950237911658 466.21453857421875
10.828250237915196 404.38551839192706
10.829550237918736 369.2401123046875
10.830850237922274 353.0431315104167
10.832150237925815 347.3671468098958
10.833450237929354 336.4466552734375
10.834750237932893 327.4488118489583
10.836050237936432 321.36407470703125
10.83735023793997 311.9677327473958
10.83865023794351 317.30027262369794
10.839950237947049 351.8890787760417
10.841250237950586 361.3774820963542
10.842550237954127 389.43023681640625
10.843850237957666 392.06591796875
10.845150237961203 398.0638020833333
10.846450237964744 401.65207926432294
10.847750237968281 390.31634521484375
10.849050237971822 397.50673421223956
10.850350237975361 404.41383870442706
10.8516502379789 414.4630126953125
10.852950237982439 434.8712565104167
10.854250237985976 457.5918375651042
10.855550237989517 496.4198811848958
10.856850237993056 547.4968872070312
10.858150237996593 740.9362386067709
10.859450238000134 955.4687703450521
10.860750238003673 1455.559102376302
10.862050238007212 2150.705362955729
10.863350238010751 2839.9205322265625
10.86465023801429 3833.0403035481772
10.86595023801783 4933.373881022136
10.867250238021368 5832.463114420573
10.868550238024907 6757.0613199869795
10.869850238028446 6924.0089925130205
10.871150238031984 6946.464009602864
10.872450238035524 6946.273742675781
10.873750238039063 6939.6697184244795
10.8750502380426 6938.631001790364
10.876350238046141 6939.1008707682295
10.877650238049679 6951.02978515625
10.87895023805322 6950.759684244792
10.880250238056759 6950.199198404948
10.881550238060298 6949.218648274739
10.882850238063837 6892.053446451823
10.884150238067376 6815.50634765625
10.885450238070915 6583.500223795573
10.886750238074454 6446.10009765625
10.88805023807799 6293.678385416667
10.889350238081532 6162.4338785807295
10.89065023808507 6070.109680175781
10.891950238088608 5890.5034586588545
10.893250238092149 5655.025858561198
10.894550238095686 5430.9834391276045
10.895850238099227 5200.892883300781
10.897150238102766 5045.9867757161455
10.898450238106305 4798.977559407552
10.899750238109844 4663.976013183594
10.901050238113381 4520.186116536458
10.902350238116922 4392.388834635417
10.903650238120461 4100.7993570963545
10.904950238123998 3718.1895141601562
10.906250238127539 3201.6360880533853
10.907550238131078 2798.3367716471353
10.908850238134617 2376.9808146158853
10.910150238138156 1798.4666341145833
10.911450238141695 1261.4893188476562
10.912750238145234 1018.8637288411459
10.914050238148773 775.4711507161459
10.915350238152312 547.5127563476562
10.916650238155851 390.1900634765625
10.917950238159388 243.4639689127604
10.91925023816293 171.781982421875
10.920550238166468 64.31298828125
10.921850238170006 42.198282877604164
10.923150238173546 40.517252604166664
10.924450238177084 39.380839029947914
10.925750238180624 33.001749674479164
10.927050238184163 31.097554524739582
10.928350238187702 27.19110107421875
10.929650238191241 25.191019694010418
