m1-67/data/jwst-miri-mrs/wr124-miri-spec-ch3.ecsv
# %ECSV 1.0
# ---
# datatype:
# - {name: Wavelength, unit: micron, datatype: float64}
# - {name: Star, unit: MJy / sr, datatype: float64}
# - {name: Knot A, unit: MJy / sr, datatype: float64}
# - {name: BG A1, unit: MJy / sr, datatype: float64}
# - {name: BG A2, unit: MJy / sr, datatype: float64}
# meta: !!omap
# - __serialized_columns__:
#     BG A1:
#       __class__: astropy.units.quantity.Quantity
#       unit: !astropy.units.Unit {unit: MJy / sr}
#       value: !astropy.table.SerializedColumn {name: BG A1}
#     BG A2:
#       __class__: astropy.units.quantity.Quantity
#       unit: !astropy.units.Unit {unit: MJy / sr}
#       value: !astropy.table.SerializedColumn {name: BG A2}
#     Knot A:
#       __class__: astropy.units.quantity.Quantity
#       unit: !astropy.units.Unit {unit: MJy / sr}
#       value: !astropy.table.SerializedColumn {name: Knot A}
#     Star:
#       __class__: astropy.units.quantity.Quantity
#       unit: !astropy.units.Unit {unit: MJy / sr}
#       value: !astropy.table.SerializedColumn {name: Star}
#     Wavelength:
#       __class__: astropy.coordinates.spectral_coordinate.SpectralCoord
#       unit: !astropy.units.Unit {unit: micron}
#       value: !astropy.table.SerializedColumn {name: Wavelength}
# schema: astropy-2.0
Wavelength Star "Knot A" "BG A1" "BG A2"
[from data line 700]
13.301250151591374 2855.552508884006 72.36408869425456 60.67129113939073 87.26154412163629
13.303750151535494 2875.7406226264106 75.1266638437907 60.12692006429037 84.38026512993707
13.306250151479615 2860.4627278645835 73.89858818054199 59.255960040622284 88.93116272820367
13.308750151423736 2835.721927218967 73.48038101196289 59.832077238294815 88.75711992051866
13.311250151367856 2895.3814561631943 74.0127722422282 62.87092590332031 82.67873424953885
13.313750151311979 2836.209906684028 75.08190218607585 63.54723887973361 86.80185063680013
13.316250151256098 2849.484876844618 75.31016794840495 62.97439320882162 83.95531378851996
13.318750151200218 2859.8019205729165 75.963197072347 65.53840510050456 84.47021293640137
13.321250151144339 2807.863815307617 73.58305549621582 62.269891103108726 86.1773321363661
13.32375015108846 2808.496086968316 75.42105611165364 60.498157289293076 78.27020051744249
13.32625015103258 2849.076673719618 77.40827624003093 66.41284434000652 84.12905799018012
13.3287501509767 2862.608849419488 74.63679758707683 59.36453861660428 87.61895328097873
13.331250150920823 2893.721725463867 77.73396301269531 64.42533429463704 93.94613350762262
13.333750150864942 2894.291707356771 79.14225514729817 64.59297053019206 94.91256374782986
13.336250150809063 2886.9293602837456 80.18238385518391 64.39614401923285 92.94643359714084
13.338750150753183 2896.8978305392793 77.74226760864258 61.076533211602104 91.28797319200304
13.341250150697304 2872.3363155788848 79.09474754333496 61.80595461527506 89.15970272488065
13.343750150641426 2892.904730902778 80.80813090006511 60.649158265855576 92.3410890367296
13.346250150585545 2892.329425387912 80.01770718892415 61.357299168904625 89.2100346883138
13.348750150529666 2887.771208021376 80.7654857635498 60.600623024834526 90.57300779554579
13.351250150473787 2880.3911980523003 81.29128201802571 67.49450810750325 91.84159257676866
13.353750150417907 2859.456125895182 79.10570017496745 63.846358405219185 91.71442413330078
13.35625015036203 2859.2252315945098 80.31766319274902 62.166938569810654 94.48810746934679
13.358750150306149 2866.7947438557944 79.51228141784668 60.72533141242133 88.15930938720703
13.36125015025027 2881.516087849935 80.44137446085612 67.64601813422308 89.35235765245226
13.36375015019439 2878.6956990559897 79.06536102294922 63.23694970872667 90.64061143663194
13.36625015013851 2853.851513332791 79.63745498657227 62.22085846794976 91.96961932712131
13.368750150082631 2864.5148722330728 80.50811513264973 65.3993771870931 89.63267686631944
13.371250150026752 2862.1197170681426 81.60517183939616 62.59214888678657 87.23385577731662
13.373750149970874 2882.139002482096 81.22318204243977 62.66890949673123 90.19095823499892
13.376250149914993 2884.771943834093 79.92506154378255 64.13729731241862 90.86543401082356
13.378750149859114 2880.300752427843 79.10220464070638 62.523481369018555 89.95164404975043
13.381250149803234 2889.4239349365234 80.0314712524414 64.96332422892253 93.54272884792752
13.383750149747355 2916.011508517795 80.43183263142903 61.383490880330406 93.34848997328017
13.386250149691477 2873.0415802001953 79.00678380330403 61.82448069254557 93.52358839246962
13.388750149635596 2893.7752600775825 78.9661299387614 62.244533114963104 94.17587195502387
13.391250149579719 2895.147940741645 80.3668753306071 63.78395631578233 92.5325419108073
13.393750149523838 2882.235841539171 80.88466389973958 60.6818716261122 89.06660673353407
13.396250149467958 2883.578801472982 80.80456352233887 63.050576315985786 90.16777356465657
13.398750149412079 2869.250747680664 81.00559743245442 62.86454645792643 93.22514894273546
13.4012501493562 2853.687013414171 80.74899291992188 63.72569465637207 92.23043399386935
13.40375014930032 2861.0960218641494 81.17621485392253 63.490884357028534 85.38047663370769
13.40625014924444 2801.1390092637803 78.27068519592285 65.7130593193902 87.28721321953668
13.408750149188561 2851.341237386068 79.13979975382487 65.08211411370172 90.54013909233942
13.411250149132682 2855.7691565619575 78.19801902770996 67.92818535698785 90.87844000922308
13.413750149076803 2848.9275021023223 79.62142626444499 62.832680808173286 91.8370484246148
13.416250149020925 2875.592724270291 81.15693791707356 64.50506867302789 90.8194088406033
13.418750148965044 2842.452897813585 79.25960858662923 64.09170595804851 88.96819792853461
13.421250148909165 2846.348230997721 78.76746559143066 65.46486409505208 87.95940780639648
13.423750148853285 2856.96780734592 80.8738358815511 68.84188418918185 89.33214653862848
13.426250148797406 2886.769527859158 79.14382807413737 64.02553198072646 89.78756671481662
13.428750148741527 2907.23338148329 79.4273567199707 62.19351768493652 92.94221602545844
13.431250148685647 2908.5133175320098 79.56333478291829 67.12964672512479 92.59744559393988
13.43375014862977 2923.516067504883 81.19568252563477 67.8959108988444 91.5558967590332
13.436250148573889 2925.725591023763 81.20691553751628 67.85247887505426 88.98015043470595
13.43875014851801 2920.5295681423613 81.48987134297688 67.19904899597168 92.69312583075629
13.44125014846213 2935.548906114366 81.99164326985677 64.42524613274469 94.8824200100369
13.44375014840625 2943.564485337999 83.63649686177571 68.44036865234375 93.89091788397894
13.446250148350373 2920.3450707329644 84.60755793253581 68.6447336408827 96.0624762641059
13.448750148294492 2927.061847262912 83.48746744791667 65.99606577555339 94.37058597140842
13.451250148238612 2936.7640635172525 81.67464828491211 65.12770822313097 94.72848129272461
13.453750148182733 2917.709454006619 82.23719596862793 69.24791145324707 95.4993158976237
13.456250148126854 2918.952904595269 82.33460998535156 70.20979330274794 93.99133173624675
13.458750148070974 2823.6541188557944 81.02077929178874 66.3841929965549 94.91992272271051
13.461250148015095 2833.027382744683 82.35899353027344 68.69995541042752 95.70232899983723
13.463750147959216 2898.7518293592666 81.91934649149577 67.9679372575548 92.27736685011122
13.466250147903336 2840.329069349501 80.83514976501465 65.96875593397353 95.82788848876953
13.468750147847457 2831.18628777398 81.16862297058105 67.03650707668729 93.5397686428494
13.471250147791578 2837.99947781033 81.19110171000163 64.786622789171 94.49341201782227
13.473750147735698 2812.1490800645615 78.74621073404948 67.90624173482259 93.92037116156683
13.47625014767982 2853.788080851237 80.64515622456868 69.92753918965657 92.76758999294705
13.47875014762394 2932.621748182509 84.10233370463054 73.36401028103299 101.59660763210721
13.48125014756806 2842.4923146565757 84.09294764200847 71.91528913709853 101.14760377671983
13.48375014751218 2839.2429962158203 82.51575724283855 73.60143555535211 101.57819196912978
13.486250147456301 2842.010264078776 83.70800717671712 70.76945198906793 101.21266343858507
13.488750147400424 2854.6978997124565 84.84177525838216 76.47413317362468 98.38582695855035
13.491250147344543 2857.5314246283638 86.61246109008789 76.13771692911784 98.77333196004231
13.493750147288665 2850.0235477023652 86.2650858561198 72.53542815314398 100.28807703653972
13.496250147232784 2856.0038299560547 84.26699829101562 82.89796426561144 97.68230438232422
13.498750147176905 2872.0606842041016 83.25561205546062 86.06444719102647 97.22918510437012
13.501250147121025 2867.369350857205 83.64925829569499 71.56160227457683 98.38877190483942
13.503750147065146 2872.637649536133 83.5434627532959 69.85730510287814 99.52757898966472
13.506250147009267 2877.8582712809243 85.90268770853679 72.57693545023601 104.67979855007596
13.508750146953387 2867.1024136013457 86.32449531555176 72.94382646348741 105.18270534939236
13.51125014689751 2855.6085035536025 86.46365165710449 72.47287474738226 98.7495494418674
13.513750146841629 2863.175011528863 88.35886637369792 71.90811114841037 100.3113187154134
13.51625014678575 2859.6168416341147 83.98698234558105 69.5580637190077 103.46917555067274
13.518750146729872 2845.021185980903 82.66934013366699 71.19180149502225 103.6260117424859
13.52125014667399 2861.5294308132598 83.43451309204102 75.92100652058919 101.957583533393
13.523750146618111 2843.5816531711152 85.34930801391602 71.84762191772461 99.53309885660808
13.526250146562232 2832.9429134792754 84.81247075398763 69.46684879726834 102.21721564398871
13.528750146506352 2831.783006456163 83.90110143025716 73.46460808648004 106.72451612684462
13.531250146450473 2831.2150217692056 84.44046465555827 73.43174235026042 98.43398412068684
13.533750146394594 2830.208906385634 87.33533795674641 75.57049221462674 101.14819844563802
13.536250146338716 2837.5775621202256 83.9075387318929 73.86662356058757 97.45466147528754
13.538750146282835 2827.0396864149307 88.00428136189778 76.67690107557509 101.02197604709201
13.541250146226956 2832.116661919488 86.94383176167806 76.31401040818956 101.82022518581815
13.543750146171076 2817.838594224718 83.86829312642415 77.74187469482422 103.97989018758138
13.546250146115197 2820.210110134549 83.68569437662761 73.88461240132649 98.38679504394531
13.548750146059318 2799.541069878472 86.45092391967773 70.38498285081651 99.53006362915039
13.551250146003438 2831.9938540988496 83.8773988087972 70.79780832926433 95.97602929009332
13.55375014594756 2831.9970126681856 85.04018847147624 75.60889095730252 100.27618238661024
13.55625014589168 2841.8219943576387 86.30375671386719 73.67449188232422 97.55072657267253
13.5587501458358 2884.499760945638 86.9602902730306 70.42956988016765 102.67517005072699
13.56125014577992 2869.1537814670137 86.66835467020671 70.9545669555664 96.352599673801
13.563750145724041 2845.328087700738 86.60155169169109 72.55338350931804 97.5152850680881
13.566250145668162 2862.806630452474 85.5935230255127 73.4103766547309 96.05398729112413
13.568750145612283 2848.845270792643 85.67017555236816 74.15832731458876 98.45167414347331
13.571250145556403 2859.0449490017363 83.84682210286458 73.6616636912028 98.66851086086697
13.573750145500524 2881.4906650119356 86.82457288106282 73.88210656907823 104.99964862399631
13.576250145444645 2894.923110961914 86.79686737060547 71.50098737080891 100.75626415676541
13.578750145388767 2866.1969401041665 86.68805821736653 73.65844853719075 101.80740102132161
13.581250145332886 2855.723554823134 86.4139798482259 74.11684057447646 101.00656975640192
13.583750145277007 2851.52490234375 85.67081705729167 69.84077962239583 103.59816953870985
13.586250145221127 2873.1236487494575 85.71837170918782 74.38892110188802 102.11012395222981
13.588750145165248 2839.473466661241 83.29577000935872 74.78038597106934 102.10743713378906
13.591250145109369 2845.697343614366 83.39091110229492 71.47465218438043 98.76738293965657
13.59375014505349 2847.8846893310547 84.00280698140462 70.6697374979655 99.89069027370877
13.596250144997612 2850.0543416341147 83.95317459106445 70.00938924153645 95.27113469441731
13.59875014494173 2840.4567142062715 85.39482243855794 75.38881810506184 100.48462041219075
13.601250144885851 2854.6431189643013 83.93600527445476 75.09356880187988 99.25766160753038
13.603750144829972 2823.6736348470054 81.17117436726888 74.84584045410156 105.94431050618489
13.606250144774092 2792.5745527479385 83.55282910664876 71.06859652201335 99.94079971313477
13.608750144718213 2823.260504828559 85.32376289367676 75.76103125678168 100.86920801798503
13.611250144662334 2835.718814425998 82.01006825764973 70.3777404361301 97.48753399319119
13.613750144606456 2870.76712375217 84.44252586364746 72.93516879611545 98.8728879292806
13.616250144550575 2833.138181898329 84.10142834981282 73.4326843685574 97.37520768907335
13.618750144494696 2833.670945909288 83.5541311899821 78.53213246663411 96.806214650472
13.621250144438816 2831.7102322048613 84.14711634318034 74.4153815375434 92.86410310533311
13.623750144382937 2830.740726047092 83.63124148050944 72.51070213317871 101.36058129204645
13.626250144327058 2862.985137939453 84.22308349609375 71.92324595981174 101.26887808905707
13.628750144271178 2853.7288038465713 86.13432884216309 71.7757002512614 103.72679943508572
13.631250144215299 2792.186947292752 82.08298873901367 71.43471336364746 96.99177381727431
13.63375014415942 2755.5699530707466 84.14817174275716 70.67827521430121 97.84000439114041
13.63625014410354 2855.4362589518228 84.19681040445964 71.10359552171495 99.71640226576064
13.638750144047663 2854.171079847548 84.33655802408855 70.63342200385199 99.88171471489801
13.641250143991781 2867.3689575195312 82.86454327901204 68.68614811367459 93.78093422783746
13.643750143935902 2849.316875881619 83.8912722269694 70.5375713772244 98.2704120212131
13.646250143880023 2852.383724636502 81.86598904927571 67.21631071302626 94.73051664564345
13.648750143824143 2865.4672173394097 81.86659177144368 73.13226170010037 96.86151292588976
13.651250143768266 2851.5348222520615 81.4404780069987 73.05325529310439 96.38220596313477
13.653750143712385 2837.8767751057944 83.30101013183594 72.63860321044922 94.42828708224826
13.656250143656507 2851.5360293918184 84.3369140625 67.32668685913086 87.39513397216797
13.658750143600626 2869.869801839193 82.94273440043132 73.18298594156902 98.46032842000325
13.661250143544747 2867.6480882432725 80.92942555745442 73.01071251763238 98.37523947821722
13.663750143488867 2870.020792643229 83.72329711914062 70.92173279656305 99.27338282267253
13.666250143432988 2862.9572007921006 82.89560635884602 68.53977266947429 101.74590386284723
13.668750143377109 2859.1267293294272 83.2128365834554 68.64663611518012 102.34349780612521
13.67125014332123 2855.6696336534287 82.40973663330078 69.06854968600803 100.89721086290147
13.67375014326535 2883.9918331570098 82.10917790730794 73.4912486606174 100.17000198364258
13.67625014320947 2881.189675225152 81.28097597757976 69.68145603603787 91.96999401516385
13.678750143153591 2862.1617346869575 81.88888549804688 72.84781689114041 95.39476627773709
13.681250143097714 2745.113761054145 81.89296023050944 72.37107382880316 93.43154652913411
13.683750143041832 2886.3296830919053 84.62930425008138 73.14984024895563 95.19921154446072
13.686250142985953 2866.4559495713975 82.11220359802246 75.53713671366374 95.71953201293945
13.688750142930074 2879.120912339952 86.48831494649251 79.17482715182834 101.84637451171875
13.691250142874194 2870.259687635634 82.40012232462566 78.67167282104492 102.36992263793945
13.693750142818315 2885.8573862711587 84.29977035522461 77.89768367343478 99.85533650716145
13.696250142762436 2873.371158175998 85.60364087422688 72.60706562466092 95.91875542534723
13.698750142706558 2885.8738810221353 83.3611691792806 71.92674212985568 97.68130789862738
13.701250142650677 2896.5001068115234 81.95345815022786 72.23145633273654 93.0701421101888
13.703750142594798 2876.0713416205513 85.38539505004883 73.19936158921983 97.50246641370985
13.706250142538918 2858.7471872965493 81.97830708821614 73.80832884046767 92.28663974338107
13.708750142483039 2875.2020416259766 84.38743909200032 73.15328640407986 96.5939506954617
13.71125014242716 2853.8106875949434 83.86358896891277 72.46696217854817 101.15168126424153
13.71375014237128 2830.96901957194 83.65693537394206 76.88986714680989 97.38970735337999
13.716250142315403 2837.7310180664062 82.66806856791179 71.93586519029405 96.77891794840495
13.718750142259521 2828.362109714084 82.07218424479167 73.27817704942491 102.0578104654948
13.721250142203642 2829.736161973741 81.4687614440918 72.59157223171658 93.3873422410753
13.723750142147763 2833.161344740126 83.65754508972168 76.17367490132649 98.66913943820529
13.726250142091883 2826.6026509602866 79.32231775919597 72.39211146036784 91.84865803188748
13.728750142036004 2815.50052218967 80.64413007100423 72.74020216200087 92.4777872297499
13.731250141980125 2822.701897515191 78.8668721516927 72.12362162272136 88.70360967848036
13.733750141924245 2813.304121229384 81.60802396138509 72.36128044128418 95.69071748521593
13.736250141868366 2807.5777350531685 76.83365122477214 72.52775404188368 91.90154266357422
