m1-67/data/jwst-miri-mrs/wr124-miri-mrs-ch1-star-line-spectrum.ecsv
# %ECSV 1.0
# ---
# datatype:
# - {name: Wavelength, unit: micron, datatype: float64}
# - {name: Intensity, datatype: float64}
# meta: !!omap
# - __serialized_columns__:
#     Wavelength:
#       __class__: astropy.units.quantity.Quantity
#       unit: !astropy.units.Unit {unit: micron}
#       value: !astropy.table.SerializedColumn {name: Wavelength}
# schema: astropy-2.0
Wavelength Intensity
[from data line 2222]
6.678000050451373 793.4165736607143
6.678800050431164 661.0867745535714
6.679600050410953 577.0564313616071
6.680400050390744 456.38009207589283
6.681200050370534 298.64955357142856
6.682000050350325 187.69140625
6.682800050330115 153.45235770089286
6.683600050309905 148.15450613839286
6.684400050289695 207.26688058035714
6.685200050269486 258.6074916294643
6.686000050249276 291.52294921875
6.686800050229067 358.75802176339283
6.687600050208856 383.99637276785717
6.688400050188647 399.72446986607144
6.689200050168437 456.7378627232143
6.690000050148227 540.0486886160714
6.690800050128018 530.6149553571429
6.691600050107808 481.9932338169643
6.692400050087598 470.2578125
6.6932000500673885 402.53592354910717
6.69400005004718 215.65352957589286
6.694800050026969 -0.7683454241071429
6.695600050006759 20.157156808035715
6.69640004998655 105.85588727678571
6.697200049966341 116.85902622767857
6.69800004994613 195.18952287946428
6.698800049925921 214.57582310267858
6.699600049905711 310.3168247767857
6.700400049885502 385.8447265625
6.7012000498652915 464.91427176339283
6.702000049845083 557.1057477678571
6.702800049824872 647.5713588169643
6.703600049804662 719.5858677455357
6.704400049784453 650.4568219866071
6.705200049764243 597.5802873883929
6.706000049744033 551.3946010044643
6.706800049723824 377.5829380580357
6.707600049703614 325.20096261160717
6.708400049683404 329.8710239955357
6.709200049663195 364.77518136160717
6.710000049642985 422.14627511160717
6.710800049622775 474.89585658482144
6.711600049602565 623.3195452008929
6.712400049582357 729.53076171875
6.713200049562146 803.3796735491071
6.714000049541936 911.8748604910714
6.714800049521727 1041.68603515625
6.715600049501518 1107.96826171875
6.716400049481307 1130.1019112723213
6.717200049461098 1119.2213309151787
6.718000049440888 1150.4896065848213
6.718800049420678 1118.4834681919642
6.719600049400468 1068.1549246651787
6.720400049380259 1032.028041294643
6.721200049360049 964.8025948660714
6.722000049339839 929.8846261160714
6.72280004931963 975.8368443080357
6.72360004929942 938.7040318080357
6.724400049279211 972.9676339285714
6.7252000492590005 1009.1530412946429
6.726000049238791 1173.0523158482142
6.726800049218581 1232.9605189732142
6.727600049198372 1368.5484793526787
6.728400049178162 1498.157017299107
6.729200049157952 1518.590611049107
6.730000049137742 1478.0911690848213
6.7308000491175335 1425.7010323660713
6.731600049097323 1359.304966517857
6.732400049077114 1245.478236607143
6.7332000490569035 1170.3790457589287
6.734000049036694 1114.6661551339287
6.734800049016484 930.6065150669643
6.735600048996274 770.6028878348214
6.736400048976065 699.9600306919643
6.737200048955855 710.4441266741071
6.738000048935645 718.3059430803571
6.738800048915436 772.9347795758929
6.739600048895227 839.55615234375
6.740400048875016 834.9391043526786
6.7412000488548065 838.4695172991071
6.742000048834597 855.6698521205357
6.742800048814388 958.2156808035714
6.743600048794177 935.5666852678571
6.744400048773968 832.1830357142857
6.745200048753758 812.3191266741071
6.746000048733549 800.8436104910714
6.746800048713339 723.3927176339286
6.747600048693129 612.5860770089286
6.748400048672919 558.4586356026786
6.7492000486527095 640.5920758928571
6.7500000486325 779.1930803571429
6.75080004861229 1016.8235212053571
6.75160004859208 1184.6283482142858
6.752400048571871 1350.296177455357
6.753200048551661 1525.1224888392858
6.754000048531451 1579.9273856026787
6.7548000485112425 1721.529994419643
6.755600048491032 1796.0291573660713
6.756400048470822 1846.9805385044642
6.7572000484506125 1923.9776088169642
6.758000048430404 2093.2664620535716
6.758800048410193 2705.7337472098216
6.759600048389983 3676.8844866071427
6.760400048369774 4616.605747767857
6.761200048349565 5612.846749441965
6.762000048329354 6702.118512834822
6.762800048309145 7515.130161830357
6.763600048288935 8475.578055245536
6.764400048268725 9401.654994419643
6.7652000482485155 10097.87339564732
6.766000048228306 10541.457938058036
6.766800048208096 10612.884556361607
6.767600048187886 10796.03941127232
6.768400048167677 10916.70835658482
6.769200048147467 11091.5322265625
6.770000048127258 11384.93052455357
6.770800048107048 11641.700404575893
6.771600048086838 11656.506766183036
6.772400048066628 11655.538016183036
6.773200048046419 11644.012137276786
6.774000048026209 11469.950474330357
6.774800048005999 11392.9248046875
6.775600047985789 11356.325474330357
6.776400047965581 11367.426478794643
6.77720004794537 11336.091099330357
6.77800004792516 11328.959402901786
6.778800047904951 11335.381277901786
6.779600047884741 11061.75962611607
6.780400047864531 10406.221888950893
6.7812000478443215 9276.40248325893
6.782000047824112 8151.021763392857
6.782800047803902 7351.52783203125
6.783600047783692 6494.997698102678
6.784400047763483 5997.835170200893
6.785200047743274 5333.500558035715
6.786000047723063 4799.825265066965
6.786800047702854 4212.211844308035
6.787600047682644 3573.1697823660716
6.788400047662435 3157.0823800223216
6.7892000476422245 2745.2151227678573
6.790000047622015 2238.4483816964284
6.790800047601805 1919.09228515625
6.791600047581596 1568.8482840401787
6.792400047561386 1307.8387276785713
6.793200047541176 1161.4010184151787
6.794000047520966 1005.9993024553571
6.794800047500757 993.6299525669643
6.795600047480547 878.7292131696429
6.796400047460337 759.5853794642857
6.7972000474401275 682.962890625
6.798000047419918 661.1820591517857
6.798800047399708 590.1597377232143
6.799600047379498 490.11788504464283
6.80040004735929 383.02657645089283
6.801200047339079 405.65464564732144
6.802000047318869 315.15025111607144
6.80280004729866 280.35574776785717
6.803600047278451 258.6693638392857
6.80440004725824 256.66322544642856
6.8052000472380305 288.59933035714283
6.806000047217821 352.71358816964283
6.806800047197612 460.08761160714283
6.807600047177401 533.8846958705357
6.808400047157192 612.1492047991071
6.809200047136982 656.6612723214286
6.810000047116772 769.6710379464286
6.810800047096563 880.4500558035714
6.811600047076353 898.6609933035714
6.812400047056144 881.0643136160714
6.8132000470359335 960.1298130580357
6.814000047015724 898.6568080357143
6.814800046995514 852.8258231026786
6.815600046975305 853.9169224330357
6.816400046955095 861.5296456473214
6.817200046934885 1025.8272181919642
6.818000046914675 1158.4522181919642
6.8188000468944665 1366.8387276785713
6.819600046874256 1459.239955357143
6.820400046854046 1567.393833705357
6.8212000468338365 1698.6748046875
6.822000046813628 1776.3515625
6.822800046793417 1893.3623046875
6.823600046773207 1975.286830357143
6.824400046752998 2158.7781808035716
6.825200046732788 2202.279296875
6.826000046712578 2158.5125558035716
6.826800046692369 2058.262276785714
6.82760004667216 2054.4007393973216
6.828400046651949 1921.1890345982142
6.8292000466317395 1802.800990513393
6.83000004661153 1773.6494838169642
6.830800046591321 1723.2064034598213
6.83160004657111 1675.069126674107
6.832400046550901 1640.0889369419642
6.833200046530691 1656.11865234375
6.834000046510482 1562.388881138393
6.834800046490272 1286.6358119419642
6.835600046470062 841.9432896205357
6.836400046449852 684.6136997767857
6.837200046429643 623.5175083705357
6.838000046409433 533.4794224330357
6.838800046389222 482.56326729910717
6.839600046369013 462.60707310267856
6.840400046348804 461.3194056919643
6.841200046328594 447.15757533482144
6.842000046308384 405.85232979910717
6.8428000462881755 458.16678292410717
6.843600046267965 462.29736328125
6.844400046247755 512.6698521205357
6.8452000462275455 572.8308454241071
6.846000046207337 586.7492327008929
6.846800046187126 658.72119140625
6.847600046166916 1102.7816685267858
6.848400046146707 1328.7203543526787
6.849200046126498 1443.841587611607
6.850000046106287 1678.0623604910713
6.850800046086078 1890.6998465401787
6.851600046065868 2157.3229631696427
6.852400046045658 2573.512276785714
6.8532000460254485 3123.8126395089284
6.854000046005238 3636.177734375
6.854800045985029 3762.3434709821427
6.855600045964819 3861.498604910714
6.85640004594461 3896.7823660714284
6.8572000459244 3932.1526227678573
6.858000045904191 3993.7229352678573
6.858800045883981 3993.7229352678573
6.859600045863771 3993.7229352678573
6.860400045843561 4034.2229352678573
6.861200045823352 4077.085379464286
6.862000045803142 4074.5859375
6.862800045782932 3896.9714006696427
6.863600045762722 3608.530691964286
6.864400045742514 3405.0574776785716
6.865200045722303 3299.8880440848216
6.866000045702093 3171.7028459821427
6.866800045681884 2877.249093191964
6.867600045661674 2673.1125837053573
6.868400045641464 2496.6954520089284
6.869200045621254 2346.9880022321427
6.870000045601045 2207.95556640625
6.870800045580835 2112.29296875
6.871600045560625 1983.186802455357
6.872400045540416 1907.9693777901787
6.873200045520207 1810.4192940848213
6.874000045499996 1675.7190987723213
6.874800045479787 1367.5800083705358
6.875600045459577 1134.392368861607
6.876400045439368 1064.323451450893
6.8772000454191575 938.5036969866071
6.878000045398948 853.2633231026786
6.878800045378738 803.26611328125
6.879600045358529 861.9348493303571
6.880400045338319 817.8739536830357
6.881200045318109 786.6174665178571
6.882000045297899 804.3363560267857
6.88280004527769 763.2116350446429
6.88360004525748 675.544921875
6.884400045237269 605.4299665178571
6.8852000452170605 531.8272879464286
6.886000045196851 517.1648995535714
6.886800045176641 457.51171875
6.887600045156431 385.552734375
6.888400045136223 413.4076450892857
6.889200045116012 347.6304408482143
6.890000045095802 367.63895089285717
6.890800045075593 355.2904575892857
6.891600045055384 395.23018973214283
6.892400045035173 398.0025111607143
6.8932000450149635 381.1849888392857
6.894000044994754 454.9497767857143
6.894800044974545 436.05301339285717
6.895600044954334 419.65304129464283
6.896400044934125 431.44810267857144
6.897200044913915 399.45689174107144
6.898000044893705 366.34835379464283
6.898800044873496 251.04352678571428
6.899600044853285 199.63504464285714
6.900400044833076 130.73883928571428
6.9012000448128665 81.70870535714286
6.902000044792657 92.55217633928571
6.902800044772447 110.79910714285714
6.903600044752238 133.01227678571428
6.904400044732028 130.22837611607142
6.905200044711818 152.04813058035714
6.906000044691608 149.52218191964286
6.9068000446713995 255.75502232142858
6.907600044651189 297.09988839285717
6.908400044630979 377.8002232142857
6.9092000446107695 427.21595982142856
6.910000044590561 403.93331473214283
6.91080004457035 395.3314732142857
6.91160004455014 290.19559151785717
6.912400044529931 266.5308314732143
6.913200044509721 153.8232421875
6.914000044489511 132.68568638392858
6.914800044469301 134.43498883928572
6.915600044449092 93.55887276785714
6.916400044428882 109.47712053571429
6.9172000444086725 316.02866908482144
6.918000044388463 384.79408482142856
6.918800044368254 578.9501255580357
6.919600044348043 591.7184012276786
6.920400044327834 598.8772321428571
6.921200044307624 670.1105608258929
6.922000044287415 726.1172572544643
6.922800044267205 791.6041434151786
6.923600044246995 805.8060128348214
6.924400044226785 831.2370954241071
6.925200044206576 880.9398018973214
6.926000044186366 1057.3736746651787
6.926800044166156 1084.092982700893
6.927600044145946 1193.0558035714287
6.928400044125737 1295.848423549107
6.929200044105527 1395.9345703125
6.9300000440853164 1522.0179268973213
6.930800044065108 1905.177455357143
6.931600044044898 2134.9270368303573
6.932400044024688 2410.193777901786
6.9332000440044785 2708.6463448660716
6.93400004398427 2881.046875
6.934800043964059 2973.3543526785716
6.935600043943849 3104.3464006696427
6.93640004392364 3340.3244280133927
6.937200043903431 3417.3332868303573
6.93800004388322 3773.1734793526784
6.938800043863011 4625.283133370535
6.939600043842801 5217.809640066965
6.940400043822592 5815.707659040178
6.9412000438023815 6306.060825892857
6.942000043782172 6784.979352678572
6.942800043761962 7186.875279017857
6.943600043741752 7637.689174107143
6.944400043721543 8186.132603236607
6.945200043701332 8338.11586216518
6.946000043681123 8440.140415736607
6.946800043660914 8511.859165736607
6.947600043640704 8552.25927734375
6.948400043620494 8552.25927734375
6.949200043600285 8552.25927734375
6.950000043580075 8541.046944754464
6.950800043559865 8521.499790736607
6.951600043539655 8435.93540736607
6.952400043519447 8367.151088169643
6.953200043499236 8261.891880580357
6.954000043479026 7762.129045758928
6.954800043458817 7475.180036272322
6.955600043438608 6981.315569196428
6.956400043418397 6611.568429129465
6.9572000433981875 6289.490164620535
6.958000043377978 6009.418178013393
6.958800043357768 5561.883858816965
6.959600043337558 4812.163853236607
6.960400043317348 4095.3380998883927
6.961200043297139 3642.4404296875
6.962000043276929 3275.5802873883927
6.96280004325672 2690.2789481026784
6.96360004323651 2454.9537527901784
6.964400043216301 2100.2802734375
6.9652000431960905 1682.4552176339287
6.966000043175881 1534.367954799107
6.966800043155671 1464.253627232143
6.967600043135462 1407.2559291294642
6.968400043115252 1372.5518275669642
6.969200043095042 1349.576381138393
6.970000043074832 1243.8058035714287
6.9708000430546235 1152.17041015625
6.971600043034413 1030.4408482142858
6.972400043014203 1006.6950334821429
6.9732000429939935 967.1861049107143
6.974000042973784 917.3095703125
6.974800042953574 932.2499302455357
6.9756000429333636 870.6580636160714
6.976400042913155 865.3101283482143
6.977200042892945 865.3159877232143
6.978000042872735 915.0394810267857
6.978800042852526 946.8009905133929
6.979600042832317 1082.6461356026787
6.980400042812106 1231.383021763393
6.9812000427918965 1313.6426478794642
6.982000042771687 1410.62939453125
6.982800042751478 1524.3948800223213
6.983600042731267 1480.6546456473213
6.984400042711058 1461.314662388393
6.985200042690848 1403.1494838169642
6.986000042670639 1294.764857700893
6.986800042650429 1219.285923549107
6.987600042630219 1176.69384765625
6.988400042610009 1142.51904296875
6.9892000425897995 1127.455287388393
6.99000004256959 1194.0159737723213
6.990800042549379 1257.3580496651787
6.9916000425291704 1275.4491489955358
6.992400042508961 1301.93310546875
6.993200042488751 1318.1522739955358
6.994000042468541 1361.782017299107
6.9948000424483325 1305.3878348214287
6.995600042428122 1328.4609375
6.996400042407912 1224.8770228794642
6.9972000423877025 1119.9947684151787
6.998000042367494 973.4082728794643
6.998800042347283 871.3205915178571
6.9996000423270734 644.1449497767857
7.000400042306864 591.7202845982143
7.001200042286655 609.4986049107143
7.002000042266444 617.5853794642857
7.002800042246235 662.8394252232143
7.003600042226025 682.7508370535714
7.004400042205815 678.2141462053571
7.0052000421856055 820.5252511160714
7.006000042165395 842.0989118303571
7.006800042145186 842.0989118303571
7.0076000421249764 840.5438755580357
7.008400042104767 870.9328264508929
7.009200042084557 849.7725306919643
7.010000042064348 773.4744001116071
7.010800042044138 682.0890764508929
7.011600042023928 605.7429547991071
7.012400042003718 520.7308872767857
7.013200041983509 507.53969029017856
7.014000041963299 506.38671875
7.014800041943089 445.9253627232143
7.0156000419228794 429.40945870535717
7.016400041902671 425.60518973214283
7.01720004188246 468.94168526785717
7.01800004186225 450.12416294642856
7.018800041842041 467.05189732142856
7.019600041821831 499.88120814732144
7.020400041801621 501.92752511160717
7.021200041781411 422.25704520089283
7.022000041761202 384.00927734375
7.022800041740992 477.52029854910717
7.0236000417207824 477.5420619419643
7.024400041700573 457.03871372767856
7.025200041680364 420.1992885044643
7.026000041660153 305.1778041294643
7.026800041639944 241.37611607142858
7.027600041619734 115.63058035714286
7.028400041599525 98.47565569196429
7.0292000415793146 86.62855747767857
7.030000041559105 142.04987444196428
