m1-67/data/jwst-miri-mrs/wr124-miri-mrs-ch4-star-line-spectrum.ecsv
# %ECSV 1.0
# ---
# datatype:
# - {name: Wavelength, unit: micron, datatype: float64}
# - {name: Intensity, datatype: float64}
# meta: !!omap
# - __serialized_columns__:
#     Wavelength:
#       __class__: astropy.units.quantity.Quantity
#       unit: !astropy.units.Unit {unit: micron}
#       value: !astropy.table.SerializedColumn {name: Wavelength}
# schema: astropy-2.0
Wavelength Intensity
[from data line 1295]
25.473000830505043 50.40838623046875
25.479000830557197 47.668943051938655
25.48500083060935 47.066261574074076
25.491000830661505 43.800118905526624
25.497000830713663 35.4134521484375
25.50300083076581 34.886655454282405
25.509000830817968 39.25608543113426
25.515000830870125 40.78363037109375
25.521000830922272 36.300552933304395
25.52700083097443 35.37620600947627
25.533000831026584 38.44664397063079
25.539000831078738 34.46873982747396
25.545000831130892 33.473806875723376
25.551000831183046 36.280501754195605
25.5570008312352 40.58773351598669
25.563000831287354 42.869971381293404
25.56900083133951 44.23803823965567
25.575000831391662 44.45759752061632
25.58100083144382 45.59142727322049
25.587000831495967 48.356457745587385
25.593000831548125 49.00202207212095
25.59900083160028 50.62089708116319
25.605000831652433 54.39259620949074
25.611000831704587 52.365966796875
25.61700083175674 50.1839599609375
25.623000831808895 53.71505172164352
25.62900083186105 53.051839192708336
25.635000831913203 51.71241364655671
25.641000831965357 49.80067048249421
25.647000832017515 55.09525892469618
25.65300083206966 55.98402687355324
25.65900083212182 52.60257184063947
25.665000832173977 50.8835053620515
25.671000832226124 52.48217886465567
25.67700083227828 51.81474360713252
25.683000832330436 46.70937658239294
25.68900083238259 41.71204630533854
25.695000832434744 42.25024527090567
25.701000832486898 36.393926549840856
25.70700083253905 29.358528419777198
25.713000832591206 21.411280879267938
25.71900083264336 22.250068947120948
25.725000832695514 12.477438467520255
25.73100083274767 9.917430736400464
25.73700083279982 9.030253092447916
25.743000832851976 7.380660445601852
25.74900083290413 8.543555365668404
25.755000832956284 5.678941514756945
25.76100083300844 7.74832605432581
25.767000833060592 11.261601200810185
25.773000833112746 10.5652997052228
25.7790008331649 10.785979094328704
25.785000833217055 13.583569561993635
25.79100083326921 20.924154776114005
25.797000833321366 13.006140814887154
25.803000833373513 9.2728350604022
25.80900083342567 19.127917254412615
25.81500083347783 29.530821623625577
25.82100083352998 22.976640489366318
25.827000833582133 17.263920536747687
25.833000833634287 28.375999168113427
25.83900083368644 32.51903279622396
25.845000833738595 29.801704689308448
25.85100083379075 27.458060935691552
25.857000833842903 29.233329490379052
25.863000833895057 40.040856255425346
25.86900083394721 35.065768771701386
25.875000833999366 35.49731332284433
25.881000834051523 42.60937613028067
25.88700083410367 54.60066505714699
25.893000834155828 49.738423665364586
25.899000834207982 46.05426816587095
25.905000834260136 57.288794623480904
25.91100083431229 62.372294108072914
25.917000834364444 53.029018825954864
25.923000834416598 44.42823621961806
25.929000834468752 49.799171730324076
25.935000834520906 51.30304633246528
25.94100083457306 37.86706882052951
25.947000834625218 32.942000777633105
25.953000834677365 36.518333152488424
25.959000834729522 36.715204309534144
25.96500083478168 28.47808159722222
25.97100083483383 27.199756763599538
25.977000834885985 34.91380027488426
25.98300083493814 44.161956787109375
25.989000834990293 37.98184656213831
25.995000835042447 33.79902140299479
26.0010008350946 44.092233163339124
26.007000835146755 41.286282009548614
26.013000835198913 34.30823092990451
26.019000835251063 35.06335110134549
26.025000835303217 42.88431916413484
26.031000835355375 44.12527691876447
26.03700083540752 34.008984601056135
26.04300083545968 29.181792082609952
26.049000835511833 32.25595318829572
26.055000835563987 33.989029495804395
26.06100083561614 31.73206470630787
26.067000835668296 32.048848470052086
26.07300083572045 42.74756876627604
26.079000835772604 54.47617707429109
26.085000835824758 51.837490505642364
26.091000835876912 56.73418850368924
26.09700083592907 71.9043522587529
26.103000835981216 91.65543167679398
26.109000836033374 96.67064073350694
26.11500083608553 105.03487367983217
26.121000836137682 115.0100730613426
26.127000836189836 122.1434913917824
26.13300083624199 124.94185723198785
26.139000836294144 129.20485545970774
26.1450008363463 140.42188178168402
26.151000836398453 146.89310031467014
26.157000836450607 147.53312626591435
26.163000836502764 148.96337890625
26.169000836554915 147.3410847981771
26.17500083660707 149.51965445059318
26.181000836659226 143.95165902596932
26.187000836711373 131.66782972547742
26.19300083676353 129.618893093533
26.199000836815685 115.07847199616609
26.20500083686784 105.08176111291957
26.211000836919993 93.22432793511285
26.217000836972147 90.88984849717882
26.2230008370243 81.80171147099247
26.229000837076455 63.52814737955729
26.23500083712861 53.56403379087095
26.241000837180763 55.65332370334201
26.24700083723292 56.998321533203125
26.253000837285068 37.05433824327257
26.259000837337226 27.294938829210068
26.265000837389383 30.5451818395544
26.271000837441534 37.18684782805266
26.277000837493688 28.952976933232062
26.283000837545842 31.93311225043403
26.289000837597996 37.90544637044271
26.29500083765015 44.67877197265625
26.301000837702304 40.61009385850694
26.307000837754458 41.32120881257234
26.313000837806616 45.74821189597801
26.319000837858766 54.304742883752894
26.32500083791092 52.42298041449653
26.331000837963078 46.88266217267072
26.337000838015225 49.25413343641493
26.343000838067383 56.42998250325521
26.349000838119537 46.32386271158854
26.35500083817169 43.552581787109375
26.361000838223845 46.352727819372106
26.367000838276 52.78466683846933
26.373000838328153 51.04557856807002
26.379000838380307 45.78119009512442
26.38500083843246 46.111122413917826
26.391000838484615 56.41587999131944
26.397000838536773 57.01122594762732
26.40300083858892 50.92794347692419
26.409000838641077 51.58812120225694
26.41500083869323 56.230740017361114
26.421000838745385 54.48622526945891
26.42700083879754 44.027230721932874
26.433000838849694 41.1788330078125
26.439000838901848 47.63615587022569
26.445000838954 43.98763812029803
26.451000839006156 24.848706280743635
26.45700083905831 22.74178512008102
26.463000839110467 28.992181848596644
26.469000839162618 22.451150399667245
26.475000839214772 14.26981947157118
26.48100083926693 11.297321460865161
26.487000839319077 16.289571126302082
26.493000839371234 17.444600423177082
26.49900083942339 8.143701623987269
26.505000839475542 4.578327320240162
26.511000839527696 9.90127224392361
26.51700083957985 16.84020317925347
26.523000839632004 9.778106689453125
26.52900083968416 7.70143296983507
26.535000839736313 15.265941478587964
26.541000839788467 10.886470088252315
26.547000839840624 10.250556098090279
26.55300083989277 8.830263491030093
26.55900083994493 20.523417154947918
26.565000839997083 35.019748263888886
26.571000840049237 39.70916069878472
26.57700084010139 40.376822012442126
26.583000840153545 55.58177354600694
26.5890008402057 71.29682865849247
26.595000840257853 65.07105735496238
26.601000840310007 52.228921395761
26.60700084036216 66.86698517975984
26.61300084041432 79.58585385923033
26.61900084046647 83.94594997829861
26.625000840518624 79.80530463324652
26.63100084057078 82.22162317346644
26.637000840622928 93.29864954065394
26.643000840675086 96.82401869032118
26.64900084072724 87.75049167209201
26.655000840779394 92.08138133861401
26.661000840831548 101.18486079463253
26.667000840883702 103.9348223650897
26.673000840935856 96.85278433340567
26.67900084098801 92.08984940140336
26.685000841040164 91.96456683123553
26.69100084109232 89.99326013635707
26.697000841144476 81.52130466037326
26.703000841196623 77.09526796694155
26.70900084124878 76.55054050021701
26.715000841300935 74.33175659179688
26.72100084135309 65.51365492078993
26.727000841405243 57.71645892107928
26.733000841457397 65.1597188313802
26.73900084150955 62.29220128942419
26.745000841561705 45.55876668294271
26.75100084161386 37.94895313404225
26.757000841666013 36.42379534686053
26.76300084171817 42.33396516022859
26.76900084177032 42.11436631944444
26.775000841822475 33.50496193214699
26.781000841874633 36.98225685402199
26.78700084192678 56.1855785228588
26.793000841978937 48.82731345847801
26.79900084203109 44.154144287109375
26.805000842083246 46.549612539785876
26.8110008421354 61.92268654152199
26.817000842187554 66.26621387622974
26.823000842239708 64.84833554868345
26.82900084229186 58.549519856770836
26.835000842344016 72.70678145797164
26.84100084239617 74.15319937246817
26.847000842448328 61.24787846317998
26.853000842500474 54.72297159830729
26.859000842552632 61.826027199074076
26.865000842604786 60.541915328414355
26.87100084265694 50.575613516348376
26.877000842709094 38.03815827546296
26.88300084276125 33.27599645543982
26.889000842813402 39.02685433846933
26.895000842865556 42.45726069697627
26.90100084291771 31.612195050274885
26.907000842969865 36.98086095739294
26.913000843022022 48.54823924877025
26.919000843074173 51.95746188693576
26.925000843126327 41.624771683304395
26.931000843178484 34.22111341688368
26.93700084323063 53.959082709418404
26.94300084328279 59.66348492657697
26.949000843334943 53.730980767144096
26.955000843387097 50.420739067925346
26.96100084343925 51.252985071252894
26.967000843491405 56.27019585503472
26.97300084354356 49.2098388671875
26.979000843595713 30.888580322265625
26.985000843647867 42.824356644241895
26.99100084370002 48.23617666739005
26.99700084375218 50.64036164460359
27.003000843804326 41.065011483651624
27.009000843856484 41.101051613136576
27.015000843908638 54.76229971426505
27.021000843960792 51.145017270688655
27.027000844012946 35.30498476381655
27.0330008440651 40.27044790762442
27.039000844117254 48.62817495840567
27.045000844169408 52.481773093894674
27.051000844221562 47.1347260651765
27.057000844273716 54.665673149956596
27.063000844325874 69.8818947120949
27.06900084437802 83.03723031503183
27.07500084443018 62.74876460322627
27.081000844482336 45.703084309895836
27.087000844534483 70.60795084635417
27.09300084458664 86.50490541811342
27.099000844638795 70.31874367042825
27.10500084469095 64.22652633101852
27.111000844743103 84.0487727412471
27.117000844795257 92.67137202510128
27.12300084484741 89.11493032949942
27.129000844899565 69.08938824688947
27.13500084495172 63.95916408962674
27.141000845003873 68.7110041865596
27.14700084505603 68.89317378291378
27.153000845108178 61.40119877567998
27.159000845160335 51.78366314923322
27.16500084521249 61.62829702871817
27.171000845264643 59.23271913881655
27.177000845316797 40.74407167787905
27.18300084536895 28.597987422236688
27.189000845421106 41.704821551287615
27.19500084547326 53.145965576171875
27.201000845525414 50.407189263237846
27.207000845577568 47.99131605360243
27.213000845629725 52.47760800962095
27.219000845681872 56.94762731481482
27.22500084573403 48.78732751916956
27.231000845786188 44.25205711082176
27.237000845838335 41.86041937934028
27.243000845890492 59.516219527633105
27.249000845942646 69.929120099103
27.2550008459948 48.337662308304395
27.261000846046954 36.39757961697049
27.26700084609911 41.95000542534722
27.273000846151263 39.02737313729745
27.279000846203417 31.226236979166668
27.28500084625557 34.332470929181135
27.291000846307725 45.195411964699076
27.297000846359882 55.60471485279225
27.30300084641203 42.9900218822338
27.309000846464187 22.792835376880788
27.31500084651634 33.49420844184028
27.321000846568495 48.32452505606192
27.32700084662065 63.22022501627604
27.333000846672803 59.102221453631365
27.339000846724957 55.448892098886
27.34500084677711 73.73111414026332
27.351000846829265 84.92738285771122
27.35700084688142 76.98424953884549
27.363000846933577 68.60736875180845
27.369000846985724 81.08335480866609
27.37500084703788 100.41926292136863
27.38100084709004 99.04945882161458
27.387000847142186 85.61109528718171
27.393000847194344 84.60524495442708
27.399000847246498 103.37870958116319
27.405000847298652 100.53213161892361
27.411000847350806 95.36689588758681
27.41700084740296 79.04235161675348
27.423000847455114 102.92067916304977
27.429000847507268 114.81386311848958
27.435000847559422 100.96239556206598
27.441000847611576 94.1114660192419
27.447000847663734 101.45840567129629
27.45300084771588 114.40871853298611
27.45900084776804 112.55568553783276
27.465000847820193 100.59934828016493
27.471000847872347 111.58746450918692
27.4770008479245 118.47746672453704
27.483000847976655 122.3929680718316
27.48900084802881 103.7745361328125
27.495000848080963 92.7310791015625
27.501000848133117 105.01970079210069
27.50700084818527 110.21434868706598
27.51300084823743 108.12156394675925
27.519000848289576 105.47667439778645
27.525000848341733 98.77891031901042
27.53100084839389 108.49153645833333
27.537000848446038 99.02976820203993
27.543000848498195 76.1471930609809
27.54900084855035 90.76969740125868
27.555000848602504 105.82813065140336
27.561000848654658 98.50267311378762
27.56700084870681 75.25816627785012
27.573000848758966 84.96923715096933
27.57900084881112 94.69921422887731
27.585000848863274 100.39455159505208
27.591000848915428 83.73490962275753
27.597000848967586 54.63505158600984
27.603000849019732 63.671201352719905
27.60900084907189 81.13164605034723
27.615000849124044 59.34448694299768
27.6210008491762 34.07798823603877
27.627000849228352 36.208224826388886
27.633000849280506 64.19646086516204
27.63900084933266 58.724589029947914
27.645000849384815 22.61200855396412
27.65100084943697 2.7592072663483798
27.657000849489123 30.36119701244213
27.66300084954128 74.45592809606481
27.669000849593427 83.54828332971644
27.675000849645585 82.78981300636575
27.681000849697742 128.0656580041956
27.687000849749893 127.29796685112848
27.693000849802047 195.77340472186054
27.6990008498542 126.47530336733217
27.705000849906355 127.64512012622974
27.71100084995851 174.13863457573785
27.717000850010663 155.61017297815394
27.723000850062817 187.2264404296875
27.72900085011497 203.03200050636573
27.735000850167125 319.9311534740307
27.74100085021928 489.01957533094617
27.747000850271437 605.7248761212385
27.753000850323584 868.8170505099827
27.75900085037574 871.974543818721
27.765000850427896 1054.006883409288
27.77100085048005 1004.6272537796585
27.777000850532204 807.2634028682003
27.783000850584358 774.6058372214989
27.789000850636512 663.0577997278284
27.795000850688666 396.41109099211513
27.80100085074082 292.4423183865017
27.807000850792974 311.0360672562211
27.813000850845132 227.34332275390625
27.81900085089728 101.10971408420139
27.825000850949436 123.91288700810185
27.831000851001594 154.61106137876158
27.837000851053745 69.85200557002315
27.8430008511059 149.9005239981192
27.849000851158053 128.06287525318288
27.855000851210207 93.85918511284723
27.86100085126236 26.567744502314813
27.867000851314515 5.1627988462094905
27.87300085136667 6.56842041015625
27.879000851418827 18.02583595558449
27.885000851470977 0.0
27.89100085152313 -2.707297996238426
27.89700085157529 0.0
27.903000851627436 -5.307379828559028
27.909000851679593 -11.96441650390625
27.915000851731747 -24.402913411458332
27.9210008517839 0.0
27.927000851836056 0.0
27.93300085188821 0.0
27.939000851940364 0.0
27.945000851992518 0.0
27.95100085204467 0.0
27.957000852096826 0.0
27.963000852148983 0.0
27.96900085220113 0.0
27.975000852253288 0.0
27.981000852305446 0.0
27.987000852357596 0.0
27.99300085240975 0.0
27.999000852461904 0.0
28.00500085251406 0.0
28.011000852566212 0.0
28.017000852618366 0.0
28.02300085267052 0.0
28.029000852722678 0.0
28.03500085277483 0.0
28.041000852826983 0.0
28.04700085287914 0.0
28.053000852931287 0.0
28.059000852983445 0.0
28.0650008530356 0.0
28.071000853087753 0.0
28.077000853139907 0.0
28.08300085319206 0.0
28.089000853244215 0.0
28.09500085329637 0.0
28.101000853348523 0.0
28.107000853400677 0.0
28.113000853452835 0.0
28.119000853504982 0.0
28.12500085355714 0.0
28.131000853609297 0.0
28.137000853661448 0.0
28.143000853713602 0.0
28.149000853765756 0.0
28.15500085381791 0.0
28.161000853870064 0.0
