m1-67/data/jwst-miri-mrs/wr124-miri-mrs-ch3-star-line-spectrum.ecsv
# %ECSV 1.0
# ---
# datatype:
# - {name: Wavelength, unit: micron, datatype: float64}
# - {name: Intensity, datatype: float64}
# meta: !!omap
# - __serialized_columns__:
#     Wavelength:
#       __class__: astropy.units.quantity.Quantity
#       unit: !astropy.units.Unit {unit: micron}
#       value: !astropy.table.SerializedColumn {name: Wavelength}
# schema: astropy-2.0
Wavelength Intensity
11.551250190706922 735.2128383091518
11.553750190651042 699.9602748325893
11.556250190595165 659.3071158272879
11.558750190539284 576.5425175258091
11.561250190483406 530.117915562221
11.563750190427525 465.6976536342076
11.566250190371646 390.0203835623605
11.568750190315766 326.94767325265065
11.571250190259887 271.3634741646903
11.57375019020401 220.7427270071847
11.576250190148128 194.20206342424666
11.57875019009225 174.599976675851
11.58125019003637 162.97923278808594
11.58375018998049 130.53164672851562
11.586250189924613 102.61143711635044
11.588750189868732 83.29884229387555
11.591250189812854 74.83154623849052
11.593750189756973 61.17072623116629
11.596250189701093 51.93788473946707
11.598750189645214 30.637135096958705
11.601250189589335 26.195965358189174
11.603750189533457 18.704313005719865
11.606250189477576 19.845929827008927
11.608750189421698 19.86838858468192
11.611250189365817 20.824822562081472
11.613750189309938 12.336815970284599
11.61625018925406 12.910391671316964
11.61875018919818 13.427963256835938
11.621250189142302 10.863551548549108
11.62375018908642 10.811417715890068
11.626250189030541 14.705510820661273
11.628750188974662 20.39361354282924
11.631250188918782 20.57315935407366
11.633750188862905 22.013377598353795
11.636250188807024 22.82376970563616
11.638750188751146 30.18355233328683
11.641250188695265 24.977595738002233
11.643750188639386 26.530980791364396
11.646250188583508 27.327472141810826
11.648750188527627 27.72254398890904
11.65125018847175 25.75796399797712
11.653750188415868 35.59163229806082
11.656250188359989 37.45225197928293
11.65875018830411 28.43337903703962
11.66125018824823 35.6517083304269
11.663750188192353 39.15526144845145
11.666250188136472 43.35829816545759
11.668750188080594 51.81582859584263
11.671250188024713 55.33583068847656
11.673750187968833 53.63349478585379
11.676250187912956 55.59338814871652
11.678750187857075 64.53548540387835
11.681250187801197 73.7108404976981
11.683750187745316 76.86105782645089
11.686250187689437 96.13833182198661
11.688750187633559 105.22830418178013
11.691250187577678 104.60450744628906
11.6937501875218 109.95905194963727
11.69625018746592 106.72596522739956
11.69875018741004 112.47311619349888
11.70125018735416 111.98061152866909
11.703750187298281 132.00519016810827
11.706250187242404 137.02372523716517
11.708750187186522 148.66193498883928
11.711250187130645 156.71709878104073
11.713750187074764 166.14976501464844
11.716250187018884 177.4616470336914
11.718750186963007 180.96098000662667
11.721250186907126 182.76393236432756
11.723750186851248 188.998170035226
11.726250186795367 196.13389042445593
11.728750186739488 200.21275983537947
11.731250186683608 206.82666233607702
11.733750186627729 211.67266300746374
11.736250186571851 218.4864774431501
11.73875018651597 224.70877402169364
11.741250186460093 232.00015149797713
11.743750186404212 232.73535483224052
11.746250186348332 232.7148208618164
11.748750186292455 233.95047760009766
11.751250186236573 238.13857051304407
11.753750186180696 250.90103040422713
11.756250186124815 257.53098951067244
11.758750186068935 257.9923204694475
11.761250186013056 259.72400447300504
11.763750185957177 265.6117651803153
11.7662501859013 252.87195805140905
11.768750185845418 261.1850466047014
11.77125018578954 259.2441286359514
11.77375018573366 283.28082384381975
11.77625018567778 287.78487178257535
11.778750185621902 285.98592376708984
11.781250185566021 291.4815423148019
11.783750185510144 288.5793991088867
11.786250185454263 283.6264179774693
11.788750185398383 284.6362555367606
11.791250185342504 290.06122153145924
11.793750185286624 290.68129076276506
11.796250185230747 294.10370200020924
11.798750185174866 296.1832940237863
11.801250185118988 295.3255299159459
11.803750185063107 290.97068895612443
11.806250185007228 273.9912534441267
11.80875018495135 255.7965534755162
11.811250184895469 240.9617429460798
11.813750184839591 228.16958945138114
11.81625018478371 221.70552498953683
11.818750184727831 207.38872419084822
11.821250184671953 183.3671591622489
11.823750184616072 155.95638057163782
11.826250184560195 148.55586896623885
11.828750184504313 138.80204119001115
11.831250184448434 126.31619044712612
11.833750184392555 117.11188616071429
11.836250184336675 99.24368395124164
11.838750184280798 93.12538691929409
11.841250184224917 96.78648158482143
11.84375018416904 95.86155700683594
11.846250184113158 93.94539533342633
11.848750184057279 87.55709402901786
11.851250184001401 86.12147303989956
11.85375018394552 94.2220960344587
11.856250183889642 102.77016122000558
11.858750183833761 99.89710562569755
11.861250183777882 103.45890154157367
11.863750183722003 102.63212476457868
11.866250183666123 112.8234634399414
11.868750183610246 125.84835379464286
11.871250183554364 135.04312242780412
11.873750183498487 136.6357203892299
11.876250183442606 145.43214634486608
11.878750183386726 160.8498022896903
11.881250183330849 164.693968636649
11.883750183274968 168.96646772112166
11.88625018321909 163.74357169015067
11.888750183163209 168.21288844517298
11.89125018310733 180.3841836111886
11.89375018305145 185.76394653320312
11.896250182995571 190.63487679617745
11.898750182939693 194.64019993373327
11.901250182883812 198.50387355259485
11.903750182827935 193.79127502441406
11.906250182772053 182.9863782610212
11.908750182716174 186.07582528250558
11.911250182660297 183.80135454450334
11.913750182604415 182.6752471923828
11.916250182548538 170.88176618303572
11.918750182492657 164.93492889404297
11.921250182436777 157.4901351928711
11.923750182380898 152.6796101161412
11.926250182325019 151.22901371547155
11.928750182269141 142.97762080601282
11.93125018221326 138.63144901820593
11.93375018215738 138.6399438040597
11.936250182101501 141.7873764038086
11.938750182045622 158.79282161167689
11.941250181989744 162.4410912649972
11.943750181933863 165.79945918491907
11.946250181877986 179.61881038120814
11.948750181822104 185.4728513445173
11.951250181766225 184.1777354649135
11.953750181710346 191.80826568603516
11.956250181654466 195.19408089773995
11.958750181598589 193.16716766357422
11.961250181542708 203.14804622105189
11.963750181486828 198.40596335274833
11.966250181430949 196.5620346069336
11.96875018137507 188.87806592668807
11.971250181319192 197.1361596243722
11.973750181263311 184.67263902936662
11.976250181207433 192.23288072858537
11.978750181151552 201.9256373814174
11.981250181095673 197.92935289655412
11.983750181039795 203.2337602887835
11.986250180983914 204.95310756138392
11.988750180928037 203.5356434413365
11.991250180872155 206.29966190883093
11.993750180816276 196.84652165004186
11.996250180760397 193.40751211983817
11.998750180704517 185.94774409702845
12.00125018064864 192.27366638183594
12.003750180592759 200.41241673060827
12.006250180536881 193.4390629359654
12.008750180481 193.32786342075892
12.01125018042512 176.55434090750558
12.013750180369243 170.56152561732702
12.016250180313362 165.97361646379744
12.018750180257484 168.49541473388672
12.021250180201603 167.71337127685547
12.023750180145724 156.27736009870256
12.026250180089844 160.17259325299943
12.028750180033965 163.50330788748605
12.031250179978088 162.19810376848494
12.033750179922206 168.61675262451172
12.036250179866327 171.23545292445593
12.038750179810448 169.20356641496932
12.041250179754568 165.25625937325614
12.04375017969869 159.6682412283761
12.04625017964281 161.41434042794364
12.048750179586932 161.80132511683874
12.051250179531051 162.0666961669922
12.053750179475172 154.33112444196428
12.056250179419292 155.55449022565568
12.058750179363413 156.7475073678153
12.061250179307535 158.807245526995
12.063750179251654 158.12986537388392
12.066250179195777 150.59396144321985
12.068750179139895 162.91147395542689
12.071250179084016 163.23423331124442
12.073750179028139 167.44871085030692
12.076250178972257 176.21392931256975
12.07875017891638 178.6695098876953
12.081250178860499 182.6994149344308
12.08375017880462 191.75306592668807
12.08625017874874 182.8061261858259
12.08875017869286 177.40907505580358
12.091250178636983 178.81117793491907
12.093750178581102 183.27790069580078
12.096250178525223 185.12561907087053
12.098750178469343 190.8379625592913
12.101250178413464 185.20018332345145
12.103750178357586 184.62256186349052
12.106250178301705 198.3993377685547
12.108750178245828 198.6642586844308
12.111250178189946 196.0879407610212
12.113750178134067 209.58526611328125
12.116250178078188 211.74547576904297
12.118750178022308 221.14683314732142
12.12125017796643 242.40132359095983
12.12375017791055 258.0494177682059
12.12625017785467 270.433470589774
12.128750177798791 285.02164241245816
12.131250177742912 315.72425951276506
12.133750177687034 349.35230582101
12.136250177631153 364.4581386021205
12.138750177575275 379.87863377162387
12.141250177519394 389.80655343191967
12.143750177463515 414.50711604527066
12.146250177407637 424.7430975777762
12.148750177351756 441.0263421194894
12.151250177295879 443.1060300554548
12.153750177239997 466.8476442609514
12.156250177184118 474.1381628853934
12.158750177128239 474.5868170601981
12.16125017707236 463.4940392630441
12.163750177016482 464.17290932791576
12.1662501769606 444.64524514334545
12.168750176904723 436.92689623151506
12.171250176848842 424.9744622366769
12.173750176792963 419.028199332101
12.176250176737085 413.530154636928
12.178750176681204 404.3144280569894
12.181250176625326 391.3251985822405
12.183750176569445 359.77553122384205
12.186250176513566 341.0373437064035
12.188750176457686 326.26015908377514
12.191250176401807 311.1385160173689
12.19375017634593 303.0154517037528
12.196250176290048 294.6271198817662
12.198750176234169 282.15820857456754
12.20125017617829 280.33978380475725
12.20375017612241 276.6083450317383
12.206250176066533 271.1469530378069
12.208750176010652 259.4199916294643
12.211250175954774 251.1354762486049
12.213750175898893 244.24381474086218
12.216250175843014 237.06980895996094
12.218750175787134 250.97481427873885
12.221250175731255 248.00335911342077
12.223750175675377 254.46992928641183
12.226250175619496 249.3462916782924
12.228750175563619 246.62681361607142
12.231250175507737 249.62774985177177
12.233750175451858 244.4260025024414
12.23625017539598 246.65398406982422
12.2387501753401 244.54835946219308
12.241250175284222 240.37149919782365
12.24375017522834 238.7265908377511
12.246250175172461 236.66758837018693
12.248750175116582 229.43312617710657
12.251250175060703 231.22547803606307
12.253750175004825 223.1891817365374
12.256250174948944 213.32840292794364
12.258750174893065 203.62515258789062
12.261250174837185 201.37479291643416
12.263750174781306 203.04844992501395
12.266250174725428 208.96122196742468
12.268750174669547 211.7337363106864
12.27125017461367 213.32372065952845
12.273750174557788 212.80121721540178
12.276250174501909 211.16141619001115
12.278750174446031 210.04341561453683
12.28125017439015 201.11512538364954
12.283750174334273 186.32547215053015
12.286250174278392 191.04715510777064
12.288750174222512 196.77745601109095
12.291250174166633 200.6100845336914
12.293750174110754 210.33106558663505
12.296250174054876 219.92251913888114
12.298750173998995 229.59093366350447
12.301250173943115 249.16856711251395
12.303750173887236 270.75975799560547
12.306250173831357 296.94185965401783
12.30875017377548 333.7325657435826
12.311250173719598 372.10584150041853
12.31375017366372 463.3014646257673
12.31625017360784 594.5883287702288
12.31875017355196 682.1776885986328
12.32125017349608 784.3042580740793
12.323750173440201 872.0337578909738
12.326250173384324 967.6658401489258
12.328750173328443 1125.2658135550362
12.331250173272565 1214.834589276995
12.333750173216684 1309.906115940639
12.336250173160805 1415.3777825491768
12.338750173104927 1641.4026478358678
12.341250173049046 2096.9467544555664
12.343750172993168 2868.5172816685267
12.346250172937287 4165.892711094448
12.348750172881408 6116.666364397322
12.351250172825528 8619.180993216378
12.353750172769649 11309.4689679827
12.356250172713771 13989.96102469308
12.35875017265789 16291.194405691964
12.361250172602011 17049.32187325614
12.363750172546132 17125.252171107702
12.366250172490252 17123.67724609375
12.368750172434375 17121.08465576172
12.371250172378494 17118.358180454798
12.373750172322616 17118.08797781808
12.376250172266735 17116.559238978796
12.378750172210855 17114.401977539062
12.381250172154976 17113.756330217635
12.383750172099097 17110.16237095424
12.38625017204322 17027.378479003906
12.388750171987338 16333.874947684151
12.391250171931459 14910.800306047711
12.39375017187558 13637.767652239118
12.3962501718197 11415.33377947126
12.398750171763822 9017.014641898018
12.401250171707941 6804.758858816965
12.403750171652062 4989.892580304827
12.406250171596183 3669.530286516462
12.408750171540303 2737.7728053501673
12.411250171484424 2145.4169420514786
12.413750171428545 1659.0853118896484
12.416250171372667 1232.5610918317523
12.418750171316786 937.6001892089844
12.421250171260906 677.8224269321987
12.423750171205027 542.7632816859654
12.426250171149148 455.9781755719866
12.42875017109327 407.80104282924106
12.431250171037389 351.21134294782365
12.433750170981511 306.897208077567
12.43625017092563 267.50629752022877
12.438750170869751 246.6356920514788
12.441250170813873 232.6981942313058
12.443750170757992 212.15032741001673
12.446250170702115 188.83064488002233
12.448750170646234 176.3134525844029
12.451250170590354 159.2467803955078
12.453750170534475 148.83068084716797
12.456250170478596 136.41375623430525
12.458750170422718 122.93895503452846
12.461250170366837 117.99556405203683
12.463750170310957 112.07966068812779
12.466250170255078 103.10706329345703
12.468750170199199 98.09303610665458
12.471250170143321 92.9918441772461
12.47375017008744 84.89368329729352
12.476250170031562 77.72104862758091
12.478750169975681 73.71391841343471
12.481250169919802 70.9304438999721
12.483750169863923 71.09999520438058
12.486250169808043 73.95697348458427
12.488750169752166 77.91566794259208
12.491250169696285 87.86744798932757
12.493750169640407 94.49607195172992
12.496250169584526 104.06267438616071
12.498750169528646 111.92200578962054
12.501250169472769 119.42465209960938
12.503750169416888 131.45511300223214
12.506250169361008 140.34852055140905
12.508750169305129 150.14515141078405
12.51125016924925 157.5650177001953
12.51375016919337 165.08316258021765
12.516250169137491 170.40631103515625
12.518750169081613 174.34655543736048
12.521250169025732 180.63558959960938
12.523750168969853 182.13771493094308
12.526250168913974 189.16193280901228
12.528750168858094 191.95848628452845
12.531250168802217 197.33796582903182
12.533750168746336 201.62815529959542
12.536250168690458 204.38726915631975
12.538750168634577 211.99913787841797
12.541250168578697 217.90659877232142
12.543750168522818 229.73961530412947
12.546250168466939 237.1052485874721
12.548750168411061 244.71739414760046
12.55125016835518 251.43602861676897
12.5537501682993 261.0639888218471
12.556250168243421 287.42434474400113
12.558750168187542 328.9519577026367
12.561250168131664 392.48353467668807
12.563750168075783 522.8722555977957
12.566250168019904 658.6297956194196
12.568750167964025 828.0229056222098
12.571250167908145 969.2275238037109
12.573750167852266 1104.7871268136162
12.576250167796386 1197.9652862548828
12.578750167740509 1289.053959437779
12.581250167684628 1312.9603729248047
12.583750167628748 1317.0658503941127
12.586250167572869 1321.2164241245814
12.58875016751699 1323.0330134800502
12.591250167461112 1331.2567160470146
12.593750167405231 1335.693108694894
12.596250167349353 1337.9876643589564
12.598750167293472 1340.3315800258092
12.601250167237593 1340.8194253104073
12.603750167181715 1339.9600590297155
12.606250167125834 1313.553501674107
12.608750167069955 1210.835695539202
12.611250167014076 1098.772925240653
12.613750166958196 994.7148917061942
12.616250166902317 879.1710096086774
12.618750166846437 769.3038548060825
