m1-67/data/jwst-miri-mrs/wr124-miri-mrs-ch3-star-line-spectrum.ecsv
# %ECSV 1.0
# ---
# datatype:
# - {name: Wavelength, unit: micron, datatype: float64}
# - {name: Intensity, datatype: float64}
# meta: !!omap
# - __serialized_columns__:
#     Wavelength:
#       __class__: astropy.units.quantity.Quantity
#       unit: !astropy.units.Unit {unit: micron}
#       value: !astropy.table.SerializedColumn {name: Wavelength}
# schema: astropy-2.0
Wavelength Intensity
[from data line 1716]
15.84125009481795 262.84161049979076
15.84375009476207 256.50398799351285
15.846250094706193 247.92176491873605
15.848750094650311 240.04562050955636
15.851250094594432 233.29608045305525
15.853750094538555 219.5049809047154
15.856250094482672 209.82020786830358
15.858750094426794 204.78491973876953
15.861250094370915 198.02996826171875
15.863750094315037 188.1365923200335
15.866250094259156 189.48812866210938
15.868750094203277 183.61932700020927
15.871250094147396 177.6241226196289
15.873750094091516 173.20638820103235
15.876250094035639 154.13951655796595
15.87875009397976 141.1550282069615
15.881250093923882 147.49702344621932
15.883750093868 144.09236580984933
15.886250093812121 133.52292960030692
15.88875009375624 135.37506321498327
15.89125009370036 136.0124522617885
15.893750093644483 131.24747467041016
15.896250093588606 125.64272962297711
15.898750093532726 120.6985353742327
15.901250093476845 118.14452689034599
15.903750093420966 118.60955047607422
15.906250093365085 114.38946969168526
15.908750093309207 116.15707833426339
15.911250093253328 116.50621577671596
15.91375009319745 116.13002559116909
15.916250093141567 110.16824558803013
15.91875009308569 113.86205400739398
15.92125009302981 109.047853742327
15.923750092973929 112.83717019217355
15.926250092918051 121.25669860839844
15.928750092862172 118.27309090750558
15.931250092806295 111.01180267333984
15.933750092750412 103.58101545061383
15.936250092694534 119.4971684047154
15.938750092638656 119.96229553222656
15.941250092582774 122.47728620256696
15.943750092526896 122.22421264648438
15.946250092471017 125.93573651994977
15.948750092415139 125.04039110456195
15.951250092359256 127.16679382324219
15.953750092303379 125.96217891148159
15.956250092247501 126.46473584856305
15.958750092191618 128.0278047834124
15.96125009213574 128.3906260899135
15.963750092079861 128.45155879429407
15.966250092023984 136.2089614868164
15.968750091968102 131.09029606410436
15.971250091912223 136.9567129952567
15.973750091856342 137.59941973005022
15.976250091800463 130.52423531668526
15.978750091744585 135.621089390346
15.981250091688706 135.30221339634485
15.983750091632828 133.05736105782645
15.986250091576947 126.1171406337193
15.988750091521068 126.40411812918526
15.991250091465187 130.21609824044364
15.993750091409307 133.42640795026506
15.99625009135343 130.89329201834542
15.998750091297552 124.0544662475586
16.001250091241673 120.35516139439174
16.00375009118579 118.90210396902901
16.006250091129914 116.64405931745257
16.00875009107403 114.49411010742188
16.01125009101815 111.501220703125
16.013750090962276 114.73799460274833
16.016250090906397 118.75435965401786
16.018750090850514 115.65107945033482
16.021250090794634 117.56772831508091
16.02375009073876 121.89427185058594
16.026250090682876 121.85518101283482
16.028750090626996 124.88881465366909
16.03125009057112 127.92642974853516
16.03375009051524 119.37337384905133
16.036250090459358 113.86329432896206
16.03875009040348 121.29600851876395
16.041250090347603 125.46194566999164
16.04375009029172 119.49093845912388
16.04625009023584 121.9756589617048
16.048750090179965 133.4261757986886
16.051250090124086 131.68758828299386
16.053750090068203 130.6081771850586
16.056250090012327 136.15715135846818
16.058750089956447 142.0599626813616
16.061250089900565 145.59713636125838
16.063750089844685 151.56311798095703
16.06625008978881 149.2830363682338
16.06875008973293 150.59385354178292
16.071250089677047 150.4222651890346
16.07375008962117 154.3746119907924
16.07625008956529 160.12230028424943
16.07875008950941 165.86253465924943
16.08125008945353 168.5344685145787
16.083750089397654 163.6679458618164
16.086250089341775 159.7961938040597
16.08875008928589 161.2826690673828
16.091250089230016 152.11431121826172
16.093750089174133 149.56718008858817
16.096250089118254 157.98897552490234
16.098750089062374 155.51597595214844
16.1012500890065 148.53653935023718
16.10375008895062 150.93576049804688
16.106250088894736 150.5020969935826
16.10875008883886 140.58863612583704
16.111250088782977 138.4079110281808
16.113750088727098 141.55604444231307
16.116250088671222 137.45094844273157
16.118750088615343 131.03365761893136
16.12125008855946 131.02547781808036
16.12375008850358 127.19919913155692
16.126250088447705 129.62772369384766
16.128750088391822 133.25831712995256
16.131250088335943 132.55923679896765
16.133750088280067 127.94815935407367
16.136250088224187 126.32132284981864
16.138750088168305 132.0022920880999
16.141250088112425 135.94059862409318
16.14375008805655 141.73695046561105
16.146250088000667 149.99547685895647
16.148750087944787 160.83806610107422
16.15125008788891 172.86455426897322
16.153750087833032 186.3916015625
16.15625008777715 207.66859872000558
16.15875008772127 223.5408445085798
16.161250087665394 247.72469002859933
16.16375008760951 274.69485364641463
16.16625008755363 305.9336831229074
16.168750087497756 387.1268648420061
16.171250087441877 514.4723129272461
16.173750087385994 692.3613869803293
16.176250087330118 964.1761943272182
16.178750087274235 1431.49203818185
16.181250087218356 1835.7294921875
16.183750087162476 2194.5960845947266
16.1862500871066 2568.407706124442
16.18875008705072 2889.396983555385
16.191250086994838 3130.5874873570033
16.193750086938962 3272.616663251604
16.19625008688308 3348.4541669573105
16.1987500868272 3369.898368835449
16.20125008677132 3392.003044128418
16.203750086715445 3395.1693562098912
16.206250086659566 3394.56366620745
16.208750086603683 3394.5397665841238
16.211250086547807 3390.655210222517
16.213750086491924 3388.62472316197
16.216250086436045 3382.297845023019
16.21875008638017 3368.511821201869
16.22125008632429 3322.125965663365
16.223750086268407 3207.434449332101
16.226250086212527 3057.7543236868723
16.22875008615665 2894.954508100237
16.23125008610077 2745.2110715593612
16.23375008604489 2506.180389404297
16.236250085989013 2314.4481179373606
16.238750085933134 2047.9008026123047
16.24125008587725 1733.8460475376673
16.24375008582137 1394.0932922363281
16.246250085765496 1078.496447971889
16.248750085709613 783.4081824166434
16.251250085653734 532.9418422154018
16.253750085597858 367.78200966971264
16.25625008554198 267.87464032854353
16.258750085486096 232.6689943586077
16.261250085430216 175.33530752999442
16.26375008537434 162.60199301583427
16.266250085318458 152.62977709089006
16.268750085262578 144.69576590401786
16.271250085206702 136.93047986711775
16.273750085150823 129.89130074637276
16.27625008509494 118.67337145124164
16.278750085039064 116.29681287493024
16.281250084983185 113.12507847377232
16.283750084927302 105.78579602922711
16.286250084871423 105.0290996006557
16.288750084815547 99.84825897216797
16.291250084759668 103.70854949951172
16.293750084703785 100.54354531424386
16.29625008464791 103.38105882917132
16.298750084592026 107.66029466901507
16.301250084536147 105.03910500662667
16.303750084480267 105.21648188999721
16.30625008442439 104.7266366141183
16.308750084368512 111.24037170410156
16.31125008431263 111.00571550641742
16.313750084256753 111.5771255493164
16.31625008420087 111.90978022984096
16.31875008414499 111.00279562813895
16.32125008408911 113.60507202148438
16.323750084033236 119.63011169433594
16.326250083977353 125.79959324428013
16.328750083921474 130.7323216029576
16.331250083865598 132.88517543247767
16.333750083809715 137.9097159249442
16.336250083753836 139.17793927873885
16.33875008369796 142.67215183803015
16.34125008364208 144.87381308419364
16.343750083586198 149.28604234967912
16.346250083530318 154.387572152274
16.348750083474442 156.26737649100167
16.35125008341856 158.849000113351
16.35375008336268 160.1533257620675
16.356250083306804 170.5603790283203
16.358750083250925 177.84047045026506
16.361250083195042 184.7964826311384
16.363750083139163 195.3390383039202
16.366250083083287 207.53349958147322
16.368750083027404 219.59014565604073
16.371250082971525 230.76748112269811
16.37375008291565 258.59008244105746
16.37625008285977 277.69454084123885
16.378750082803887 311.9948076520647
16.38125008274801 356.04895455496654
16.38375008269213 418.860716683524
16.38625008263625 458.03260803222656
16.38875008258037 518.6302239554269
16.391250082524493 583.3316083635602
16.393750082468614 616.147966657366
16.39625008241273 644.227316720145
16.398750082356855 663.5118637084961
16.401250082300972 681.0816399710519
16.403750082245093 690.214238848005
16.406250082189214 696.6360244750977
16.408750082133338 698.191296168736
16.41125008207746 698.2757252284458
16.413750082021576 696.5232249668667
16.4162500819657 694.8729651314871
16.418750081909817 693.3405685424805
16.421250081853938 688.9384035382952
16.423750081798058 676.0061351231167
16.426250081742182 658.8890359061105
16.4287500816863 636.4071873256138
16.43125008163042 604.1251493181501
16.433750081574544 576.3463200160435
16.43625008151866 521.0631103515625
16.438750081462782 474.2810069492885
16.441250081406906 436.0738863263811
16.443750081351027 387.5670874459403
16.446250081295144 330.5827865600586
16.448750081239265 260.46985626220703
16.45125008118339 210.46255820138114
16.453750081127506 184.68131474086218
16.456250081071627 154.15843527657645
16.45875008101575 127.98408508300781
16.46125008095987 118.77741241455078
16.46375008090399 114.42242213657924
16.46625008084811 110.19178118024554
16.468750080792233 104.98977770124164
16.47125008073635 100.88621956961495
16.47375008068047 97.15607234409877
16.476250080624595 93.85931396484375
16.478750080568716 91.57792227608817
16.481250080512833 90.87615094866071
16.483750080456957 90.00975581577846
16.486250080401078 95.98090144566127
16.488750080345195 94.33622741699219
16.491250080289316 92.15348161969867
16.49375008023344 90.09524100167411
16.49625008017756 93.34262956891742
16.498750080121678 96.19002532958984
16.5012500800658 86.47156524658203
16.50375008000992 84.18253217424665
16.50625007995404 90.62140219552177
16.50875007989816 86.34259251185826
16.511250079842284 81.06787436349052
16.513750079786405 79.07946886335101
16.516250079730522 79.99040767124721
16.518750079674646 77.68914903913226
16.521250079618763 70.4923324584961
16.523750079562884 69.6617682320731
16.526250079507005 73.36159297398159
16.52875007945113 74.14166804722377
16.53125007939525 71.09077889578683
16.533750079339367 71.54067666190011
16.53625007928349 75.07366180419922
16.538750079227608 77.48071943010602
16.54125007917173 78.1666739327567
16.543750079115853 83.75355311802456
16.546250079059973 89.04089900425502
16.54875007900409 94.04939379010882
16.55125007894821 95.82967921665737
16.553750078892335 111.74817657470703
16.556250078836452 124.40636553083148
16.558750078780573 131.88321685791016
16.561250078724697 145.21679033551897
16.563750078668818 156.82290758405412
16.566250078612935 181.16663796561105
16.568750078557056 201.38164411272322
16.57125007850118 216.1353476388114
16.573750078445297 232.2442899431501
16.576250078389418 249.62511335100447
16.57875007833354 259.2832815987723
16.581250078277662 262.8307658604213
16.58375007822178 266.67610604422435
16.5862500781659 272.6662586757115
16.588750078110024 274.09082685198103
16.59125007805414 274.7662604195731
16.593750077998262 275.34110477992465
16.596250077942386 279.1848874773298
16.598750077886507 278.9932196480887
16.601250077830624 273.394051688058
16.603750077774748 274.9280548095703
16.606250077718865 272.24922725132535
16.608750077662986 268.76710728236606
16.611250077607107 262.1445541381836
16.61375007755123 255.82562800816126
16.61625007749535 245.50830732073103
16.61875007743947 230.5279802594866
16.621250077383593 216.53719111851282
16.62375007732771 201.2018814086914
16.62625007727183 178.96400669642858
16.62875007721595 168.08716474260603
16.631250077160075 146.2311564854213
16.633750077104196 132.59815652029855
16.636250077048313 121.14388929094586
16.638750076992437 114.04958997453961
16.641250076936554 106.83621433803013
16.643750076880675 102.76722608293805
16.6462500768248 97.21207209995815
16.64875007676892 94.8418208530971
16.651250076713037 90.441408429827
16.653750076657158 85.46834891183036
16.65625007660128 85.83119092668805
16.6587500765454 84.87480054582868
16.66125007648952 79.54341234479632
16.663750076433644 78.46544865199498
16.666250076377764 81.90816170828683
16.66875007632188 80.6066164289202
16.671250076266002 77.36962781633649
16.673750076210126 77.48956407819476
16.676250076154243 77.94188472202846
16.678750076098364 76.95871843610492
16.681250076042488 74.70070539202008
16.68375007598661 74.0921391078404
16.686250075930726 72.295656476702
16.688750075874847 71.78658948625836
16.69125007581897 68.8302230834961
16.693750075763088 65.4670159476144
16.69625007570721 63.018488202776226
16.698750075651333 61.65232413155692
16.701250075595453 57.33538709368025
16.70375007553957 53.09654998779297
16.706250075483695 48.51238250732422
16.70875007542781 44.12996455601284
16.711250075371932 39.1607666015625
16.713750075316053 32.97520010811942
16.716250075260177 27.345221383231028
16.718750075204298 24.536725725446427
16.721250075148415 22.76917920793806
16.72375007509254 18.052139282226562
16.726250075036656 17.045087541852677
16.728750074980777 15.525023324148995
16.731250074924898 14.715337480817523
16.73375007486902 8.550797598702568
16.736250074813142 8.564794267926898
16.73875007475726 10.850061689104352
16.741250074701384 13.559337071010045
16.7437500746455 9.221116202218193
16.74625007458962 10.371778215680804
16.748750074533742 18.57693154471261
16.751250074477866 20.294134957449778
16.753750074421983 11.951565333775111
16.756250074366104 12.164272853306361
16.75875007431023 20.05401393345424
16.761250074254345 20.41785430908203
16.763750074198466 12.854069301060267
16.76625007414259 12.319616045270648
16.76875007408671 18.38666534423828
16.771250074030828 19.638716561453684
16.77375007397495 17.649847848074778
16.776250073919073 18.518787928989955
16.77875007386319 36.68899318150112
16.78125007380731 51.095126560756135
16.783750073751435 58.81604766845703
16.786250073695555 65.36148180280414
16.788750073639672 67.8351800101144
16.791250073583793 69.82313755580357
16.793750073527917 70.40168217250279
16.796250073472034 71.58158002580915
16.798750073416155 73.84943062918526
16.80125007336028 77.49795968191964
16.8037500733044 79.2589133126395
16.806250073248517 86.1697976248605
16.80875007319264 88.79701450892857
16.81125007313676 93.7985338483538
16.81375007308088 97.43136378696987
16.816250073025 103.6656733921596
16.818750072969124 112.63119179861886
16.821250072913244 119.06719534737724
16.82375007285736 122.07467869349888
16.826250072801486 130.96339634486608
16.828750072745603 140.59099905831474
16.831250072689723 155.0603986467634
16.833750072633844 166.88757651192802
16.83625007257797 181.49347577776228
16.83875007252209 201.73544202532088
16.841250072466206 242.7959932599749
16.84375007241033 293.5912431989397
16.846250072354447 429.2472577776228
16.848750072298568 533.9536448887417
16.85125007224269 657.6393301827567
16.853750072186813 814.7650680541992
16.85625007213093 1030.5525000435966
16.85875007207505 1169.7082792009626
16.861250072019175 1293.7803094046455
16.863750071963292 1391.8542687552315
16.866250071907412 1511.4494138445173
16.868750071851537 1548.134644644601
16.871250071795657 1567.8257653372627
16.873750071739774 1575.1048311506
16.876250071683895 1580.3301511492048
16.87875007162802 1580.3655166625977
16.881250071572136 1580.7101211547852
16.883750071516257 1580.7634179251534
16.88625007146038 1580.7687933785576
16.888750071404502 1580.6833223615374
16.89125007134862 1579.9881188528877
16.89375007129274 1573.0287246704102
16.896250071236864 1537.6171122959681
16.89875007118098 1467.6737060546875
16.9012500711251 1415.383516584124
16.903750071069226 1329.1204245431084
16.906250071013346 1243.686074393136
16.908750070957463 1148.6794139317103
16.911250070901584 1056.8398230416435
16.91375007084571 908.3481826782227
16.916250070789825 764.9063164847238
