m1-67/data/jwst-miri-mrs/wr124-miri-spec-ch4.ecsv
# %ECSV 1.0
# ---
# datatype:
# - {name: Wavelength, unit: micron, datatype: float64}
# - {name: Star, unit: MJy / sr, datatype: float64}
# - {name: Knot A, unit: MJy / sr, datatype: float64}
# - {name: BG A1, unit: MJy / sr, datatype: float64}
# - {name: BG A2, unit: MJy / sr, datatype: float64}
# - {name: Knot B, unit: MJy / sr, datatype: float64}
# - {name: BG B1, unit: MJy / sr, datatype: float64}
# - {name: BG B2, unit: MJy / sr, datatype: float64}
# meta: !!omap
# - __serialized_columns__:
#     BG A1:
#       __class__: astropy.units.quantity.Quantity
#       unit: !astropy.units.Unit {unit: MJy / sr}
#       value: !astropy.table.SerializedColumn {name: BG A1}
#     BG A2:
#       __class__: astropy.units.quantity.Quantity
#       unit: !astropy.units.Unit {unit: MJy / sr}
#       value: !astropy.table.SerializedColumn {name: BG A2}
#     BG B1:
#       __class__: astropy.units.quantity.Quantity
#       unit: !astropy.units.Unit {unit: MJy / sr}
#       value: !astropy.table.SerializedColumn {name: BG B1}
#     BG B2:
#       __class__: astropy.units.quantity.Quantity
#       unit: !astropy.units.Unit {unit: MJy / sr}
#       value: !astropy.table.SerializedColumn {name: BG B2}
#     Knot A:
#       __class__: astropy.units.quantity.Quantity
#       unit: !astropy.units.Unit {unit: MJy / sr}
#       value: !astropy.table.SerializedColumn {name: Knot A}
#     Knot B:
#       __class__: astropy.units.quantity.Quantity
#       unit: !astropy.units.Unit {unit: MJy / sr}
#       value: !astropy.table.SerializedColumn {name: Knot B}
#     Star:
#       __class__: astropy.units.quantity.Quantity
#       unit: !astropy.units.Unit {unit: MJy / sr}
#       value: !astropy.table.SerializedColumn {name: Star}
#     Wavelength:
#       __class__: astropy.coordinates.spectral_coordinate.SpectralCoord
#       unit: !astropy.units.Unit {unit: micron}
#       value: !astropy.table.SerializedColumn {name: Wavelength}
# schema: astropy-2.0
Wavelength Star "Knot A" "BG A1" "BG A2" "Knot B" "BG B1" "BG B2"
[from data line 1206]
24.93900082586333 2068.120062934028 967.0302327473959 620.669677734375 647.4144490559896 762.7983194986979 426.72003173828125 477.3464609781901
24.945000825915486 2136.4284396701387 992.8661295572916 650.9452972412109 646.0024617513021 750.052001953125 448.2821858723958 478.4432067871094
24.95100082596764 2147.239407009549 1006.0049031575521 631.5044911702474 647.7839762369791 804.673095703125 457.89722696940106 509.95819091796875
24.957000826019794 2134.3441704644097 982.7357177734375 635.417236328125 626.1500854492188 761.7827758789062 430.5493672688802 490.45982360839844
24.963000826071948 2182.3392876519097 971.7641906738281 645.3180694580078 646.8432210286459 765.6203002929688 437.1389465332031 508.3094075520833
24.969000826124102 2216.385932074653 1006.369873046875 627.9505004882812 668.1474609375 761.0708211263021 419.84837849934894 484.9917500813802
24.975000826176256 2199.338772243924 996.1211954752604 622.4238891601562 660.7232259114584 742.0759480794271 423.9649353027344 500.94359334309894
24.981000826228414 2162.7068549262153 967.242685953776 625.2856292724609 640.9513142903646 741.0202026367188 425.46422322591144 479.895258585612
24.987000826280564 2222.252536349826 984.6582336425781 622.7674560546875 649.1589558919271 760.8119913736979 471.4629211425781 483.070307413737
24.993000826332718 2229.622599283854 987.2149759928385 610.1125895182291 655.5438028971354 789.1445719401041 453.3162027994792 504.8702901204427
24.999000826384872 2188.506062825521 985.1918233235677 605.6396993001302 656.0650634765625 747.0383911132812 394.8090108235677 504.2184753417969
25.005000826437026 2170.914116753472 968.334228515625 612.4978230794271 664.228759765625 727.0302530924479 405.0408020019531 478.104008992513
25.01100082648918 2189.8426106770835 1004.9812825520834 629.9356231689453 664.9543863932291 764.2330729166666 407.66663614908856 510.634526570638
25.017000826541334 2207.694539388021 1016.9742126464844 594.7999318440756 679.6759847005209 755.9773763020834 420.5344645182292 506.8526102701823
25.02300082659349 2153.6807725694443 985.7954813639323 607.8498840332031 682.5551350911459 751.9487711588541 430.40789794921875 499.26659138997394
25.029000826645643 2140.374362521701 997.7945149739584 618.3595682779948 666.4423624674479 759.2749226888021 426.3494567871094 500.5470835367839
25.035000826697797 2145.357381184896 978.2061360677084 626.546641031901 704.9009806315104 745.7457478841146 455.30055745442706 508.5196024576823
25.04100082674995 2164.2090657552085 991.4859415690104 592.5254923502604 712.463623046875 780.2686971028646 444.9619547526042 517.9143320719401
25.04700082680211 2067.454603407118 995.8051045735677 598.7866617838541 696.5355224609375 761.1142374674479 420.6809997558594 502.0652313232422
25.05300082685426 2116.621351453993 976.8792724609375 617.3435821533203 678.2922159830729 745.2095133463541 446.47215779622394 514.3263498942057
25.059000826906413 2152.0701497395835 1012.7140502929688 622.6657104492188 668.72900390625 782.7470092773438 449.1348571777344 533.1456197102865
25.065000826958567 2097.254787868924 994.3037821451823 607.463124593099 663.0674235026041 778.0731608072916 434.07422892252606 541.4740498860677
25.071000827010717 2058.6830240885415 954.2242024739584 613.2241363525391 638.0405883789062 756.6373291015625 451.3352559407552 496.89873758951825
25.077000827062875 2091.329549153646 992.1297403971354 650.8696492513021 659.4676106770834 756.734375 472.54149373372394 527.9703725179037
25.08300082711503 2090.5179036458335 984.4686177571615 631.3726908365885 700.4230550130209 767.003173828125 469.0079345703125 524.6434580485026
25.089000827167183 2075.4758029513887 984.8142293294271 592.0628814697266 661.7594197591146 789.0704142252604 487.49428304036456 543.6300252278646
25.095000827219337 2068.467732747396 951.1849365234375 615.2628326416016 640.0272827148438 722.9367268880209 437.0274251302083 494.17992146809894
25.10100082727149 2076.081637912326 996.0930379231771 644.0613352457682 671.2802734375 745.2108968098959 447.30897013346356 515.9928436279297
25.107000827323645 2125.656724717882 1003.1117757161459 615.0789540608724 671.6921793619791 763.4901936848959 453.5901590983073 526.2540842692057
25.1130008273758 2085.0469970703125 970.3402303059896 605.5928039550781 691.4719848632812 754.5998738606771 461.06435139973956 517.7015329996744
25.119000827427953 2115.7398546006943 984.7772725423177 611.3244679768881 673.2818196614584 715.2393798828125 450.77374267578125 497.2265167236328
25.125000827480108 2165.6446533203125 1043.5716145833333 617.2161865234375 697.7999471028646 766.1775512695312 471.8448181152344 516.0732269287109
25.13100082753226 2148.668402777778 1003.9760335286459 621.8360697428385 693.5559488932291 752.9244181315104 458.2282409667969 516.204833984375
25.137000827584416 2121.120022243924 982.497548421224 637.4535420735677 654.2079264322916 755.0731201171875 458.0102233886719 493.0491587320964
25.14300082763657 2145.800387912326 1019.1274719238281 615.495351155599 653.1344807942709 780.1895141601562 468.3493245442708 481.9137725830078
25.149000827688724 2160.141099717882 988.048583984375 627.8117980957031 653.8225301106771 785.0084431966146 456.10291544596356 521.6726837158203
25.155000827740878 2127.67822265625 976.962656656901 624.0492808024088 667.2639363606771 760.2804768880209 453.5302734375 509.04327392578125
25.161000827793032 2093.908840603299 975.9937947591146 625.6309051513672 667.7734171549479 756.4658203125 444.3959248860677 491.2106628417969
25.167000827845186 2156.5358072916665 1034.2394307454426 661.0257670084635 675.659423828125 780.1287027994791 472.8949890136719 503.8371225992839
25.17300082789734 2168.355997721354 1012.0595703125 632.1271464029948 689.8233032226562 789.5233968098959 464.4654235839844 502.8672790527344
25.179000827949494 2130.4576822916665 957.8778991699219 623.9899749755859 665.0203450520834 769.2212727864584 479.225341796875 525.922353108724
25.185000828001648 2131.157918294271 994.6413370768229 636.9918212890625 654.7378336588541 787.9236450195312 444.9549255371094 514.2281799316406
25.191000828053802 2147.0872667100693 1001.4636027018229 634.7584330240885 647.8711547851562 801.5443929036459 456.1192932128906 515.6893768310547
25.19700082810596 2132.169474283854 1002.9681599934896 647.9287618001302 665.4290161132812 786.1211954752604 456.76465861002606 493.9139099121094
25.20300082815811 2131.7228732638887 985.5284830729166 640.9261016845703 675.6160685221354 765.2525634765625 446.8502604166667 504.4867451985677
25.209000828210264 2123.208930121528 952.4403686523438 645.1467742919922 644.5963745117188 738.1934407552084 444.8155924479167 488.52092997233075
25.21500082826242 2151.484320746528 1024.6971435546875 653.5023498535156 713.7195434570312 775.0177001953125 440.5927734375 521.6395874023438
25.22100082831457 2128.318549262153 1000.5273844401041 632.1975911458334 684.52392578125 788.5803426106771 457.02552286783856 527.3311869303385
25.227000828366727 2060.4203423394097 965.8613891601562 585.0973765055338 668.3755900065104 768.5302327473959 438.06482950846356 531.3155924479166
25.23300082841888 2092.175103081597 1016.6104532877604 653.3359120686849 662.3272094726562 741.9226684570312 486.5938212076823 535.1835072835287
25.239000828471035 2130.8731689453125 1006.301767985026 643.1401163736979 680.1926676432291 780.928466796875 452.7327473958333 511.43772888183594
25.24500082852319 2080.7159966362847 984.1404724121094 610.3460489908854 668.3468017578125 760.6207478841146 480.9653727213542 543.0616556803385
25.251000828575343 2048.0111626519097 970.431884765625 609.0250091552734 669.7365519205729 757.6756998697916 440.7780049641927 496.4371795654297
25.257000828627497 2119.940199110243 1007.0462239583334 654.2852783203125 675.4662679036459 766.6195882161459 460.2915751139323 495.22923787434894
25.26300082867965 2149.1762966579863 1011.4414367675781 638.4984893798828 695.0075887044271 776.1412556966146 430.969482421875 523.4778900146484
25.269000828731805 2043.0268147786458 975.0553283691406 598.4834136962891 646.2172648111979 768.1595255533854 440.5381266276042 489.50652567545575
25.27500082878396 2020.4937337239583 962.3031616210938 587.6081085205078 636.3682657877604 743.4622802734375 419.8056945800781 502.22069295247394
25.281000828836113 2016.9487847222222 1005.5882466634115 621.5750681559244 656.613525390625 740.0473022460938 429.12644449869794 487.92791239420575
25.287000828888267 2062.6241997612847 1005.9830830891927 635.6516825358073 683.8509114583334 740.3819580078125 453.4606221516927 484.54393513997394
25.29300082894042 2008.4222683376736 981.7884216308594 631.0753173828125 697.9166666666666 730.2779134114584 416.7332763671875 502.0304819742839
25.299000828992575 2046.4324679904514 978.1330973307291 596.9022471110026 670.3909912109375 769.6037394205729 433.9755554199219 497.07896423339844
25.30500082904473 2087.1115993923613 985.2367045084635 632.4051869710287 687.6949055989584 790.5115559895834 480.6553141276042 504.8726806640625
25.311000829096884 1993.4833034939236 999.8055521647135 618.9538879394531 677.0438232421875 788.989990234375 448.03565470377606 514.0277760823568
25.317000829149038 2070.4227159288193 984.1447550455729 633.6121063232422 665.1745808919271 787.4983520507812 480.0893147786458 498.13474527994794
25.32300082920119 2017.8782823350693 966.0668741861979 652.0464782714844 691.3449910481771 802.0146077473959 520.6878356933594 506.17494710286456
25.329000829253346 2059.7923583984375 1016.539296468099 637.2183736165365 675.817626953125 821.7726236979166 472.48974609375 515.5641174316406
25.3350008293055 2084.591539171007 981.4107564290365 637.548329671224 694.2465413411459 812.2908732096354 441.70867919921875 524.2756601969401
25.341000829357654 2050.7873806423613 949.90380859375 605.5143839518229 680.4268391927084 771.9124348958334 426.2186584472656 519.6282602945963
25.34700082940981 2077.2572157118057 1001.5833841959635 646.7472432454427 659.1207682291666 807.250732421875 477.17494710286456 481.4829457600911
25.35300082946196 2107.653862847222 1012.9825032552084 659.8625895182291 660.4735107421875 822.6889851888021 492.7962646484375 508.66456604003906
25.359000829514116 2076.8860948350693 1007.8312784830729 589.5704905192057 698.0489908854166 786.1399943033854 485.2488301595052 516.4727884928385
25.365000829566274 2034.3632269965278 1005.8868204752604 641.7242126464844 678.0067749023438 732.1265258789062 486.3747049967448 480.4446105957031
25.37100082961842 2093.2997233072915 1049.7295430501301 669.8727874755859 702.8900756835938 783.0858968098959 482.7388916015625 526.4469045003256
25.37700082967058 2113.1349283854165 1030.3010559082031 653.6044769287109 682.7286580403646 786.4249064127604 481.05084228515625 490.3794911702474
25.383000829722732 2064.150594075521 983.2864990234375 632.7496337890625 679.1654866536459 768.8577677408854 471.83644612630206 500.1041768391927
25.389000829774886 2074.8147650824653 1016.5446980794271 629.9471588134766 686.4264933268229 771.284912109375 445.0204569498698 486.0191294352214
25.39500082982704 2095.111043294271 1038.957295735677 674.0044860839844 698.8057861328125 795.6978352864584 473.8292744954427 509.9677429199219
25.401000829879194 2099.6474880642363 1029.1095377604167 657.1056060791016 720.2040608723959 792.4577229817709 466.7531026204427 544.3445129394531
25.40700082993135 2090.1167670355903 1003.7527058919271 621.4986216227213 669.6929321289062 786.6009318033854 462.2295227050781 528.1943817138672
25.413000829983503 2092.623291015625 1010.1224263509115 675.3591664632162 679.7917683919271 791.5879516601562 443.12534586588544 501.94374084472656
25.419000830035657 2126.591851128472 1053.6019999186199 687.9916839599609 675.2300008138021 814.9930826822916 503.78074137369794 524.0487162272135
25.42500083008781 2148.968492296007 1035.729471842448 639.3982849121094 722.0168863932291 825.8099365234375 449.56280517578125 540.5990142822266
25.43100083013997 2137.890435112847 1025.5831502278645 636.4381612141927 684.8140665690104 777.5269165039062 473.07781982421875 508.4950714111328
25.437000830192115 2188.998236762153 1033.0475158691406 670.1906331380209 664.3990275065104 791.9124348958334 503.8949686686198 533.4670003255209
25.443000830244273 2153.4736056857637 1056.6242777506511 657.1176554361979 695.2517903645834 839.8245646158854 477.1176452636719 546.5269012451172
25.449000830296427 2082.780856662326 1026.1346130371094 655.1884765625 695.8762817382812 830.9032389322916 459.6315612792969 544.3336079915365
25.45500083034858 2095.383287217882 1039.9920145670574 612.6894276936849 702.2047322591146 759.6828206380209 440.8844706217448 518.6775919596354
25.461000830400735 2150.6077880859375 1002.775136311849 666.9267272949219 685.3123575846354 790.0528157552084 464.8241475423177 515.0920969645182
25.46700083045289 2121.951890733507 1022.7605590820312 659.6601053873698 714.3273518880209 796.1604614257812 469.47247314453125 536.7068634033203
25.473000830505043 2065.6896294487847 1004.0260823567709 657.5040588378906 731.854248046875 819.7451782226562 431.33583577473956 558.2440999348959
25.479000830557197 2054.101169162326 985.4860331217448 636.2070566813151 710.61083984375 778.0020345052084 435.17115275065106 545.5178426106771
25.48500083060935 2095.9015435112847 1027.4722595214844 659.3849589029948 692.8882242838541 785.9556477864584 467.5154113769531 532.9190012613932
25.491000830661505 2085.2006157769097 1029.8589680989583 649.4653472900391 678.3204345703125 807.6078898111979 463.27000935872394 536.5268758138021
25.497000830713663 2059.5094536675347 1021.3185017903646 659.4742736816406 677.9597574869791 786.5556844075521 463.7964274088542 541.2931772867838
25.50300083076581 2048.103705512153 991.828358968099 634.0778350830078 677.884521484375 819.2371215820312 435.474365234375 519.2942962646484
25.509000830817968 2070.706312391493 1044.012451171875 678.8589884440104 700.0012410481771 742.4953002929688 501.9567159016927 517.1530609130859
25.515000830870125 2082.0650499131943 1058.2567443847656 696.677500406901 707.0349731445312 737.1061604817709 501.9873555501302 542.7125295003256
25.521000830922272 2033.9851616753472 1009.1108805338541 620.6326904296875 665.4301350911459 784.3960367838541 429.6382141113281 553.1718597412109
25.52700083097443 2017.6993272569443 1016.4484049479166 633.2114410400391 704.8492024739584 798.3297119140625 467.7561543782552 515.3345591227213
25.533000831026584 2056.7549506293403 1056.8816935221355 687.2662760416666 748.025390625 800.4684855143229 487.2819010416667 561.6090749104818
25.539000831078738 2084.411078559028 1048.5787353515625 680.1476033528646 720.8248901367188 828.4999389648438 500.9419657389323 532.885009765625
25.545000831130892 2010.5361463758682 1037.804911295573 645.7224629720052 702.3638305664062 798.5623372395834 481.4185485839844 564.3201293945312
25.551000831183046 1986.755642361111 996.9494018554688 640.2879384358724 639.4853312174479 782.7740071614584 454.7218017578125 562.810546875
25.5570008312352 2056.1660834418403 1065.3237711588542 710.8398640950521 715.1698201497396 784.5693766276041 469.3967997233073 552.9325968424479
25.563000831287354 2029.0582275390625 1060.9709574381511 687.4232381184896 710.2622477213541 812.1904296875 450.2119445800781 557.7758076985677
25.56900083133951 1996.9263509114583 1006.160878499349 642.3701375325521 699.0244750976562 759.8858846028646 418.0765075683594 536.2827911376953
25.575000831391662 2075.3901095920137 1057.1356913248699 711.4439697265625 722.7134806315104 834.8975423177084 494.92213948567706 503.156977335612
25.58100083144382 2149.3259548611113 1090.5988362630208 715.1995239257812 733.8413289388021 846.4032796223959 523.1250813802084 578.5564931233724
25.587000831495967 2078.0880533854165 1038.1254069010417 684.9295552571615 718.9803873697916 807.2856852213541 466.9917704264323 570.4768269856771
