m1-67/data/jwst-miri-mrs/wr124-miri-mrs-ch3-star-full-spectrum.ecsv
# %ECSV 1.0
# ---
# datatype:
# - {name: Wavelength, unit: micron, datatype: float64}
# - {name: Intensity, datatype: float64}
# meta: !!omap
# - __serialized_columns__:
#     Wavelength:
#       __class__: astropy.units.quantity.Quantity
#       unit: !astropy.units.Unit {unit: micron}
#       value: !astropy.table.SerializedColumn {name: Wavelength}
# schema: astropy-2.0
Wavelength Intensity
[from data line 2154]
16.93625007034279 2976.3747155325755
16.938750070286915 2971.3912473406112
16.941250070231035 2963.0851843697683
16.943750070175152 2956.030605861119
16.946250070119277 2950.7158824375697
16.948750070063394 2946.780230930873
16.951250070007514 2942.740865434919
16.953750069951635 2939.100504193987
16.95625006989576 2933.9830322265625
16.958750069839876 2931.2809513637
16.961250069783997 2929.243362426758
16.96375006972812 2926.656617300851
16.96625006967224 2924.534495762416
16.96875006961636 2923.7641786847794
16.971250069560483 2924.9111916678294
16.973750069504604 2923.49405343192
16.97625006944872 2922.306137084961
16.97875006939284 2921.0940290178573
16.981250069336966 2921.0102975027903
16.983750069281083 2917.4044472830637
16.986250069225203 2917.0955963134766
16.988750069169328 2916.5333622523717
16.99125006911345 2918.4791477748327
16.993750069057565 2917.695325578962
16.996250069001686 2915.5065907069616
16.99875006894581 2914.0122146606445
17.001250068889927 2913.6869615827286
17.003750068834048 2917.560278756278
17.006250068778172 2915.9063361031667
17.008750068722293 2913.9473331996373
17.01125006866641 2915.6199438912527
17.01375006861053 2915.938160487584
17.016250068554655 2917.0502853393555
17.018750068498772 2920.8908190046036
17.021250068442892 2921.8676507132395
17.023750068387017 2923.1921877179825
17.026250068331137 2928.258402143206
17.028750068275254 2929.784393310547
17.03125006821938 2931.541922433036
17.033750068163496 2933.4631031581334
17.036250068107616 2938.1731142316544
17.038750068051737 2941.4155611310684
17.04125006799586 2943.529815673828
17.043750067939982 2946.7820914132253
17.0462500678841 2951.802812848772
17.048750067828223 2953.4272014072963
17.05125006777234 2953.2800761631556
17.05375006771646 2951.509653363909
17.05625006766058 2956.2026203700475
17.058750067604706 2956.706048148019
17.061250067548823 2952.4913504464284
17.063750067492943 2953.5675986153738
17.066250067437068 2950.571008954729
17.068750067381185 2950.736081804548
17.071250067325305 2950.9930550711497
17.073750067269426 2947.5555572509766
17.07625006721355 2944.9950496128627
17.078750067157667 2945.8655853271484
17.081250067101788 2944.1924830845423
17.083750067045912 2943.9415326799667
17.08625006699003 2936.6170479910716
17.08875006693415 2932.2578626360214
17.091250066878274 2930.141763959612
17.093750066822395 2925.112425667899
17.096250066766512 2920.2690266200475
17.098750066710632 2918.764460972377
17.101250066654757 2914.741584777832
17.103750066598874 2908.900936671666
17.106250066542994 2910.0542820521764
17.10875006648712 2902.634389604841
17.11125006643124 2898.359667096819
17.113750066375356 2895.4975596836634
17.116250066319477 2895.076340811593
17.1187500662636 2896.146650041853
17.12125006620772 2895.4215698242188
17.12375006615184 2894.820169721331
17.126250066095963 2891.5846579415456
17.128750066040084 2887.4237300327845
17.1312500659842 2888.755932399205
17.133750065928325 2884.6437192644394
17.136250065872442 2879.704659598214
17.138750065816563 2880.6433486938477
17.141250065760683 2885.02498953683
17.143750065704808 2886.9115012032644
17.14625006564893 2883.201114109584
17.148750065593045 2881.991412571498
17.15125006553717 2883.7494822910853
17.153750065481287 2885.5381066458567
17.156250065425407 2885.4505484444753
17.158750065369528 2880.2993153163366
17.161250065313652 2876.8499821254186
17.163750065257773 2875.8327985491073
17.16625006520189 2879.39803641183
17.168750065146014 2882.1053041730606
17.17125006509013 2878.7869426182338
17.173750065034252 2875.6691643851145
17.176250064978372 2873.6690226963588
17.178750064922497 2876.1182229178294
17.181250064866614 2877.0008283342636
17.183750064810734 2876.4707238333567
17.18625006475486 2872.810516357422
17.188750064698976 2870.9520263671875
17.191250064643096 2870.3607134137833
17.19375006458722 2870.0621762956894
17.19625006453134 2866.7489286150253
17.19875006447546 2866.8073893955775
17.20125006441958 2868.4187818254745
17.203750064363703 2868.6437552315847
17.20625006430782 2871.01055254255
17.20875006425194 2876.98792048863
17.211250064196065 2880.7073342459544
17.213750064140186 2885.2875028337753
17.216250064084303 2887.7669318062917
17.218750064028423 2897.852985927037
17.221250063972548 2904.509072440011
17.223750063916665 2916.166645595006
17.226250063860785 2923.7422485351562
17.22875006380491 2938.8844266619003
17.23125006374903 2947.8076934814453
17.233750063693147 2968.323028564453
17.236250063637268 2986.238712855748
17.23875006358139 3007.0829031808034
17.24125006352551 3023.2548392159597
17.24375006346963 3044.656418936593
17.246250063413754 3061.3075681413925
17.248750063357875 3075.123924255371
17.251250063301992 3082.547320774623
17.253750063246116 3086.1858760288783
17.256250063190233 3085.754942757743
17.258750063134354 3091.384415762765
17.261250063078474 3095.7148971557617
17.2637500630226 3095.8434502737864
17.26625006296672 3093.826407296317
17.268750062910836 3084.0073852539062
17.27125006285496 3079.5118168422155
17.273750062799078 3070.382742745536
17.2762500627432 3059.207377842494
17.27875006268732 3050.065496172224
17.281250062631443 3037.895079476493
17.28375006257556 3024.6251765659877
17.28625006251968 3012.4029628208705
17.288750062463805 3003.0902644566127
17.291250062407922 2996.0476749965123
17.293750062352043 2986.0864759172714
17.296250062296167 2972.511500767299
17.298750062240288 2960.2882189069473
17.301250062184405 2954.08232661656
17.303750062128525 2951.566976274763
17.30625006207265 2944.3112596784317
17.308750062016767 2932.8302307128906
17.311250061960887 2930.989156450544
17.31375006190501 2928.764531816755
17.316250061849132 2925.400797162737
17.31875006179325 2922.2492708478653
17.32125006173737 2917.1730989728653
17.323750061681494 2912.8287397112167
17.32625006162561 2907.1105706351145
17.328750061569732 2902.1033717564173
17.331250061513856 2903.44556753976
17.333750061457977 2899.6726837158203
17.336250061402094 2894.1799392700195
17.338750061346214 2886.758015223912
17.341250061290335 2888.9623522077286
17.343750061234456 2886.624747140067
17.346250061178576 2878.8100400652206
17.3487500611227 2874.5427017211914
17.35125006106682 2871.960304260254
17.35375006101094 2866.9360961914062
17.356250060955063 2861.0662863595144
17.35875006089918 2855.8123801095144
17.3612500608433 2854.602481297084
17.36375006078742 2851.6188648768834
17.366250060731545 2850.8727133614675
17.368750060675666 2855.052797589983
17.371250060619783 2852.910716465541
17.373750060563907 2848.3826926095144
17.376250060508024 2842.3291974748886
17.378750060452145 2843.615003313337
17.381250060396265 2846.646945408412
17.38375006034039 2843.7769644601003
17.386250060284507 2842.454345703125
17.388750060228627 2841.833273751395
17.39125006017275 2846.1203024727956
17.39375006011687 2845.2755235944473
17.39625006006099 2846.4994822910853
17.398750060005113 2853.378116062709
17.401250059949234 2856.467762538365
17.40375005989335 2861.790404183524
17.406250059837472 2865.039425441197
17.408750059781596 2864.196475437709
17.411250059725713 2864.441967555455
17.413750059669834 2865.903757367815
17.416250059613958 2864.843408857073
17.41875005955808 2860.6270206996373
17.421250059502196 2861.7764718191966
17.423750059446316 2866.069962637765
17.42625005939044 2866.3676877702987
17.428750059334558 2865.032327924456
17.43125005927868 2859.7184143066406
17.433750059222803 2861.440369742257
17.436250059166923 2858.9526661464147
17.43875005911104 2858.349551609584
17.44125005905516 2856.4049802507675
17.44375005899928 2854.3759362357005
17.446250058943402 2852.7940281459264
17.448750058887523 2850.322296142578
17.451250058831647 2852.755900791713
17.453750058775768 2854.73800441197
17.456250058719885 2857.955806187221
17.45875005866401 2855.168393816267
17.461250058608126 2852.706808907645
17.463750058552247 2854.412837437221
17.466250058496367 2858.4799216134206
17.46875005844049 2860.366530282157
17.471250058384612 2861.179702758789
17.47375005832873 2861.1074414934433
17.476250058272853 2861.83606501988
17.47875005821697 2863.6661398751394
17.48125005816109 2866.78063419887
17.483750058105212 2867.3300944737025
17.486250058049336 2872.664931161063
17.488750057993453 2875.741731916155
17.491250057937574 2878.683813912528
17.493750057881698 2883.4045072283066
17.496250057825815 2890.1865376063756
17.498750057769936 2892.2027468000138
17.501250057714056 2895.3607057843888
17.50375005765818 2899.052146911621
17.506250057602298 2897.1328026907786
17.50875005754642 2899.0632313319616
17.511250057490543 2901.7311913626536
17.51375005743466 2900.9900817871094
17.51625005737878 2900.9061791556223
17.518750057322904 2897.2243510654994
17.521250057267025 2895.948055812291
17.523750057211142 2896.5167279924667
17.526250057155263 2900.243362426758
17.528750057099387 2897.5101885114395
17.531250057043504 2893.613239833287
17.533750056987625 2886.742754255022
17.53625005693175 2885.143033708845
17.53875005687587 2881.2882799421036
17.541250056819987 2876.3157686505997
17.543750056764107 2872.9312166486466
17.54625005670823 2870.3020226614817
17.54875005665235 2862.592397417341
17.55125005659647 2857.65419115339
17.553750056540594 2857.946051461356
17.556250056484714 2857.642584664481
17.55875005642883 2859.6988013131277
17.561250056372955 2860.6055908203125
17.563750056317073 2863.397506713867
17.566250056261193 2867.82082257952
17.568750056205314 2870.4316755022323
17.571250056149438 2881.4296068464005
17.57375005609356 2892.8201686314173
17.576250056037676 2903.996091570173
17.5787500559818 2919.7927300589427
17.581250055925917 2934.8340465000697
17.583750055870038 2945.1905299595423
17.58625005581416 2964.8301522391184
17.588750055758283 2974.7767846243723
17.5912500557024 3001.35888671875
17.59375005564652 3014.8458611624583
17.596250055590644 3032.251205444336
17.59875005553476 3051.0323726109095
17.601250055478882 3064.4598955426895
17.603750055423003 3076.043938773019
17.606250055367127 3087.0933380126953
17.608750055311244 3089.2445351736887
17.611250055255365 3094.634033203125
17.61375005519949 3103.575694492885
17.616250055143606 3105.949281964983
17.618750055087727 3103.2504534040177
17.62125005503185 3098.12030683245
17.62375005497597 3093.993678501674
17.62625005492009 3091.2321123395645
17.62875005486421 3075.947612217494
17.631250054808334 3069.3443865094864
17.63375005475245 3062.5928322928294
17.63625005469657 3046.5409197126114
17.638750054640695 3028.622573852539
17.641250054584816 3013.719750540597
17.643750054528933 2999.0533174787247
17.646250054473054 2977.40939113072
17.648750054417178 2952.328341892787
17.651250054361295 2933.3558720179967
17.653750054305416 2896.4375828334264
17.65625005424954 2885.0729173932755
17.65875005419366 2869.5369458879745
17.661250054137778 2861.634864807129
17.6637500540819 2841.314448765346
17.66625005402602 2832.7745339529856
17.66875005397014 2830.3565303257533
17.67125005391426 2821.129908970424
17.673750053858384 2814.1942095075333
17.676250053802505 2812.867385864258
17.678750053746622 2809.3706970214844
17.681250053690746 2806.71509878976
17.683750053634864 2806.555443899972
17.686250053578984 2800.966977800642
17.688750053523105 2799.201519557408
17.69125005346723 2796.5365589686803
17.69375005341135 2797.329372950963
17.696250053355467 2794.933991568429
17.69875005329959 2793.804069519043
17.701250053243708 2795.035026550293
17.70375005318783 2796.0734765189036
17.70625005313195 2790.7982090541295
17.708750053076074 2791.4193932669505
17.71125005302019 2792.265567234584
17.71375005296431 2792.9737973894394
17.716250052908435 2790.051362173898
17.718750052852553 2791.5696204049245
17.721250052796673 2789.375097002302
17.723750052740797 2786.4958005632675
17.726250052684918 2793.2341166904994
17.728750052629035 2797.7564119611466
17.731250052573156 2792.400254385812
17.73375005251728 2783.085403442383
17.736250052461397 2786.2989545549667
17.738750052405518 2782.2879191807338
17.741250052349642 2783.3281042916433
17.743750052293763 2782.367829459054
17.74625005223788 2780.9640906197683
17.748750052182 2779.0743190220423
17.751250052126125 2781.6427939278738
17.75375005207024 2781.6341857910156
17.756250052014362 2773.5659855433873
17.758750051958486 2772.855695452009
17.761250051902607 2775.370614188058
17.763750051846724 2775.412181309291
17.766250051790845 2767.812436785017
17.768750051734965 2768.766435895647
17.771250051679086 2768.23671068464
17.773750051623207 2762.044550214495
17.77625005156733 2765.1012235369003
17.77875005151145 2764.478619166783
17.78125005145557 2765.9321343558177
17.783750051399693 2766.403899056571
17.78625005134381 2766.213918413435
17.78875005128793 2762.935702732631
17.79125005123205 2756.7422550746373
17.793750051176175 2761.7710015433177
17.796250051120296 2766.044829232352
17.798750051064413 2763.748245239258
17.801250051008537 2765.9484961373464
17.803750050952655 2771.3971034458705
17.806250050896775 2768.5750514439173
17.808750050840896 2770.5230342320033
17.81125005078502 2770.7594473702566
17.813750050729137 2767.5530330113
17.816250050673258 2768.1353650774277
17.818750050617382 2776.067201886858
17.8212500505615 2774.322795322963
17.82375005050562 2767.0333273751394
17.82625005044974 2767.7185886928014
17.828750050393865 2770.180694580078
17.83125005033798 2772.4181235177175
17.833750050282102 2775.8065207345144
17.836250050226226 2784.5921260288783
17.838750050170344 2791.665434701102
17.841250050114464 2797.3677400861466
17.84375005005859 2803.1560243879044
17.84625005000271 2804.536317007882
17.848750049946826 2807.091785975865
17.851250049890947 2810.921847752162
17.85375004983507 2819.5253143310547
17.856250049779188 2820.057918003627
17.85875004972331 2825.9843226841517
17.861250049667433 2829.1531110491073
17.863750049611554 2834.9307294573105
17.86625004955567 2843.950243268694
17.86875004949979 2848.7765502929688
17.871250049443912 2852.6079995291575
17.873750049388033 2857.809829711914
17.876250049332153 2863.496235438756
17.878750049276277 2868.1458631243027
17.881250049220398 2864.07007925851
17.883750049164515 2864.646530151367
17.88625004910864 2865.2908761160716
17.888750049052756 2865.756872994559
17.891250048996877 2862.5664825439453
17.893750048940998 2859.5479714529856
17.896250048885122 2861.5900290352956
17.898750048829243 2863.1273498535156
17.90125004877336 2864.9286499023438
17.903750048717484 2861.5239933558873
17.9062500486616 2857.517839704241
17.90875004860572 2856.1489606584823
17.911250048549842 2851.363383701869
17.913750048493966 2847.3370753696986
17.916250048438084 2841.861330304827
17.918750048382204 2838.6448037283762
17.92125004832633 2833.844953264509
17.923750048270445 2826.0881783621653
17.926250048214566 2812.9205649239675
17.928750048158687 2805.8004542759486
17.93125004810281 2801.8255658830917
17.933750048046928 2796.7801339285716
17.93625004799105 2788.6510140555247
17.938750047935173 2782.6163700648717
17.94125004787929 2779.8388061523438
17.94375004782341 2777.5554722377233
17.946250047767535 2774.946647644043
17.948750047711655 2768.5065176827566
17.951250047655773 2753.6259711129323
17.953750047599893 2749.6435688563756
17.956250047544017 2748.5741010393417
17.958750047488135 2745.1868482317245
17.961250047432255 2739.1233891078405
17.96375004737638 2736.6970018659317
17.9662500473205 2737.4126783098495
17.968750047264617 2736.4235164097377
17.971250047208738 2732.4796425955637
17.97375004715286 2727.0081656319753
17.97625004709698 2726.135506766183
17.9787500470411 2727.234861101423
