m1-67/data/jwst-miri-mrs/wr124-miri-mrs-ch3-star-full-spectrum.ecsv
# %ECSV 1.0
# ---
# datatype:
# - {name: Wavelength, unit: micron, datatype: float64}
# - {name: Intensity, datatype: float64}
# meta: !!omap
# - __serialized_columns__:
#     Wavelength:
#       __class__: astropy.units.quantity.Quantity
#       unit: !astropy.units.Unit {unit: micron}
#       value: !astropy.table.SerializedColumn {name: Wavelength}
# schema: astropy-2.0
Wavelength Intensity
[from data line 1722]
15.856250094482672 3182.6273618425644
15.858750094426794 3176.0341993059433
15.861250094370915 3169.1945571899414
15.863750094315037 3158.7468338012695
15.866250094259156 3160.004062107631
15.868750094203277 3153.984364100865
15.871250094147396 3147.1976776123047
15.873750094091516 3142.1195820399694
15.876250094035639 3121.7617688860214
15.87875009397976 3108.7885546003067
15.881250093923882 3115.1305498395645
15.883750093868 3111.991556440081
15.886250093812121 3101.4480078560964
15.88875009375624 3103.345154898507
15.89125009370036 3103.9933253696986
15.893750093644483 3099.2283477783203
15.896250093588606 3093.6236027308873
15.898750093532726 3088.529854910714
15.901250093476845 3085.5557414463588
15.903750093420966 3086.1488429478236
15.906250093365085 3081.130003792899
15.908750093309207 3082.6472353254044
15.911250093253328 3082.071684701102
15.91375009319745 3080.6821626935684
15.916250093141567 3073.7911017281667
15.91875009308569 3075.430264064244
15.92125009302981 3070.055532182966
15.923750092973929 3073.2277483258927
15.926250092918051 3080.782530648368
15.928750092862172 3077.034767150879
15.931250092806295 3069.690839494978
15.933750092750412 3062.1271983555384
15.936250092694534 3077.4689232962473
15.938750092638656 3076.299463544573
15.941250092582774 3077.1738597324916
15.943750092526896 3076.269558497838
15.946250092471017 3079.186019897461
15.948750092415139 3078.376075744629
15.951250092359256 3080.439398629325
15.953750092303379 3079.2412817818777
15.956250092247501 3079.743838718959
15.958750092191618 3081.3465303693497
15.96125009213574 3081.709351675851
15.963750092079861 3081.7702843802317
15.966250092023984 3089.5290385654994
15.968750091968102 3084.410373142787
15.971250091912223 3090.2767900739395
15.973750091856342 3091.036675589425
15.976250091800463 3084.0161743164062
15.978750091744585 3089.113028390067
15.981250091688706 3088.794152396066
15.983750091632828 3086.5493000575475
15.986250091576947 3079.60907963344
15.988750091521068 3079.8960571289062
15.991250091465187 3083.7080372401647
15.993750091409307 3086.9183469499862
15.99625009135343 3084.3852310180664
15.998750091297552 3077.5464052472794
16.001250091241673 3073.8471003941127
16.00375009118579 3072.39404296875
16.006250091129914 3070.1359983171737
16.00875009107403 3067.9860491071427
16.01125009101815 3064.993159702846
16.013750090962276 3068.2299336024694
16.016250090906397 3072.246298653739
16.018750090850514 3069.143018450056
16.021250090794634 3071.059667314802
16.02375009073876 3075.3862108503067
16.026250090682876 3075.347120012556
16.028750090626996 3078.38075365339
16.03125009057112 3081.418368748256
16.03375009051524 3072.865312848772
16.036250090459358 3067.355233328683
16.03875009040348 3074.787947518485
16.041250090347603 3078.953884669713
16.04375009029172 3072.982877458845
16.04625009023584 3075.467597961426
16.048750090179965 3086.9181147984095
16.051250090124086 3085.179527282715
16.053750090068203 3084.1001161847794
16.056250090012327 3089.6490903581894
16.058750089956447 3095.5519016810827
16.061250089900565 3099.089075360979
16.063750089844685 3105.055056980678
16.06625008978881 3102.934453691755
16.06875008973293 3104.3085730416433
16.071250089677047 3104.136984688895
16.07375008962117 3108.089331490653
16.07625008956529 3113.83701978411
16.07875008950941 3119.1228735787527
16.08125008945353 3121.622217450823
16.083750089397654 3115.57901763916
16.086250089341775 3112.0509665352956
16.08875008928589 3113.3370143345423
16.091250089230016 3103.9955716814316
16.093750089174133 3101.3106972830637
16.096250089118254 3109.6169815063477
16.098750089062374 3107.151017325265
16.1012500890065 3100.4670399257116
16.10375008895062 3103.1287384033203
16.106250088894736 3103.1468048095703
16.10875008883886 3093.246397835868
16.111250088782977 3090.498431614467
16.113750088727098 3092.684814453125
16.116250088671222 3088.5968235560827
16.118750088615343 3082.0084206717356
16.12125008855946 3081.725537981306
16.12375008850358 3077.7950330461777
16.126250088447705 3079.943567548479
16.128750088391822 3083.9836807250977
16.131250088335943 3083.4254172188894
16.133750088280067 3079.283272879464
16.136250088224187 3077.9871346609934
16.138750088168305 3083.771974836077
16.141250088112425 3088.0186309814453
16.14375008805655 3093.7986755371094
16.146250088000667 3102.127106802804
16.148750087944787 3113.1910117013113
16.15125008788891 3126.3791384015763
16.153750087833032 3139.4277507237025
16.15625008777715 3160.3903645106725
16.15875008772127 3175.2954265049525
16.161250087665394 3199.2859475272044
16.16375008760951 3226.3649346487864
16.16625008755363 3257.6864580426895
16.168750087497756 3338.6925408499583
16.171250087441877 3466.0923233032227
16.173750087385994 3643.755597795759
16.176250087330118 3915.8411418369838
16.178750087274235 4383.40107182094
16.181250087218356 4788.032300676618
16.183750087162476 5147.206279209682
16.1862500871066 5521.682399204799
16.18875008705072 5843.013608660017
16.191250086994838 6086.100383213588
16.193750086938962 6229.91705758231
16.19625008688308 6306.480608258928
16.1987500868272 6329.164764404297
16.20125008677132 6352.489924839565
16.203750086715445 6356.60837663923
16.206250086659566 6356.60837663923
16.208750086603683 6356.584477015904
16.211250086547807 6352.85988507952
16.213750086491924 6350.868264334543
16.216250086436045 6344.56050327846
16.21875008638017 6330.77447945731
16.22125008632429 6284.4761962890625
16.223750086268407 6169.910910470145
16.226250086212527 6020.793736049107
16.22875008615665 5858.063404628208
16.23125008610077 5708.415283203125
16.23375008604489 5469.546848842076
16.236250085989013 5277.956296648298
16.238750085933134 5011.474838256836
16.24125008587725 4697.560030255999
16.24375008582137 4358.011302403042
16.246250085765496 4044.668240138463
16.248750085709613 3749.9404133387975
16.251250085653734 3499.8369783673966
16.253750085597858 3334.842221941267
16.25625008554198 3235.124623979841
16.258750085486096 3200.304680960519
16.261250085430216 3143.600432259696
16.26375008537434 3131.0421098981583
16.266250085318458 3118.6632559640066
16.268750085262578 3110.003746032715
16.271250085206702 3102.2369864327566
16.273750085150823 3094.144634791783
16.27625008509494 3082.1239100864955
16.278750085039064 3079.123851231166
16.281250084983185 3075.145179748535
16.283750084927302 3068.456142970494
16.286250084871423 3067.5248707362584
16.288750084815547 3062.441464015416
16.291250084759668 3065.880003792899
16.293750084703785 3062.8304803030833
16.29625008464791 3065.8805836268834
16.298750084592026 3070.6972165788925
16.301250084536147 3068.430501665388
16.303750084480267 3065.046485900879
16.30625008442439 3062.131277901786
16.308750084368512 3063.6543775285995
16.31125008431263 3062.925999232701
16.313750084256753 3064.3688430786133
16.31625008420087 3064.394111633301
16.31875008414499 3061.8808648245677
16.32125008408911 3064.3095049176895
16.323750084033236 3069.841293334961
16.326250083977353 3074.9151633126394
16.328750083921474 3078.6004486083984
16.331250083865598 3079.8651406424387
16.333750083809715 3084.244661603655
16.336250083753836 3085.3707558768137
16.33875008369796 3087.6774291992188
16.34125008364208 3089.6860144478933
16.343750083586198 3093.1772362845286
16.346250083530318 3097.034564426967
16.348750083474442 3098.671344212123
16.35125008341856 3101.2308589390345
16.35375008336268 3102.3482382638113
16.356250083306804 3112.5053612845286
16.358750083250925 3118.967414855957
16.361250083195042 3125.574414934431
16.363750083139163 3135.5500019618444
16.366250083083287 3146.9953002929688
16.368750083027404 3159.0519463675364
16.371250082971525 3170.1068540300644
16.37375008291565 3197.782901218959
16.37625008285977 3216.7600925990514
16.378750082803887 3251.060359409877
16.38125008274801 3295.114506312779
16.38375008269213 3357.9262684413366
16.38625008263625 3397.098159790039
16.38875008258037 3457.6957757132395
16.391250082524493 3522.397160121373
16.393750082468614 3555.2135184151784
16.39625008241273 3583.2928684779577
16.398750082356855 3602.5774154663086
16.401250082300972 3620.1471917288645
16.403750082245093 3629.2797906058177
16.406250082189214 3635.70157623291
16.408750082133338 3637.2568479265487
16.41125008207746 3637.3412769862584
16.413750082021576 3635.588776724679
16.4162500819657 3633.9385168892995
16.418750081909817 3632.406120300293
16.421250081853938 3628.0039552961075
16.423750081798058 3615.054124014718
16.426250081742182 3597.8753204345703
16.4287500816863 3575.3934718540736
16.43125008163042 3543.11143384661
16.433750081574544 3515.252787998744
16.43625008151866 3459.933074951172
16.438750081462782 3413.1222763061523
16.441250081406906 3374.449073791504
16.443750081351027 3325.1340081351145
16.446250081295144 3267.298240661621
16.448750081239265 3196.8457892281667
16.45125008118339 3146.7707857404434
16.453750081127506 3120.474967956543
16.456250081071627 3089.159843444824
16.45875008101575 3062.5242985316686
16.46125008095987 3052.8242808750697
16.46375008090399 3048.2774396623886
16.46625008084811 3043.9534334455216
16.468750080792233 3038.5489589146205
16.47125008073635 3034.3276116507395
16.47375008068047 3030.46584211077
16.476250080624595 3025.8494186401367
16.478750080568716 3023.147418430873
16.481250080512833 3019.824869428362
16.483750080456957 3016.979148864746
16.486250080401078 3018.148645673479
16.488750080345195 3015.4477005004883
16.491250080289316 3011.5551114763534
16.49375008023344 3008.781951904297
16.49625008017756 3011.8580954415456
16.498750080121678 3014.452355521066
16.5012500800658 3004.849667140416
16.50375008000992 3002.180201939174
16.50625007995404 3009.1509235927037
16.50875007989816 3005.0100620814733
16.511250079842284 2999.497679574149
16.513750079786405 2997.630012512207
16.516250079730522 2998.1262610299245
16.518750079674646 2997.682478768485
16.521250079618763 2990.408389500209
16.523750079562884 2989.6054916381836
16.526250079507005 2992.860758100237
16.52875007945113 2993.947229657854
16.53125007939525 2990.5179617745534
16.533750079339367 2991.5058364868164
16.53625007928349 2995.1206130981445
16.538750079227608 2996.9180428641184
16.54125007917173 2997.3797367640905
16.543750079115853 3002.7721884591238
16.546250079059973 3008.5241252354213
16.54875007900409 3013.6349563598633
16.55125007894821 3013.700441632952
16.553750078892335 3027.280172075544
16.556250078836452 3038.800371442522
16.558750078780573 3046.1731055123464
16.561250078724697 3058.745125906808
16.563750078668818 3067.93028150286
16.566250078612935 3090.663398742676
16.568750078557056 3110.724552699498
16.57125007850118 3125.2628195626394
16.573750078445297 3140.8551951817103
16.576250078389418 3158.031707763672
16.57875007833354 3167.6797790527344
16.581250078277662 3171.0984180995397
16.58375007822178 3174.438467843192
16.5862500781659 3180.4276875087194
16.588750078110024 3181.0672345842636
16.59125007805414 3181.690282549177
16.593750077998262 3181.714177812849
16.596250077942386 3185.557960510254
16.598750077886507 3185.299892970494
16.601250077830624 3179.700725010463
16.603750077774748 3178.512348720006
16.606250077718865 3175.8335211617605
16.608750077662986 3171.9173758370534
16.611250077607107 3165.0554602486745
16.61375007755123 3155.9228962489537
16.61625007749535 3145.497543334961
16.61875007743947 3130.373835972377
16.621250077383593 3115.9911313738144
16.62375007732771 3100.5090146745956
16.62625007727183 3078.2161385672434
16.62875007721595 3067.3392966134206
16.631250077160075 3045.369466509138
16.633750077104196 3031.7038694109237
16.636250077048313 3020.7756445748464
16.638750076992437 3013.802421569824
16.641250076936554 3007.9403228759766
16.643750076880675 3004.32285962786
16.6462500768248 3001.9580045427597
16.64875007676892 3000.796622140067
16.651250076713037 2997.2061789376394
16.653750076657158 2993.0110626220703
16.65625007660128 2995.833388192313
16.6587500765454 2995.801700047084
16.66125007648952 2992.4675260271347
16.663750076433644 2992.254731314523
16.666250076377764 2995.9573974609375
16.66875007632188 2996.58415549142
16.671250076266002 2994.5124827793666
16.673750076210126 2995.5076392037527
16.676250076154243 2996.3808125087194
16.678750076098364 2997.550813947405
16.681250076042488 2996.148012433733
16.68375007598661 2996.4334259033203
16.686250075930726 2996.2178737095423
16.688750075874847 2996.513856070382
16.69125007581897 2994.808684212821
16.693750075763088 2993.650718688965
16.69625007570721 2992.1243449619838
16.698750075651333 2991.1312942504883
16.701250075595453 2987.4939673287527
16.70375007553957 2984.122528076172
16.706250075483695 2980.600937979562
16.70875007542781 2976.5578809465683
16.711250075371932 2971.852018083845
16.713750075316053 2966.8402677263534
16.716250075260177 2961.4218106951034
16.718750075204298 2958.757064819336
16.721250075148415 2957.1597486223495
16.72375007509254 2952.5361731392995
16.726250075036656 2951.5483082362584
16.728750074980777 2950.119244166783
16.731250074924898 2949.431691850935
16.73375007486902 2943.493510654994
16.736250074813142 2943.608600071498
16.73875007475726 2946.1181847708567
16.741250074701384 2948.511835370745
16.7437500746455 2944.0347769601003
16.74625007458962 2944.736630031041
16.748750074533742 2952.4904981340683
16.751250074477866 2953.5180522373744
16.753750074421983 2944.5159955705917
16.756250074366104 2944.368456159319
16.75875007431023 2951.065107073103
16.761250074254345 2951.2830919538223
16.763750074198466 2943.455683026995
16.76625007414259 2942.8175354003906
16.76875007408671 2948.4738180977956
16.771250074030828 2949.082305908203
16.77375007397495 2946.510311671666
16.776250073919073 2946.527000427246
16.77875007386319 2950.2745720999583
16.78125007380731 2952.1523720877512
16.783750073751435 2949.789749145508
16.786250073695555 2951.7686920166016
16.788750073639672 2951.0292500087194
16.791250073583793 2950.5474984305247
16.793750073527917 2947.6972318376816
16.796250073472034 2946.995651245117
16.798750073416155 2947.623770577567
16.80125007336028 2947.7559858049667
16.8037500733044 2946.896074567522
16.806250073248517 2946.879612513951
16.80875007319264 2946.700881958008
16.81125007313676 2947.746834891183
16.81375007308088 2948.7532871791295
16.816250073025 2952.650841849191
16.818750072969124 2959.210367475237
16.821250072913244 2962.344693865095
16.82375007285736 2963.8312029157364
16.826250072801486 2970.7735922677175
16.828750072745603 2979.646421160017
16.831250072689723 2993.0524291992188
16.833750072633844 2999.723054068429
16.83625007257797 3013.725516183036
16.83875007252209 3032.9076439993723
16.841250072466206 3073.8136433192662
16.84375007241033 3121.5730590820312
16.846250072354447 3255.4644906180247
16.848750072298568 3356.208830697196
16.85125007224269 3479.0592455182755
16.853750072186813 3634.422103881836
16.85625007213093 3849.879612513951
16.85875007207505 3987.1576058523997
16.861250072019175 4111.046774727957
16.863750071963292 4208.128860473633
16.866250071907412 4326.8722904750275
16.868750071851537 4363.499952043806
16.871250071795657 4383.254326956613
16.873750071739774 4390.467276436942
16.876250071683895 4395.130759102957
16.87875007162802 4395.130759102957
16.881250071572136 4395.130759102957
16.883750071516257 4395.14455304827
16.88625007146038 4395.14455304827
16.888750071404502 4395.14455304827
16.89125007134862 4394.389142717634
16.89375007129274 4387.170488630022
16.896250071236864 4351.5896889822825
16.89875007118098 4281.332959856306
16.9012500711251 4228.964418683733
16.903750071069226 4141.555406842913
16.906250071013346 4055.6192605154856
16.908750070957463 3960.0540793282644
16.911250070901584 3867.296818324498
16.91375007084571 3718.077390398298
16.916250070789825 3574.364794049944
16.918750070733946 3437.57750919887
16.92125007067807 3318.761658804757
16.92375007062219 3184.6808547973633
16.926250070566308 3098.241312299456
16.928750070510432 3033.162634713309
16.93125007045455 3009.8474306379044
