m1-67/data/jwst-miri-mrs/wr124-miri-mrs-ch2-star-full-spectrum.ecsv
# %ECSV 1.0
# ---
# datatype:
# - {name: Wavelength, unit: micron, datatype: float64}
# - {name: Intensity, datatype: float64}
# meta: !!omap
# - __serialized_columns__:
#     Wavelength:
#       __class__: astropy.units.quantity.Quantity
#       unit: !astropy.units.Unit {unit: micron}
#       value: !astropy.table.SerializedColumn {name: Wavelength}
# schema: astropy-2.0
Wavelength Intensity
[from data line 872]
8.644250231969634 13208.127176920572
8.645550231973173 13255.328002929688
8.646850231976714 13307.573201497396
8.648150231980251 13688.57236735026
8.649450231983792 13825.165466308594
8.650750231987331 14120.935017903646
8.65205023199087 14390.96669514974
8.65335023199441 14611.462687174479
8.654650231997946 14790.958943684896
8.655950232001487 14939.168172200521
8.657250232005026 15039.060974121094
8.658550232008563 15123.365498860678
8.659850232012104 15232.613505045572
8.661150232015641 15275.319905598959
8.662450232019182 15293.718994140625
8.663750232022721 15306.702229817709
8.665050232026259 15319.627115885416
8.6663502320298 15300.949625651041
8.667650232033337 15291.278564453125
8.668950232036877 15270.177286783854
8.670250232040416 15244.017761230469
8.671550232043954 15141.965840657553
8.672850232047495 15046.055603027344
8.674150232051034 14971.103332519531
8.67545023205457 14888.83935546875
8.676750232058112 14705.381490071615
8.678050232061649 14583.550415039062
8.67935023206519 14432.588114420572
8.680650232068729 14347.140441894531
8.681950232072266 14078.476989746094
8.683250232075807 13826.97206624349
8.684550232079344 13490.84950764974
8.685850232082885 13192.490681966146
8.687150232086424 13029.83491007487
8.688450232089961 12920.316385904947
8.689750232093502 12850.054707845053
8.691050232097039 12806.271891276041
8.692350232100578 12743.070353190104
8.693650232104119 12712.728068033854
8.694950232107656 12682.60019938151
8.696250232111197 12639.873006184896
8.697550232114736 12607.98447672526
8.698850232118275 12589.028605143229
8.700150232121814 12571.362386067709
8.701450232125351 12553.572998046875
8.702750232128892 12558.205973307291
8.704050232132431 12567.98887125651
8.705350232135968 12594.701741536459
8.70665023213951 12671.267659505209
8.707950232143046 12679.561706542969
8.709250232146587 12699.459187825521
8.710550232150126 12709.799987792969
8.711850232153663 12718.912556966146
8.713150232157204 12719.409749348959
8.714450232160742 12727.020426432291
8.715750232164282 12735.110880533854
8.717050232167821 12768.208231608072
8.718350232171359 12782.372619628906
8.7196502321749 12787.450134277344
8.720950232178437 12811.549641927084
8.722250232181976 12826.717610677084
8.723550232185517 12853.888692220053
8.724850232189054 12884.75015258789
8.726150232192595 12869.66303507487
8.727450232196134 12877.764821370443
8.72875023219967 12923.7082417806
8.730050232203212 12945.815643310547
8.731350232206749 12984.711802164713
8.73265023221029 13033.259236653646
8.733950232213829 13069.411051432291
8.735250232217366 13114.098815917969
8.736550232220907 13140.641825358072
8.737850232224444 13181.856221516928
8.739150232227983 13214.202412923178
8.740450232231524 13348.543111165365
8.741750232235061 13665.518575032553
8.743050232238602 14306.838317871094
8.74435023224214 15631.439758300781
8.74565023224568 17002.805989583332
8.746950232249219 18089.302693684895
8.748250232252756 19271.94472249349
8.749550232256297 20201.50801595052
8.750850232259836 21014.89943440755
8.752150232263373 21500.459208170574
8.753450232266914 21878.48244222005
8.754750232270451 22203.60186767578
8.756050232273992 22296.55625406901
8.757350232277531 22319.192647298176
8.758650232281068 22319.192647298176
8.75995023228461 22319.192647298176
8.761250232288146 22319.192647298176
8.762550232291687 22319.192647298176
8.763850232295226 22319.192647298176
8.765150232298764 22319.192647298176
8.766450232302304 22310.079935709637
8.767750232305842 22223.62880452474
8.76905023230938 21916.59375
8.770350232312921 21564.15684000651
8.771650232316459 21058.492838541668
8.77295023232 20382.303975423176
8.774250232323539 19610.459635416668
8.775550232327076 18761.4306640625
8.776850232330617 17811.12892659505
8.778150232334154 16582.420471191406
8.779450232337695 15475.443644205729
8.780750232341234 14809.59385172526
8.782050232344771 14160.206756591797
8.783350232348312 13571.676076253256
8.784650232351849 13178.795125325521
8.785950232355388 12930.577728271484
8.787250232358929 12719.865529378256
8.788550232362466 12514.639933268229
8.789850232366007 12345.629709879557
8.791150232369544 12234.996317545572
8.792450232373085 12206.574340820312
8.793750232376624 12194.168111165365
8.795050232380161 12179.90907796224
8.796350232383702 12176.49180094401
8.797650232387241 12176.49180094401
8.798950232390778 12176.49180094401
8.800250232394319 12176.49180094401
8.801550232397856 12176.49180094401
8.802850232401397 12180.502319335938
8.804150232404936 12251.134928385416
8.805450232408473 12417.570688883463
8.806750232412014 12530.385772705078
8.808050232415551 12574.297658284506
8.809350232419092 12595.98471069336
8.810650232422631 12607.172627766928
8.811950232426168 12642.25375366211
8.81325023242971 12656.783009847006
8.814550232433247 12679.873179117838
8.815850232436786 12699.116139729818
8.817150232440326 12717.066375732422
8.818450232443864 12744.637624104818
8.819750232447404 12731.581553141275
8.821050232450943 12714.000579833984
8.82235023245448 12718.868479410807
8.823650232458021 12703.290069580078
8.824950232461559 12685.555531819662
8.8262502324651 12671.371378580729
8.827550232468639 12630.803161621094
8.828850232472176 12568.971476236979
8.830150232475717 12499.802001953125
8.831450232479254 12447.347391764322
8.832750232482793 12397.891957600912
8.834050232486334 12352.18056233724
8.835350232489871 12311.944641113281
8.836650232493412 12257.2375386556
8.837950232496949 12204.8254292806
8.83925023250049 12166.03939819336
8.840550232504029 12151.002797444662
8.841850232507566 12148.49594116211
8.843150232511107 12140.451263427734
8.844450232514644 12158.964731852213
8.845750232518183 12162.994008382162
8.847050232521724 12164.31080118815
8.848350232525261 12189.019358317057
8.849650232528802 12210.046793619791
8.850950232532341 12202.75971476237
8.852250232535878 12216.158223470053
8.853550232539419 12222.773254394531
8.854850232542956 12303.024220784506
8.856150232546497 12280.369313557943
8.857450232550036 12274.617197672525
8.858750232553573 12284.79564412435
8.860050232557114 12311.085530598959
8.861350232560651 12324.634297688803
8.86265023256419 12363.886789957682
8.863950232567731 12405.160959879557
8.865250232571269 12441.935679117838
8.86655023257481 12450.606536865234
8.867850232578347 12467.151153564453
8.869150232581886 12480.678253173828
8.870450232585426 12478.231435139975
8.871750232588964 12455.821299235025
8.873050232592504 12438.21235148112
8.874350232596043 12407.978922526041
8.87565023259958 12381.961049397787
8.876950232603122 12354.598795572916
8.878250232606659 12311.158376057943
8.879550232610198 12303.926574707031
8.880850232613739 12292.444274902344
8.882150232617276 12275.770324707031
8.883450232620817 12233.360076904297
8.884750232624354 12173.344034830729
8.886050232627895 12137.571319580078
8.887350232631434 12084.717864990234
8.888650232634971 12068.253621419271
8.889950232638512 11998.616943359375
8.891250232642049 11991.091532389322
8.892550232645588 11994.134785970053
8.893850232649129 11982.386657714844
8.895150232652666 11961.012390136719
8.896450232656207 11956.076802571615
8.897750232659746 11946.535624186197
8.899050232663283 11930.500996907553
8.900350232666824 11909.418029785156
8.901650232670361 11866.971750895182
8.902950232673902 11846.614715576172
8.904250232677441 11834.537577311197
8.905550232680978 11818.118041992188
8.90685023268452 11803.136088053385
8.908150232688056 11815.941670735678
8.909450232691595 11832.285847981771
8.910750232695136 11845.717936197916
8.912050232698673 11856.86513264974
8.913350232702214 11843.231587727865
8.914650232705752 11843.942423502604
8.91595023270929 11838.692423502604
8.917250232712831 11830.660013834635
8.918550232716369 11824.242075602213
8.91985023271991 11813.650166829428
8.921150232723448 11805.756286621094
8.922450232726986 11790.404642740885
8.923750232730526 11797.88828531901
8.925050232734064 11782.506286621094
8.926350232737603 11767.556315104166
8.927650232741144 11761.650309244791
8.92895023274468 11762.23866780599
8.930250232748222 11758.909993489584
8.931550232751759 11761.186442057291
8.9328502327553 11767.493408203125
8.934150232758839 11799.936686197916
8.935450232762376 11814.446695963541
8.936750232765917 11831.02968343099
8.938050232769454 11829.292500813803
8.939350232772993 11802.303100585938
8.940650232776534 11803.990783691406
8.941950232780071 11808.019226074219
8.943250232783612 11815.693766276041
8.944550232787151 11823.155822753906
8.945850232790688 11839.3156636556
8.947150232794229 11838.735158284506
8.948450232797766 11834.872955322266
8.949750232801307 11816.023457845053
8.951050232804846 11807.298695882162
8.952350232808383 11812.49419148763
8.953650232811924 11824.846822102865
8.954950232815461 11834.501871744791
8.956250232819 11843.144948323568
8.957550232822541 11855.623189290365
8.958850232826078 11839.314056396484
8.96015023282962 11826.614959716797
8.961450232833156 11829.278004964193
8.962750232836695 11833.412760416666
8.964050232840236 11846.675252278646
8.965350232843774 11857.078420003256
8.966650232847314 11880.288838704428
8.967950232850853 11906.622823079428
8.96925023285439 11911.941182454428
8.970550232857931 11921.244852701822
8.971850232861469 11961.500111897787
8.973150232865008 12027.088389078775
8.974450232868548 12169.265645345053
8.975750232872086 12658.470204671225
8.977050232875627 13911.070668538412
8.978350232879164 14565.972371419271
8.979650232882705 14747.568176269531
8.980950232886244 14824.947265625
8.98225023288978 14858.436096191406
8.983550232893322 14906.231587727865
8.984850232896859 14980.319396972656
8.986150232900398 14996.628438313803
8.987450232903939 15011.505513509115
8.988750232907476 15039.526611328125
8.990050232911017 15043.380187988281
8.991350232914554 15049.457051595053
8.992650232918093 15072.784037272135
8.993950232921634 15068.166422526041
8.995250232925171 15056.195068359375
8.996550232928712 15037.285196940104
8.997850232932251 15027.941446940104
8.999150232935788 15015.715555826822
9.000450232939329 14971.772725423178
9.001750232942866 14919.074239095053
9.003050232946405 14876.929565429688
9.004350232949946 14844.161458333334
9.005650232953483 14803.885070800781
9.006950232957024 14748.74131266276
9.008250232960561 14681.440165201822
9.0095502329641 14594.251708984375
9.010850232967641 14575.859354654947
9.012150232971178 14523.197347005209
9.01345023297472 14470.432779947916
9.014750232978257 14045.475952148438
9.016050232981796 12816.985829671225
9.017350232985336 12106.4543355306
9.018650232988874 11845.251495361328
9.019950232992413 11787.28294881185
9.021250232995953 11759.498026529947
9.02255023299949 11743.270751953125
9.023850233003031 11733.799540201822
9.025150233006569 11699.387837727865
9.02645023301011 11697.671651204428
9.027750233013649 11693.417012532553
9.029050233017186 11691.512390136719
9.030350233020727 11688.613301595053
9.031650233024264 11699.276306152344
9.032950233027803 11735.216389973959
9.034250233031344 11780.476979573568
9.035550233034881 11800.480143229166
9.036850233038422 11861.502807617188
9.038150233041959 11862.223978678385
9.039450233045498 11874.954996744791
9.040750233049039 11893.383178710938
9.042050233052576 11883.529154459635
9.043350233056117 11883.941630045572
9.044650233059656 11876.84901936849
9.045950233063193 11865.552225748697
9.047250233066734 11877.728688557943
9.048550233070271 11887.146504720053
9.04985023307381 11912.131591796875
9.051150233077351 11915.033610026041
9.052450233080888 11907.97476196289
9.053750233084429 11859.147979736328
9.055050233087966 11830.34477742513
9.056350233091505 11798.747955322266
9.057650233095046 11803.24154663086
9.058950233098583 11805.395365397135
9.060250233102124 11775.329111735025
9.061550233105661 11763.852966308594
9.0628502331092 11757.968058268229
9.064150233112741 11728.247477213541
9.065450233116279 11690.403330485025
9.066750233119818 11655.99809773763
9.068050233123358 11606.967091878256
9.069350233126896 11576.547505696615
9.070650233130436 11520.857157389322
9.071950233133974 11499.232604980469
9.073250233137514 11468.6960550944
9.074550233141053 11442.817260742188
9.07585023314459 11433.059509277344
9.077150233148132 11410.946685791016
9.078450233151669 11387.79487101237
9.079750233155208 11399.357177734375
9.081050233158749 11397.78173828125
9.082350233162286 11382.274881998697
9.083650233165827 11370.025105794271
9.084950233169364 11354.875
9.086250233172903 11341.015686035156
9.087550233176444 11336.794413248697
9.088850233179981 11332.28114827474
9.090150233183522 11320.828552246094
9.09145023318706 11304.68202718099
9.092750233190598 11298.225504557291
9.094050233194139 11310.6259765625
9.095350233197676 11314.64003499349
9.096650233201215 11323.144053141275
9.097950233204756 11327.174896240234
9.099250233208293 11349.219278971354
9.100550233211834 11356.875305175781
9.101850233215371 11359.809092203775
9.10315023321891 11367.022450764975
9.104450233222451 11388.043111165365
9.105750233225988 11401.263977050781
9.10705023322953 11412.116587320963
9.108350233233066 11412.799458821615
9.109650233236605 11447.288208007812
9.110950233240146 11444.458353678385
9.112250233243683 11466.783854166666
9.113550233247222 11440.42197672526
9.114850233250761 11438.548624674479
9.1161502332543 11427.066101074219
9.117450233257841 11426.779276529947
9.118750233261379 11426.751963297525
9.12005023326492 11426.751963297525
9.121350233268458 11419.402475992838
9.122650233271996 11412.823791503906
9.123950233275536 11343.369354248047
9.125250233279074 11330.439463297525
9.126550233282613 11307.901407877604
9.127850233286154 11312.174112955729
9.12915023328969 11309.826873779297
9.130450233293232 11292.635620117188
9.131750233296769 11291.693094889322
9.133050233300308 11255.361063639322
9.134350233303849 11240.466908772787
9.135650233307386 11211.509012858072
9.136950233310927 11183.901774088541
9.138250233314464 11161.670389811197
9.139550233318003 11141.483133951822
9.140850233321544 11140.859639485678
9.142150233325081 11140.49648030599
9.14345023332862 11131.295145670572
9.14475023333216 11149.907918294271
9.146050233335698 11155.252960205078
9.147350233339239 11122.7751566569
9.148650233342776 11146.791473388672
9.149950233346315 11154.8935546875
9.151250233349856 11157.990214029947
9.152550233353393 11158.608622233072
9.153850233356934 11162.661173502604
9.155150233360471 11150.695963541666
9.15645023336401 11150.464192708334
9.157750233367551 11142.94677734375
9.159050233371088 11141.196309407553
9.160350233374627 11151.084493001303
9.161650233378166 11123.654927571615
9.162950233381705 11111.021138509115
9.164250233385246 11094.325846354166
9.165550233388783 11081.284942626953
9.166850233392324 11072.434377034506
9.168150233395863 11068.38656616211
9.1694502333994 11049.754455566406
9.170750233402941 11054.322357177734
9.172050233406479 11053.308410644531
9.173350233410018 11050.313130696615
9.174650233413558 11044.256764729818
9.175950233417096 11038.656829833984
9.177250233420637 11035.793375651041
9.178550233424174 11025.17328898112
9.179850233427713 11017.984568277994
9.181150233431254 11014.547688802084
9.18245023343479 10995.375620524088
9.183750233438332 10973.148122151693
9.185050233441869 10943.186065673828
9.186350233445408 10929.215983072916
9.187650233448949 10935.731129964193
9.188950233452486 10928.803192138672
9.190250233456025 10927.55951944987
9.191550233459566 10917.802652994791
9.192850233463103 10924.357208251953
9.194150233466644 10929.02094523112
9.195450233470181 10918.90712483724
9.19675023347372 10899.146057128906
9.198050233477261 10860.225728352865
9.199350233480798 10869.919453938803
9.200650233484339 10858.461802164713
9.201950233487876 10863.614064534506
9.203250233491415 10860.41801961263
9.204550233494956 10866.558135986328
9.205850233498493 10869.735137939453
9.207150233502032 10867.934112548828
9.208450233505571 10858.808013916016
