m1-67/data/jwst-miri-mrs/wr124-miri-mrs-ch1-star-full-spectrum.ecsv
# %ECSV 1.0
# ---
# datatype:
# - {name: Wavelength, unit: micron, datatype: float64}
# - {name: Intensity, datatype: float64}
# meta: !!omap
# - __serialized_columns__:
#     Wavelength:
#       __class__: astropy.units.quantity.Quantity
#       unit: !astropy.units.Unit {unit: micron}
#       value: !astropy.table.SerializedColumn {name: Wavelength}
# schema: astropy-2.0
Wavelength Intensity
[from data line 885]
5.608400077471742 36157.36181640625
5.609200077451533 36114.34235491072
5.610000077431322 36176.50041852678
5.610800077411112 36216.22935267857
5.611600077390903 36220.77399553572
5.612400077370694 36175.68303571428
5.613200077350483 36174.88337053572
5.6140000773302745 36199.978515625
5.614800077310064 36209.75767299107
5.615600077289855 36171.24762834822
5.6164000772696445 36186.73200334822
5.617200077249436 36039.99302455357
5.618000077229225 36068.323939732145
5.618800077209016 36117.72349330357
5.619600077188806 36125.18519810268
5.620400077168597 36142.765415736605
5.621200077148386 36147.46484375
5.6220000771281775 36098.89494977678
5.622800077107967 36196.002650669645
5.623600077087758 36201.73835100447
5.624400077067548 36213.80866350447
5.625200077047338 36213.695103236605
5.626000077027128 36169.36237444197
5.626800077006918 36081.477329799105
5.62760007698671 36101.545131138395
5.628400076966499 36109.21840122768
5.62920007694629 36140.16748046875
5.63000007692608 36115.395298549105
5.630800076905871 36116.27015904018
5.63160007688566 36110.10260881697
5.632400076865451 36089.97816685268
5.633200076845241 36063.23960658482
5.634000076825032 35999.40673828125
5.634800076804821 35905.58251953125
5.635600076784613 35914.90297154018
5.636400076764402 35919.736049107145
5.637200076744193 35925.96875
5.638000076723983 35910.280064174105
5.638800076703774 35929.383021763395
5.639600076683564 35940.52001953125
5.6404000766633535 35948.228724888395
5.641200076643144 35862.45696149553
5.642000076622934 36050.81047712053
5.642800076602725 36013.67926897322
5.643600076582515 36012.228236607145
5.644400076562306 35996.34619140625
5.645200076542095 36013.05950055803
5.6460000765218865 35954.63385881697
5.646800076501676 35917.61000279018
5.647600076481467 35985.93896484375
5.6484000764612565 36083.62974330357
5.649200076441048 36152.158900669645
5.650000076420837 36387.32721819197
5.650800076400628 36437.68756975447
5.651600076380418 36616.70354352678
5.652400076360209 36562.22837611607
5.653200076339998 36500.82728794643
5.6540000763197895 36439.28703962053
5.65480007629958 36444.309291294645
5.655600076279369 36440.78362165178
5.6564000762591595 36488.23618861607
5.65720007623895 36499.60044642857
5.658000076218741 36477.28125
5.65880007619853 36465.25006975447
5.659600076178322 36517.80140904018
5.660400076158111 36519.180873325895
5.661200076137902 36523.6669921875
5.662000076117692 36553.450474330355
5.662800076097483 36548.86586216518
5.663600076077272 36566.292201450895
5.664400076057063 36600.06640625
5.665200076036853 36626.05524553572
5.666000076016644 36662.15318080357
5.666800075996433 36684.32826450893
5.667600075976225 36732.24274553572
5.668400075956014 36811.67912946428
5.669200075935805 36862.10511997768
5.6700000759155955 36971.558384486605
5.670800075895385 37150.84340122768
5.671600075875175 37310.35588727678
5.6724000758549655 37404.798828125
5.673200075834757 37486.55754743303
5.674000075814546 37544.28529575893
5.674800075794337 37571.465122767855
5.675600075774127 37575.56919642857
5.676400075753918 37631.893833705355
5.677200075733707 37621.63267299107
5.6780000757134985 37570.395228794645
5.678800075693288 37535.97516741072
5.679600075673079 37531.65276227678
5.6804000756528685 37508.021205357145
5.68120007563266 37428.90625
5.682000075612449 37389.259486607145
5.68280007559224 37369.319126674105
5.68360007557203 37292.35825892857
5.684400075551821 37269.46763392857
5.685200075531611 37234.972446986605
5.686000075511401 37194.65318080357
5.686800075491191 37103.20326450893
5.687600075470981 36900.867885044645
5.688400075450772 36753.87241908482
5.689200075430562 36735.70961216518
5.690000075410353 36689.32819475447
5.690800075390142 36679.46435546875
5.691600075369934 36679.46435546875
5.692400075349723 36679.46435546875
5.693200075329514 36680.09521484375
5.694000075309304 36683.27190290178
5.694800075289095 36733.287806919645
5.695600075268884 36777.735072544645
5.696400075248675 36840.05510602678
5.697200075228465 36942.46330915178
5.698000075208256 37049.56996372768
5.698800075188045 37340.55552455357
5.699600075167836 37582.59660993303
5.700400075147627 37850.21470424107
5.701200075127416 38252.6025390625
5.702000075107207 38723.469517299105
5.702800075086997 39219.44084821428
5.703600075066788 39644.23228236607
5.7044000750465775 39977.35595703125
5.705200075026369 40302.101353236605
5.706000075006158 40756.84521484375
5.706800074985949 41103.907924107145
5.707600074965739 41281.49651227678
5.70840007494553 41421.3935546875
5.709200074925319 41537.272181919645
5.7100000749051105 41617.446568080355
5.7108000748849 41656.073521205355
5.711600074864691 41679.87262834822
5.7124000748444805 41681.97893415178
5.713200074824272 41681.97893415178
5.714000074804061 41681.97893415178
5.714800074783851 41681.97893415178
5.715600074763643 41662.692103794645
5.716400074743432 41588.86174665178
5.717200074723222 41432.94447544643
5.718000074703013 41243.56584821428
5.718800074682804 41016.379673549105
5.719600074662593 40824.95933314732
5.720400074642384 40300.91008649553
5.721200074622174 39775.68812779018
5.722000074601965 39367.69280133928
5.722800074581754 39086.51255580357
5.723600074561546 38714.403041294645
5.724400074541335 37931.33921595982
5.725200074521126 37492.10930524553
5.726000074500916 37160.51506696428
5.726800074480707 36954.242885044645
5.727600074460496 36848.611537388395
5.728400074440287 36808.99846540178
5.729200074420077 36664.80259486607
5.730000074399867 36609.92173549107
5.730800074379658 36563.22712053572
5.731600074359448 36500.75892857143
5.732400074339238 36421.95368303572
5.733200074319028 36404.95124162947
5.7340000742988195 36345.91343470982
5.734800074278609 36325.82261439732
5.7356000742584 36356.63288225447
5.7364000742381895 36340.51018415178
5.737200074217981 36289.74107142857
5.73800007419777 36261.32066127232
5.738800074177561 36224.388950892855
5.739600074157351 36205.41755022322
5.740400074137142 36175.105747767855
5.741200074116931 36152.7578125
5.7420000740967225 36138.79157366072
5.742800074076512 36165.5869140625
5.743600074056303 36185.31794084822
5.7444000740360925 36195.318638392855
5.745200074015883 36184.00837053572
5.746000073995674 36161.92829241072
5.746800073975463 36104.6591796875
5.747600073955254 36150.17954799107
5.748400073935044 36140.98814174107
5.749200073914835 36300.65366908482
5.750000073894625 36309.950404575895
5.750800073874416 36289.13909040178
5.751600073854205 36279.7451171875
5.752400073833996 36333.71916852678
5.753200073813786 36372.84291294643
5.754000073793577 36412.81947544643
5.754800073773366 36397.56584821428
5.755600073753158 36392.8935546875
5.756400073732947 36393.87290736607
5.757200073712738 36390.3427734375
5.758000073692528 36385.628138950895
5.758800073672319 36358.079310825895
5.759600073652108 36328.61279296875
5.7604000736318985 36340.71770368303
5.76120007361169 36300.62172154018
5.762000073591479 36296.65101841518
5.762800073571269 36368.41936383928
5.76360007355106 36403.23625837053
5.764400073530851 36409.521205357145
5.76520007351064 36409.521205357145
5.7660000734904315 36407.855189732145
5.766800073470221 36395.828125
5.767600073450012 36344.859095982145
5.7684000734298015 36314.97453962053
5.769200073409593 36275.758091517855
5.770000073389382 36220.16155133928
5.770800073369173 36188.560825892855
5.771600073348963 36144.36662946428
5.772400073328754 36183.5498046875
5.773200073308543 36262.44468470982
5.7740000732883345 36219.913364955355
5.774800073268124 36222.292271205355
5.775600073247914 36219.023158482145
5.776400073227705 36199.18512834822
5.777200073207495 36118.4140625
5.778000073187285 36091.62541852678
5.7788000731670754 36073.03822544643
5.779600073146867 36042.854213169645
5.780400073126656 36037.50279017857
5.781200073106447 36049.9365234375
5.782000073086237 36092.72154017857
5.782800073066028 36097.416713169645
5.783600073045817 36141.0537109375
5.784400073025608 36113.48381696428
5.785200073005398 36096.45940290178
5.786000072985189 36094.105189732145
5.7868000729649784 36033.55015345982
5.78760007294477 35915.99518694197
5.788400072924559 35884.20298549107
5.78920007290435 35873.91224888393
5.79000007288414 35834.64857700893
5.79080007286393 35860.35700334822
5.791600072843721 35896.61607142857
5.7924000728235105 35993.66713169643
5.793200072803301 36055.83168247768
5.794000072783091 36067.521205357145
5.794800072762882 36062.08733258928
5.795600072742672 36084.42327008928
5.796400072722463 35999.597865513395
5.797200072702252 35957.00090680803
5.7980000726820435 35862.02350725447
5.798800072661833 35899.720005580355
5.799600072641624 35839.28822544643
5.8004000726214135 35859.20814732143
5.801200072601205 35855.236118861605
5.802000072580994 35929.24916294643
5.802800072560785 35998.823032924105
5.803600072540575 36128.795131138395
5.804400072520365 36231.689243861605
5.805200072500155 36247.082798549105
5.806000072479946 36159.51304408482
5.806800072459737 36166.315638950895
5.807600072439526 36039.402064732145
5.808400072419317 36048.623256138395
5.809200072399107 35919.65227399553
5.810000072378898 35906.31591796875
5.8108000723586875 35920.03118024553
5.811600072338479 35967.68498883928
5.812400072318268 36011.30357142857
5.813200072298059 36064.376255580355
5.814000072277849 36121.09654017857
5.81480007225764 36204.16266741072
5.815600072237429 36215.31263950893
5.81640007221722 36233.01520647322
5.81720007219701 36156.03724888393
5.818000072176801 36183.87639508928
5.8188000721565905 36196.08091517857
5.819600072136381 36220.418666294645
5.820400072116171 36286.1181640625
5.821200072095961 36343.47446986607
5.8220000720757525 36476.42912946428
5.822800072055542 36600.18003627232
5.823600072035333 36688.44984654018
5.8244000720151226 36759.94733537947
5.825200071994914 36845.074497767855
5.826000071974703 36972.9443359375
5.826800071954494 36903.09026227678
5.827600071934284 37004.29506138393
5.828400071914075 37164.50432477678
5.829200071893864 37271.270717075895
5.8300000718736555 37346.12709263393
5.830800071853445 37452.25258091518
5.831600071833236 37503.06780133928
5.8324000718130256 37467.64313616072
5.833200071792817 37487.02036830357
5.834000071772606 37594.607421875
5.8348000717523965 37566.79380580357
5.835600071732187 37562.001674107145
5.836400071711977 37552.26478794643
5.837200071691768 37497.893763950895
5.838000071671558 37386.96030970982
5.838800071651349 37183.908900669645
5.839600071631138 37066.33642578125
5.8404000716109294 36993.320521763395
5.841200071590719 36809.17487444197
5.84200007157051 36730.71142578125
5.8428000715502995 36705.8642578125
5.843600071530091 36615.33391462053
5.84440007150988 36540.46672712053
5.845200071489671 36320.97705078125
5.846000071469461 36213.801478794645
5.846800071449252 36030.13630022322
5.847600071429041 35834.043247767855
5.8484000714088324 35770.26548549107
5.849200071388622 35738.24748883928
5.850000071368412 35715.962193080355
5.8508000713482025 35695.60951450893
5.851600071327993 35640.5615234375
5.852400071307784 35693.12493024553
5.853200071287573 35769.42815290178
5.8540000712673645 35776.07993861607
5.854800071247154 35746.57184709822
5.855600071226945 35746.15583147322
5.856400071206735 35673.89390345982
5.857200071186526 35565.42236328125
5.858000071166315 35560.36572265625
5.858800071146106 35553.391392299105
5.859600071125896 35550.065220424105
5.860400071105687 35496.541224888395
5.861200071085476 35565.24267578125
5.8620000710652675 35612.41420200893
5.862800071045057 35625.144810267855
5.863600071024848 35665.862025669645
5.8644000710046384 35666.552036830355
5.865200070984428 35666.552036830355
5.866000070964218 35703.749720982145
5.8668000709440085 35670.76450892857
5.8676000709238 35575.045131138395
5.868400070903589 35553.57993861607
5.869200070883379 35549.529087611605
5.87000007086317 35427.64069475447
5.870800070842961 35504.90185546875
5.87160007082275 35603.875279017855
5.8724000708025414 35591.14836774553
5.873200070782331 35669.23193359375
5.874000070762122 35702.781459263395
5.8748000707419115 35709.4599609375
5.875600070721703 35714.26402064732
5.876400070701492 35661.65464564732
5.877200070681283 35563.93994140625
5.878000070661073 35586.08530970982
5.878800070640864 35576.44391741072
5.879600070620654 35609.269810267855
5.880400070600444 35735.793247767855
5.881200070580234 35772.618861607145
5.882000070560024 35808.65708705357
5.882800070539815 35956.20758928572
5.883600070519605 36015.334751674105
5.884400070499395 36147.31256975447
5.885200070479185 36219.47746930803
5.8860000704589766 36335.64885602678
5.886800070438766 36405.88539341518
5.887600070418557 36667.204310825895
5.888400070398347 36958.57331194197
5.889200070378138 37262.829868861605
5.890000070357927 37735.26953125
5.890800070337718 37980.66224888393
5.891600070317508 38561.88581194197
5.892400070297299 38915.71484375
5.893200070277088 39215.41929408482
5.8940000702568796 39751.59144810268
5.89480007023667 40366.73402622768
5.895600070216459 41458.13713727678
5.89640007019625 42834.85498046875
5.89720007017604 44619.40576171875
5.898000070155831 49191.725376674105
5.8988000701356205 53590.81459263393
5.899600070115411 56605.84486607143
5.900400070095201 58414.34319196428
5.901200070074992 61609.894252232145
5.902000070054782 63687.47474888393
5.902800070034573 65512.48060825893
5.903600070014362 67017.81236049107
5.9044000699941535 68014.50655691964
5.905200069973943 68986.34026227679
5.906000069953734 69112.30008370536
5.9068000699335235 69112.30008370536
5.907600069913315 69112.30008370536
5.908400069893104 69112.30008370536
5.909200069872894 69112.30008370536
5.9100000698526856 69112.30008370536
5.910800069832475 69112.30008370536
5.911600069812265 69112.30008370536
5.912400069792056 68758.84026227679
5.913200069771847 68514.52218191964
5.914000069751636 66849.99455915179
5.9148000697314265 66191.08914620536
5.915600069711217 64503.06361607143
5.916400069691008 62784.47670200893
5.917200069670797 60573.80036272322
5.918000069650589 59011.37444196428
5.918800069630378 57458.6357421875
5.919600069610169 54923.218052455355
5.920400069589959 51980.113490513395
5.92120006956975 49519.541713169645
5.922000069549539 46622.13316127232
5.92280006952933 43821.1630859375
5.92360006950912 41466.530970982145
5.92440006948891 39764.401157924105
5.925200069468701 38390.77971540178
5.926000069448491 37725.83021763393
5.926800069428281 37248.13071986607
5.927600069408071 37150.21010044643
5.9284000693878625 37032.87297712053
5.929200069367652 36902.60979352678
5.930000069347442 36706.51841517857
5.9308000693272325 36486.294642857145
5.931600069307024 36439.236607142855
5.932400069286813 36347.388950892855
5.933200069266604 36341.78962053572
5.934000069246394 36333.99330357143
5.934800069226185 36334.26088169643
5.935600069205974 36290.693359375
5.9364000691857655 36293.259486607145
5.937200069165555 36319.45563616072
5.938000069145346 36330.29185267857
5.9388000691251355 36300.50397600447
5.939600069104926 36428.136509486605
5.940400069084717 36514.44482421875
5.941200069064506 36548.37395368303
5.942000069044297 36674.85630580357
5.942800069024087 36808.07924107143
5.943600069003878 37090.26555524553
5.944400068983668 37568.94077845982
5.945200068963458 37868.7099609375
5.946000068943248 38035.98646763393
5.946800068923039 38242.350306919645
5.947600068902829 38929.54534040178
5.94840006888262 39627.63678850447
5.949200068862409 40230.892368861605
5.950000068842201 40896.585658482145
5.95080006882199 41617.06012834822
5.951600068801781 42093.34089006697
5.952400068781571 42487.67320033482
5.953200068761362 42894.43763950893
5.954000068741151 43058.78020368303
5.9548000687209415 43295.627162388395
5.955600068700733 43335.60400390625
5.956400068680522 43365.23235212053
5.957200068660312 43391.29596819197
5.958000068640103 43391.29596819197
5.958800068619894 43316.899204799105
5.959600068599683 43308.82666015625
5.960400068579474 43250.344517299105
5.961200068559264 43154.40199497768
