m1-67/data/jwst-miri-mrs/wr124-miri-mrs-ch4-star-full-spectrum.ecsv
# %ECSV 1.0
# ---
# datatype:
# - {name: Wavelength, unit: micron, datatype: float64}
# - {name: Intensity, datatype: float64}
# meta: !!omap
# - __serialized_columns__:
#     Wavelength:
#       __class__: astropy.units.quantity.Quantity
#       unit: !astropy.units.Unit {unit: micron}
#       value: !astropy.table.SerializedColumn {name: Wavelength}
# schema: astropy-2.0
Wavelength Intensity
[from data line 430]
20.283000785391778 1260.6601347746673
20.289000785443932 1262.0213634349682
20.295000785496086 1266.1238911946614
20.30100078554824 1260.8000262225116
20.307000785600394 1264.8382636176216
20.313000785652548 1260.786954526548
20.319000785704702 1260.1122899938512
20.325000785756856 1262.6991656268085
20.33100078580901 1259.6425136990017
20.337000785861164 1263.7301760073062
20.34300078591332 1256.0001695421006
20.349000785965472 1258.3015419288918
20.355000786017627 1258.6598555953415
20.36100078606978 1256.0847021032262
20.367000786121935 1260.3102812590423
20.37300078617409 1256.0618410463687
20.379000786226243 1256.4965469925492
20.385000786278397 1259.813589590567
20.39100078633055 1255.481073450159
20.397000786382705 1259.1512247721355
20.40300078643486 1258.0895645706742
20.409000786487013 1256.3813465259693
20.41500078653917 1258.5615132649739
20.42100078659132 1254.9463998300057
20.427000786643475 1258.1577781394676
20.43300078669563 1256.4437764485676
20.439000786747783 1256.2366231282551
20.445000786799937 1257.7920407895688
20.45100078685209 1259.3264442726418
20.457000786904246 1264.0410755298756
20.4630007869564 1265.5077978063512
20.469000787008554 1272.3551861798321
20.475000787060708 1285.004421657986
20.481000787112862 1291.7221419722946
20.487000787165016 1308.5158148871528
20.49300078721717 1314.496561686198
20.499000787269324 1321.4755215115017
20.505000787321478 1329.579771818938
20.511000787373632 1329.495522958261
20.517000787425786 1337.0117108380352
20.52300078747794 1337.596388075087
20.529000787530094 1337.094898365162
20.53500078758225 1338.2489838776764
20.541000787634403 1332.866936577691
20.547000787686557 1331.365293149595
20.55300078773871 1327.156184443721
20.559000787790865 1319.0209282769097
20.565000787843022 1311.6903223108363
20.571000787895173 1303.809814453125
20.577000787947327 1299.7657244646991
20.58300078799948 1292.3877699110244
20.589000788051635 1283.968458387587
20.59500078810379 1285.1410319010417
20.601000788155943 1273.2841389973958
20.607000788208097 1270.0881630226418
20.61300078826025 1268.77796653465
20.619000788312405 1262.5320694534867
20.62500078836456 1267.99038583261
20.631000788416713 1260.9653987178096
20.637000788468868 1251.9045591001156
20.64300078852102 1256.8604487666378
20.649000788573176 1251.9852317527489
20.65500078862533 1256.428226047092
20.661000788677484 1255.939202202691
20.667000788729638 1254.826347068504
20.673000788781792 1258.150304723669
20.679000788833946 1253.5662186234085
20.6850007888861 1256.8371186433014
20.691000788938254 1255.152825249566
20.697000788990408 1254.5367601182725
20.703000789042562 1256.95443838614
20.709000789094716 1257.0910791467738
20.715000789146874 1258.2440761990017
20.721000789199024 1260.8425146032262
20.72700078925118 1259.382733380353
20.733000789303333 1261.7222357855903
20.739000789355487 1260.561946162471
20.74500078940764 1262.4992008915654
20.751000789459795 1260.3321691442418
20.75700078951195 1258.044027822989
20.763000789564103 1259.9649839048031
20.769000789616257 1257.3254699707031
20.77500078966841 1255.520411738643
20.781000789720565 1254.7096139413338
20.78700078977272 1252.2652802643952
20.793000789824873 1252.720386646412
20.799000789877027 1253.5962106210213
20.80500078992918 1252.50668447989
20.811000789981335 1253.2065927010995
20.81700079003349 1253.0259795012298
20.823000790085644 1256.2259837962963
20.829000790137798 1256.5239890769676
20.83500079018995 1258.5945502387153
20.841000790242106 1260.7638481987847
20.84700079029426 1261.9678175184463
20.853000790346414 1269.1835474084926
20.859000790398568 1273.852377432364
20.865000790450726 1280.9318112973813
20.871000790502876 1290.954857720269
20.87700079055503 1310.9070366753472
20.883000790607184 1331.2533433702256
20.88900079065934 1356.7976707175926
20.895000790711492 1383.210321497034
20.901000790763646 1404.131413212529
20.9070007908158 1413.1482374403213
20.913000790867954 1417.0824935347946
20.91900079092011 1418.7188732005932
20.925000790972263 1420.9261305067275
20.931000791024417 1421.5688668710213
20.93700079107657 1418.6707108109085
20.943000791128725 1404.4527825249565
20.94900079118088 1394.4447010181568
20.955000791233033 1375.1719529893662
20.961000791285187 1351.5347222222222
20.96700079133734 1335.670991120515
20.973000791389495 1308.991138599537
20.97900079144165 1292.803631817853
20.985000791493803 1289.7114890769676
20.991000791545957 1286.1901866771557
20.99700079159811 1282.1031607168693
21.003000791650265 1279.9399154097946
21.00900079170242 1278.3848503960503
21.015000791754577 1278.1510925292969
21.021000791806728 1279.1115473994503
21.02700079185888 1278.9785732693142
21.033000791911036 1278.9381487811054
21.039000791963186 1277.6811195656105
21.045000792015344 1279.5749206542969
21.051000792067498 1279.989481608073
21.057000792119652 1279.915751139323
21.063000792171806 1280.6762356228298
21.06900079222396 1281.442430284288
21.075000792276114 1283.7236576786747
21.08100079232827 1287.4499330873844
21.087000792380422 1290.3436290599682
21.093000792432576 1291.7172422055844
21.09900079248473 1291.978763156467
21.105000792536885 1291.5838973433883
21.11100079258904 1290.8413492838542
21.117000792641193 1290.501560917607
21.123000792693347 1290.6199058250145
21.1290007927455 1289.2862774884259
21.135000792797655 1285.69014372649
21.14100079284981 1284.2213383427372
21.147000792901963 1281.1080898708767
21.153000792954117 1277.6320665147568
21.15900079300627 1277.64370614511
21.165000793058425 1274.83824440285
21.17100079311058 1271.2546070240162
21.177000793162733 1268.5016377766926
21.183000793214887 1266.366286666305
21.189000793267038 1263.6319964373554
21.195000793319196 1264.8612535264756
21.20100079337135 1263.6791257505063
21.207000793423504 1260.3771102340133
21.213000793475658 1258.7804181134259
21.21900079352781 1259.0462895146122
21.225000793579966 1258.2022840711807
21.23100079363212 1257.5973341200088
21.237000793684274 1256.8585397225838
21.243000793736428 1257.6585026493779
21.249000793788582 1256.2724010326244
21.255000793840736 1255.3662267614293
21.26100079389289 1254.195494475188
21.267000793945044 1251.7308598271122
21.2730007939972 1251.1245331940827
21.279000794049352 1249.6083475748699
21.285000794101506 1248.198816370081
21.29100079415366 1247.7833263255932
21.297000794205815 1248.6694008156105
21.30300079425797 1249.2484549063224
21.309000794310123 1248.7660126862702
21.315000794362277 1250.2792923538773
21.32100079441443 1249.9351196289062
21.327000794466585 1249.7278329354745
21.33300079451874 1250.1042740433304
21.33900079457089 1254.1443617078994
21.345000794623047 1255.2437077275029
21.3510007946752 1255.0123991789642
21.357000794727355 1258.3736018428096
21.36300079477951 1261.1652990270543
21.369000794831663 1261.7092341670284
21.375000794883817 1261.489742702908
21.38100079493597 1263.329036006221
21.387000794988126 1259.858002839265
21.39300079504028 1257.1506358959057
21.399000795092434 1256.2288083676938
21.405000795144588 1256.5726894802517
21.411000795196742 1256.5836769386574
21.417000795248896 1255.7052284523293
21.42300079530105 1254.6684344256366
21.429000795353204 1253.3994163230614
21.435000795405358 1252.0248695656105
21.441000795457512 1251.3549691659432
21.447000795509666 1251.430618851273
21.45300079556182 1252.927586308232
21.459000795613974 1252.2289892126012
21.46500079566613 1251.951663547092
21.471000795718282 1252.2114043059173
21.477000795770437 1252.0482867205585
21.48300079582259 1250.8982329191986
21.48900079587474 1252.471483018663
21.4950007959269 1254.7828233506943
21.501000795979053 1254.0218132866753
21.507000796031207 1255.4824535228588
21.51300079608336 1259.6881804289642
21.519000796135515 1259.3359397605614
21.52500079618767 1262.3779782895688
21.531000796239823 1263.6453823513455
21.537000796291977 1260.1584574381511
21.54300079634413 1258.375306306062
21.549000796396285 1258.2875128851997
21.555000796448436 1256.4292478208188
21.561000796500593 1257.9610279224537
21.567000796552747 1257.3516438802083
21.5730007966049 1256.171273690683
21.579000796657056 1252.7920871310764
21.58500079670921 1249.6317952473958
21.591000796761364 1248.0802228009259
21.597000796813518 1244.3907741970486
21.603000796865672 1243.4231397840713
21.609000796917826 1242.0598031503182
21.615000796969984 1241.8935117368344
21.621000797022134 1240.5759853786892
21.627000797074288 1238.953465214482
21.633000797126442 1239.081229881004
21.639000797178593 1240.1939674660011
21.64500079723075 1242.862435800058
21.651000797282904 1244.4833272298176
21.65700079733506 1244.9230403193721
21.663000797387213 1247.161686650029
21.669000797439367 1248.714107937283
21.67500079749152 1248.496747052228
21.681000797543675 1252.1340738932292
21.68700079759583 1252.7627179181134
21.693000797647983 1252.0028290925202
21.699000797700137 1255.4871758355034
21.705000797752287 1256.3210765697338
21.711000797804445 1259.8572557237412
21.7170007978566 1260.1212712040654
21.723000797908753 1262.0110744900173
21.729000797960907 1264.6363344545719
21.73500079801306 1264.817544442636
21.741000798065215 1263.0847314905238
21.74700079811737 1264.8306907371239
21.753000798169523 1268.6207252785011
21.759000798221678 1272.1761395489727
21.765000798273835 1278.6170970775463
21.771000798325986 1289.2845255533855
21.77700079837814 1295.9956461588542
21.783000798430294 1303.1313227900753
21.789000798482444 1313.2513812029804
21.795000798534602 1336.074109112775
21.801000798586756 1357.6008741590713
21.80700079863891 1376.0671884042245
21.813000798691064 1391.2223940248844
21.819000798743218 1398.4251426414207
21.825000798795372 1398.79588148329
21.831000798847526 1404.443930166739
21.83700079889968 1406.18019273546
21.843000798951834 1404.153172245732
21.84900079900399 1405.7028141728154
21.85500079905614 1406.0763459382233
21.861000799108297 1399.5878962764034
21.86700079916045 1390.2433528193721
21.873000799212605 1381.7017381456162
21.87900079926476 1365.2342766655815
21.885000799316913 1322.3148679380063
21.891000799369067 1295.6774122450088
21.89700079942122 1282.9564423737702
21.903000799473375 1271.4464337384259
21.90900079952553 1264.313318323206
21.915000799577687 1258.9465964988426
21.921000799629837 1256.8164910210503
21.92700079968199 1254.7528177897136
21.933000799734145 1253.0755038791233
21.939000799786296 1252.1839769151475
21.945000799838454 1250.683900056062
21.951000799890608 1249.5419153284145
21.95700079994276 1255.7280397768375
21.963000799994916 1260.5065171983506
21.96900080004707 1264.1199973777489
21.975000800099224 1271.782656069155
21.981000800151378 1282.3885509349682
21.987000800203532 1295.6811851218895
21.993000800255686 1314.3211884675202
21.99900080030784 1348.498981617115
22.00500080035999 1367.2058478461372
22.01100080041215 1373.6128596553096
22.017000800464302 1375.3222611038773
22.023000800516456 1379.51104510272
22.02900080056861 1380.6871575249565
22.035000800620764 1378.6697026005497
22.04100080067292 1371.0073705602574
22.047000800725073 1365.5364300763165
22.053000800777227 1360.3543249059605
22.05900080082938 1352.2618532534
22.06500080088154 1344.8364958586517
22.07100080093369 1340.4226481119792
22.077000800985843 1327.0692749023438
22.083000801037997 1315.2873659487125
22.08900080109015 1302.609440556279
22.095000801142305 1295.0192385073062
22.10100080119446 1285.6734935619213
22.107000801246613 1274.6421700936776
22.113000801298767 1271.8996525517216
22.11900080135092 1271.5611764413338
22.125000801403075 1271.6827177824798
22.13100080145523 1279.2893450701679
22.137000801507384 1288.0217432092738
22.143000801559538 1290.486994990596
22.14900080161169 1295.0331511320892
22.155000801663842 1300.181640625
22.161000801716 1299.1866681134259
22.167000801768154 1301.2945963541667
22.173000801820308 1300.6553050853588
22.179000801872462 1302.6105810094762
22.185000801924616 1303.467549641927
22.19100080197677 1301.6834468135128
22.197000802028924 1298.6960008409287
22.20300080208108 1296.0811010290074
22.209000802133232 1294.4268866644966
22.21500080218539 1292.4926644784432
22.22100080223754 1294.716724537037
22.227000802289695 1295.4201468008537
22.23300080234185 1293.1230446144386
22.239000802394003 1301.7777585630063
22.245000802446157 1303.8790328414352
22.25100080249831 1308.3787728768807
22.257000802550465 1318.55861070421
22.26300080260262 1327.4114210340713
22.269000802654773 1341.3142044632523
22.275000802706927 1370.4902049877026
22.281000802759085 1440.1886664496528
22.287000802811235 1595.0736897786458
22.29300080286339 1749.9959671585648
22.299000802915543 2024.3481128833912
22.305000802967694 2267.937710232205
22.31100080301985 2365.2578283239295
22.317000803072006 2417.7682065610534
22.32300080312416 2433.3973863389756
22.329000803176314 2438.9083184136284
22.335000803228468 2438.9083184136284
22.34100080328062 2438.1823346173323
22.347000803332776 2427.637891981337
22.35300080338493 2371.9344414605034
22.359000803437084 2302.8728524667245
22.36500080348924 2171.8540265118636
22.371000803541392 2045.2478581181279
22.377000803593546 1912.8386004412616
22.3830008036457 1670.4582304777923
22.389000803697854 1522.4763296621818
22.39500080375001 1410.0300372088398
22.401000803802162 1339.6742915400753
22.407000803854316 1322.632888228805
22.41300080390647 1308.3876184534145
22.419000803958625 1304.840582953559
22.42500080401078 1297.2385513870804
22.431000804062936 1289.169268572772
22.437000804115087 1292.6876085069443
22.44300080416724 1286.3943119755497
22.449000804219395 1280.9677813494648
22.455000804271545 1284.999119511357
22.461000804323703 1277.8246889467594
22.467000804375857 1274.537714075159
22.47300080442801 1278.2507267704716
22.479000804480165 1273.1750951696324
22.48500080453232 1270.3458353678386
22.491000804584473 1270.8509770146122
22.497000804636627 1272.201880560981
22.50300080468878 1268.6338489673756
22.509000804740936 1272.0731167263455
22.515000804793093 1274.652604844835
22.521000804845244 1269.2930591724537
22.527000804897398 1270.4706488715278
22.533000804949552 1270.1187303331162
22.539000805001706 1266.8521581579137
22.54500080505386 1271.3554608380352
22.551000805106014 1274.3126831054688
22.557000805158168 1272.2281765407986
22.563000805210322 1275.870189525463
22.569000805262476 1276.9114798086662
22.57500080531463 1276.3838862666378
22.581000805366788 1278.1001100893375
22.58700080541894 1284.0667114257812
22.593000805471092 1279.5181647406685
22.599000805523247 1286.005642361111
22.605000805575397 1295.5144415961372
22.611000805627555 1292.8315949616608
22.61700080567971 1294.6556532118057
22.623000805731863 1303.8627635814526
22.629000805784017 1297.7254118742767
22.63500080583617 1305.0321553548176
22.641000805888325 1307.6677811234085
22.64700080594048 1306.1139854148582
22.653000805992633 1304.8025399667245
22.659000806044787 1306.162089029948
22.665000806096945 1301.9204587583188
22.671000806149095 1298.352865713614
22.67700080620125 1296.2450256347656
22.683000806253403 1290.814700656467
22.689000806305557 1287.0206570095486
22.69500080635771 1285.6067086678963
22.701000806409866 1281.6942376030815
22.70700080646202 1277.2451748318142
22.713000806514174 1278.096497712312
22.719000806566328 1276.9256218804253
22.725000806618482 1270.2255056875724
22.73100080667064 1274.064363832827
22.73700080672279 1272.353736029731
22.743000806774944 1268.6320879900898
22.749000806827098 1273.950373896846
22.75500080687925 1272.4134216308594
22.761000806931406 1272.5357496473525
22.76700080698356 1269.8135477701824
22.773000807035714 1272.0478843406395
22.77900080708787 1268.5285859284577
22.785000807140023 1268.442775019893
22.791000807192177 1269.8463756419994
22.79700080724433 1264.7494032118057
22.803000807296485 1264.453517207393
22.80900080734864 1267.2154574924045
22.815000807400796 1260.8235575358074
22.821000807452947 1259.0190554018375
22.8270008075051 1261.9097143102574
22.833000807557255 1261.503682454427
22.83900080760941 1258.6760208695023
