m1-67/data/jwst-miri-mrs/wr124-miri-spec-ch1.ecsv
# %ECSV 1.0
# ---
# datatype:
# - {name: Wavelength, unit: micron, datatype: float64}
# - {name: Star, unit: MJy / sr, datatype: float64}
# - {name: Knot A, unit: MJy / sr, datatype: float64}
# - {name: BG A1, unit: MJy / sr, datatype: float64}
# - {name: BG A2, unit: MJy / sr, datatype: float64}
# meta: !!omap
# - __serialized_columns__:
#     BG A1:
#       __class__: astropy.units.quantity.Quantity
#       unit: !astropy.units.Unit {unit: MJy / sr}
#       value: !astropy.table.SerializedColumn {name: BG A1}
#     BG A2:
#       __class__: astropy.units.quantity.Quantity
#       unit: !astropy.units.Unit {unit: MJy / sr}
#       value: !astropy.table.SerializedColumn {name: BG A2}
#     Knot A:
#       __class__: astropy.units.quantity.Quantity
#       unit: !astropy.units.Unit {unit: MJy / sr}
#       value: !astropy.table.SerializedColumn {name: Knot A}
#     Star:
#       __class__: astropy.units.quantity.Quantity
#       unit: !astropy.units.Unit {unit: MJy / sr}
#       value: !astropy.table.SerializedColumn {name: Star}
#     Wavelength:
#       __class__: astropy.coordinates.spectral_coordinate.SpectralCoord
#       unit: !astropy.units.Unit {unit: micron}
#       value: !astropy.table.SerializedColumn {name: Wavelength}
# schema: astropy-2.0
Wavelength Star "Knot A" "BG A1" "BG A2"
[from data line 2808]
7.14680003860849 6519.199409696791 133.72520804405212 59.618904198540584 36.64373319264915
7.147600038588279 6441.153271145291 125.22307687997818 33.62942477464676 50.84538043869866
7.148400038568069 6483.506065792508 137.81084156036377 42.122579477892984 49.7631668249766
7.14920003854786 6494.315830654568 130.7354475259781 43.98908454047309 35.32467527956598
7.150000038527651 6469.571610768636 111.26672506332397 34.891393174065485 53.608770532740486
7.15080003850744 6442.263305240207 117.48902106285095 32.2122903280788 45.64829906158977
7.1516000384872305 6404.076865937975 111.14000305533409 28.272703941663107 25.131701565451092
7.152400038467021 6356.660898208618 116.86730533838272 32.37760961320665 56.50694341129727
7.153200038446811 6371.875034544203 134.19493234157562 41.106384923723006 50.564001348283554
7.154000038426601 6342.087622324626 103.03578126430511 44.73873840967814 39.97808954616388
7.154800038406391 6265.377568562825 104.21983134746552 31.66461935573154 59.37559028466543
7.155600038386182 6233.809639612834 126.09896695613861 40.11672222481833 42.474275290966034
7.156400038365972 6204.689263237848 119.67647667974234 39.05296128061082 46.67621017495791
7.157200038345763 6211.435667885675 108.59721657633781 37.77857280307346 73.4897880686654
7.158000038325553 6238.118012534247 116.16934242844582 47.6238655090332 43.453452327185204
7.158800038305344 6258.549797905816 105.7948616631329 49.66055544747247 48.572540036506126
7.1596000382851335 6285.727970971002 119.18781810998917 42.98544909159342 72.74291054407756
7.160400038264924 6313.506850772434 118.21616065502167 42.66264822218153 46.5359531905916
7.161200038244714 6326.825791041057 114.53831577301025 33.720196171601614 54.52147854699029
7.162000038224505 6333.380777147081 116.20527642965317 41.11494721306695 59.67063658767276
7.162800038204295 6334.9485963185625 119.95767736434937 44.35173501173655 34.56238393982252
7.163600038184085 6365.789896435208 109.42872023582458 35.496129443910384 50.6939029428694
7.164400038163875 6399.095385445489 121.53103613853455 36.42394940588209 46.868093490600586
7.1652000381436665 6390.446282916599 117.8515220284462 34.18146831724379 23.611057129171158
7.166000038123456 6356.358445061578 107.90548230707645 25.010398546854656 43.56212173236741
7.166800038103246 6331.414447784424 118.85292112827301 39.02715311050415 31.61464126076963
7.1676000380830365 6277.647603352864 108.68661135435104 41.292945043163165 18.594552165932125
7.168400038062827 6250.793964809842 98.53159773349762 37.69267888598972 52.39399782816569
7.169200038042617 6238.815877066718 128.6374732851982 46.94032413694594 34.359830015235474
7.1700000380224065 6202.049688127306 119.32311090826988 47.1180490705702 15.909519629346
7.170800038002198 6209.711792204115 101.645911231637 36.33410250345866 58.71549230151706
7.171600037981988 6236.167107052273 114.16987217217684 34.94837035073174 42.257031859933505
7.172400037961778 6236.799473868476 111.59683617949486 28.268857685724893 25.75314388010237
7.173200037941569 6171.553021960788 107.08568750321865 34.427035405900746 51.26726717419095
7.17400003792136 6225.5245240529375 121.24655592441559 40.19212506082323 31.197514280573362
7.174800037901149 6244.398479249742 105.82073944807053 36.847006527582806 25.499202259195346
7.1756000378809395 6305.198138766818 115.13537985086441 40.29327507019043 45.867821176846824
7.17640003786073 6317.9580493503145 136.2010953426361 46.0717457930247 28.967781358295017
7.177200037840521 6327.183938768175 110.44402062892914 44.08197968800862 47.545306361383865
7.17800003782031 6349.750097486708 105.67776870727539 42.68654643164741 48.84155386024051
7.178800037800101 6354.836182488336 126.369264960289 43.86273566351996 18.661431726482178
7.179600037779891 6343.49944029914 120.24572819471359 32.57659545474582 44.34621485736635
7.180400037759682 6293.311399035983 123.0478835105896 35.322450425889755 49.856502736608185
7.181200037739472 6328.4526040818955 118.95967423915863 51.805832899941336 16.882987399895985
7.182000037719262 6322.602998945448 116.17052394151688 35.0466017683347 40.36954241991043
7.182800037699052 6293.335794872708 119.76390755549073 45.5703377034929 43.519117752710976
7.1836000376788425 6229.164511786566 95.64146602153778 35.28031503094567 11.199834720955955
7.184400037658633 6180.846271091037 94.63201975822449 34.187680053710935 48.25353638331095
7.185200037638422 6183.547948413425 106.4790090918541 42.627434041765 41.62469603617986
7.186000037618213 6198.436622619629 98.64930038154125 41.115480211046005 19.515833755334217
7.186800037598004 6208.292684131198 125.72034412622452 35.773971727159285 42.52389802535375
7.187600037577794 6202.086716545953 132.18098831176758 35.29680121209886 33.314843978318905
7.188400037557584 6167.35571691725 117.08598613739014 38.55314246945911 30.466083347797394
7.1892000375373755 6266.5357979668515 113.03919041156769 43.03809892071618 55.64055140813192
7.190000037517165 6289.705154842801 130.77164816856384 56.42937409347958 26.416645634505485
7.190800037496955 6290.920064290364 117.83767378330231 44.322056176927354 22.740551591747337
7.1916000374767455 6352.870772467719 117.88395369052887 40.7881955711378 38.33976972103119
7.192400037456537 6336.940026813083 110.99995493888855 43.81739700105455 29.63699071606
7.193200037436326 6288.104242324829 93.2866216301918 32.35597669813368 43.70157676935196
7.194000037416116 6439.560352113512 110.98529201745987 39.89701622856988 57.329163793060516
7.194800037395907 6434.215763092041 116.55121564865112 43.29642386701372 28.60297765168879
7.195600037375698 6413.963264465332 113.00458016991615 27.27991554207272 41.65510488881005
7.196400037355487 6436.645103030734 111.62509080022573 47.47701310051812 52.27907597356372
7.197200037335278 6423.8460032145185 100.75172563642263 57.45150772730509 16.89250311586592
7.198000037315068 6421.69265683492 115.37478119134903 32.84435887336731 41.357605497042336
7.198800037294858 6391.325945748224 130.80924475193024 46.870662207073636 50.52191711299949
7.1996000372746485 6365.838725407918 114.7688057422638 42.0897024790446 13.614194246629873
7.200400037254438 6388.119193606906 110.13157576322556 26.789284417364332 39.42528153790368
7.201200037234229 6407.222031911214 122.90498262643814 48.093846787346735 34.717538469367554
7.202000037214019 6408.063959333632 104.6136481910944 45.23268968131807 9.841729405853483
7.20280003719381 6454.73359574212 112.32359611988068 38.152994049919975 49.66579158273008
7.2036000371736 6503.038730197482 130.40089017152786 53.50402031872007 37.33244965308242
7.204400037153391 6492.174777984619 117.07698333263397 38.16187808778551 26.67317560977406
7.205200037133181 6460.608674579196 123.12410455942154 24.478419441647 56.54310886065165
7.206000037112971 6459.098378711276 129.40917533636093 52.42471597459581 36.58990659399165
7.206800037092761 6586.678322474162 111.4512043595314 35.56583374871148 30.670561836825478
7.207600037072552 6657.655367533366 113.2658519744873 32.664973729186585 52.39742003215684
7.208400037052342 6658.847336875067 116.49798572063446 37.59649715423584 31.465864015950096
7.209200037032132 6600.4903161790635 108.93981945514679 18.828226855066088 39.607486655314766
7.210000037011922 6612.16693687439 117.23765110969543 29.294720625877382 54.28614162074195
7.210800036991714 6545.9755484263105 126.14881205558777 39.42489186922709 17.67799169404639
7.211600036971503 6492.909486982558 103.60353171825409 16.198980151282417 28.36153689192401
7.212400036951293 6469.074223836263 122.83692491054535 36.54816621012158 37.46289072268539
7.213200036931084 6388.4630569881865 121.54598343372345 50.07682228088379 25.851485771023565
7.214000036910874 6346.095881991916 94.96836149692535 27.583946135309006 38.07240781933069
7.214800036890664 6307.936133914523 114.36573326587677 48.44677838219537 37.96092289023929
7.215600036870454 6239.966433631049 114.6844516992569 39.86570575270388 24.44554900129636
7.216400036850245 6242.521441353692 110.56608092784882 24.444904380374485 50.601893819040725
7.217200036830035 6278.880496554904 125.23654413223267 44.01128940052456 47.88792083743546
7.218000036809825 6247.520942476061 115.4542750120163 32.33078042136298 31.24515761435032
7.218800036789616 6274.488271501329 124.17264407873154 24.93553679784139 53.1166396273507
7.219600036769407 6293.254937701755 124.7260639667511 49.60071476830377 24.440992510707776
7.220400036749196 6278.978307300144 107.86019918322563 39.212524308098686 20.397907124625313
7.221200036728987 6331.848849826389 116.04844105243683 41.639118915134006 50.23054977258047
7.222000036708777 6317.624387741089 111.60368633270264 57.128665606180824 31.629033631748623
7.222800036688568 6293.951413472493 98.82961428910494 46.90196232265896 37.19729968905449
7.2236000366683575 6335.0584464603 113.15688532590866 56.41225831773546 56.678121123048996
7.224400036648148 6314.998988257514 113.67883849143982 62.1459323671129 23.176769689967234
7.225200036627938 6284.024326960246 103.50016963481903 45.02415789498223 38.99292155769136
7.226000036607729 6309.862124549018 119.14056718349457 72.60865186055501 51.66540674699677
7.226800036587519 6265.320227305095 102.90864905714989 87.15316892729865 17.953577597935993
7.227600036567309 6214.687456342909 106.32132053375244 66.00219181908501 38.89783906067411
7.228400036547099 6203.683035532634 121.73010754585266 64.86766549216377 38.20942164864391
7.22920003652689 6188.357732560899 111.30700169503689 52.02894405259026 22.085578315787846
7.23000003650668 6201.448177125719 160.36368024349213 52.8113064871894 36.96026209183037
7.230800036486469 6258.116713841756 144.32107520103455 66.70772969987658 35.34126943680975
7.2316000364662605 6178.346079508464 118.36578822135925 49.20565242767334 35.765174670351875
7.232400036446051 6221.178442637126 119.55794470873661 39.597686216566295 47.658746818701424
7.233200036425841 6253.538130018446 116.59147441387177 53.979224650065106 41.63659233517117
7.234000036405631 6235.384468926324 115.45351982116699 34.38418298297458 39.01271495223045
7.234800036385423 6252.647504170735 125.32183367013931 31.435101495848762 53.16709013779958
7.235600036365212 6197.286726845636 125.19608783721924 40.340265819099216 38.09540925837226
7.236400036345002 6305.619619157579 123.7127480506897 29.87270228068034 40.29651222543584
7.237200036324793 6333.205425050523 125.91450941562653 37.14304572211371 52.0475479165713
7.238000036304584 6326.083908928766 119.22922426462173 34.192942184872095 41.74349521017737
7.238800036284373 6359.788085301717 115.91693764925003 25.404387760162354 46.812865748173664
7.2396000362641635 6365.981371137831 119.10759735107422 43.52129235797458 50.30099532794621
7.240400036243954 6299.580401950412 112.77383200824261 42.871560626559784 34.86852520041995
7.241200036223745 6294.109996583727 113.00794291496277 24.112748817602792 44.95699669586288
7.242000036203534 6304.299849616156 115.99227529764175 45.212318674723306 50.25033016999563
7.242800036183325 6244.297023985121 110.92314994335175 48.372887802124026 28.96390330625905
7.243600036163115 6260.502801471286 113.57877142727375 38.490220599704315 31.597535401582718
7.244400036142905 6259.512301550971 105.27766180038452 40.022723307874465 25.67512760559718
7.245200036122696 6220.240697013007 111.54649251699448 22.473251397742164 24.160428501665592
7.246000036102485 6252.954995897081 124.99774503707886 21.594042449527315 45.279787389768494
7.246800036082276 6237.280515882704 122.01566183567047 36.17752359178331 28.060116483105553
7.2476000360620665 6223.93380800883 113.01763021945953 23.709692366917928 17.100996086994808
7.248400036041857 6263.750525368585 108.59362161159515 26.081718670659594 38.79166398445765
7.249200036021647 6281.7884642283125 100.87244081310928 55.18194372389052 31.225534472200607
7.250000036001438 6298.077012379964 110.48682618886232 26.01302668452263 27.722026884555817
7.250800035981228 6316.554399278429 124.37743467092514 24.775696161058214 35.925431138111485
7.251600035961018 6273.598807017009 108.25969187752344 40.59769453075197 20.04120851887597
7.252400035940808 6301.452716615465 120.1650772690773 33.050024117363826 32.461789237128365
7.2532000359205995 6329.624931759305 123.89683306217194 45.64975963168674 37.01548205481635
7.254000035900389 6348.6565017700195 117.00622600317001 37.16532406277127 28.746454617215527
7.254800035880179 6405.324268976848 117.43469840288162 24.3816854596138 34.97676408953137
7.2556000358599695 6376.55973455641 109.73293346166611 43.605525716145834 30.616492129034466
7.25640003583976 6391.929902818468 108.0193730443716 30.553864442308743 25.466447746588123
7.25720003581955 6383.959183375041 117.06578207015991 24.7016758468416 34.43102653365996
7.2580000357993395 6408.091652128432 116.81825917959213 48.91997951136695 25.663906373911434
7.258800035779131 6414.492866728041 121.39310367405415 30.31363323059949 17.147540006372665
7.259600035758921 6447.971607844035 115.90190637856722 27.947384899312798 32.78277132080661
7.260400035738711 6498.525472640991 96.11882466077805 54.18086131052537 23.24807001484765
7.261200035718501 6536.152208540175 113.79619008302689 23.025641389868476 21.053941800362534
7.262000035698292 6596.654229270087 119.44968372583389 26.06594987755472 42.25324774450726
7.262800035678082 6474.917599572076 118.84148219227791 52.401466543024235 34.91937318113115
7.2636000356578725 6612.116377936469 122.62981843948364 20.561431507495318 34.18609782722261
7.264400035637663 6742.104897605048 117.94154144823551 34.5574719499458 41.98590845531888
7.265200035617454 6767.273906283908 99.55183079838753 41.45506181500175 16.50105443265703
7.266000035597243 6811.807817459106 112.26352801546454 15.332965287295254 20.61140456961261
7.266800035577034 6825.865430619981 111.9598608314991 37.716908584941514 37.75832389626238
7.267600035556824 6838.657370673285 115.76281555742025 35.24722943522713 37.385740495390365
7.268400035536615 6891.290917078654 121.20818954706192 24.2844264913689 50.914722277058495
7.269200035516405 6924.0034876929385 109.89322057366371 38.414567015387796 53.65113193458981
7.270000035496195 6933.718761020236 116.48630148172379 22.377162260088053 47.57320001307461
7.270800035475985 6961.431188583374 125.45499742031097 13.139369989279658 50.107488579220245
7.2716000354557755 6942.674170811971 122.05384689569473 37.844074964523315 36.86261112325721
7.272400035435566 6930.556905534532 119.74977540969849 22.922218700024214 28.193798535399967
7.273200035415355 6927.684968524509 110.92413312196732 22.263259343125604 35.24866848852899
7.274000035395146 6922.319606569078 109.05585873126984 41.29085143316876 41.05592761768235
7.274800035374937 6855.945406172011 120.29264259338379 22.804772688583896 45.200859339700806
7.275600035354727 6828.294044070773 129.64256405830383 32.00190754370256 51.7881383680635
7.276400035334516 6803.782170189752 148.95670413970947 52.63184919140556 31.20159207450019
7.277200035314308 6801.425787607829 128.6116896867752 38.02386601540175 45.28116420242522
7.278000035294098 6777.237242592706 125.28604507446289 35.719291962005876 54.9290685546067
7.278800035273888 6817.69866265191 140.55374789237976 27.79066163301468 33.52591379980246
7.2796000352536785 6927.248529222276 117.87996020913124 25.27154167131944 44.16775041984187
7.28040003523347 6786.222671084934 106.71193927526474 38.87647848779505 43.66115390592151
7.281200035213259 6759.346987406413 119.92980444431305 30.413270235061646 32.687173422839905
7.282000035193049 6756.245170169406 116.68348354101181 28.021957424553957 44.20029946168264
7.28280003517284 6709.335930082533 121.47527241706848 47.099858630787246 48.8623269200325
7.283600035152631 6672.6365797254775 127.09376466274261 33.50069254094904 39.888323847618366
7.28440003513242 6644.167473687066 112.61141759157181 25.19303284450011 44.65953450236056
7.285200035112211 6622.212479909261 132.82639288902283 54.64343719048934 36.9501896061831
