m1-67/data/jwst-miri-mrs/wr124-miri-mrs-ch2-star-full-spectrum.ecsv
# %ECSV 1.0
# ---
# datatype:
# - {name: Wavelength, unit: micron, datatype: float64}
# - {name: Intensity, datatype: float64}
# meta: !!omap
# - __serialized_columns__:
#     Wavelength:
#       __class__: astropy.units.quantity.Quantity
#       unit: !astropy.units.Unit {unit: micron}
#       value: !astropy.table.SerializedColumn {name: Wavelength}
# schema: astropy-2.0
Wavelength Intensity
7.5106502288836055 47172.73095703125
7.5119502288871445 46206.71700032552
7.5132502288906835 44264.56034342448
7.5145502288942225 42237.30411783854
7.5158502288977616 39848.71834309896
7.517150228901301 37306.12736002604
7.51845022890484 34031.594482421875
7.519750228908379 30376.770141601562
7.521050228911918 27125.84981282552
7.522350228915457 24214.113911946613
7.523650228918996 21806.007548014324
7.524950228922535 19915.144653320312
7.526250228926074 18683.90838623047
7.527550228929613 17906.128682454426
7.528850228933152 17343.084920247395
7.530150228936691 17067.586547851562
7.53145022894023 16809.412740071613
7.532750228943769 16749.0854695638
7.534050228947308 16649.669576009113
7.535350228950847 16518.94549560547
7.536650228954386 16480.81766764323
7.537950228957925 16398.694295247395
7.539250228961464 16352.396748860678
7.540550228965003 16328.366617838541
7.541850228968542 16272.08827718099
7.543150228972081 16225.758646647135
7.54445022897562 16167.811869303385
7.545750228979159 16106.565938313803
7.547050228982698 16013.285827636719
7.548350228986237 16004.161641438803
7.549650228989776 15957.781209309896
7.550950228993315 15940.293375651041
7.552250228996854 15923.203043619791
7.553550229000393 15902.803507486979
7.554850229003932 15882.346862792969
7.556150229007471 15879.658894856771
7.55745022901101 15855.923400878906
7.558750229014549 15826.095072428385
7.560050229018088 15814.122233072916
7.5613502290216275 15826.054321289062
7.5626502290251665 15796.224914550781
7.5639502290287055 15811.783142089844
7.5652502290322445 15776.090393066406
7.566550229035784 15786.01552327474
7.567850229039323 15772.075744628906
7.569150229042862 15766.228698730469
7.570450229046401 15813.859598795572
7.57175022904994 15838.551452636719
7.573050229053479 15876.926411946615
7.574350229057018 15925.693562825521
7.575650229060557 15997.560587565104
7.576950229064096 16048.027994791666
7.578250229067635 16119.407491048178
7.579550229071174 16148.317993164062
7.580850229074713 16195.071146647135
7.582150229078252 16244.133178710938
7.583450229081791 16218.71250406901
7.58475022908533 16212.473897298178
7.586050229088869 16241.180114746094
7.587350229092408 16281.094909667969
7.588650229095947 16313.899088541666
7.589950229099486 16328.520100911459
7.591250229103025 16336.64687093099
7.592550229106564 16331.831034342447
7.593850229110103 16304.531534830729
7.595150229113642 16264.044413248697
7.596450229117181 16212.353108723959
7.59775022912072 16162.432332356771
7.599050229124259 16026.114929199219
7.600350229127798 15931.375935872396
7.601650229131337 15845.342508951822
7.602950229134876 15775.5615234375
7.604250229138415 15717.900268554688
7.605550229141954 15654.047424316406
7.606850229145493 15617.837707519531
7.608150229149032 15572.239908854166
7.609450229152571 15525.027201334635
7.61075022915611 15487.020548502604
7.6120502291596495 15440.74696858724
7.6133502291631885 15369.141438802084
7.6146502291667275 15319.014892578125
7.6159502291702665 15249.135457356771
7.617250229173806 15197.920939127604
7.618550229177345 15163.304484049479
7.619850229180884 15153.35986328125
7.621150229184423 15153.662821451822
7.622450229187962 15141.989888509115
7.623750229191501 15152.143636067709
7.62505022919504 15210.982767740885
7.626350229198579 15192.944559733072
7.627650229202118 15197.570536295572
7.628950229205657 15184.065490722656
7.630250229209196 15135.648986816406
7.631550229212735 15133.619201660156
7.632850229216275 15106.354410807291
7.634150229219813 15075.291320800781
7.635450229223351 15089.544555664062
7.636750229226892 15097.93906656901
7.63805022923043 15094.279927571615
7.63935022923397 15117.616536458334
7.640650229237508 15166.963663736979
7.641950229241046 15230.753601074219
7.643250229244587 15280.634623209635
7.644550229248125 15310.591735839844
7.645850229251663 15352.521667480469
7.647150229255203 15353.919189453125
7.648450229258742 15329.160481770834
7.649750229262282 15353.128540039062
7.65105022926582 15382.672383626303
7.652350229269358 15414.541585286459
7.653650229272898 15453.93251546224
7.654950229276437 15534.634073893229
7.656250229279977 15643.497151692709
7.657550229283515 15709.103271484375
7.6588502292870535 15768.482421875
7.660150229290593 15818.765218098959
7.661450229294132 15842.502075195312
7.662750229297671 15849.081380208334
7.6640502293012105 15855.135314941406
7.665350229304749 15846.299967447916
7.666650229308289 15818.198262532553
7.667950229311828 15775.459330240885
7.669250229315366 15701.654154459635
7.670550229318906 15675.218404134115
7.671850229322445 15681.918029785156
7.673150229325985 15711.56005859375
7.674450229329523 15725.257344563803
7.675750229333061 15714.977681477865
7.677050229336601 15700.287536621094
7.67835022934014 15638.253295898438
7.67965022934368 15584.485697428385
7.680950229347218 15537.290852864584
7.682250229350756 15503.781005859375
7.683550229354296 15415.794799804688
7.684850229357835 15371.013041178385
7.686150229361375 15308.045552571615
7.687450229364913 15254.823160807291
7.688750229368451 15247.067220052084
7.690050229371992 15233.097493489584
7.69135022937553 15219.18896484375
7.692650229379068 15217.5263671875
7.693950229382608 15230.041056315104
7.695250229386147 15229.906778971354
7.696550229389687 15213.525044759115
7.697850229393225 15204.40810139974
7.699150229396763 15189.869160970053
7.700450229400303 15158.646301269531
7.701750229403842 15113.543863932291
7.703050229407382 15081.769002278646
7.70435022941092 15050.50205485026
7.705650229414458 15032.444905598959
7.706950229417998 15045.220520019531
7.708250229421537 15103.853983561197
7.7095502294250755 15112.272094726562
7.710850229428615 15132.686767578125
7.712150229432154 15167.17909749349
7.713450229435694 15180.81386311849
7.7147502294392325 15184.452779134115
7.716050229442771 15158.23887125651
7.7173502294463105 15105.509012858072
7.718650229449849 15091.379414876303
7.7199502294533895 15051.08457438151
7.721250229456928 15025.653767903646
7.722550229460466 15025.356730143229
7.723850229464006 15016.088887532553
7.725150229467545 15016.145487467447
7.726450229471085 15027.885457356771
7.727750229474623 15063.953348795572
7.729050229478161 15070.894368489584
7.730350229481701 15082.231750488281
7.73165022948524 15098.026875813803
7.73295022948878 15084.220642089844
7.734250229492318 15057.664672851562
7.735550229495856 15025.903137207031
7.736850229499397 14993.830688476562
7.738150229502935 14961.2470703125
7.739450229506473 14935.525248209635
7.740750229510013 14935.851603190104
7.742050229513551 14938.054484049479
7.743350229517092 14973.205708821615
7.74465022952063 15008.425903320312
7.745950229524168 15033.574137369791
7.747250229527708 15069.736653645834
7.748550229531247 15079.601257324219
7.749850229534787 15066.904134114584
7.751150229538325 15070.191955566406
7.752450229541863 15031.198445638021
7.753750229545403 15056.230387369791
7.755050229548942 15078.832173665365
7.75635022955248 15120.303344726562
7.75765022955602 15137.872111002604
7.7589502295595585 15227.656697591146
7.760250229563099 15272.302693684896
7.761550229566637 15361.966349283854
7.762850229570176 15481.742228190104
7.7641502295737155 15552.971516927084
7.765450229577254 15624.29335530599
7.766750229580794 15741.946431477865
7.7680502295843326 15876.762674967447
7.769350229587871 16008.559346516928
7.770650229591411 16242.861775716146
7.77195022959495 16405.468627929688
7.7732502295984895 16560.5278523763
7.774550229602028 16669.0405069987
7.775850229605566 16756.27294921875
7.777150229609106 16847.20302327474
7.778450229612645 16890.736165364582
7.779750229616185 16928.225056966145
7.781050229619723 16979.282633463543
7.782350229623261 16990.831888834637
7.783650229626801 16990.831888834637
7.78495022963034 16990.831888834637
7.786250229633878 16990.673075358074
7.787550229637418 16908.67999267578
7.788850229640956 16821.878743489582
7.790150229644497 16685.602986653645
7.791450229648035 16598.936299641926
7.792750229651573 16507.701985677082
7.794050229655113 16468.761311848957
7.795350229658652 16345.020202636719
7.796650229662192 16259.191202799479
7.79795022966573 16125.86669921875
7.799250229669268 16004.569274902344
7.800550229672808 15881.88612874349
7.801850229676347 15782.542399088541
7.803150229679885 15657.248942057291
7.804450229683425 15583.250203450521
7.805750229686963 15521.149739583334
7.807050229690503 15477.828592936197
7.808350229694042 15435.099304199219
7.8096502296975805 15374.859049479166
7.81095022970112 15306.023193359375
7.8122502297046585 15233.115702311197
7.813550229708199 15212.633931477865
7.8148502297117375 15220.738972981771
7.816150229715276 15248.9716796875
7.8174502297188155 15265.220275878906
7.818750229722355 15256.681701660156
7.8200502297258945 15280.913594563803
7.821350229729433 15268.352335611979
7.822650229732971 15273.70664469401
7.823950229736511 15249.365051269531
7.82525022974005 15263.570536295572
7.82655022974359 15290.125
7.827850229747128 15303.815165201822
7.829150229750666 15357.296610514322
7.830450229754206 15378.412841796875
7.831750229757745 15405.695841471354
7.833050229761283 15506.031005859375
7.834350229764823 15582.726318359375
7.835650229768361 15622.193766276041
7.836950229771902 15671.657023111979
7.83825022977544 15703.969441731771
7.839550229778978 15771.78281656901
7.840850229782518 15772.101013183594
7.842150229786056 15797.838317871094
7.843450229789597 15793.427876790365
7.844750229793135 15775.532999674479
7.846050229796673 15765.880777994791
7.847350229800213 15750.231872558594
7.848650229803752 15743.106913248697
7.84995022980729 15746.693237304688
7.85125022981083 15756.818990071615
7.852550229814368 15753.111328125
7.853850229817908 15705.722473144531
7.855150229821447 15649.477213541666
7.856450229824985 15594.450907389322
7.857750229828525 15500.46152750651
7.8590502298320635 15387.084309895834
7.860350229835604 15334.674194335938
7.861650229839142 15312.265848795572
7.8629502298426805 15220.871154785156
7.8642502298462205 15164.657185872396
7.865550229849759 15136.867818196615
7.866850229853299 15115.563700358072
7.8681502298568375 15108.171366373697
7.869450229860376 15048.847513834635
7.870750229863916 15035.72119140625
7.872050229867455 15029.334065755209
7.8733502298709945 15015.196919759115
7.874650229874533 15000.016825358072
7.875950229878071 14988.992390950521
7.877250229881611 14960.292134602865
7.87855022988515 14948.522257486979
7.879850229888688 14947.153340657553
7.881150229892228 14941.542012532553
7.882450229895766 14955.407592773438
7.883750229899307 14967.84531656901
7.885050229902845 15014.280293782553
7.886350229906383 15043.117472330729
7.887650229909923 15066.320495605469
7.888950229913461 15084.388732910156
7.890250229917002 15104.16650390625
7.89155022992054 15093.319620768229
7.892850229924078 15065.150329589844
7.894150229927618 15038.817728678385
7.895450229931157 14980.694559733072
7.896750229934695 14954.551574707031
7.898050229938235 14924.992614746094
7.899350229941773 14908.037089029947
7.900650229945313 14860.647257486979
7.901950229948852 14865.127624511719
7.90325022995239 14855.635172526041
7.90455022995593 14869.278686523438
7.905850229959468 14889.905110677084
7.907150229963008 14894.492045084635
7.908450229966547 14888.757507324219
7.9097502299700855 14852.519409179688
7.911050229973625 14835.566589355469
7.9123502299771635 14788.407104492188
7.913650229980704 14724.299235026041
7.9149502299842425 14702.842732747396
7.916250229987781 14688.032307942709
7.9175502299913205 14687.080403645834
7.9188502299948595 14684.288391113281
7.9201502299983995 14702.61962890625
7.921450230001938 14719.576171875
7.922750230005476 14750.421183268229
7.924050230009016 14765.227355957031
7.925350230012555 14797.267293294271
7.926650230016093 14835.686014811197
7.927950230019633 14832.027893066406
7.929250230023171 14817.290384928385
7.930550230026711 14813.384460449219
7.93185023003025 14778.722188313803
7.933150230033788 14766.323750813803
7.934450230037328 14748.660664876303
7.935750230040866 14724.048950195312
7.937050230044407 14722.623881022135
7.938350230047945 14747.760274251303
7.939650230051483 14799.199279785156
7.940950230055023 14807.664388020834
7.942250230058562 14816.756917317709
7.9435502300621 14843.692728678385
7.94485023006564 14849.100301106771
7.946150230069178 14846.308817545572
7.947450230072718 14839.972961425781
7.948750230076257 14800.373616536459
7.950050230079795 14788.697428385416
7.951350230083335 14768.47607421875
7.952650230086873 14721.814961751303
7.953950230090413 14700.40663655599
7.955250230093952 14661.234090169271
7.95655023009749 14674.847005208334
7.95785023010103 14705.590087890625
7.9591502301045685 14735.146993001303
7.960450230108109 14737.304850260416
7.961750230111647 14759.23740641276
7.9630502301151855 14759.684692382812
7.9643502301187254 14751.340352376303
7.965650230122264 14730.432047526041
7.966950230125804 14692.466145833334
7.9682502301293425 14684.020670572916
7.969550230132881 14670.112060546875
7.970850230136421 14631.722513834635
7.97215023013996 14582.127461751303
7.973450230143498 14583.107503255209
7.974750230147038 14603.334554036459
7.976050230150576 14614.467997233072
7.977350230154116 14615.815083821615
7.978650230157655 14638.289835611979
7.979950230161193 14655.908487955729
7.981250230164733 14638.071207682291
7.982550230168271 14641.982360839844
7.983850230171812 14633.804321289062
7.98515023017535 14613.782938639322
7.986450230178888 14603.451232910156
7.987750230182428 14580.819112141928
7.989050230185966 14541.316243489584
7.990350230189505 14526.845499674479
7.991650230193045 14511.383728027344
7.992950230196583 14480.592163085938
7.994250230200123 14509.03407796224
7.995550230203662 14526.00644938151
7.9968502302072 14537.983479817709
7.99815023021074 14536.328247070312
7.999450230214278 14542.43251546224
8.000750230217818 14572.269897460938
8.002050230221357 14569.260559082031
8.003350230224894 14545.398803710938
8.004650230228435 14551.70517985026
8.005950230231974 14544.12245686849
8.007250230235513 14514.981241861979
8.008550230239052 14494.297098795572
8.009850230242591 14467.74989827474
8.01115023024613 14459.011494954428
8.01245023024967 14479.42783610026
8.013750230253208 14498.380818684896
8.015050230256747 14528.589599609375
8.016350230260286 14535.298990885416
8.017650230263826 14550.336730957031
8.018950230267365 14563.291951497396
8.020250230270902 14569.298767089844
8.021550230274443 14565.588012695312
8.022850230277982 14546.845865885416
8.02415023028152 14551.48095703125
8.02545023028506 14551.26845296224
8.026750230288597 14523.996520996094
8.028050230292138 14506.134887695312
8.029350230295677 14499.356852213541
8.030650230299216 14477.758646647135
8.031950230302755 14506.136250813803
8.033250230306294 14537.858174641928
8.034550230309833 14550.186686197916
8.035850230313372 14539.026936848959
8.03715023031691 14555.701578776041
8.03845023032045 14575.845520019531
8.039750230323989 14566.956848144531
8.041050230327528 14560.227681477865
8.042350230331067 14575.698547363281
8.043650230334604 14576.186360677084
8.044950230338145 14558.80810546875
8.046250230341684 14546.795756022135
8.047550230345223 14527.823364257812
8.048850230348762 14545.050211588541
8.0501502303523 14569.784505208334
8.05145023035584 14580.92148844401
8.05275023035938 14590.135660807291
8.054050230362918 14584.376912434896
8.055350230366457 14608.338317871094
8.056650230369995 14612.677286783854
8.057950230373535 14611.826822916666
8.059250230377074 14595.796264648438
8.060550230380613 14570.602416992188
8.061850230384152 14536.463358561197
8.063150230387691 14525.273417154947
8.06445023039123 14477.879028320312
8.06575023039477 14459.810668945312
8.067050230398307 14446.634033203125
8.068350230401848 14437.148966471354
8.069650230405387 14410.135335286459
8.070950230408926 14414.995951334635
8.072250230412465 14424.399047851562
8.073550230416002 14423.847106933594
8.074850230419543 14425.047810872396
