m1-67/data/jwst-miri-mrs/wr124-miri-spec-ch3.ecsv
# %ECSV 1.0
# ---
# datatype:
# - {name: Wavelength, unit: micron, datatype: float64}
# - {name: Star, unit: MJy / sr, datatype: float64}
# - {name: Knot A, unit: MJy / sr, datatype: float64}
# - {name: BG A1, unit: MJy / sr, datatype: float64}
# - {name: BG A2, unit: MJy / sr, datatype: float64}
# meta: !!omap
# - __serialized_columns__:
#     BG A1:
#       __class__: astropy.units.quantity.Quantity
#       unit: !astropy.units.Unit {unit: MJy / sr}
#       value: !astropy.table.SerializedColumn {name: BG A1}
#     BG A2:
#       __class__: astropy.units.quantity.Quantity
#       unit: !astropy.units.Unit {unit: MJy / sr}
#       value: !astropy.table.SerializedColumn {name: BG A2}
#     Knot A:
#       __class__: astropy.units.quantity.Quantity
#       unit: !astropy.units.Unit {unit: MJy / sr}
#       value: !astropy.table.SerializedColumn {name: Knot A}
#     Star:
#       __class__: astropy.units.quantity.Quantity
#       unit: !astropy.units.Unit {unit: MJy / sr}
#       value: !astropy.table.SerializedColumn {name: Star}
#     Wavelength:
#       __class__: astropy.coordinates.spectral_coordinate.SpectralCoord
#       unit: !astropy.units.Unit {unit: micron}
#       value: !astropy.table.SerializedColumn {name: Wavelength}
# schema: astropy-2.0
Wavelength Star "Knot A" "BG A1" "BG A2"
11.551250190706922 3754.502719455295 102.1210765838623 58.62927860683865 81.47138659159343
11.553750190651042 3747.2472093370225 101.90376981099446 58.92556126912435 80.90851614210341
11.556250190595165 3721.634309556749 98.93522135416667 56.99460220336914 80.24240726894803
11.558750190539284 3636.7682376437715 96.59896659851074 54.60294638739692 84.16039975484212
11.561250190483406 3597.7830657958984 98.33573532104492 52.703648249308266 79.53019841512044
11.563750190427525 3525.6210089789497 98.93142382303874 52.68819342719184 77.62109035915799
11.566250190371646 3450.9010230170356 95.92373593648274 51.97804599338107 79.56916321648492
11.568750190315766 3401.833234998915 93.19428698221843 53.875304539998375 77.83479097154405
11.571250190259887 3342.0652821858725 96.63183212280273 53.55387836032443 83.50656933254666
11.57375019020401 3313.549584282769 97.78874333699544 52.090566635131836 78.95262845357259
11.576250190148128 3267.3875851101348 95.0482832590739 57.10420438978407 77.28026050991483
11.57875019009225 3236.5914866129556 94.46320152282715 55.08292007446289 75.38042640686035
11.58125019003637 3224.1675804985894 96.45834477742513 57.44969622294108 75.51571570502387
11.58375018998049 3189.6092868381074 93.02550888061523 60.18243747287326 75.25089581807454
11.586250189924613 3194.825678507487 92.12830861409505 56.39644198947482 74.08772256639269
11.588750189868732 3174.6195407443574 93.00463167826335 60.343777338663735 76.75356165568034
11.591250189812854 3175.806074354384 93.82196235656738 55.74728647867838 71.00463973151312
11.593750189756973 3166.673907809787 93.70519002278645 56.28214751349555 74.72991116841634
11.596250189701093 3197.9342736138237 91.55983861287434 58.26393021477593 74.2588645087348
11.598750189645214 3169.121610853407 92.88678550720215 56.23667907714844 73.59166759914822
11.601250189589335 3205.625968085395 95.79604657491048 56.72222709655762 73.06765259636774
11.603750189533457 3184.568554348416 92.13885434468587 53.200089348687065 77.44286643134222
11.606250189477576 3208.0882720947266 89.82021967569987 58.987918853759766 78.36204295688205
11.608750189421698 3212.6105211046006 91.13356399536133 54.2130978902181 76.01161151462131
11.611250189365817 3217.931601630317 93.01013310750325 54.59302647908529 79.7997678120931
11.613750189309938 3219.4095747205947 91.96906852722168 47.59501605563693 78.30785920884874
11.61625018925406 3224.318849351671 91.27175712585449 54.217779795328774 79.36904928419325
11.61875018919818 3196.1777140299478 92.49218877156575 54.68459955851237 76.15205319722493
11.621250189142302 3208.0519036187065 92.03326670328777 55.714271545410156 76.92630746629503
11.62375018908642 3176.202587551541 91.65602493286133 58.70925437079536 81.72061220804851
11.626250189030541 3157.6147104899087 92.77583122253418 59.467627419365776 79.32840580410428
11.628750188974662 3159.0692019992402 91.02246602376302 58.90819528367784 81.23329798380534
11.631250188918782 3186.911154852973 89.58193079630534 62.02958742777506 78.39067755805121
11.633750188862905 3146.0566524929473 91.46343930562337 59.95876545376248 78.89106051127116
11.636250188807024 3163.969884236654 89.41614850362141 61.554403728908966 77.40684424506293
11.638750188751146 3143.873331705729 90.34694862365723 59.81379614935981 76.81160587734647
11.641250188695265 3175.3028191460503 90.44049135843913 61.41375499301486 76.52232466803656
11.643750188639386 3160.0979597303603 90.74808120727539 63.146117740207245 78.00984170701769
11.646250188583508 3167.4820844862197 89.52657763163249 61.18868043687608 74.84229977925618
11.648750188527627 3171.010174221463 90.60980542500813 56.64553790622287 75.64956771002875
11.65125018847175 3184.982838948568 87.5176575978597 57.1178650326199 77.88965098063152
11.653750188415868 3219.258845011393 89.49011039733887 55.90106709798177 78.85311359829373
11.656250188359989 3227.094450208876 90.1115608215332 57.78304672241211 80.59981430901422
11.65875018830411 3212.0460917154946 90.29373232523601 57.70077429877387 81.29920217725966
11.66125018824823 3225.038096110026 87.92871157328288 60.61161210801866 76.20887586805556
11.663750188192353 3319.984783596463 89.06447347005208 57.633491939968536 79.24100685119629
11.666250188136472 3229.118172539605 87.33294932047527 60.40686437818739 78.92810376485188
11.668750188080594 3192.1258629692925 89.26966794331868 61.27552477518717 79.1644418504503
11.671250188024713 3207.734144422743 89.56225395202637 57.037552727593315 80.89154264662001
11.673750187968833 3194.3399980333115 87.91592407226562 61.320518493652344 80.44221708509657
11.676250187912956 3175.024870130751 89.08605829874675 64.24581506517198 82.31046803792317
11.678750187857075 3184.958262125651 89.69985262552898 63.2011587354872 81.9831723107232
11.681250187801197 3158.622568766276 89.33393796284993 80.4910659790039 81.16290050082736
11.683750187745316 3153.4786851671006 89.82644271850586 62.10027843051486 78.89457617865668
11.686250187689437 3170.155010647244 88.27777735392253 60.28326839870877 76.68012131585016
11.688750187633559 3155.880616929796 89.83086585998535 60.208213594224716 76.89845127529568
11.691250187577678 3161.7344563802085 88.15825907389323 61.4966843922933 80.29746055603027
11.6937501875218 3163.3003777398003 90.06905110677083 63.964997821384 78.81775665283203
11.69625018746592 3186.429529825846 86.55477905273438 55.68717596266005 78.13272200690375
11.69875018741004 3169.0025007459853 85.76212882995605 57.38609165615506 76.51569896274142
11.70125018735416 3224.2845560709634 85.20097478230794 58.49407513936361 79.30347061157227
11.703750187298281 3239.299750434028 87.50677871704102 56.92348861694336 77.6590576171875
11.706250187242404 3270.62062242296 88.83697128295898 58.91316223144531 82.37633005777995
11.708750187186522 3318.104058159722 89.46611595153809 61.79789182874892 80.51492012871637
11.711250187130645 3355.759475708008 90.47845204671223 61.84703106350369 80.98965284559462
11.713750187074764 3339.167668660482 89.30598704020183 62.31810506184896 78.14687220255534
11.716250187018884 3331.2894914415147 90.51453844706218 65.1626745859782 80.47366163465712
11.718750186963007 3312.696729871962 89.91971906026204 65.31398921542697 79.95180490281847
11.721250186907126 3287.3380669487847 88.69484901428223 66.28252177768283 79.36110666063097
11.723750186851248 3204.086212158203 88.09264755249023 63.03133900960287 78.35827594333225
11.726250186795367 3156.5405883789062 88.28938420613606 59.374054590861 77.96244388156467
11.728750186739488 3252.8173251681856 90.35838635762532 67.46050813462999 82.43161922030978
11.731250186683608 3262.78295050727 90.42836380004883 67.23742908901639 78.70880338880751
11.733750186627729 3294.7098405626084 91.19670295715332 63.5358452267117 82.16459634568956
11.736250186571851 3281.4698825412324 89.13119761149089 66.12562582227919 82.49339061313205
11.73875018651597 3262.6287892659507 89.80820973714192 64.8502426147461 83.94902017381456
11.741250186460093 3276.0313822428384 90.06029955546062 65.21960809495714 79.66842291090224
11.743750186404212 3272.0076785617402 88.68107159932454 60.34076033698188 77.213868882921
11.746250186348332 3306.2418195936416 89.92807451883952 63.639452616373696 80.93783272637262
11.748750186292455 3322.4412044949004 90.22541109720866 59.684975941975914 81.53841590881348
11.751250186236573 3310.751283433702 90.4008305867513 61.929172092013886 84.16785494486491
11.753750186180696 3331.645462036133 90.74495188395183 63.282378090752495 81.62293561299641
11.756250186124815 3317.749025132921 90.57281748453777 63.21521144443088 78.24535327487521
11.758750186068935 3285.1396280924478 90.2522481282552 64.3161383734809 79.76132180955675
11.761250186013056 3261.873096042209 88.68989372253418 64.10536087883844 76.80502043830023
11.763750185957177 3267.6908196343315 90.95465405782063 64.43175167507596 84.0857048034668
11.7662501859013 3242.1529286702475 87.57211303710938 67.22077348497179 77.36754756503635
11.768750185845418 3265.192152235243 87.76740074157715 71.85369152492947 77.78770425584581
11.77125018578954 3250.6216261121963 88.35664494832356 73.24938286675348 79.74226379394531
11.77375018573366 3296.1891038682725 89.42079035441081 73.02264785766602 80.67627143859863
11.77625018567778 3291.8404591878257 89.89208221435547 70.35309261745877 81.16306453280978
11.778750185621902 3285.0957539876304 88.5926513671875 75.43386925591363 80.36899142795139
11.781250185566021 3323.2849561903213 89.13818486531575 73.06286833021376 78.86403210957845
11.783750185510144 3310.5830434163413 89.95212872823079 74.08762698703342 79.82788997226291
11.786250185454263 3314.584979587131 87.65755716959636 73.20829518636067 76.19903818766277
11.788750185398383 3316.067633734809 87.3492660522461 69.80867788526747 77.72224065992567
11.791250185342504 3331.5173780653213 88.37037658691406 67.87779172261556 77.76764827304416
11.793750185286624 3332.3892296685112 89.98706245422363 69.4261228773329 79.15976524353027
11.796250185230747 3315.260576036241 91.96324157714844 68.13390138414171 83.54051695929633
11.798750185174866 3321.8752237955728 95.9391638437907 71.7703742980957 85.32148382398817
11.801250185118988 3357.9299909803603 93.26325035095215 67.88267665439182 81.85106468200684
11.803750185063107 3375.30807156033 91.50827980041504 66.24496142069499 83.20712894863553
11.806250185007228 3359.8992055257163 93.79601542154948 69.48296356201172 81.30135133531358
11.80875018495135 3351.6634233262803 91.50126838684082 70.14507548014323 82.80948532952203
11.811250184895469 3339.1341501871743 91.23725573221843 70.00797441270616 85.95546404520671
11.813750184839591 3303.681491427951 90.28035990397136 73.023499806722 80.9890554216173
11.81625018478371 3249.9054158528647 90.61715443929036 73.52931679619684 80.98424106174045
11.818750184727831 3240.240210639106 91.76457405090332 74.83192994859483 78.7648696899414
11.821250184671953 3209.327975802951 92.6696325937907 72.37658776177301 78.84686512417264
11.823750184616072 3196.0118221706816 92.42475191752116 74.13778559366862 82.23694674173991
11.826250184560195 3173.045447455512 90.20309766133626 73.94701300726996 82.38800324334039
11.828750184504313 3157.2276679144966 90.27654838562012 73.97814432779948 84.05626508924696
11.831250184448434 3156.0927073160806 87.63518969217937 76.29647657606337 82.10400327046712
11.833750184392555 3165.254787868924 89.40758895874023 75.4795405069987 79.15312682257758
11.836250184336675 3141.3641289605034 88.1603406270345 70.65686649746365 78.16059811909993
11.838750184280798 3130.085040622287 89.1472880045573 71.37610541449652 81.79630788167317
11.841250184224917 3139.503412882487 91.07163874308269 67.8130840725369 78.25352244906955
11.84375018416904 3163.5369873046875 87.84391403198242 65.03737555609808 77.69739765591092
11.846250184113158 3155.843473646376 91.76904741923015 65.70167944166396 80.22105153401692
11.848750184057279 3162.207761976454 88.4806734720866 67.1067312028673 80.71328608194987
11.851250184001401 3169.867445203993 90.28286679585774 67.65405972798665 78.06639120313856
11.85375018394552 3160.9727681477866 88.83483123779297 64.19255235460069 76.01467683580186
11.856250183889642 3172.7532246907554 90.31418863932292 68.45178985595703 78.61470222473145
11.858750183833761 3134.3326331244575 90.20728174845378 69.48006629943848 77.18315124511719
11.861250183777882 3137.3711208767363 90.26492563883464 73.87179395887587 74.85709635416667
11.863750183722003 3131.9229397243926 89.25906753540039 68.11724959479437 73.40645684136285
11.866250183666123 3150.3394521077475 89.42318725585938 70.71637747022841 77.99741999308269
11.868750183610246 3191.202623155382 92.7874018351237 73.94679175482855 82.8077375623915
11.871250183554364 3172.9461500379775 91.97778574625652 74.02840211656358 81.67491658528645
11.873750183498487 3024.7364010281035 90.5087890625 73.85229449801975 82.21610408359103
11.876250183442606 3183.4635314941406 91.68852806091309 70.7888921101888 79.96690622965495
11.878750183386726 3191.775882297092 89.90225601196289 72.75683169894748 78.47297181023492
11.881250183330849 3181.182208591037 91.35998471577962 72.67392815483942 78.18892033894856
11.883750183274968 3185.0437842475044 93.17593002319336 75.50813802083333 79.73477617899577
11.88625018321909 3201.9394412570527 91.5371659596761 73.33521143595378 81.00160916646321
11.888750183163209 3196.0535261366103 93.10732905069987 71.58404795328777 79.04005029466417
11.89125018310733 3227.2014821370444 93.6536153157552 71.5807310740153 79.37954054938422
11.89375018305145 3220.0780232747397 95.23050435384114 72.78837458292644 81.02449586656358
11.896250182995571 3220.7955610487197 95.81911150614421 75.34596421983507 78.33672820197211
11.898750182939693 3232.2813958062065 94.40777524312337 72.95600721571181 79.65009329054091
11.901250182883812 3233.836244371202 92.4077657063802 72.24952570597331 79.27083863152399
11.903750182827935 3241.5950724283853 92.78635851542155 74.49259863959418 81.48199272155762
11.906250182772053 3231.8299747043184 93.64941724141438 73.46869617038303 82.27928098042806
11.908750182716174 3230.742345174154 94.66024208068848 71.04297065734863 79.49007034301758
11.911250182660297 3217.8998175726997 92.00741513570149 73.75112554762099 77.85916095309787
11.913750182604415 3233.4722900390625 92.0972785949707 74.32668685913086 76.804751502143
11.916250182548538 3207.7096591525606 94.2096004486084 73.24317508273654 79.94855541653104
11.918750182492657 3199.0399356418184 94.7497132619222 73.624601787991 75.27554003397624
11.921250182436777 3182.417707655165 94.33225949605306 71.11613337198894 77.46471362643771
11.923750182380898 3137.6418185763887 94.23996225992839 73.9387435913086 75.77505577935113
11.926250182325019 3145.167070176866 92.56296157836914 75.46945063273112 76.79118092854817
11.928750182269141 3150.1675075954863 94.39151509602864 74.65486907958984 76.78608067830403
11.93125018221326 3148.9322221544053 96.32915051778157 72.49375512864854 73.75099733140733
11.93375018215738 3147.4573415120444 92.61176935831706 68.82010290357802 76.95595826043024
11.936250182101501 3158.9669002956816 91.85048039754231 68.25446213616266 78.88756900363498
11.938750182045622 3174.1171366373696 96.62128766377766 74.44153128729926 82.33416557312012
11.941250181989744 3179.224782307943 97.13952445983887 72.41555341084798 82.50186920166016
11.943750181933863 3185.9261966281465 96.45559692382812 70.94023323059082 77.70110109117296
11.946250181877986 3270.228264702691 94.14174016316731 69.59619776407878 78.54658508300781
11.948750181822104 3228.2770114474824 96.20570182800293 70.90712271796332 77.16541777716742
11.951250181766225 3227.3658430311416 97.19989204406738 76.80765046013727 81.57439041137695
11.953750181710346 3226.492394341363 94.34626388549805 73.01591152615018 78.9054652320014
11.956250181654466 3228.8538886176216 96.81339454650879 74.65008799235027 77.89644855923123
11.958750181598589 3218.335218641493 97.84327761332194 74.8178342183431 78.78697268168132
11.961250181542708 3224.878160264757 94.2633622487386 74.72479650709364 76.4514840443929
11.963750181486828 3192.4371320936416 99.28972434997559 77.62921630011664 77.28811242845323
11.966250181430949 3189.2035403781465 96.58372751871745 75.7836405436198 77.71868684556749
11.96875018137507 3189.5371754964194 98.23408508300781 68.43929290771484 79.0131369696723
11.971250181319192 3231.763910929362 98.32993189493816 70.42525291442871 84.17263391282823
11.973750181263311 3196.333521525065 99.77138837178548 77.2361986372206 78.74839782714844
11.976250181207433 3197.0261756049263 99.5636666615804 71.3860666486952 79.08085929022894
11.978750181151552 3171.618142022027 97.86317761739095 71.62391789754231 78.04219966464572
11.981250181095673 3220.3716091579863 97.36180114746094 72.11598311530219 80.73755221896701
11.983750181039795 3221.7920193142363 98.21853828430176 69.39339722527399 82.45949045817058
11.986250180983914 3236.8823750813804 96.72764205932617 72.05504841274686 78.27522828843858
