m1-67/data/jwst-miri-mrs/wr124-miri-spec-ch4.ecsv
# %ECSV 1.0
# ---
# datatype:
# - {name: Wavelength, unit: micron, datatype: float64}
# - {name: Star, unit: MJy / sr, datatype: float64}
# - {name: Knot A, unit: MJy / sr, datatype: float64}
# - {name: BG A1, unit: MJy / sr, datatype: float64}
# - {name: BG A2, unit: MJy / sr, datatype: float64}
# meta: !!omap
# - __serialized_columns__:
#     BG A1:
#       __class__: astropy.units.quantity.Quantity
#       unit: !astropy.units.Unit {unit: MJy / sr}
#       value: !astropy.table.SerializedColumn {name: BG A1}
#     BG A2:
#       __class__: astropy.units.quantity.Quantity
#       unit: !astropy.units.Unit {unit: MJy / sr}
#       value: !astropy.table.SerializedColumn {name: BG A2}
#     Knot A:
#       __class__: astropy.units.quantity.Quantity
#       unit: !astropy.units.Unit {unit: MJy / sr}
#       value: !astropy.table.SerializedColumn {name: Knot A}
#     Star:
#       __class__: astropy.units.quantity.Quantity
#       unit: !astropy.units.Unit {unit: MJy / sr}
#       value: !astropy.table.SerializedColumn {name: Star}
#     Wavelength:
#       __class__: astropy.coordinates.spectral_coordinate.SpectralCoord
#       unit: !astropy.units.Unit {unit: micron}
#       value: !astropy.table.SerializedColumn {name: Wavelength}
# schema: astropy-2.0
Wavelength Star "Knot A" "BG A1" "BG A2"
17.70300076296553 1469.278793334961 354.393310546875 250.579345703125 99.27115885416667
17.709000763017684 1560.7314147949219 360.6631202697754 257.4404525756836 97.93076070149739
17.71500076306984 1577.6393280029297 356.9275588989258 244.94903564453125 97.86412556966145
17.721000763121992 1490.1298294067383 361.70577239990234 248.55431620279947 99.9895748562283
17.727000763174146 1536.210304260254 358.4464645385742 244.33600107828775 99.1456790500217
17.7330007632263 1566.9836807250977 365.1810531616211 248.70601908365884 98.18249172634549
17.739000763278455 1573.962875366211 364.4101333618164 245.30763244628906 97.5663825141059
17.74500076333061 1576.981086730957 359.07735443115234 244.2434107462565 97.32686191134982
17.751000763382763 1564.1168746948242 361.1266746520996 242.47767639160156 100.05951266818576
17.757000763434917 1559.9892959594727 356.66971588134766 247.01658630371094 99.52345445421007
17.76300076348707 1552.4496994018555 363.7967071533203 241.80625661214194 99.53659566243489
17.769000763539225 1549.680908203125 366.67261123657227 249.02296447753906 98.74475775824652
17.77500076359138 1562.1273803710938 361.66285705566406 251.24762725830078 101.12489149305556
17.781000763643533 1554.1840744018555 361.3933563232422 251.58044942220053 100.37921481662326
17.787000763695687 1543.261245727539 366.10168075561523 249.16770935058594 99.67969428168402
17.79300076374784 1560.3786163330078 368.9500312805176 253.02208455403647 100.97776455349393
17.799000763799995 1553.0543060302734 371.1866111755371 253.077392578125 100.57546149359808
17.80500076385215 1548.219825744629 366.4579048156738 249.1661580403646 102.6217057969835
17.811000763904303 1571.036376953125 368.2749671936035 257.3860321044922 102.02733188205295
17.817000763956457 1546.16650390625 368.34052658081055 254.70468393961588 101.37143283420139
17.82300076400861 1568.6757049560547 372.42033767700195 251.93341318766275 102.09624735514323
17.829000764060766 1538.9453430175781 370.53495025634766 254.0136286417643 100.73714870876736
17.83500076411292 1564.4514923095703 364.5591354370117 255.25315602620444 103.42293802897136
17.841000764165074 1554.1962509155273 369.9665946960449 253.85570780436197 102.44077894422743
17.847000764217228 1559.0352020263672 368.84828186035156 256.1956303914388 100.20125834147136
17.85300076426938 1574.0222091674805 369.1158256530762 252.16976674397787 102.92713419596355
17.859000764321536 1614.9124221801758 372.2411689758301 245.9166005452474 101.17141384548611
17.86500076437369 1614.5757064819336 381.68459701538086 262.2844518025716 103.18410068088107
17.871000764425844 1608.8223419189453 373.2279167175293 259.2996139526367 104.75313483344183
17.877000764477998 1567.4378814697266 374.6062889099121 260.59825388590497 102.6548088921441
17.883000764530152 1564.830337524414 375.2842025756836 261.77049255371094 104.83296542697482
17.889000764582306 1585.9325561523438 394.36560440063477 288.7643686930339 112.80874294704861
17.89500076463446 1655.2154998779297 492.9175796508789 392.50006103515625 143.42285834418402
17.901000764686614 1616.115379333496 417.83050537109375 306.9214833577474 117.77593824598524
17.90700076473877 1600.6564865112305 380.24628829956055 263.8636194864909 103.78190443250868
17.913000764790922 1596.2024536132812 377.91114807128906 262.8422215779622 105.30552164713542
17.919000764843076 1598.8043899536133 370.0584487915039 250.70547993977866 107.17621019151476
17.92500076489523 1607.2787704467773 377.57579803466797 252.97451527913412 103.02263556586371
17.931000764947385 1598.9621505737305 377.1066436767578 257.2763188680013 104.27513461642795
17.93700076499954 1545.2506561279297 377.4288749694824 262.65232340494794 102.93590121799045
17.943000765051693 1542.9112014770508 498.06812286376953 315.92750295003253 114.73977152506511
17.949000765103847 1504.1910552978516 463.61255645751953 299.3319600423177 112.19186401367188
17.955000765156 1536.8060684204102 377.81127548217773 258.5764846801758 103.83732265896268
17.961000765208155 1550.392433166504 380.3769416809082 261.96856689453125 100.8270992702908
17.96700076526031 1553.3386764526367 368.7117004394531 252.09219106038412 100.21731736924913
17.973000765312463 1507.3534088134766 374.7257995605469 258.42015838623047 102.35796610514323
17.979000765364617 1536.9400253295898 375.2213935852051 251.31758880615234 102.92757839626736
17.98500076541677 1515.8899002075195 372.1275749206543 253.32705942789713 102.79988267686632
17.991000765468925 1532.5259552001953 369.1629104614258 257.53138732910156 103.96430799696181
17.99700076552108 1541.8065643310547 378.2760124206543 268.3551788330078 104.46021185980902
18.003000765573233 1541.786521911621 376.879337310791 262.7574106852214 102.95745510525174
18.009000765625387 1560.630844116211 378.1374168395996 262.7311655680339 105.33472188313802
18.01500076567754 1569.884880065918 378.5601005554199 259.28218841552734 104.52376980251736
18.021000765729696 1580.051612854004 373.1792106628418 259.9910151163737 103.13977559407552
18.02700076578185 1581.6843948364258 376.2922172546387 254.07230377197266 101.16396586100261
18.033000765834004 1599.8681564331055 381.97805404663086 264.21814219156903 107.48614501953125
18.039000765886158 1584.6034927368164 377.4688529968262 267.5226567586263 106.59413825141058
18.045000765938312 1527.323371887207 383.0395317077637 265.50833892822266 105.70235697428386
18.051000765990466 1587.8950424194336 382.1883316040039 258.3060557047526 105.48357815212674
18.057000766042616 1602.580322265625 383.0525894165039 263.2961883544922 105.74378119574652
18.063000766094774 1592.4223709106445 381.4887046813965 262.8041534423828 106.16553243001302
18.069000766146928 1608.905403137207 386.2498245239258 277.106938680013 103.23467508951823
18.075000766199082 1590.411979675293 383.04007720947266 263.6671193440755 106.89277479383681
18.081000766251236 1633.2746276855469 388.3236656188965 273.8959681193034 108.799314710829
18.08700076630339 1617.809669494629 391.6816596984863 269.2527364095052 107.8982425265842
18.093000766355544 1618.4730758666992 393.84142684936523 274.16398366292316 105.67141554090712
18.0990007664077 1560.3225402832031 390.33462142944336 271.6953659057617 108.19489881727431
18.105000766459852 1587.2970275878906 396.63182067871094 269.45100657145184 111.03973558213976
18.111000766512007 1604.332389831543 391.7898368835449 270.6270395914714 112.50459628634982
18.11700076656416 1596.7580337524414 391.02293395996094 276.9420649210612 114.86956617567274
18.123000766616315 1548.879737854004 380.9933090209961 275.312006632487 108.54009670681424
18.12900076666847 1553.789207458496 392.03184509277344 277.9853006998698 108.7817891438802
18.135000766720623 1552.5079040527344 393.2616157531738 276.4067611694336 110.89635213216145
18.141000766772777 1559.176040649414 388.57494354248047 278.45569101969403 111.21275329589844
18.14700076682493 1554.1147232055664 384.72982025146484 269.3548049926758 108.34966701931424
18.153000766877085 1529.0337753295898 384.62062072753906 276.4446080525716 106.50907558865018
18.15900076692924 1515.0087814331055 379.4874725341797 271.66852315266925 108.06674533420139
18.165000766981393 1524.188850402832 388.12736892700195 276.72825622558594 110.27049255371094
18.171000767033547 1520.9274597167969 381.5639762878418 268.3340759277344 109.74012417263455
18.1770007670857 1544.2652893066406 387.45565032958984 276.01731872558594 110.8191409640842
18.183000767137855 1525.693832397461 394.1688995361328 275.69129435221356 108.96731906467014
18.18900076719001 1534.269401550293 396.25598907470703 275.47887929280597 111.16621907552083
18.195000767242163 1490.6305084228516 392.4274482727051 279.9722442626953 107.60092502170139
18.201000767294317 1538.5551528930664 394.2525749206543 276.04549407958984 110.08332655164931
18.207000767346468 1523.3579788208008 398.70560455322266 277.68591562906903 110.18138800726996
18.213000767398626 1536.7368469238281 398.1793632507324 289.409174601237 107.64962259928386
18.21900076745078 1521.4172668457031 383.3662300109863 280.2253824869792 109.89730665418837
18.225000767502934 1531.1720504760742 395.76248931884766 278.86341603597003 112.20632934570312
18.231000767555088 1514.233383178711 391.57990646362305 278.5929819742839 107.761720445421
18.237000767607242 1518.6199645996094 390.53188705444336 281.6396840413411 108.49134148491754
18.243000767659396 1512.9785537719727 387.70307540893555 280.2684504191081 108.96854994032118
18.24900076771155 1521.989974975586 398.1199035644531 278.7148691813151 110.01087782118056
18.255000767763704 1514.8484420776367 393.19636154174805 276.6251576741536 107.94283718532986
18.261000767815858 1522.7169189453125 398.32077407836914 283.2833023071289 107.81778123643663
18.267000767868012 1529.8130340576172 397.3762397766113 282.7373224894206 112.91249084472656
18.273000767920166 1519.9261932373047 399.00218200683594 276.4885533650716 112.9253913031684
18.27900076797232 1526.474998474121 391.346981048584 276.7076670328776 113.95985751681857
18.285000768024474 1518.669059753418 394.16858291625977 280.7091700236003 110.90787760416667
18.29100076807663 1483.2629089355469 389.0113067626953 280.3754119873047 110.50164794921875
18.297000768128783 1527.8337173461914 394.8235206604004 282.3811620076497 110.98548889160156
18.303000768180937 1520.7558364868164 400.5964889526367 275.4021682739258 113.8043195936415
18.30900076823309 1518.1305923461914 398.8745994567871 288.58277130126953 111.03077528211806
18.315000768285245 1505.8702697753906 394.02946853637695 275.85741424560547 109.37633260091145
18.3210007683374 1529.090934753418 403.2660026550293 276.1974563598633 109.8999752468533
18.327000768389553 1512.1829528808594 400.3726577758789 278.55653889973956 111.99258761935764
18.333000768441707 1515.2700576782227 399.71094131469727 285.0025151570638 111.98861185709636
18.33900076849386 1536.7499771118164 400.83077239990234 284.3577702840169 110.31820170084636
18.345000768546015 1489.2228546142578 398.0008659362793 285.5930989583333 111.29861450195312
18.35100076859817 1514.0111236572266 399.240966796875 284.3549118041992 113.56839497884114
18.357000768650323 1504.9634628295898 401.92909240722656 283.9290491739909 110.8756612141927
18.363000768702477 1496.4640426635742 400.9703903198242 289.31851959228516 111.29404195149739
18.36900076875463 1490.7744598388672 392.51543045043945 276.58697509765625 111.50167677137587
18.375000768806785 1502.8887100219727 403.80677795410156 288.32066599527997 113.90477667914496
18.38100076885894 1495.8768463134766 399.88354110717773 279.5179672241211 112.90747409396701
18.387000768911093 1515.581283569336 411.8918571472168 285.9273681640625 112.88287862141927
18.393000768963248 1502.3760299682617 403.40361404418945 284.7873306274414 109.60086568196614
18.3990007690154 1519.3411560058594 402.5927925109863 285.83112080891925 111.67228529188368
18.405000769067556 1480.7151336669922 398.4049949645996 287.02049509684247 110.42279900444879
18.41100076911971 1514.8100051879883 406.24997329711914 290.2748667399089 112.03933546278212
18.417000769171864 1504.5766067504883 402.7148857116699 288.7987289428711 112.32460361056857
18.423000769224018 1511.795181274414 407.1881904602051 288.1352844238281 113.21344163682726
18.429000769276172 1502.3713302612305 397.2859115600586 286.3109079996745 110.09843614366319
18.435000769328326 1522.279541015625 409.187557220459 293.4964141845703 111.77393086751302
18.44100076938048 1508.128028869629 402.8766403198242 288.5299479166667 115.11195203993056
18.447000769432634 1527.129020690918 408.46357345581055 288.63162485758465 113.52229817708333
18.453000769484788 1493.119972229004 402.6077423095703 292.55723063151044 112.73740810818143
18.459000769536942 1513.0400161743164 412.83910369873047 297.8755060831706 114.48990376790364
18.465000769589096 1499.4043884277344 405.34420013427734 287.37321217854816 110.95620557996962
18.47100076964125 1504.6573867797852 410.04712677001953 289.62976837158203 114.92134772406683
18.477000769693404 1496.4236755371094 405.5318412780762 296.0850524902344 115.67636617024739
18.48300076974556 1500.724998474121 414.8329162597656 292.09203084309894 115.42474026150174
18.489000769797713 1493.51806640625 403.3525276184082 286.8428675333659 111.95482720269098
18.495000769849867 1505.4870147705078 405.6139106750488 294.86087799072266 111.07300482855902
18.50100076990202 1495.932243347168 406.2955322265625 283.3614781697591 115.12073262532552
18.507000769954175 1493.225845336914 406.44667053222656 294.5873489379883 114.97528076171875
18.51300077000633 1488.1760864257812 407.9207191467285 284.2550684611003 114.45938958062067
18.519000770058483 1468.1209869384766 412.38966369628906 286.18831634521484 115.97078450520833
18.525000770110637 1474.309700012207 407.76152420043945 293.35858154296875 113.82584635416667
18.53100077016279 1437.6932830810547 418.5443649291992 292.2711461385091 114.3926510281033
18.537000770214945 1516.2134323120117 411.0862693786621 290.07699330647785 114.8507097032335
18.5430007702671 1490.2675704956055 418.59534454345703 289.3387705485026 114.42193264431424
18.549000770319253 1512.7697677612305 419.19384765625 305.2484842936198 116.37123107910156
18.555000770371407 1493.3229522705078 419.08106231689453 292.6813481648763 120.23358832465277
18.56100077042356 1529.5955200195312 424.8978271484375 301.4133605957031 118.04059346516927
18.567000770475715 1516.0631256103516 418.69248962402344 305.9282582600911 117.99735683865018
18.57300077052787 1557.6028671264648 417.80817794799805 293.4289906819661 121.34798685709636
18.579000770580024 1582.4700317382812 420.60325622558594 298.0991032918294 118.93494330512152
18.585000770632178 1642.0459899902344 430.73773193359375 301.5349426269531 118.72877332899306
18.59100077068433 1639.6033096313477 413.06629943847656 300.14098103841144 118.58404032389323
18.597000770736486 1644.7255172729492 422.2803192138672 308.0325571695964 120.05598619249132
18.60300077078864 1635.6897277832031 422.78981018066406 294.41350809733075 121.40631103515625
18.609000770840794 1720.5809631347656 428.13436126708984 297.78577931722003 119.35727267795139
18.615000770892948 1735.8690490722656 422.9301300048828 297.6807327270508 120.70776706271701
18.621000770945102 1805.4508972167969 453.0970916748047 307.3873977661133 128.54585774739584
18.627000770997256 1833.687156677246 453.6154251098633 315.58971913655597 127.00563049316406
18.63300077104941 1831.807113647461 434.3093032836914 307.73853556315106 122.01645914713542
18.639000771101564 1814.9221801757812 433.3276062011719 305.9070307413737 121.44159444173177
18.64500077115372 1817.8021545410156 443.6525344848633 308.4047571818034 122.3260006374783
18.651000771205872 1757.1494827270508 449.1563949584961 317.54009501139325 125.29325358072917
18.657000771258026 1703.786262512207 431.3441848754883 315.4223937988281 124.65711636013455
18.66300077131018 1697.6783142089844 440.1977081298828 308.54083251953125 122.30021667480469
18.669000771362334 1623.586784362793 435.4231719970703 316.4825134277344 123.91719394259982
18.67500077141449 1733.2915725708008 451.77073669433594 320.4073079427083 128.83798048231336
18.681000771466643 2556.7332077026367 482.52342224121094 332.6518809000651 140.90201483832465
18.687000771518797 3333.153793334961 527.5505905151367 347.4444122314453 155.42686292860242
18.69300077157095 3278.2608184814453 533.2376480102539 355.9413655598958 163.56495836046008
18.699000771623105 3228.8618774414062 552.122200012207 376.8277180989583 167.27818806966147
18.70500077167526 3186.441162109375 542.1105499267578 354.4706522623698 167.2337883843316
18.711000771727413 3279.2283630371094 761.1071929931641 573.8941650390625 247.10364447699652
18.717000771779567 4580.263854980469 6275.571838378906 7354.836018880208 2222.671875
18.72300077183172 10577.346801757812 23842.50537109375 26087.846354166668 7631.509548611111
18.729000771883875 5584.786224365234 6154.3385009765625 7351.305501302083 1924.0991753472222
