m1-67/data/jwst-miri-mrs/wr124-miri-mrs-ch1-star-full-spectrum.ecsv
# %ECSV 1.0
# ---
# datatype:
# - {name: Wavelength, unit: micron, datatype: float64}
# - {name: Intensity, datatype: float64}
# meta: !!omap
# - __serialized_columns__:
#     Wavelength:
#       __class__: astropy.units.quantity.Quantity
#       unit: !astropy.units.Unit {unit: micron}
#       value: !astropy.table.SerializedColumn {name: Wavelength}
# schema: astropy-2.0
Wavelength Intensity
[from data line 3088]
7.370800032949773 40519.15094866072
7.371600032929564 39288.120814732145
7.372400032909353 34180.10016741072
7.373200032889144 30537.73514229911
7.374000032868934 29626.33935546875
7.374800032848725 29453.100027901786
7.3756000328285145 29121.454031808036
7.376400032808305 28983.69461495536
7.377200032788095 28907.926618303572
7.378000032767885 28748.765276227678
7.378800032747676 28529.17452566964
7.379600032727465 28314.586286272322
7.380400032707256 28142.06766183036
7.381200032687047 28074.77469308036
7.382000032666837 27989.351632254464
7.382800032646626 27986.51241629464
7.3836000326264175 27902.102887834822
7.384400032606208 27858.097586495536
7.385200032585998 27856.87744140625
7.386000032565788 27900.55712890625
7.38680003254558 27858.22726004464
7.387600032525369 27824.243024553572
7.388400032505159 27806.369559151786
7.38920003248495 27796.614397321428
7.390000032464741 27729.687918526786
7.39080003244453 27704.234933035714
7.3916000324243205 27679.840890066964
7.392400032404111 27678.9765625
7.393200032383901 27626.14822823661
7.394000032363691 27610.935198102678
7.394800032343481 27554.35135323661
7.395600032323272 27615.796037946428
7.396400032303062 27670.62890625
7.397200032282853 27680.965192522322
7.398000032262642 27680.444684709822
7.398800032242433 27680.311383928572
7.3996000322222235 27678.85860770089
7.400400032202014 27684.649344308036
7.401200032181804 27746.818429129464
7.402000032161595 27766.29227120536
7.402800032141385 27742.033761160714
7.403600032121175 27711.05594308036
7.404400032100965 27694.36983816964
7.4052000320807565 27694.36983816964
7.406000032060546 27694.36983816964
7.406800032040336 27692.060128348214
7.4076000320201265 27696.336983816964
7.408400031999917 27696.336983816964
7.409200031979707 27676.504952566964
7.4100000319594965 27578.2119140625
7.410800031939288 27650.325334821428
7.411600031919078 27724.872628348214
7.412400031898868 27754.22195870536
7.413200031878658 27785.637625558036
7.414000031858449 27876.24393136161
7.414800031838239 27960.288713727678
7.4156000318180295 28081.062639508928
7.41640003179782 28116.659109933036
7.417200031777611 28208.397600446428
7.4180000317574 28246.98172433036
7.418800031737191 28269.25906808036
7.419600031716981 28434.555106026786
7.420400031696772 28754.53543526786
7.421200031676562 29141.71219308036
7.422000031656352 29673.37374441964
7.422800031636142 30414.48897879464
7.4236000316159325 31566.796875
7.424400031595723 32939.271484375
7.425200031575512 34250.01820591518
7.426000031555303 36128.68101283482
7.426800031535094 37780.114536830355
7.427600031514884 39121.419712611605
7.428400031494673 40422.53180803572
7.429200031474465 41876.81731305803
7.430000031454255 42619.31780133928
7.430800031434045 43145.05901227678
7.4316000314138355 44203.702427455355
7.432400031393627 45679.486607142855
7.433200031373416 46649.24176897322
7.434000031353206 47389.084681919645
7.434800031332997 47883.029017857145
7.435600031312788 48565.17201450893
7.436400031292577 49066.28752790178
7.437200031272368 49693.42633928572
7.438000031252158 51637.072265625
7.438800031231948 53048.61760602678
7.4396000312117385 54074.92466517857
7.440400031191528 55080.48005022322
7.441200031171319 56656.42564174107
7.442000031151109 58840.98842075893
7.4428000311309 63160.31626674107
7.443600031110689 67300.63392857143
7.44440003109048 71654.85616629464
7.445200031070271 77506.11495535714
7.446000031050061 84506.59514508929
7.446800031029851 92970.78404017857
7.447600031009642 100577.60212053571
7.448400030989432 109594.20870535714
7.449200030969222 119406.29045758929
7.450000030949012 128437.474609375
7.450800030928804 136020.44224330358
7.451600030908593 144468.93777901787
7.452400030888383 151007.63253348213
7.453200030868174 155794.96986607142
7.454000030847964 159537.66629464287
7.454800030827754 162271.53348214287
7.455600030807544 163303.25167410713
7.456400030787335 163323.12890625
7.457200030767125 163323.12890625
7.458000030746915 163323.12890625
7.458800030726705 163323.12890625
7.459600030706496 163323.12890625
7.460400030686286 163323.12890625
7.461200030666077 162730.90457589287
7.462000030645867 162494.2349330357
7.462800030625658 161934.12890625
7.4636000306054475 161103.56417410713
7.464400030585238 159593.15401785713
7.465200030565028 157514.69419642858
7.466000030544818 155570.4986049107
7.466800030524609 151753.6049107143
7.467600030504398 147403.791015625
7.468400030484189 143756.1138392857
7.46920003046398 140360.4927455357
7.47000003044377 137422.55580357142
7.470800030423559 130268.65848214286
7.4716000304033505 123184.814453125
7.472400030383141 117660.23297991071
7.473200030362931 113812.47209821429
7.4740000303427205 105225.83258928571
7.474800030322512 97105.689453125
7.475600030302302 89865.96428571429
7.476400030282092 79059.00920758929
7.477200030261883 70126.998046875
7.478000030241674 63420.5859375
7.478800030221463 57298.07756696428
7.4796000302012535 50261.88881138393
7.480400030181044 47591.919642857145
7.481200030160834 47591.919642857145
7.482000030140624 47591.919642857145
7.482800030120414 47591.919642857145
7.483600030100205 47591.919642857145
7.484400030079995 47591.919642857145
7.485200030059786 47591.919642857145
7.486000030039575 47591.919642857145
7.486800030019366 47591.919642857145
7.4876000299991565 47591.919642857145
7.488400029978947 47924.79017857143
7.489200029958736 53078.4208984375
7.490000029938527 56544.88225446428
7.490800029918318 59720.64690290178
7.491600029898108 63876.789341517855
7.492400029877898 67405.8466796875
7.4932000298576895 70590.71121651786
7.494000029837479 73460.88936941964
7.494800029817269 76063.65318080357
7.4956000297970595 78273.41587611607
7.49640002977685 80390.25013950893
7.49720002975664 83003.08984375
7.4980000297364295 85864.92633928571
7.498800029716221 87630.30133928571
7.499600029696011 89065.10044642857
7.500400029675801 89339.34458705357
7.501200029655591 89396.93666294643
7.502000029635382 89570.17606026786
7.502800029615172 89638.17606026786
7.5036000295949625 89638.17606026786
7.504400029574752 89638.17606026786
7.505200029554543 89638.17606026786
7.506000029534333 89638.17606026786
7.506800029514124 89638.17606026786
7.507600029493914 89638.17606026786
7.508400029473705 89126.28097098214
7.509200029453495 87597.73186383929
7.510000029433285 85169.35797991071
7.510800029413075 83712.529296875
7.5116000293928655 81691.525390625
7.512400029372656 79793.083984375
7.513200029352445 77109.75209263393
7.514000029332236 75059.84514508929
7.514800029312027 72370.74065290179
7.515600029291817 70334.20982142857
7.516400029271606 66854.80636160714
7.517200029251398 64871.71233258928
7.518000029231188 61233.000697544645
7.518800029210978 57795.91489955357
7.519600029190768 54132.57659040178
7.52040002917056 51318.66559709822
7.521200029150349 48366.08342633928
7.522000029130139 45415.841796875
7.52280002910993 42429.697265625
7.523600029089721 40008.78599330357
7.52440002906951 37831.87939453125
7.525200029049301 35621.72014508928
7.526000029029091 33930.00376674107
7.526800029008881 32869.373744419645
7.5276000289886715 31802.403948102678
7.528400028968461 31126.251953125
7.529200028948252 30637.029227120536
7.530000028928042 30379.992327008928
7.530800028907833 30064.71414620536
7.531600028887622 29784.988699776786
7.532400028867413 29635.817452566964
7.533200028847204 29502.32638113839
7.534000028826994 29433.14962332589
7.534800028806783 29305.465471540178
7.535600028786575 29217.86893136161
7.536400028766365 29158.16524832589
7.537200028746155 29071.86962890625
7.538000028725945 29010.62813895089
7.538800028705737 28955.23165457589
7.539600028685526 28912.43094308036
7.540400028665316 28752.522042410714
7.541200028645107 28656.268484933036
7.542000028624897 28628.76632254464
7.542800028604687 28602.707170758928
7.543600028584477 28580.6416015625
7.544400028564268 28539.680803571428
7.545200028544058 28538.95975167411
7.546000028523848 28537.624441964286
7.546800028503638 28536.02371651786
7.547600028483429 28268.480329241072
7.548400028463219 28184.869559151786
7.54920002844301 28095.701311383928
7.550000028422799 28038.451729910714
7.550800028402591 28037.413713727678
7.5516000283823805 28031.21707589286
7.552400028362171 28014.66378348214
7.553200028341961 28002.046735491072
7.554000028321752 27998.865652901786
7.554800028301542 27998.865652901786
7.555600028281332 27991.593331473214
7.556400028261122 27985.564801897322
7.557200028240913 27787.106375558036
7.558000028220703 27737.68087332589
7.558800028200492 27701.070940290178
7.5596000281802835 27701.22481863839
7.560400028160074 27700.81124441964
7.561200028139864 27691.038016183036
7.5620000281196535 27690.22830636161
7.562800028099445 27690.11893136161
7.563600028079235 27659.150390625
7.564400028059025 27655.76485770089
7.565200028038815 27756.056640625
7.566000028018607 27683.43624441964
7.566800027998396 27637.97147042411
7.5676000279781865 27636.702566964286
7.568400027957977 27636.380998883928
7.569200027937768 27667.196847098214
7.570000027917557 27704.726981026786
7.570800027897348 27717.777762276786
7.571600027877138 27736.214704241072
7.572400027856928 27779.095563616072
7.573200027836719 27916.780831473214
7.574000027816508 28011.767717633928
7.574800027796299 28098.136858258928
7.5756000277760895 28114.2919921875
7.57640002775588 28114.2919921875
7.577200027735669 28114.6708984375
7.57800002771546 28138.44315011161
7.578800027695251 28237.31201171875
7.579600027675041 28256.130789620536
7.5804000276548305 28296.027273995536
7.5812000276346225 28346.12520926339
7.582000027614412 28531.86160714286
7.582800027594202 28749.383719308036
7.5836000275739925 28985.777273995536
7.584400027553784 28972.84305245536
7.585200027533573 28973.63009207589
7.586000027513363 29034.467703683036
7.586800027493154 29034.467703683036
7.587600027472944 29035.086286272322
7.588400027452734 29047.94454520089
7.589200027432524 29056.187081473214
7.590000027412315 29044.12283761161
7.590800027392105 29046.598005022322
7.5916000273718955 28980.3369140625
7.592400027351685 28650.111746651786
7.593200027331476 28610.98807198661
7.594000027311266 28593.932268415178
7.594800027291057 28572.174455915178
7.595600027270846 28504.91943359375
7.596400027250638 28475.642647879464
7.597200027230428 28418.7021484375
7.598000027210218 28312.561174665178
7.598800027190008 28173.393973214286
7.599600027169799 28066.94796316964
7.600400027149589 27977.412737165178
7.601200027129379 27935.18896484375
7.6020000271091694 27915.463239397322
7.60280002708896 27833.933663504464
7.60360002706875 27822.94970703125
7.6044000270485395 27795.90799386161
7.605200027028331 27752.870186941964
7.606000027008121 27702.00899832589
7.606800026987911 27626.621023995536
7.607600026967701 27360.81766183036
7.608400026947492 27205.514718191964
7.609200026927282 27128.387625558036
7.6100000269070724 27039.228445870536
7.610800026886862 27006.96114676339
7.611600026866654 27000.194754464286
7.612400026846443 26958.955008370536
7.613200026826234 26914.473493303572
7.614000026806024 26821.997140066964
7.614800026785815 26765.165597098214
7.6156000267656045 26720.37032645089
7.616400026745395 26682.349260602678
7.617200026725185 26677.47726004464
7.6180000267049754 26677.444754464286
7.618800026684766 26664.387765066964
7.619600026664555 26651.493582589286
7.620400026644346 26640.68359375
7.621200026624137 26640.526297433036
7.622000026603927 26592.80252511161
7.622800026583716 26564.410784040178
7.6236000265635075 26558.664690290178
7.624400026543298 26483.155133928572
7.625200026523088 26453.85518973214
7.626000026502878 26453.697893415178
7.62680002648267 26446.642159598214
7.627600026462459 26394.310477120536
7.628400026442249 26383.93143136161
7.62920002642204 26378.42431640625
7.630000026401831 26375.63650948661
7.63080002638162 26297.471121651786
7.6316000263614105 26279.643973214286
7.632400026341202 26294.33670479911
7.633200026320991 26243.655691964286
7.6340000263007814 26284.972098214286
7.634800026280571 26284.972098214286
7.635600026260361 26284.972098214286
7.636400026240152 26284.972098214286
7.637200026219943 26282.025460379464
7.638000026199732 26298.44119698661
7.638800026179524 26296.149344308036
7.6396000261593136 26394.896833147322
7.640400026139104 26398.242257254464
7.641200026118895 26502.614606584822
7.642000026098685 26573.920270647322
7.642800026078475 26600.592843191964
7.643600026058265 26616.570242745536
7.6444000260380545 26624.14620535714
7.6452000260178465 26632.979143415178
7.646000025997636 26662.820731026786
7.646800025977426 26677.94384765625
7.647600025957217 26755.97586495536
7.648400025937007 26777.671735491072
7.649200025916797 26759.274274553572
7.650000025896587 26854.49609375
