m1-67/data/jwst-miri-mrs/wr124-miri-mrs-ch4-star-line-spectrum.ecsv
# %ECSV 1.0
# ---
# datatype:
# - {name: Wavelength, unit: micron, datatype: float64}
# - {name: Intensity, datatype: float64}
# meta: !!omap
# - __serialized_columns__:
#     Wavelength:
#       __class__: astropy.units.quantity.Quantity
#       unit: !astropy.units.Unit {unit: micron}
#       value: !astropy.table.SerializedColumn {name: Wavelength}
# schema: astropy-2.0
Wavelength Intensity
[from data line 432]
20.295000785496086 23.112690113208913
20.30100078554824 17.78882514105903
20.307000785600394 21.780740243417245
20.313000785652548 17.71501103153935
20.319000785704702 16.96961127387153
20.325000785756856 19.53137433087384
20.33100078580901 16.455256709346063
20.337000785861164 20.522507279007524
20.34300078591332 12.784704137731481
20.349000785965472 15.08607652452257
20.355000786017627 15.424580891927084
20.36100078606978 12.805171260127315
20.367000786121935 17.030750415943288
20.37300078617409 12.782310203269676
20.379000786226243 13.07424587673611
20.385000786278397 16.258471453631365
20.39100078633055 12.04955150462963
20.397000786382705 15.538258870442709
20.40300078643486 14.519535771122685
20.409000786487013 12.74420957212095
20.41500078653917 14.884323685257524
20.42100078659132 11.994387026186343
20.427000786643475 15.380029748987269
20.43300078669563 13.812008327907986
20.439000786747783 13.227036087601274
20.445000786799937 15.210470694082755
20.45100078685209 18.342781349464698
20.457000786904246 25.918614140263312
20.4630007869564 27.526078965928818
20.469000787008554 34.20069376627604
20.475000787060708 46.70964106807002
20.481000787112862 53.320576985677086
20.487000787165016 70.29640028211806
20.49300078721717 77.74592646846065
20.499000787269324 84.91427725332754
20.505000787321478 94.62193693938079
20.511000787373632 95.74962248625579
20.517000787425786 104.17479564525463
20.52300078747794 104.67644811559606
20.529000787530094 104.17107476128473
20.53500078758225 105.17117422598379
20.541000787634403 99.6961003056279
20.547000787686557 98.03831764503762
20.55300078773871 94.03010954680266
20.559000787790865 85.9719905146846
20.565000787843022 78.67608529550058
20.571000787895173 71.30716733579283
20.577000787947327 68.07791589807582
20.58300078799948 61.48066880967882
20.589000788051635 53.36601313838252
20.59500078810379 55.66735952871817
20.601000788155943 43.72015041775174
20.607000788208097 40.745962637442126
20.61300078826025 39.38945176866319
20.619000788312405 33.103326868127894
20.62500078836456 38.31582528573495
20.631000788416713 31.00224021629051
20.637000788468868 21.35656964337384
20.64300078852102 25.18377459490741
20.649000788573176 19.834818522135418
20.65500078862533 23.187507911964698
20.661000788677484 22.06860577618634
20.667000788729638 20.396288836443865
20.673000788781792 23.301588270399307
20.679000788833946 17.81862160011574
20.6850007888861 20.556404396339698
20.691000788938254 18.494306776258682
20.697000788990408 17.415653935185187
20.703000789042562 19.632502803096063
20.709000789094716 19.360357213903356
20.715000789146874 20.465536612051505
20.721000789199024 23.001361988208913
20.72700078925118 21.54158076533565
20.733000789303333 23.879243073640048
20.739000789355487 22.718953450520832
20.74500078940764 24.673081009476274
20.751000789459795 22.75333884910301
20.75700078951195 20.519509774667245
20.763000789564103 23.06050166377315
20.769000789616257 20.635083233868635
20.77500078966841 18.872143780743635
20.781000789720565 18.077897813585068
20.78700078977272 15.693731237340856
20.793000789824873 17.020905671296298
20.799000789877027 19.236363163700812
20.80500078992918 18.651765046296298
20.811000789981335 19.982469346788193
20.81700079003349 20.501059072989005
20.823000790085644 24.500712076822918
20.829000790137798 24.998591670283563
20.83500079018995 27.204784252025462
20.841000790242106 29.14393898292824
20.84700079029426 29.429320158781827
20.853000790346414 35.39997468171296
20.859000790398568 39.37323111074942
20.865000790450726 44.22714007342303
20.871000790502876 52.02229704680266
20.87700079055503 71.66407606336806
20.883000790607184 91.77564945927372
20.88900079065934 116.81362575954861
20.895000790711492 142.7905352557147
20.901000790763646 163.59512329101562
20.9070007908158 172.5274341724537
20.913000790867954 176.15690556278935
20.91900079092011 177.32245664243345
20.925000790972263 179.22878237123842
20.931000791024417 179.77224957501446
20.93700079107657 176.379064489294
20.943000791128725 162.3078726309317
20.94900079118088 152.5451897515191
20.955000791233033 133.82216050889758
20.961000791285187 109.63204729998553
20.96700079133734 93.92994859483507
20.973000791389495 67.29649748625579
20.97900079144165 51.490318015769674
20.985000791493803 48.66029640480324
20.991000791545957 45.723935727719905
20.99700079159811 42.220712167245374
21.003000791650265 40.10486178927951
21.00900079170242 38.379184299045136
21.015000791754577 37.1026611328125
21.021000791806728 37.75360107421875
21.02700079185888 38.528989438657405
21.033000791911036 37.979558874059606
21.039000791963186 35.89904898184317
21.045000792015344 37.89582994249132
21.051000792067498 37.094506157769096
21.057000792119652 36.56347543221933
21.063000792171806 36.20181161385995
21.06900079222396 36.09167367440683
21.075000792276114 39.670739067925346
21.08100079232827 42.96112173574942
21.087000792380422 46.409368444372106
21.093000792432576 48.44577252423322
21.09900079248473 48.720743815104164
21.105000792536885 48.66995691370081
21.11100079258904 48.35133305302373
21.117000792641193 48.22430419921875
21.123000792693347 48.84398283781829
21.1290007927455 48.78085779260706
21.135000792797655 45.36882414641204
21.14100079284981 44.61775151005498
21.147000792901963 41.58580186631944
21.153000792954117 38.109778510199654
21.15900079300627 38.12141814055266
21.165000793058425 35.39574743200232
21.17100079311058 32.02879390010127
21.177000793162733 29.57385932074653
21.183000793214887 27.438508210358798
21.189000793267038 24.907987241391783
21.195000793319196 26.16849093967014
21.20100079337135 24.986363163700812
21.207000793423504 22.026144522207755
21.213000793475658 20.64604808666088
21.21900079352781 21.01602511935764
21.225000793579966 20.5533605504919
21.23100079363212 20.078858552155673
21.237000793684274 19.931621410228587
21.243000793736428 20.8435216833044
21.249000793788582 19.65044939959491
21.255000793840736 19.393436008029514
21.26100079389289 18.05965847439236
21.267000793945044 16.134726065176505
21.2730007939972 15.546698676215279
21.279000794049352 14.169908311631945
21.285000794101506 12.762106436270255
21.29100079415366 12.449939869068286
21.297000794205815 13.933939615885416
21.30300079425797 14.67128273292824
21.309000794310123 14.19298412181713
21.315000794362277 15.834564208984375
21.32100079441443 15.575976336443865
21.327000794466585 15.368689643012154
21.33300079451874 15.71665672019676
21.33900079457089 19.756744384765625
21.345000794623047 21.16874638310185
21.3510007946752 20.939250804759837
21.357000794727355 24.21759937427662
21.36300079477951 27.118142587167245
21.369000794831663 27.758653428819443
21.375000794883817 27.539161964699073
21.38100079493597 29.649345115379052
21.387000794988126 26.403335006148726
21.39300079504028 24.20440447771991
21.399000795092434 24.26630542896412
21.405000795144588 27.016536006221063
21.411000795196742 27.309067337601274
21.417000795248896 27.79106987847222
21.42300079530105 27.129990189163774
21.429000795353204 25.969022397641783
21.435000795405358 24.519887288411457
21.441000795457512 24.712835241247106
21.447000795509666 25.415600811993635
21.45300079556182 26.98032181351273
21.459000795613974 26.042488380714698
21.46500079566613 25.751463713469327
21.471000795718282 25.391627558955438
21.477000795770437 24.869833487051505
21.48300079582259 23.126689769603587
21.48900079587474 24.319764313874423
21.4950007959269 26.450960512514467
21.501000795979053 25.68995044849537
21.507000796031207 26.995513916015625
21.51300079608336 31.185120759186923
21.519000796135515 30.785170943648726
21.52500079618767 33.79615727177373
21.531000796239823 34.94499941225405
21.537000796291977 31.23638237847222
21.54300079634413 29.101402000144677
21.549000796396285 28.445706967954283
21.555000796448436 26.313232421875
21.561000796500593 27.267043502242476
21.567000796552747 26.649643509476274
21.5730007966049 25.246345802589698
21.579000796657056 21.611158582899307
21.58500079670921 18.393855342158563
21.591000796761364 16.79596173321759
21.597000796813518 13.106513129340279
21.603000796865672 12.097251609519676
21.609000796917826 10.733914975766782
21.615000796969984 10.567623562282986
21.621000797022134 9.23905662254051
21.627000797074288 7.34264232494213
21.633000797126442 7.47040699146412
21.639000797178593 8.368927001953125
21.64500079723075 11.022615785951968
21.651000797282904 12.478554054542824
21.65700079733506 12.89969211154514
21.663000797387213 14.9780194317853
21.669000797439367 16.33743625217014
21.67500079749152 16.009608515986688
21.681000797543675 19.646935356987846
21.68700079759583 20.632531060112846
21.693000797647983 19.75179488570602
21.699000797700137 23.289771185980904
21.705000797752287 24.249017786096644
21.711000797804445 27.69069191261574
21.7170007978566 27.868247703269677
21.723000797908753 31.081381338614005
21.729000797960907 34.31097525137442
21.73500079801306 34.368491843894674
21.741000798065215 32.919395164207174
21.74700079811737 34.54453644929109
21.753000798169523 38.200720893012154
21.759000798221678 41.613028067129626
21.765000798273835 48.053985595703125
21.771000798325986 58.72141407154225
21.77700079837814 65.41471467194734
21.783000798430294 72.36448499891493
21.789000798482444 82.30591837565105
21.795000798534602 104.98518428096065
21.801000798586756 126.42418190285012
21.80700079863891 143.81070963541666
21.813000798691064 158.40942608868633
21.819000798743218 164.62817608868633
21.825000798795372 164.45452202690973
21.831000798847526 169.51478068033853
21.83700079889968 170.26917860243054
21.843000798951834 167.1878379539207
21.84900079900399 168.43115121346932
21.85500079905614 168.27030210141783
21.861000799108297 161.4913409197772
21.86700079916045 151.24391117802372
21.873000799212605 142.04596738462095
21.87900079926476 124.95190090603299
21.885000799316913 81.64049614800348
21.891000799369067 52.70310352466725
21.89700079942122 39.18501677336516
21.903000799473375 26.480187310112846
21.90900079952553 18.620468704788774
21.915000799577687 12.055208559389468
21.921000799629837 9.133818449797454
21.92700079968199 5.700625949435764
21.933000799734145 2.2270835593894676
21.939000799786296 0.7146267361111112
21.945000799838454 -1.4934669777199074
21.951000799890608 -3.2904640480324074
21.95700079994276 1.8599424008969907
21.963000799994916 5.988913076895255
21.96900080004707 9.464749936704282
21.975000800099224 16.66865822120949
21.981000800151378 27.285729302300346
21.987000800203532 40.339457194010414
21.993000800255686 58.45084070276331
21.99900080030784 92.4121523256655
22.00500080035999 111.20771393952546
22.01100080041215 117.68082230179398
22.017000800464302 119.36277601453993
22.023000800516456 123.55156001338253
22.02900080056861 124.72767243561921
22.035000800620764 122.71021751121238
22.04100080067292 115.04788547092014
22.047000800725073 109.57694498697917
22.053000800777227 104.39483981662326
22.05900080082938 96.3023681640625
22.06500080088154 88.87701076931424
22.07100080093369 84.46316302264178
22.077000800985843 71.10978981300637
22.083000801037997 59.327880859375
22.08900080109015 46.64995546694155
22.095000801142305 39.05975341796875
22.10100080119446 29.714008472583913
22.107000801246613 18.68268500434028
22.113000801298767 15.94016746238426
22.11900080135092 15.601691351996529
22.125000801403075 15.72323269314236
22.13100080145523 23.297418665002894
22.137000801507384 30.61670826099537
22.143000801559538 30.817987512659144
22.14900080161169 33.42955073603877
22.155000801663842 36.745840567129626
22.161000801716 33.9323413990162
22.167000801768154 34.44477335611979
22.173000801820308 32.989130090784144
22.179000801872462 32.34144874855324
22.185000801924616 30.237407543041087
22.19100080197677 25.74674027054398
22.197000802028924 21.56746871383102
22.20300080208108 18.82760959201389
22.209000802133232 17.264364737051505
22.21500080218539 15.619930691189236
22.22100080223754 18.578709355107062
22.227000802289695 20.16706904658565
22.23300080234185 17.996082447193288
22.239000802394003 27.131084300853587
22.245000802446157 30.19490107783565
22.25100080249831 37.1098949291088
22.257000802550465 49.36023966471354
22.26300080260262 59.66098926685475
22.269000802654773 75.26586235894098
22.275000802706927 104.76302309389467
22.281000802759085 175.51041666666666
22.287000802811235 331.2883526837384
22.29300080286339 486.32043909143516
22.299000802915543 761.8960300021702
22.305000802967694 1006.1983439127604
22.31100080301985 1103.4845015914352
22.317000803072006 1156.3714916087963
22.32300080312416 1173.11508291739
22.329000803176314 1179.7850613064236
22.335000803228468 1179.6169275354457
22.34100080328062 1179.0383662471065
22.347000803332776 1166.2621324327256
22.35300080338493 1110.364474826389
22.359000803437084 1040.7317900481048
22.36500080348924 909.6708023636429
22.371000803541392 783.2557553891783
22.377000803593546 650.7669372558594
22.3830008036457 408.1866929796007
22.389000803697854 260.11705977828416
22.39500080375001 147.37011492693867
22.401000803802162 76.86294781720197
22.407000803854316 59.776486997251155
22.41300080390647 45.48775114836516
22.419000803958625 41.78329580801505
22.42500080401078 34.08803417064525
22.431000804062936 25.960905852141202
22.437000804115087 29.47924578631366
22.44300080416724 23.112230088975693
22.449000804219395 17.653450294777198
22.455000804271545 21.684788456669562
22.461000804323703 14.160526982060185
22.467000804375857 10.87355211046007
22.47300080442801 14.585549813729745
22.479000804480165 10.059939914279514
22.48500080453232 7.288894088179977
22.491000804584473 9.169777199074074
22.497000804636627 10.91438462999132
22.50300080468878 7.697723388671875
22.509000804740936 11.750543665002894
22.515000804793093 14.762296323423032
22.521000804845244 10.473678023726851
22.527000804897398 13.450150101273149
22.533000804949552 13.559729682074654
22.539000805001706 10.380460385923032
22.54500080505386 15.600605152271411
22.551000805106014 18.659254286024307
22.557000805158168 16.59831181278935
22.563000805210322 20.240324797453702
22.569000805262476 21.510774965639467
22.57500080531463 21.20765968605324
22.581000805366788 23.3316650390625
22.58700080541894 29.298266375506365
22.593000805471092 25.36472122757523
22.599000805523247 32.49599767614294
22.605000805575397 42.252328378182874
22.611000805627555 39.624901665581596
22.61700080567971 43.1340252911603
22.623000805731863 53.18612896954572
22.629000805784017 47.04877726236979
22.63500080583617 54.423220033998845
22.641000805888325 57.012413872612846
22.64700080594048 55.4586181640625
22.653000805992633 54.14717271592882
22.659000806044787 55.11748250325521
22.665000806096945 50.83722375940393
22.671000806149095 46.62279821325232
22.67700080620125 44.51495813440393
22.683000806253403 39.084633156105326
22.689000806305557 34.01201375325521
22.69500080635771 32.028649224175346
22.701000806409866 28.110153763382524
22.70700080646202 23.217222990813077
22.713000806514174 23.673221164279514
22.719000806566328 22.39260299117477
22.725000806618482 15.581122504340279
22.73100080667064 19.156960946542245
22.73700080672279 17.446333143446182
22.743000806774944 13.724685103804976
22.749000806827098 18.96142578125
22.75500080687925 17.29485179759838
22.761000806931406 17.310466625072337
22.76700080698356 14.422604031032986
22.773000807035714 16.531079327618635
22.77900080708787 13.091035065827546
22.785000807140023 13.177910698784721
22.791000807192177 14.808930573640046
22.79700080724433 9.954167118778935
22.803000807296485 10.138666223596644
22.80900080734864 14.715151186342593
22.815000807400796 9.587152551721644
22.821000807452947 9.22834947374132
22.8270008075051 12.39327663845486
22.833000807557255 12.090076587818286
22.83900080760941 9.309951217086226
22.845000807661563 15.286248101128471
22.851000807713717 21.109317355685764
22.85700080776587 28.591013590494793
22.863000807818025 41.32481440791377
22.86900080787018 53.242379647714124
