m1-67/data/jwst-miri-mrs/wr124-miri-spec-ch4.ecsv
# %ECSV 1.0
# ---
# datatype:
# - {name: Wavelength, unit: micron, datatype: float64}
# - {name: Star, unit: MJy / sr, datatype: float64}
# - {name: Knot A, unit: MJy / sr, datatype: float64}
# - {name: BG A1, unit: MJy / sr, datatype: float64}
# - {name: BG A2, unit: MJy / sr, datatype: float64}
# - {name: Knot B, unit: MJy / sr, datatype: float64}
# - {name: BG B1, unit: MJy / sr, datatype: float64}
# - {name: BG B2, unit: MJy / sr, datatype: float64}
# meta: !!omap
# - __serialized_columns__:
#     BG A1:
#       __class__: astropy.units.quantity.Quantity
#       unit: !astropy.units.Unit {unit: MJy / sr}
#       value: !astropy.table.SerializedColumn {name: BG A1}
#     BG A2:
#       __class__: astropy.units.quantity.Quantity
#       unit: !astropy.units.Unit {unit: MJy / sr}
#       value: !astropy.table.SerializedColumn {name: BG A2}
#     BG B1:
#       __class__: astropy.units.quantity.Quantity
#       unit: !astropy.units.Unit {unit: MJy / sr}
#       value: !astropy.table.SerializedColumn {name: BG B1}
#     BG B2:
#       __class__: astropy.units.quantity.Quantity
#       unit: !astropy.units.Unit {unit: MJy / sr}
#       value: !astropy.table.SerializedColumn {name: BG B2}
#     Knot A:
#       __class__: astropy.units.quantity.Quantity
#       unit: !astropy.units.Unit {unit: MJy / sr}
#       value: !astropy.table.SerializedColumn {name: Knot A}
#     Knot B:
#       __class__: astropy.units.quantity.Quantity
#       unit: !astropy.units.Unit {unit: MJy / sr}
#       value: !astropy.table.SerializedColumn {name: Knot B}
#     Star:
#       __class__: astropy.units.quantity.Quantity
#       unit: !astropy.units.Unit {unit: MJy / sr}
#       value: !astropy.table.SerializedColumn {name: Star}
#     Wavelength:
#       __class__: astropy.coordinates.spectral_coordinate.SpectralCoord
#       unit: !astropy.units.Unit {unit: micron}
#       value: !astropy.table.SerializedColumn {name: Wavelength}
# schema: astropy-2.0
Wavelength Star "Knot A" "BG A1" "BG A2" "Knot B" "BG B1" "BG B2"
17.70300076296553 2612.0511881510415 472.5244140625 250.579345703125 297.8134765625 336.9262440999349 151.00086466471353 183.9908701578776
17.709000763017684 2774.6336263020835 480.8841603597005 257.4404525756836 293.7922821044922 327.18628946940106 140.74358113606772 176.22986857096353
17.71500076306984 2804.692138671875 475.9034118652344 244.94903564453125 293.5923767089844 330.32776896158856 139.8712412516276 177.59410349527994
17.721000763121992 2649.1196967230903 482.2743631998698 248.55431620279947 299.9687245686849 328.72735087076825 147.82181294759116 172.31262715657553
17.727000763174146 2731.040540907118 477.9286193847656 244.33600107828775 297.4370371500651 334.76585388183594 142.7718302408854 172.31128692626953
17.7330007632263 2785.748765733507 486.90807088216144 248.70601908365884 294.54747517903644 333.5853322347005 150.23489888509116 172.80740865071616
17.739000763278455 2798.1562228732637 485.8801778157552 245.30763244628906 292.6991475423177 333.78370666503906 146.6587880452474 173.4618708292643
17.74500076333061 2803.521931966146 478.7698059082031 244.2434107462565 291.9805857340495 334.1136983235677 138.633425394694 174.97792307535806
17.751000763382763 2780.6522216796875 481.5022328694661 242.47767639160156 300.1785380045573 330.2156626383464 141.5696055094401 179.98399098714194
17.757000763434917 2773.314303927951 475.5596211751302 247.01658630371094 298.5703633626302 336.58721415201825 135.79640197753906 175.24247233072916
17.76300076348707 2759.9105767144097 485.06227620442706 241.80625661214194 298.6097869873047 324.424809773763 140.9430389404297 172.7951889038086
17.769000763539225 2754.98828125 488.8968149820964 249.02296447753906 296.23427327473956 326.50958251953125 142.5473887125651 182.59725697835287
17.77500076359138 2777.1153428819443 482.21714274088544 251.24762725830078 303.3746744791667 334.06578572591144 146.17821248372397 183.3019994099935
17.781000763643533 2762.993910047743 481.85780843098956 251.58044942220053 301.1376444498698 326.7777048746745 148.1231943766276 177.05609130859375
17.787000763695687 2743.5755479600693 488.1355743408203 249.16770935058594 299.03908284505206 340.0336405436198 151.36883544921875 185.04369608561197
17.79300076374784 2774.0064290364585 491.9333750406901 253.02208455403647 302.93329366048175 337.69362386067706 153.1805419921875 182.83948771158853
17.799000763799995 2760.9854329427085 494.9154815673828 253.077392578125 301.72638448079425 337.05738321940106 153.8044891357422 181.67178599039713
17.80500076385215 2752.3908013237847 488.61053975423175 249.1661580403646 307.8651173909505 337.048583984375 144.54210408528647 182.88125610351562
17.811000763904303 2792.953559027778 491.0332895914714 257.3860321044922 306.0819956461589 335.9080505371094 145.6640370686849 185.22794342041016
17.817000763956457 2748.7404513888887 491.1207021077474 254.70468393961588 304.1142985026042 335.8563232421875 149.9228261311849 193.38819885253906
17.82300076400861 2788.7568088107637 496.5604502360026 251.93341318766275 306.2887420654297 339.3395080566406 148.66187032063803 183.02278645833334
17.829000764060766 2735.90283203125 494.0466003417969 254.0136286417643 302.21144612630206 342.59625752766925 146.33332316080728 184.6493682861328
17.83500076411292 2781.2470974392363 486.07884724934894 255.25315602620444 310.26881408691406 336.2256317138672 150.0157725016276 180.47056325276694
17.841000764165074 2763.0155571831597 493.2887929280599 253.85570780436197 307.3223368326823 345.58887736002606 150.27101135253906 183.09332784016928
17.847000764217228 2771.6181369357637 491.79770914713544 256.1956303914388 300.60377502441406 336.4726053873698 152.30699157714844 181.41868845621744
17.85300076426938 2798.261705186632 492.15443420410156 252.16976674397787 308.7814025878906 336.99717712402344 148.06045532226562 181.10159047444662
17.859000764321536 2870.955417209201 496.3215586344401 245.9166005452474 303.5142415364583 338.98370869954425 150.90104166666666 185.12559509277344
17.86500076437369 2870.3568115234375 508.9127960205078 262.2844518025716 309.55230204264325 339.4546203613281 143.3584442138672 183.00952657063803
17.871000764425844 2860.128607855903 497.63722229003906 259.2996139526367 314.2594045003255 337.640869140625 149.53729756673178 184.67064921061197
17.877000764477998 2786.5562337239585 499.4750518798828 260.59825388590497 307.9644266764323 326.14178466796875 139.7443593343099 184.3120574951172
17.883000764530152 2781.920600043403 500.3789367675781 261.77049255371094 314.4988962809245 344.47235616048175 144.45629374186197 192.3214111328125
17.889000764582306 2819.4356553819443 525.8208058675131 288.7643686930339 338.4262288411458 384.8817850748698 170.33239237467447 220.17157236735025
17.89500076463446 2942.6053331163193 657.2234395345052 392.50006103515625 430.26857503255206 495.21571858723956 246.3555704752604 289.8239974975586
17.901000764686614 2873.094007703993 557.1073404947916 306.9214833577474 353.32781473795575 379.52146402994794 177.4759979248047 229.35935719807944
17.90700076473877 2845.611531575521 506.99505106608075 263.8636194864909 311.34571329752606 334.38153076171875 150.91338602701822 186.9758326212565
17.913000764790922 2837.6932508680557 503.88153076171875 262.8422215779622 315.91656494140625 340.94301350911456 164.7033945719401 191.27129618326822
17.919000764843076 2842.3189154730903 493.41126505533856 250.70547993977866 321.52863057454425 341.0087585449219 150.56556701660156 185.82754770914713
17.92500076489523 2857.384480794271 503.4343973795573 252.97451527913412 309.0679066975911 337.3725128173828 157.0999298095703 186.6329116821289
17.931000764947385 2842.599378797743 502.80885823567706 257.2763188680013 312.8254038492839 342.5779520670573 154.13653564453125 184.6980234781901
17.93700076499954 2747.1122775607637 503.2384999593099 262.65232340494794 308.8077036539714 341.9337514241536 154.97449239095053 190.6995620727539
17.943000765051693 2742.9532470703125 664.090830485026 315.92750295003253 344.2193145751953 397.01011149088544 169.9865519205729 205.28873189290366
17.949000765103847 2674.117431640625 618.1500752766927 299.3319600423177 336.5755920410156 382.3029276529948 166.26684061686197 201.45779164632162
17.955000765156 2732.0996771918403 503.7483673095703 258.5764846801758 311.511967976888 340.92958577473956 151.0083770751953 185.6691869099935
17.961000765208155 2756.253214518229 507.16925557454425 261.96856689453125 302.4812978108724 330.7537790934245 157.51079305013022 183.06786346435547
17.96700076526031 2761.490980360243 491.6156005859375 252.09219106038412 300.6519521077474 347.5164794921875 153.65335591634116 193.04363250732422
17.973000765312463 2679.7393934461807 499.6343994140625 258.42015838623047 307.0738983154297 343.26715087890625 161.46212768554688 191.59749348958334
17.979000765364617 2732.3378228081597 500.2951914469401 251.31758880615234 308.78273518880206 345.6587727864583 154.0570526123047 192.71733856201172
17.98500076541677 2694.915378146701 496.17009989420575 253.32705942789713 308.39964803059894 338.4357554117839 147.5767364501953 193.2146759033203
17.991000765468925 2724.4905870225693 492.2172139485677 257.53138732910156 311.89292399088544 352.9094950358073 144.9582265218099 191.90582021077475
17.99700076552108 2740.989447699653 504.3680165608724 268.3551788330078 313.38063557942706 349.53272501627606 147.31951395670572 190.15826670328775
18.003000765573233 2740.953816731771 502.5057830810547 262.7574106852214 308.8723653157552 334.82285563151044 154.97984313964844 187.48993937174478
18.009000765625387 2774.454833984375 504.1832224527995 262.7311655680339 316.00416564941406 337.65155537923175 152.47016398111978 196.4085439046224
18.01500076567754 2790.906453450521 504.7468007405599 259.28218841552734 313.57130940755206 342.1454162597656 153.48126729329428 193.4353001912435
18.021000765729696 2808.9806450737847 497.57228088378906 259.9910151163737 309.41932678222656 342.185785929362 159.3597869873047 189.9623540242513
18.02700076578185 2811.8833685980903 501.72295633951825 254.07230377197266 303.4918975830078 349.13609822591144 160.4671173095703 195.80357869466147
18.033000765834004 2844.210055881076 509.3040720621745 264.21814219156903 322.45843505859375 351.19615681966144 154.47771199544272 198.24499003092447
18.039000765886158 2817.0728759765625 503.29180399576825 267.5226567586263 319.78241475423175 351.2284647623698 158.37640380859375 201.99263763427734
18.045000765938312 2715.241550021701 510.71937561035156 265.50833892822266 317.10707092285156 359.28859456380206 162.68915812174478 198.3479487101237
18.051000765990466 2822.924519856771 509.5844421386719 258.3060557047526 316.4507344563802 356.2168375651042 158.7466583251953 196.93600463867188
18.057000766042616 2849.031684027778 510.7367858886719 263.2961883544922 317.23134358723956 354.6863606770833 150.77173360188803 202.7401885986328
18.063000766094774 2830.973103841146 508.651606241862 262.8041534423828 318.49659729003906 348.0384114583333 153.32106018066406 196.38519795735678
18.069000766146928 2860.276272243924 514.999766031901 277.106938680013 309.7040252685547 349.7264912923177 153.75401814778647 198.121337890625
18.075000766199082 2827.399074978299 510.72010294596356 263.6671193440755 320.67832438151044 347.9500427246094 156.70206197102866 199.05936177571616
18.081000766251236 2903.5993381076387 517.7648874918619 273.8959681193034 326.397944132487 354.6449890136719 164.59805806477866 199.61419677734375
18.08700076630339 2876.1060791015625 522.2422129313151 269.2527364095052 323.6947275797526 357.2853597005208 154.04000345865884 194.45708974202475
18.093000766355544 2877.2854682074653 525.1219024658203 274.16398366292316 317.0142466227214 344.42799886067706 151.08307393391928 202.42019907633463
18.0990007664077 2773.90673828125 520.4461619059244 271.6953659057617 324.58469645182294 352.7550557454427 159.4262440999349 202.31634521484375
18.105000766459852 2821.861382378472 528.8424275716146 269.45100657145184 333.11920674641925 353.4053141276042 154.85508728027344 202.3135986328125
18.111000766512007 2852.146470811632 522.3864491780599 270.6270395914714 337.5137888590495 353.35117594401044 156.01514689127603 204.69049326578775
18.11700076656416 2838.680948893229 521.3639119466146 276.9420649210612 344.60869852701825 349.78957112630206 163.25397745768228 206.6861775716146
18.123000766616315 2753.563978407118 507.99107869466144 275.312006632487 325.6202901204427 345.57765706380206 164.3074747721354 196.1512247721354
18.12900076666847 2762.2919243706597 522.7091267903646 277.9853006998698 326.3453674316406 346.62855021158856 168.33846537272134 199.16888427734375
18.135000766720623 2760.0140516493057 524.3488210042318 276.4067611694336 332.6890563964844 353.5064290364583 156.9151814778646 199.8983942667643
18.141000766772777 2771.8685167100693 518.0999247233073 278.45569101969403 333.6382598876953 357.90732828776044 165.60917154947916 210.59381612141928
18.14700076682493 2762.870619032118 512.9730936686198 269.3548049926758 325.0490010579427 356.88404337565106 158.52053833007812 198.10187276204428
18.153000766877085 2718.282267252604 512.8274943033854 276.4446080525716 319.5272267659505 353.94822184244794 159.90949503580728 202.8808110555013
18.15900076692924 2693.3489447699653 505.98329671223956 271.66852315266925 324.2002360026042 347.5799967447917 157.43844095865884 200.3329594930013
18.165000766981393 2709.6690673828125 517.5031585693359 276.72825622558594 330.8114776611328 345.53989664713544 159.2602996826172 205.31773122151694
18.171000767033547 2703.871039496528 508.75196838378906 268.3340759277344 329.2203725179036 348.6810811360677 157.5272979736328 212.36925760904947
18.1770007670857 2745.3605143229165 516.6075337727865 276.01731872558594 332.4574228922526 353.4358215332031 168.33570353190103 206.804562886556
18.183000767137855 2712.3445909288193 525.5585327148438 275.69129435221356 326.90195719401044 353.7365010579427 157.7940877278646 200.4149653116862
18.18900076719001 2727.590047200521 528.341318766276 275.47887929280597 333.4986572265625 361.73651123046875 164.69132486979166 199.03739166259766
18.195000767242163 2650.0097927517363 523.2365976969401 279.9722442626953 322.8027750651042 356.20758056640625 157.11724344889322 197.1153793334961
18.201000767294317 2735.2091606987847 525.6700998942057 276.04549407958984 330.24997965494794 357.48084513346356 154.92628479003906 201.13427734375
18.207000767346468 2708.1919623480903 531.6074727376302 277.68591562906903 330.5441640218099 344.7325490315755 161.62869771321616 196.79996744791666
18.213000767398626 2731.976616753472 530.9058176676432 289.409174601237 322.94886779785156 358.65062459309894 162.75836181640625 199.23728688557944
18.21900076745078 2704.7418077256943 511.15497334798175 280.2253824869792 329.6919199625651 360.8792215983073 157.1612091064453 204.82412465413412
18.225000767502934 2722.083645290799 527.6833190917969 278.86341603597003 336.6189880371094 360.39560953776044 174.66399129231772 202.94696299235025
18.231000767555088 2691.970458984375 522.1065419514974 278.5929819742839 323.285161336263 350.2938944498698 174.68359375 205.89979044596353
18.237000767607242 2699.7688259548613 520.7091827392578 281.6396840413411 325.4740244547526 361.24167887369794 161.27467346191406 202.7469228108724
18.243000767659396 2689.739651150174 516.9374338785807 280.2684504191081 326.90564982096356 356.403076171875 167.32363891601562 200.11879221598306
18.24900076771155 2705.759955512153 530.8265380859375 278.7148691813151 330.0326334635417 357.0872395833333 176.11383056640625 206.54296366373697
18.255000767763704 2693.0638970269097 524.2618153889974 276.6251576741536 323.82851155598956 372.53895060221356 161.03887430826822 207.91812388102213
18.261000767815858 2707.052300347222 531.0943654378256 283.2833023071289 323.4533437093099 372.1439514160156 161.06866963704428 208.55622100830078
18.267000767868012 2719.6676161024307 529.8349863688151 282.7373224894206 338.7374725341797 357.34617106119794 156.48399353027344 203.40845489501953
18.273000767920166 2702.091010199653 532.0029093424479 276.4885533650716 338.7761739095052 348.8972473144531 161.86785888671875 206.62592061360678
18.27900076797232 2713.7333306206597 521.7959747314453 276.7076670328776 341.87957255045575 358.19068400065106 161.85294596354166 207.85946909586588
18.285000768024474 2699.856106228299 525.5581105550131 280.7091700236003 332.7236328125 360.00403849283856 160.63309224446616 203.98006693522134
18.29100076807663 2636.9118381076387 518.6817423502604 280.3754119873047 331.50494384765625 356.55702718098956 155.99537150065103 210.2722625732422
18.297000768128783 2716.148830837674 526.4313608805338 282.3811620076497 332.9564666748047 357.9590657552083 158.72122192382812 209.63892110188803
18.303000768180937 2703.565931532118 534.128651936849 275.4021682739258 341.4129587809245 370.2133076985677 161.62711079915366 214.8967310587565
18.30900076823309 2698.898830837674 531.8327992757162 288.58277130126953 333.0923258463542 363.47267659505206 158.5257771809896 204.13064829508463
18.315000768285245 2677.1027018229165 525.3726247151693 275.85741424560547 328.1289978027344 372.3154296875 173.1260528564453 211.4257837931315
18.3210007683374 2718.383884006076 537.6880035400391 276.1974563598633 329.6999257405599 378.12535603841144 167.3186289469401 208.18270111083984
18.327000768389553 2688.325249565972 533.8302103678385 278.55653889973956 335.97776285807294 373.9123128255208 164.05506896972656 214.304812113444
18.333000768441707 2693.813435872396 532.9479217529297 285.0025151570638 335.96583557128906 381.8586018880208 177.3624013264974 216.78639221191406
18.33900076849386 2731.999959309896 534.4410298665365 284.3577702840169 330.95460510253906 373.4503885904948 167.3606719970703 206.57102966308594
18.345000768546015 2647.5072970920137 530.6678212483724 285.5930989583333 333.8958435058594 368.09507242838544 167.1073964436849 214.59244028727213
