m1-67/data/jwst-miri-mrs/wr124-miri-mrs-ch3-star-line-spectrum.ecsv
# %ECSV 1.0
# ---
# datatype:
# - {name: Wavelength, unit: micron, datatype: float64}
# - {name: Intensity, datatype: float64}
# meta: !!omap
# - __serialized_columns__:
#     Wavelength:
#       __class__: astropy.units.quantity.Quantity
#       unit: !astropy.units.Unit {unit: micron}
#       value: !astropy.table.SerializedColumn {name: Wavelength}
# schema: astropy-2.0
Wavelength Intensity
[from data line 1285]
14.763750118901951 193.12319837297713
14.766250118846072 176.38657815115792
14.768750118790193 166.53595733642578
14.771250118734313 164.4861777169364
14.773750118678434 158.2622549874442
14.776250118622556 150.66715349469865
14.778750118566675 150.5346908569336
14.781250118510796 150.73612322126115
14.783750118454916 157.07909502301897
14.786250118399037 162.0056610107422
14.788750118343158 169.5835222516741
14.791250118287278 185.4744382585798
14.793750118231399 197.1063995361328
14.79625011817552 204.83240509033203
14.79875011811964 220.13050733293807
14.801250118063761 227.58364759172713
14.803750118007882 238.34613582066126
14.806250117952002 255.7390365600586
14.808750117896123 259.21068899972096
14.811250117840244 274.18331364222934
14.813750117784364 274.88318416050504
14.816250117728485 277.28887721470426
14.818750117672607 279.29347446986606
14.821250117616726 279.65343802315846
14.823750117560847 276.44806126185824
14.826250117504967 276.27877371651783
14.828750117449088 268.80918666294644
14.831250117393209 256.18226841517856
14.83375011733733 245.16907283238
14.83625011728145 233.02477809361048
14.83875011722557 227.9440863473075
14.841250117169691 215.8377914428711
14.843750117113812 208.82805633544922
14.846250117057933 202.2224404471261
14.848750117002053 196.92318616594588
14.851250116946174 191.40843200683594
14.853750116890295 185.45552607945032
14.856250116834415 179.85257393973214
14.858750116778536 174.20353153773718
14.861250116722658 169.34909166608537
14.863750116666777 167.07417515345983
14.866250116610898 168.15448760986328
14.868750116555018 168.13285500662667
14.871250116499139 168.34867095947266
14.873750116443258 168.36048017229353
14.87625011638738 163.9190913609096
14.878750116331503 162.9142586844308
14.881250116275622 167.44410160609655
14.883750116219742 165.72457013811385
14.886250116163863 162.96524810791016
14.888750116107984 171.9846409388951
14.891250116052104 174.58384595598494
14.893750115996225 170.19959586007255
14.896250115940346 170.75154658726282
14.898750115884466 169.64948054722376
14.901250115828587 175.87258802141463
14.903750115772707 174.39136069161552
14.906250115716828 178.86919403076172
14.908750115660949 185.17066083635603
14.91125011560507 189.71268899100167
14.91375011554919 194.78759765625
14.91625011549331 204.71512385777064
14.918750115437431 213.6853016444615
14.921250115381554 221.98889378138952
14.923750115325673 230.6893070765904
14.926250115269793 239.3515897478376
14.928750115213914 266.83784048897877
14.931250115158035 296.0178233555385
14.933750115102155 325.27507455008373
14.936250115046276 345.69332449776783
14.938750114990398 389.3519832066127
14.941250114934517 436.6209204537528
14.943750114878638 490.76522282191684
14.946250114822758 528.4675805228097
14.948750114766879 553.5188456944057
14.951250114711 573.3230122157505
14.95375011465512 593.2269014630999
14.956250114599241 603.6776395525251
14.958750114543362 604.8820201328823
14.961250114487482 604.1386511666434
14.963750114431603 603.1852493286133
14.966250114375724 603.478889465332
14.968750114319844 596.9113475254604
14.971250114263965 593.84508732387
14.973750114208086 589.1467841012137
14.976250114152204 576.5316412789481
14.978750114096327 568.1210098266602
14.98125011404045 548.1873986380441
14.983750113984568 521.2009604317801
14.986250113928689 503.38524736676897
14.98875011387281 462.3457238333566
14.99125011381693 415.4925646100725
14.99375011376105 373.21000017438615
14.996250113705171 334.4308744158064
14.998750113649292 286.3272487095424
15.001250113593413 258.6791207449777
15.003750113537533 230.82428196498327
15.006250113481654 214.06332942417689
15.008750113425775 197.64681570870536
15.011250113369895 178.42010934012276
15.013750113314016 167.73690250941686
15.016250113258137 159.71957179478235
15.018750113202257 151.59278760637557
15.021250113146378 143.40064566476005
15.0237501130905 134.57185690743583
15.026250113034619 133.13343048095703
15.02875011297874 126.16891152518136
15.03125011292286 123.39581843784877
15.033750112866981 118.29565865652901
15.0362501128111 114.47870091029576
15.038750112755222 111.48565564836774
15.041250112699345 102.44878278459821
15.043750112643464 104.01095581054688
15.046250112587584 111.81882149832589
15.048750112531705 107.86622401646206
15.051250112475826 100.83318873814174
15.053750112419946 95.32769557407924
15.056250112364067 93.8591068812779
15.058750112308187 88.63626534598214
15.061250112252308 83.73362186976841
15.063750112196429 84.6673115321568
15.06625011214055 83.62705884660993
15.06875011208467 79.72147151402065
15.07125011202879 77.36128234863281
15.073750111972911 75.41850062779018
15.076250111917032 76.67135729108539
15.07875011186115 75.65153285435268
15.081250111805273 77.12700762067523
15.083750111749396 83.3389423915318
15.086250111693515 80.22392054966518
15.088750111637635 82.54117693219867
15.091250111581756 78.56051417759487
15.093750111525877 76.77262115478516
15.096250111469997 77.80091966901507
15.098750111414118 80.18715558733258
15.101250111358238 82.47987474714007
15.10375011130236 86.7486812046596
15.10625011124648 87.53936549595424
15.1087501111906 90.17316327776227
15.111250111134721 92.03865923200335
15.113750111078842 90.50893184116909
15.116250111022962 93.61207253592355
15.118750110967083 92.94044276646206
15.121250110911204 100.32249123709542
15.123750110855324 103.76735142299107
15.126250110799445 104.62949589320591
15.128750110743566 103.44222150530133
15.131250110687686 100.04102870396206
15.133750110631807 102.24307250976562
15.136250110575928 105.25567299979073
15.138750110520046 106.25774601527623
15.141250110464169 103.9458498273577
15.143750110408291 115.92820085797992
15.14625011035241 114.07006181989398
15.14875011029653 114.75596073695591
15.151250110240651 113.144289289202
15.153750110184772 114.39582824707031
15.156250110128893 112.22570146833148
15.158750110073013 115.73876299176898
15.161250110017134 113.54086412702289
15.163750109961255 125.59786442347935
15.166250109905375 134.68299865722656
15.168750109849496 136.65868268694197
15.171250109793617 143.6617431640625
15.173750109737737 152.43756539481026
15.176250109681858 171.79596601213728
15.178750109625978 178.58106122698103
15.1812501095701 187.24712371826172
15.18375010951422 194.07486397879464
15.186250109458342 203.81978934151786
15.188750109402461 221.4803968157087
15.191250109346582 226.65179116385323
15.193750109290702 229.92997414725167
15.196250109234823 241.26658848353796
15.198750109178942 247.24962288992745
15.201250109123064 249.6354272024972
15.203750109067185 256.2777437482561
15.206250109011306 261.8964091709682
15.208750108955426 260.82557896205356
15.211250108899547 255.11487797328405
15.213750108843668 243.4943607875279
15.216250108787788 233.84676252092635
15.218750108731909 227.49968065534318
15.22125010867603 221.41199057442802
15.22375010862015 216.53245217459542
15.22625010856427 192.0960453578404
15.228750108508391 190.77034541538782
15.231250108452512 186.51013837541853
15.233750108396633 179.6506336757115
15.236250108340753 164.80037689208984
15.238750108284874 159.71980176653182
15.241250108228993 150.8909465244838
15.243750108173115 149.5825184413365
15.246250108117238 137.2853524344308
15.248750108061357 125.1179667881557
15.251250108005477 123.11643763950893
15.253750107949598 119.95499311174665
15.256250107893718 115.34968784877232
15.25875010783784 108.40692792619977
15.26125010778196 105.9466084071568
15.263750107726082 109.6523666381836
15.2662501076702 109.12345777239118
15.268750107614322 109.82887377057757
15.271250107558442 102.29659489222935
15.273750107502561 98.77789197649274
15.276250107446684 97.38981628417969
15.278750107390804 99.36723327636719
15.281250107334927 96.4869635445731
15.283750107279044 96.7896499633789
15.286250107223166 104.24253518240792
15.288750107167287 101.98244912283761
15.291250107111406 103.17955671037946
15.293750107055528 92.74203818184989
15.296250106999649 92.17409079415458
15.298750106943771 93.93700190952846
15.301250106887888 96.75295802525112
15.30375010683201 93.88529859270368
15.306250106776133 89.65666089739118
15.30875010672025 88.11453247070312
15.311250106664373 89.71120779854911
15.313750106608493 83.79809461321149
15.316250106552616 74.28719547816685
15.318750106496735 72.62336948939732
15.321250106440855 74.04734366280692
15.323750106384978 76.88372257777623
15.326250106329095 78.42568097795758
15.328750106273217 71.18699319022042
15.331250106217338 61.32374245779855
15.33375010616146 56.74480874197824
15.33625010610558 57.42284829275949
15.3387501060497 55.72724805559431
15.341250105993822 47.20370701381138
15.34375010593794 45.9765374319894
15.346250105882062 47.56970541817801
15.348750105826184 49.65495845249721
15.351250105770301 45.975946698869976
15.353750105714424 41.55228206089565
15.356250105658544 44.93449074881418
15.358750105602663 49.72601536342076
15.361250105546784 55.65051487513951
15.363750105490906 55.10856192452567
15.366250105435029 57.43743787493025
15.36875010537915 60.11703382219587
15.371250105323268 60.5268064226423
15.373750105267389 65.53792790004185
15.376250105211508 63.86865997314453
15.37875010515563 64.36089760916573
15.38125010509975 69.11453792027065
15.383750105043873 76.89122118268695
15.38625010498799 94.1483906337193
15.388750104932113 94.03162493024554
15.391250104876233 95.09228406633649
15.393750104820352 90.64209311349052
15.396250104764475 89.56363895961216
15.398750104708595 86.06936318533761
15.401250104652718 79.11077771868024
15.403750104596835 75.21920885358539
15.406250104540957 73.30427769252232
15.40875010448508 66.76618085588727
15.411250104429197 63.58637564522879
15.41375010437332 65.27661895751953
15.41625010431744 70.34945678710938
15.418750104261562 69.33043561662946
15.421250104205681 71.11466217041016
15.423750104149802 69.96338326590401
15.426250104093924 70.72782026018415
15.428750104038041 69.03592681884766
15.431250103982164 67.6387459891183
15.433750103926284 67.54911586216518
15.436250103870407 78.57704598563058
15.438750103814526 91.03128596714565
15.441250103758646 96.65331377301898
15.443750103702765 104.64223262241909
15.446250103646886 123.5040305001395
15.448750103591008 131.2639443533761
15.451250103535129 135.05057961600167
15.453750103479251 145.6240005493164
15.45625010342337 149.1165499005999
15.45875010336749 158.192992074149
15.46125010331161 170.10788072858537
15.46375010325573 179.21687970842635
15.466250103199853 180.96569279262
15.468750103143975 180.82104274204798
15.471250103088096 180.4453179495675
15.473750103032215 184.31931849888392
15.476250102976335 187.32198878696985
15.478750102920454 182.67381613595145
15.481250102864577 178.97278376988
15.483750102808697 176.4965831211635
15.48625010275282 167.309077671596
15.488750102696937 165.95752171107702
15.49125010264106 162.8233152117048
15.49375010258518 152.23192269461495
15.496250102529299 149.53490230015345
15.498750102473421 141.52443477085657
15.501250102417542 138.58832114083427
15.503750102361664 142.54234749930245
15.506250102305781 143.56500244140625
15.508750102249904 154.03958129882812
15.511250102194026 160.2891802106585
15.513750102138143 164.07008252825057
15.516250102082266 169.74564470563615
15.518750102026386 178.01974596296037
15.521250101970509 187.13026101248605
15.523750101914626 200.57972935267858
15.526250101858748 227.01604461669922
15.52875010180287 249.18473924909318
15.531250101746988 278.7037898472377
15.53375010169111 316.15897587367465
15.53625010163523 348.47871834891185
15.538750101579353 382.24959782191684
15.541250101523472 406.14630235944475
15.543750101467593 416.4818660191127
15.546250101411712 423.10117885044644
15.548750101355832 432.338746207101
15.551250101299955 436.43394688197543
15.553750101244075 443.3488551548549
15.556250101188198 450.5184086390904
15.558750101132317 455.2741938999721
15.561250101076437 460.46949550083707
15.563750101020556 461.9219000680106
15.566250100964677 462.2630593436105
15.5687501009088 457.37343052455356
15.571250100852922 452.3394884381975
15.573750100797042 443.0512488228934
15.576250100741161 419.4220079694475
15.578750100685282 403.1927054268973
15.5812501006294 399.96909768240795
15.583750100573523 391.98752158028736
15.586250100517644 376.8937868390764
15.588750100461766 360.13477870396207
15.591250100405883 343.2852478027344
15.593750100350006 310.3772942679269
15.596250100294126 265.10923658098494
15.598750100238245 229.0763201032366
15.601250100182368 200.20227704729353
15.603750100126488 187.51211438860213
15.60625010007061 180.27923692975725
15.608750100014728 171.26629965645927
15.61125009995885 159.9258324759347
15.61375009990297 152.3404257638114
15.61625009984709 143.3235811505999
15.618750099791212 134.08074515206474
15.621250099735333 128.56219591413225
15.623750099679455 120.20878601074219
15.626250099623572 124.28488377162388
15.628750099567695 119.41247122628349
15.631250099511817 114.07603018624442
15.633750099455934 112.17320796421596
15.636250099400057 107.79410008021763
15.638750099344177 108.12713187081474
15.6412500992883 104.5425534929548
15.643750099232419 102.59470803397042
15.64625009917654 98.10834285191127
15.648750099120658 93.65010833740234
15.651250099064779 93.82354409354073
15.653750099008901 87.21780068533761
15.656250098953022 84.57439204624721
15.658750098897144 79.6222643171038
15.661250098841263 80.7051751273019
15.663750098785384 85.74129268101284
15.666250098729503 89.13554055350167
15.668750098673623 82.94630759102958
15.671250098617746 89.3115234375
15.673750098561868 89.69954245431083
15.676250098505989 87.49576568603516
15.678750098450108 87.19846017020089
15.681250098394228 88.34558650425502
15.683750098338347 89.67900848388672
15.68625009828247 89.19668797084263
15.68875009822659 87.61775643484933
15.691250098170713 85.7676021030971
15.69375009811483 84.18437194824219
15.696250098058952 81.2772456577846
15.698750098003073 83.81435721261161
15.701250097947192 85.90518406459263
15.703750097891314 82.53054809570312
15.706250097835435 85.5951647077288
15.708750097779557 87.90297372000558
15.711250097723674 84.53315189906529
15.713750097667797 84.20460292271206
15.716250097611917 84.38265664236886
15.718750097556036 81.75268445696149
15.721250097500159 84.38970184326172
15.72375009744428 78.12016841343471
15.726250097388402 73.15850830078125
15.728750097332519 76.884765625
15.731250097276641 78.62898690359933
15.733750097220764 76.02889796665737
15.73625009716488 72.86793300083706
15.738750097109003 74.91428920200893
15.741250097053124 79.14002445765904
15.743750096997246 80.52128165108817
15.746250096941365 79.14139011928013
15.748750096885486 75.13387516566685
15.751250096829608 86.27848488943917
15.753750096773725 90.24440111432757
15.756250096717848 88.53696986607143
15.758750096661968 91.03129141671317
15.76125009660609 94.31006186349052
15.76375009655021 99.88462611607143
15.76625009649433 108.35350254603794
15.768750096438449 106.86024257114956
15.77125009638257 104.60464259556362
15.773750096326692 111.59275926862445
15.776250096270815 125.47504098074776
15.778750096214935 137.65094103131975
15.781250096159054 145.94699641636439
15.783750096103175 161.7061723981585
15.786250096047294 171.0770525251116
15.788750095991414 193.6712602887835
15.791250095935537 206.9158935546875
15.793750095879659 213.9531980242048
15.796250095823776 227.24275752476282
15.798750095767899 241.8731209891183
15.80125009571202 258.63544028145924
15.803750095656138 271.7319826398577
15.80625009560026 276.71002088274275
15.808750095544381 280.69466291155135
15.811250095488504 290.29502868652344
15.81375009543262 302.4938507080078
15.816250095376743 306.289559500558
15.818750095320864 307.1654597691127
15.821250095264983 315.5459769112723
15.823750095209105 319.82576969691684
15.826250095153226 322.3117555890764
15.828750095097348 311.57986886160717
15.831250095041465 305.9256046840123
15.833750094985588 295.4271262032645
15.83625009492971 294.15160478864397
