m1-67/data/jwst-miri-mrs/wr124-miri-spec-ch3.ecsv
# %ECSV 1.0
# ---
# datatype:
# - {name: Wavelength, unit: micron, datatype: float64}
# - {name: Star, unit: MJy / sr, datatype: float64}
# - {name: Knot A, unit: MJy / sr, datatype: float64}
# - {name: BG A1, unit: MJy / sr, datatype: float64}
# - {name: BG A2, unit: MJy / sr, datatype: float64}
# - {name: Knot B, unit: MJy / sr, datatype: float64}
# - {name: BG B1, unit: MJy / sr, datatype: float64}
# - {name: BG B2, unit: MJy / sr, datatype: float64}
# meta: !!omap
# - __serialized_columns__:
#     BG A1:
#       __class__: astropy.units.quantity.Quantity
#       unit: !astropy.units.Unit {unit: MJy / sr}
#       value: !astropy.table.SerializedColumn {name: BG A1}
#     BG A2:
#       __class__: astropy.units.quantity.Quantity
#       unit: !astropy.units.Unit {unit: MJy / sr}
#       value: !astropy.table.SerializedColumn {name: BG A2}
#     BG B1:
#       __class__: astropy.units.quantity.Quantity
#       unit: !astropy.units.Unit {unit: MJy / sr}
#       value: !astropy.table.SerializedColumn {name: BG B1}
#     BG B2:
#       __class__: astropy.units.quantity.Quantity
#       unit: !astropy.units.Unit {unit: MJy / sr}
#       value: !astropy.table.SerializedColumn {name: BG B2}
#     Knot A:
#       __class__: astropy.units.quantity.Quantity
#       unit: !astropy.units.Unit {unit: MJy / sr}
#       value: !astropy.table.SerializedColumn {name: Knot A}
#     Knot B:
#       __class__: astropy.units.quantity.Quantity
#       unit: !astropy.units.Unit {unit: MJy / sr}
#       value: !astropy.table.SerializedColumn {name: Knot B}
#     Star:
#       __class__: astropy.units.quantity.Quantity
#       unit: !astropy.units.Unit {unit: MJy / sr}
#       value: !astropy.table.SerializedColumn {name: Star}
#     Wavelength:
#       __class__: astropy.coordinates.spectral_coordinate.SpectralCoord
#       unit: !astropy.units.Unit {unit: micron}
#       value: !astropy.table.SerializedColumn {name: Wavelength}
# schema: astropy-2.0
Wavelength Star "Knot A" "BG A1" "BG A2" "Knot B" "BG B1" "BG B2"
[from data line 110]
11.826250184560195 4569.185444335937 216.48743438720703 88.73641560872396 98.86560389200847 130.61968536376952 49.367149353027344 40.695440483093265
11.828750184504313 4546.407841796875 216.6637161254883 88.77377319335938 100.86751810709636 130.3470881144206 50.70925420125325 38.72016830444336
11.831250184448434 4544.773498535156 210.32445526123047 91.55577189127604 98.52480392456054 133.3467010498047 48.83935305277507 38.834619140625
11.833750184392555 4557.96689453125 214.57821350097657 90.57544860839843 94.9837521870931 128.00469004313152 51.469042714436846 45.26938133239746
11.836250184336675 4523.564345703125 211.5848175048828 84.78823979695638 93.79271774291992 130.31574376424155 54.32942123413086 38.586245155334474
11.838750184280798 4507.3224584960935 213.9534912109375 85.65132649739583 98.15556945800782 137.07385126749674 57.41723047892253 38.19404048919678
11.841250184224917 4520.884914550781 218.57193298339843 81.37570088704427 93.90422693888347 137.0479372660319 52.28149998982747 41.52277870178223
11.84375018416904 4555.49326171875 210.8253936767578 78.0448506673177 93.2368771870931 135.32058588663736 55.31226603190104 39.12525577545166
11.846250184113158 4544.4146020507815 220.24571380615234 78.84201532999674 96.26526184082032 134.3236417134603 53.95893274943034 44.453857421875
11.848750184057279 4553.579177246093 212.3536163330078 80.52807744344075 96.85594329833984 127.73152567545573 53.52560323079427 42.939191055297854
11.851250184001401 4564.60912109375 216.6788803100586 81.18487167358398 93.67966944376627 125.59257685343424 48.10883331298828 44.78571376800537
11.85375018394552 4551.800786132812 213.20359497070314 77.03106282552083 91.21761220296224 135.50615158081055 47.02974713643392 46.57333545684814
11.856250183889642 4568.764643554688 216.754052734375 82.14214782714843 94.33764266967773 131.70301818847656 44.9271359761556 44.469522094726564
11.858750183833761 4513.438991699219 216.49747619628906 83.37607955932617 92.61978149414062 132.90731811523438 52.713574727376304 44.33615074157715
11.861250183777882 4517.8144140625 216.6358215332031 88.64615275065104 89.828515625 136.95639317830404 50.90317128499349 43.04085922241211
11.863750183722003 4509.969033203125 214.22176208496094 81.74069951375326 88.08774820963542 132.74505742390951 49.527251942952475 43.208769989013675
11.866250183666123 4536.488811035157 214.6156494140625 84.85965296427409 93.59690399169922 131.94405364990234 54.644265238444014 43.70121116638184
11.868750183610246 4595.33177734375 222.68976440429688 88.73615010579427 99.3692850748698 134.4261126200358 53.00213356018067 37.467129707336426
11.871250183554364 4569.042456054687 220.74668579101564 88.8340825398763 98.00989990234375 142.36172739664713 54.2687126159668 41.62406578063965
11.873750183498487 4355.620417480469 217.22109375 88.6227533976237 98.65932490030924 136.36645024617513 58.3353271484375 37.71803607940674
11.876250183442606 4584.187485351563 220.0524673461914 84.94667053222656 95.96028747558594 147.81311950683593 61.4724619547526 45.23911819458008
11.878750183386726 4596.157270507812 215.76541442871093 87.30819803873698 94.1675661722819 133.4000671386719 40.62297871907552 43.2418909072876
11.881250183330849 4580.902380371093 219.2639633178711 87.20871378580729 93.82670440673829 136.0216827392578 46.23133265177409 40.81595630645752
11.883750183274968 4586.463049316406 223.62223205566406 90.609765625 95.68173141479492 141.87589213053386 54.188044993082684 42.47423267364502
11.88625018321909 4610.792795410156 219.68919830322267 88.00225372314453 97.20193099975586 139.77328796386718 57.479853820800784 41.04693813323975
11.888750183163209 4602.317077636719 223.45758972167968 85.9008575439453 94.848060353597 138.1382848103841 53.64633305867513 42.909297943115234
11.89125018310733 4647.170134277344 224.7686767578125 85.89687728881836 95.25544865926106 141.41354675292968 49.244974772135414 40.868299865722655
11.89375018305145 4636.912353515625 228.55321044921874 87.34604949951172 97.22939503987631 145.48373260498047 59.246812947591145 45.10488109588623
11.896250182995571 4637.9456079101565 229.9658676147461 90.41515706380208 94.00407384236654 142.53901341756185 52.35888773600261 45.78606548309326
11.898750182939693 4654.485209960938 226.5786605834961 87.54720865885416 95.58011194864909 139.6824162801107 51.23737716674805 37.32494583129883
11.901250182883812 4656.724191894531 221.7786376953125 86.69943084716797 95.12500635782878 140.89114634195963 49.95823491414388 44.000223541259764
11.903750182827935 4667.896904296875 222.68726043701173 89.39111836751302 97.77839126586915 149.78307545979817 47.4238577524821 39.44145736694336
11.906250182772053 4653.835163574218 224.75860137939452 88.16243540445963 98.73513717651367 144.7636520385742 53.11238543192545 41.212210464477536
11.908750182716174 4652.268977050781 227.18458099365233 85.25156478881836 95.3880844116211 142.72310434977214 46.48878008524577 39.3544942855835
11.911250182660297 4633.775737304688 220.8177963256836 88.50135065714518 93.43099314371744 144.75971857706705 50.75606638590495 40.53495273590088
11.913750182604415 4656.20009765625 221.0334686279297 89.19202423095703 92.16570180257162 145.00237121582032 50.16509857177734 40.071024322509764
11.916250182548538 4619.101909179688 226.10304107666016 87.89181009928386 95.93826649983724 145.20989456176758 49.22403310139974 40.30278358459473
11.918750182492657 4606.617507324218 227.3993118286133 88.34952214558919 90.33064804077148 143.7291010538737 38.98506735165914 36.67575588226318
11.921250182436777 4582.681499023438 226.39742279052734 85.33936004638672 92.95765635172526 151.38839111328124 41.98280537923177 43.677534866333005
11.923750182380898 4518.20421875 226.17590942382813 88.72649230957032 90.93006693522135 151.1864049275716 47.1138053894043 43.66269416809082
11.926250182325019 4529.040581054687 222.15110778808594 90.56334075927734 92.14941711425782 146.46136678059895 47.93687489827474 39.54635391235352
11.928750182269141 4536.2412109375 226.53963623046874 89.58584289550781 92.14329681396484 141.6855260213216 48.19424629211426 39.31032943725586
11.93125018221326 4534.462399902343 231.1899612426758 86.99250615437826 88.5011967976888 144.32793757120768 41.297189458211264 41.2041316986084
11.93375018215738 4532.3385717773435 222.26824645996095 82.58412348429361 92.34714991251627 139.0984649658203 47.890533447265625 39.88669490814209
11.936250182101501 4548.912336425781 220.44115295410157 81.90535456339518 94.66508280436197 142.79180246988932 47.4430788675944 30.496078491210938
11.938750182045622 4570.7286767578125 231.8910903930664 89.32983754475912 98.80099868774414 143.25684153238933 50.26047732035319 43.82640113830566
11.941250181989744 4578.083686523438 233.13485870361328 86.89866409301757 99.00224304199219 150.73955942789715 55.32574068705241 42.292212677001956
11.943750181933863 4587.733723144531 231.4934326171875 85.12827987670899 93.24132130940755 152.82645467122396 57.687338765462236 40.418295288085936
11.946250181877986 4709.128701171875 225.94017639160157 83.51543731689453 94.25590209960937 145.65761591593426 47.49028485616048 47.21806449890137
11.948750181822104 4648.718896484375 230.89368438720703 85.08854726155599 92.59850133260092 153.7235560099284 52.91503016153971 41.596538352966306
11.951250181766225 4647.406813964843 233.2797409057617 92.16918055216472 97.88926849365234 161.9980209350586 57.57665939331055 41.96894588470459
11.953750181710346 4646.1490478515625 226.4310333251953 87.61909383138021 94.68655827840169 152.55565134684244 54.68356653849284 43.45836067199707
11.956250181654466 4649.549599609375 232.3521469116211 89.58010559082031 93.47573827107747 153.5109733581543 52.1310785929362 40.19222755432129
11.958750181598589 4634.40271484375 234.82386627197266 89.78140106201172 94.54436721801758 159.54669901529948 39.682156499226885 39.86843605041504
11.961250181542708 4643.82455078125 226.23206939697266 89.66975580851236 91.74178085327148 157.99701766967775 53.15907313028971 42.69778003692627
11.963750181486828 4597.109470214844 238.29533843994142 93.15505956013997 92.74573491414388 159.2209726969401 60.50681889851888 36.1887321472168
11.966250181430949 4592.453098144531 231.8009460449219 90.94036865234375 93.26242421468099 154.97394104003905 56.91741943359375 41.032918548583986
11.96875018137507 4592.933532714844 235.76180419921874 82.12715148925781 94.81576436360677 157.28103942871093 52.317709350585936 47.15554542541504
11.971250181319192 4653.740031738282 235.99183654785156 84.51030349731445 101.00716069539388 156.9648676554362 49.954577128092446 47.309074020385744
11.973750181263311 4602.720270996094 239.45133209228516 92.68343836466471 94.49807739257812 160.6142105102539 49.55082079569499 36.38670902252197
11.976250181207433 4603.717692871094 238.95279998779296 85.66327997843425 94.89703114827473 157.79824879964193 53.840674591064456 40.93957786560058
11.978750181151552 4567.130124511718 234.8716262817383 85.94870147705078 93.65063959757487 153.37055562337238 56.12375055948893 34.53692569732666
11.981250181095673 4637.3351171875 233.66832275390624 86.53917973836263 96.88506266276042 149.45920689900717 55.34158528645833 31.245288562774657
11.983750181039795 4639.3805078125 235.72449188232423 83.27207667032877 98.95138854980469 145.64016596476236 46.80481847127279 37.41612510681152
11.986250180983914 4661.110620117188 232.1463409423828 86.46605809529622 93.9302739461263 155.73980484008788 49.400376892089845 37.0639009475708
11.988750180928037 4650.753625488282 235.28146362304688 82.11832631429037 95.59633051554361 157.72232106526693 46.64058723449707 43.67271270751953
11.991250180872155 4665.770268554687 235.66138305664063 85.9852508544922 93.90476506551107 154.1860730489095 52.20484288533529 38.3457836151123
11.993750180816276 4709.795122070313 236.53871307373046 88.19753595987956 92.40164744059244 157.5437240600586 52.31676712036133 36.38730583190918
11.996250180760397 4640.708054199219 236.21334533691407 80.55524190266927 91.13737716674805 154.05381673177084 46.37578493754069 35.441314697265625
11.998750180704517 4626.161845703125 236.5113510131836 87.91597315470378 92.14126434326172 149.9062629699707 50.780781809488936 38.08433227539062
12.00125018064864 4635.931000976562 229.6983856201172 88.83841705322266 92.63035024007162 153.31808649698894 40.12192446390788 35.875312423706056
12.003750180592759 4627.626179199218 235.3891372680664 91.488623046875 91.12375666300456 155.65547409057618 42.60929590861003 38.32280254364014
12.006250180536881 4613.501716308594 232.03048706054688 89.47992604573568 87.88438364664714 162.27908732096355 43.42525126139323 38.748405838012694
12.008750180481 4668.018200683594 236.40124053955077 84.96514129638672 89.08382568359374 147.46860834757487 47.79980977376302 36.769189071655276
12.01125018042512 4594.446003417968 242.22793731689453 87.90423685709635 91.7481076558431 150.78896560668946 51.12831535339355 38.16765384674072
12.013750180369243 4581.155500488281 240.55204315185546 89.34745076497396 92.7807123819987 156.60042775472004 47.48527717590332 37.65156879425049
12.016250180313362 4570.5753515625 239.56188049316407 87.82212193806966 95.81111526489258 151.98323287963868 54.49849561055501 37.7604118347168
12.018750180257484 4580.1956713867185 239.0919387817383 86.88940684000652 91.96273345947266 161.14630432128905 57.513519541422525 40.957458686828616
12.021250180201603 4579.74123046875 233.27147216796874 84.62768376668295 86.51990661621093 158.04088185628254 50.03407541910807 37.860593223571776
12.023750180145724 4550.082783203125 239.53430938720703 88.01486333211263 89.83024419148764 154.87901560465494 44.07580464680989 45.073828125
12.026250180089844 4572.765065917969 234.33697967529298 85.34247970581055 94.99703216552734 157.3733673095703 41.7804786046346 44.38212718963623
12.028750180033965 4578.844609375 235.8190185546875 84.72135416666667 94.66482187906901 151.03715031941732 48.5827454884847 37.243936157226564
12.031250179978088 4582.241147460937 233.26368865966796 85.46429951985677 94.64697647094727 145.66219151814778 48.74854965209961 40.45474510192871
12.033750179922206 4593.486176757812 230.69351654052736 84.7426742553711 95.97780838012696 140.8448959350586 49.43187294006348 42.40747566223145
12.036250179866327 4603.2989111328125 230.3442611694336 82.54567591349284 88.9056999206543 133.60859375 51.4008534749349 34.38388729095459
12.038750179810448 4599.263969726562 232.74605560302734 85.44939804077148 89.5108408610026 148.26651458740236 43.10153261820475 33.41859722137451
12.041250179754568 4602.303237304687 239.6603546142578 87.52164510091146 86.92480214436848 160.36937942504883 50.870049158732094 33.07212448120117
12.04375017969869 4667.445822753906 233.33550109863282 82.10818405151367 91.62561289469402 155.34018834431967 50.769007746378584 39.5757194519043
12.04625017964281 4595.966176757813 232.34600219726562 85.48309682210287 87.64099706013998 152.8384132385254 47.144436009724934 37.06889038085937
12.048750179586932 4578.448090820312 235.0608169555664 89.42794036865234 93.20080235799153 153.23029073079428 53.652880350748696 31.372754096984863
12.051250179531051 4587.8058203125 233.921337890625 84.58819198608398 93.01502685546875 150.17745997111004 46.734954071044925 38.0625394821167
12.053750179475172 4574.561762695313 238.16832733154297 84.7330108642578 91.02306289672852 154.7442845662435 51.53615277608235 35.95048656463623
12.056250179419292 4568.403737792969 239.68107147216796 87.40177637736002 89.57850748697916 161.273193359375 46.11351674397786 44.00723133087158
12.058750179363413 4568.013464355468 234.9074234008789 86.59348602294922 95.37437159220377 153.93637364705404 46.13192939758301 44.0720458984375
12.061250179307535 4595.830009765625 234.89814300537108 84.50393447875976 84.07797215779622 154.50573247273763 50.73806610107422 37.920562744140625
12.063750179251654 4582.301118164062 233.30960235595703 89.91745503743489 91.73904291788737 156.78880081176757 53.8305357615153 40.48810501098633
12.066250179195777 4540.343671875 235.82362060546876 87.48983383178711 96.06648381551106 154.1900177001953 55.34183286031087 36.64388656616211
12.068750179139895 4588.786264648437 237.3168960571289 84.84948043823242 96.17391993204753 156.97423833211263 54.242578125 45.22941932678223
12.071250179084016 4579.275087890625 237.10149536132812 83.14810104370117 92.97829157511393 146.00343500773113 47.8660696665446 40.76931285858154
12.073750179028139 4633.457111816406 240.6878173828125 87.18678487141928 89.27112019856771 151.20533803304036 45.19544283548991 45.6316577911377
12.076250178972257 4598.016174316406 241.19586181640625 78.98863347371419 90.04387588500977 158.97216339111327 45.18072230021159 44.79213905334473
12.07875017891638 4626.129382324219 239.57957458496094 84.23625946044922 92.7982421875 154.91568908691406 49.137796274820964 37.96265487670898
12.081250178860499 4641.285925292968 235.1892837524414 86.12077611287435 96.4458600362142 159.5792994181315 48.728159205118814 40.601213455200195
12.08375017880462 4653.951267089844 239.1118133544922 85.18798014322917 93.35453364054362 165.05396830240886 55.482731628417966 40.921959686279294
12.08625017874874 4654.5929028320315 236.1093551635742 90.61478068033854 93.75547510782877 167.0727778116862 55.786538950602214 42.42046432495117
12.08875017869286 4644.665104980469 238.32924041748046 85.15742645263671 96.71820780436198 161.7152872721354 57.73834915161133 42.85965976715088
12.091250178636983 4656.125625 235.3150146484375 84.1699722290039 104.0842394510905 154.0976921081543 56.35456085205078 46.59180603027344
12.093750178581102 4668.9571484375 317.5955352783203 72.20700556437174 108.33853581746419 154.10860392252604 56.33760528564453 44.32756042480469
12.096250178525223 4633.182163085938 239.45091857910157 79.89463119506836 100.64059422810872 157.87692311604818 47.96570027669271 47.61368064880371
