m1-67/data/jwst-miri-mrs/wr124-miri-spec-ch3.ecsv
# %ECSV 1.0
# ---
# datatype:
# - {name: Wavelength, unit: micron, datatype: float64}
# - {name: Star, unit: MJy / sr, datatype: float64}
# - {name: Knot A, unit: MJy / sr, datatype: float64}
# - {name: BG A1, unit: MJy / sr, datatype: float64}
# - {name: BG A2, unit: MJy / sr, datatype: float64}
# - {name: Knot B, unit: MJy / sr, datatype: float64}
# - {name: BG B1, unit: MJy / sr, datatype: float64}
# - {name: BG B2, unit: MJy / sr, datatype: float64}
# meta: !!omap
# - __serialized_columns__:
#     BG A1:
#       __class__: astropy.units.quantity.Quantity
#       unit: !astropy.units.Unit {unit: MJy / sr}
#       value: !astropy.table.SerializedColumn {name: BG A1}
#     BG A2:
#       __class__: astropy.units.quantity.Quantity
#       unit: !astropy.units.Unit {unit: MJy / sr}
#       value: !astropy.table.SerializedColumn {name: BG A2}
#     BG B1:
#       __class__: astropy.units.quantity.Quantity
#       unit: !astropy.units.Unit {unit: MJy / sr}
#       value: !astropy.table.SerializedColumn {name: BG B1}
#     BG B2:
#       __class__: astropy.units.quantity.Quantity
#       unit: !astropy.units.Unit {unit: MJy / sr}
#       value: !astropy.table.SerializedColumn {name: BG B2}
#     Knot A:
#       __class__: astropy.units.quantity.Quantity
#       unit: !astropy.units.Unit {unit: MJy / sr}
#       value: !astropy.table.SerializedColumn {name: Knot A}
#     Knot B:
#       __class__: astropy.units.quantity.Quantity
#       unit: !astropy.units.Unit {unit: MJy / sr}
#       value: !astropy.table.SerializedColumn {name: Knot B}
#     Star:
#       __class__: astropy.units.quantity.Quantity
#       unit: !astropy.units.Unit {unit: MJy / sr}
#       value: !astropy.table.SerializedColumn {name: Star}
#     Wavelength:
#       __class__: astropy.coordinates.spectral_coordinate.SpectralCoord
#       unit: !astropy.units.Unit {unit: micron}
#       value: !astropy.table.SerializedColumn {name: Wavelength}
# schema: astropy-2.0
Wavelength Star "Knot A" "BG A1" "BG A2" "Knot B" "BG B1" "BG B2"
[from data line 657]
13.193750153994188 4626.43080078125 197.39176177978516 97.0930658976237 100.19050572713216 129.05441360473634 62.19590530395508 56.24488639831543
13.196250153938307 4580.769484863281 213.832763671875 95.09318440755209 111.26664784749349 138.66070353190105 68.49218088785807 57.0567268371582
13.198750153882427 4595.249130859375 194.81195983886718 84.1375727335612 106.42101669311523 117.44575856526693 66.40394287109375 42.33657646179199
13.201250153826548 4590.6678540039065 196.63261871337892 87.53221435546875 102.67561848958333 116.76364034016927 54.18574752807617 44.2040599822998
13.203750153770669 4472.0518481445315 188.38652496337892 86.43164672851563 102.04717915852865 125.977183787028 60.20907847086588 40.807200241088864
13.20625015371479 4539.784602050781 184.6756607055664 84.1654670715332 102.66914571126303 120.44106979370117 55.81612701416016 53.03701896667481
13.20875015365891 4490.604025878906 188.26349334716798 89.61309254964193 99.98805796305338 107.0498176574707 53.8657346089681 42.09019870758057
13.211250153603032 4473.292507324219 193.0282424926758 85.37861480712891 100.47269185384114 109.57112121582031 51.69214401245117 45.90441818237305
13.213750153547151 4459.755236816406 191.8872833251953 88.29569753011067 101.58407084147136 116.83636042277018 54.71984990437826 44.273384475708006
13.216250153491272 4392.574853515625 183.37215881347657 80.7134152730306 93.82203521728516 108.40255686442057 57.71698964436849 46.58617305755615
13.218750153435392 4360.539587402343 181.69700622558594 79.03360697428386 96.52124760945638 109.88569997151693 56.99503758748372 47.81323776245117
13.221250153379513 4319.757238769531 176.78057098388672 85.42873153686523 99.73750254313151 118.78069407145182 56.17338282267253 49.24397659301758
13.223750153323635 4277.534809570312 180.99913177490234 85.7292714436849 96.99419962565104 105.21598739624024 57.211883799235025 47.14470176696777
13.226250153267754 4299.773383789063 185.27914276123047 81.0262466430664 99.21307220458985 113.2073232014974 49.69723612467448 53.74261703491211
13.228750153211877 4273.328195800781 184.51501007080077 84.067041015625 97.30614903767903 108.71536712646484 57.21410980224609 51.87034111022949
13.231250153155996 4257.983312988281 185.0269546508789 82.17006276448568 100.57218068440756 117.36014556884766 59.071092478434245 47.28413047790527
13.233750153100116 4279.715944824219 183.66336059570312 87.8741958618164 94.62529678344727 113.63617706298828 53.924678802490234 49.711204528808594
13.236250153044237 4259.348264160156 185.13624267578126 85.07925186157226 101.80853907267253 117.13365224202474 61.00292180379232 54.054426193237305
13.238750152988358 4267.3426440429685 185.5220947265625 90.03502044677734 97.94665705362955 111.33252512613932 58.857049051920576 42.6200439453125
13.24125015293248 4259.354008789062 185.93561096191405 89.39975509643554 95.60657679239908 97.11577529907227 59.06759541829427 44.009060096740725
13.243750152876599 4257.299555664063 182.9491165161133 80.23320719401042 107.17540868123372 110.47590408325195 55.5308344523112 47.91283683776855
13.24625015282072 4259.196359863281 180.93228454589843 94.01411743164063 103.68726908365885 121.78035176595053 59.4559087117513 49.21778526306152
13.24875015276484 4260.740107421875 176.43836212158203 84.94949086507161 104.34126688639323 105.57852681477864 51.77802963256836 47.408731842041014
13.25125015270896 4230.180539550781 183.72557830810547 83.15189793904622 103.65051778157552 116.18587849934896 52.826124318440755 52.42114334106445
13.253750152653083 4200.381357421875 181.5853469848633 78.50492350260417 108.95178527832032 119.16952158610026 54.591356404622395 48.742394256591794
13.256250152597202 4178.00802734375 175.60297088623048 81.23047993977865 105.57267405192057 118.2189826965332 55.267407989501955 42.10503044128418
13.258750152541323 4187.44498046875 182.38419189453126 82.58754425048828 102.95103480021159 119.16468734741211 65.5906130472819 43.12234172821045
13.261250152485443 4135.305734863281 175.67492218017577 82.33081436157227 105.17859598795573 114.68492736816407 57.58661041259766 60.23564071655274
13.263750152429564 4124.776364746093 175.77703704833985 77.55918655395507 98.92091776529948 106.75287907918295 55.503502400716144 51.137563705444336
13.266250152373685 4137.414343261718 179.75516662597656 76.84654998779297 97.68264389038086 99.09338887532552 55.27272364298503 45.100576400756836
13.268750152317805 4135.308759765625 174.38528289794922 72.03954950968425 95.67085673014323 112.47119140625 55.484639739990236 34.49873161315918
13.271250152261928 4158.623515625 183.75889892578124 82.42222747802734 99.6668487548828 110.74975229899088 53.71456782023112 32.863784599304196
13.273750152206047 4160.560153808594 175.9086135864258 78.75457305908203 107.08899281819662 114.37425181070964 50.396157836914064 45.545793533325195
13.276250152150167 4161.180798339844 180.02215118408202 79.88833948771159 103.87201156616212 114.71161193847657 55.17107213338216 51.56123733520508
13.278750152094288 4166.144729003906 181.49810485839845 81.2189931233724 97.51066131591797 119.96330083211264 57.627525075276694 52.32988529205322
13.281250152038409 4029.785927734375 180.3620635986328 81.49555282592773 99.33186391194661 113.17074762980143 58.65051422119141 44.934687805175784
13.283750151982531 4168.184802246094 177.55966491699218 76.83400548299154 97.11579971313476 113.28492965698243 54.090921783447264 43.806589126586914
13.28625015192665 4188.679194335938 177.66654052734376 77.33405939737956 94.89398574829102 111.31623179117838 53.87823664347331 41.05537166595459
13.288750151870772 4170.903950195312 185.21094512939453 76.66657206217448 93.95766932169596 114.23647181193034 58.5546625773112 36.444040298461914
13.291250151814891 4125.68779296875 178.5416290283203 80.42479985555013 100.06112111409506 123.44927139282227 59.22269007364909 36.37062797546387
13.293750151759012 4161.957495117187 175.14523620605468 79.31212361653645 103.40627695719401 113.65635655721029 56.42662862141927 45.350364685058594
13.296250151703132 4149.397397460937 183.67073669433594 75.91934305826823 96.0424700419108 109.724449412028 59.67791163126628 41.92621059417725
13.298750151647253 4150.719553222656 179.0096420288086 74.66949742635092 94.94535319010417 111.49799041748047 53.88675537109375 34.03419513702393
13.301250151591374 4111.995612792969 173.67381286621094 72.80554936726888 104.71385294596354 111.44984868367513 50.916062418619795 28.67944755554199
13.303750151535494 4141.0664965820315 180.30399322509766 72.15230407714844 101.25631815592448 107.20061721801758 53.43110936482747 49.064242935180665
13.306250151479615 4119.066328125 177.3566116333008 71.10715204874674 106.7173952738444 110.38421376546223 58.446807607014975 40.01999359130859
13.308750151423736 4083.4395751953125 176.35291442871093 71.79849268595378 106.5085439046224 107.0905756632487 52.08107884724935 40.13380737304688
13.311250151367856 4169.349296875 177.63065338134766 75.44511108398437 99.21448109944662 106.79051411946615 55.58208287556966 39.287143325805665
13.313750151311979 4084.142265625 180.19656524658203 76.25668665568034 104.16222076416015 109.38015696207682 59.57447331746419 41.91402454376221
13.316250151256098 4103.25822265625 180.74440307617186 75.56927185058593 100.74637654622396 119.70501302083333 53.68518753051758 38.75736751556396
13.318750151200218 4118.114765625 182.31167297363282 78.64608612060547 101.36425552368163 122.60360005696614 55.90124588012695 46.115698623657224
13.321250151144339 4043.3238940429687 176.59933319091797 74.72386932373047 103.41279856363933 113.74079081217448 55.867105356852214 43.425096702575686
13.32375015108846 4044.234365234375 181.01053466796876 72.5977887471517 93.92424062093099 107.83165639241537 57.199754842122395 47.13465766906738
13.32625015103258 4102.67041015625 185.7798629760742 79.6954132080078 100.95486958821614 121.96308975219726 53.725101216634116 41.308877563476564
13.3287501509767 4122.156743164062 179.12831420898436 71.23744633992513 105.14274393717447 109.71129048665365 55.53747355143229 41.73459873199463
13.331250150920823 4166.959284667969 186.56151123046874 77.31040115356446 112.73536020914713 113.45565287272136 51.97974319458008 48.951296997070315
13.333750150864942 4167.78005859375 189.94141235351563 77.51156463623047 113.89507649739583 122.63302866617839 50.62354507446289 55.88298568725586
13.336250150809063 4157.178278808594 192.4377212524414 77.27537282307942 111.53572031656901 113.52317733764649 55.51631266276042 46.974600601196286
13.338750150753183 4171.5328759765625 186.5814422607422 73.29183985392253 109.54556783040364 111.5936508178711 49.074502563476564 43.6624397277832
13.341250150697304 4136.164294433594 189.8273941040039 74.16714553833008 106.99164326985677 111.03706130981445 43.9599978129069 45.030212783813475
13.343750150641426 4165.7828125 193.93951416015625 72.7789899190267 110.80930684407552 110.59217783610026 47.687853240966795 45.18308372497559
13.346250150585545 4164.954372558594 192.04249725341796 73.62875900268554 107.05204162597656 113.24032313028971 50.738973999023436 47.012088012695315
13.348750150529666 4158.390539550781 193.83716583251953 72.72074762980144 108.68760935465495 114.23793360392253 46.965485127766925 47.220524597167966
13.351250150473787 4147.763325195312 195.0990768432617 80.9934097290039 110.2099110921224 121.08435923258463 47.76449076334635 40.61120262145996
13.353750150417907 4117.6168212890625 189.8536804199219 76.61563008626302 110.05730895996093 109.77274678548177 47.18798141479492 42.81113224029541
13.35625015036203 4117.2843334960935 192.76239166259765 74.60032628377279 113.38572896321615 112.89589309692383 50.59147974650065 43.81470165252686
13.358750150306149 4128.184431152344 190.82947540283203 72.8703976949056 105.79117126464844 113.57522608439128 52.24036382039388 43.57442283630371
13.36125015025027 4149.383166503906 193.05929870605468 81.1752217610677 107.2228291829427 115.9541997273763 48.52922439575195 46.10374298095703
13.36375015019439 4145.321806640625 189.75686645507812 75.884339650472 108.76873372395833 111.2408676147461 39.96485443115235 43.62847366333008
13.36625015013851 4109.546179199218 191.12989196777343 74.66503016153972 110.36354319254558 110.79260813395182 44.25525194803874 44.199785995483396
13.368750150082631 4124.901416015625 193.21947631835937 78.47925262451172 107.55921223958333 112.63443171183268 45.57169901529948 43.3774808883667
13.371250150026752 4121.452392578125 195.85241241455077 75.11057866414389 104.68062693277994 116.93352508544922 49.18757718404134 46.946254920959475
13.373750149970874 4150.280163574219 194.93563690185547 75.20269139607747 108.2291498819987 116.99210942586264 46.285809707641604 45.145555305480954
13.376250149914993 4154.071599121094 191.8201477050781 76.96475677490234 109.03852081298828 111.26853408813477 52.37766952514649 50.57283058166504
13.378750149859114 4147.633083496094 189.8452911376953 75.02817764282227 107.94197285970053 113.86897201538086 44.048255666097006 51.08263511657715
13.381250149803234 4160.770466308593 192.07553100585938 77.95598907470703 112.25127461751302 118.39260126749674 46.16387545267741 48.0354679107666
13.383750149747355 4199.056572265625 193.0363983154297 73.66018905639649 112.0181879679362 115.03028971354166 46.399863942464194 45.44067535400391
13.386250149691477 4137.179875488281 189.61628112792968 74.18937683105469 112.22830607096354 113.63162536621094 43.666358439127606 42.90360374450684
13.388750149635596 4167.036374511718 189.51871185302736 74.69343973795573 113.01104634602865 112.44993082682292 38.67379086812337 51.86725845336914
13.391250149579719 4169.013034667969 192.88050079345703 76.5407475789388 111.03905029296875 109.40680135091146 46.78144353230794 45.84926700592041
13.393750149523838 4150.419611816406 194.123193359375 72.81824595133463 106.87992808024089 115.9104855855306 47.60645701090495 42.058538818359374
13.396250149467958 4152.353474121093 193.9309524536133 75.66069157918294 108.20132827758789 113.7599604288737 43.17586479187012 46.253435134887695
13.398750149412079 4131.7210766601565 194.41343383789064 75.43745574951171 111.87017873128255 118.08653513590495 45.35345560709636 48.59843482971191
13.4012501493562 4109.309299316406 193.7975830078125 76.47083358764648 110.67652079264323 120.91893361409505 40.41500129699707 49.51675796508789
13.40375014930032 4119.978271484375 194.82291564941406 76.18906122843424 102.45657196044922 112.98350041707357 42.50804150899251 43.76478614807129
13.40625014924444 4033.640173339844 187.84964447021486 78.85567118326823 104.74465586344401 108.62569758097331 45.83613586425781 40.84669456481934
13.408750149188561 4105.931381835938 189.93551940917968 78.09853693644206 108.64816691080729 114.22021967569987 39.69671262105306 46.23932991027832
13.411250149132682 4112.307585449219 187.6752456665039 81.51382242838541 109.0541280110677 113.56760177612304 47.75702527364095 50.97950477600098
13.413750149076803 4102.455603027343 191.09142303466797 75.39921696980794 110.20445810953775 108.30602747599283 42.725232442220054 48.70549697875977
13.416250149020925 4140.853522949219 194.77665100097656 77.40608240763346 108.98329060872396 114.63397445678712 42.370131429036455 48.01243133544922
13.418750148965044 4093.1321728515627 190.22306060791016 76.9100471496582 106.76183751424153 103.91889928181966 40.03343645731608 50.47665882110596
13.421250148909165 4098.741452636718 189.0419174194336 78.5578369140625 105.55128936767578 108.36281840006511 47.22085851033528 47.27002868652344
13.423750148853285 4114.033642578125 194.09720611572266 82.61026102701823 107.19857584635416 112.0852180480957 45.089971923828124 39.494809532165526
13.426250148797406 4156.9481201171875 189.9451873779297 76.83063837687175 107.74508005777994 114.49744618733725 46.46742401123047 45.20507316589355
13.428750148741527 4186.416069335937 190.6256561279297 74.63222122192383 111.53065923055013 112.53944524129231 47.90563761393229 47.9984489440918
13.431250148685647 4188.259177246094 190.9520034790039 80.55557607014974 111.11693471272787 122.75864613850912 50.07650604248047 48.973070526123045
13.43375014862977 4209.863137207031 194.86963806152343 81.47509307861328 109.86707611083985 119.54836985270182 45.15298665364583 44.84377670288086
13.436250148573889 4213.044851074219 194.89659729003907 81.4229746500651 106.77618052164713 115.53550516764322 43.68367182413737 49.4638858795166
13.43875014851801 4205.562578125 195.57569122314453 80.63885879516602 111.23175099690755 119.14717102050781 49.957879384358726 48.95981979370117
13.44125014846213 4227.190424804688 196.77994384765626 77.31029535929362 113.85890401204428 119.81153742472331 46.5062983194987 47.35676651000976
13.44375014840625 4238.7328588867185 200.72759246826172 82.1284423828125 112.66910146077474 116.92938995361328 50.67303339640299 50.2640495300293
13.446250148350373 4205.296901855469 203.05813903808593 82.37368036905924 115.27497151692708 119.68493906656902 51.428289794921874 54.55003623962402
13.448750148294492 4214.969060058594 200.369921875 79.19527893066406 113.2447031656901 115.58562952677408 46.48992131551107 48.698384857177736
13.451250148238612 4228.940251464844 196.01915588378907 78.15324986775717 113.67417755126954 121.67263336181641 50.49274876912435 48.41327095031738
13.453750148182733 4201.501613769531 197.36927032470703 83.09749374389648 114.59917907714843 110.01771672566731 51.289493560791016 48.938542175292966
13.456250148126854 4203.292182617188 197.60306396484376 84.25175196329752 112.78959808349609 117.76617177327473 50.13373057047526 47.12055702209473
13.458750148070974 4066.0619311523437 194.44987030029296 79.66103159586588 113.9039072672526 118.2290751139323 45.75099881490072 51.1528133392334
13.461250148015095 4079.5594311523437 197.66158447265624 82.43994649251302 114.8427947998047 116.62105280558268 42.288693237304685 55.814262008666994
