m1-67/data/jwst-miri-mrs/wr124-miri-spec-ch3.ecsv
# %ECSV 1.0
# ---
# datatype:
# - {name: Wavelength, unit: micron, datatype: float64}
# - {name: Star, unit: MJy / sr, datatype: float64}
# - {name: Knot A, unit: MJy / sr, datatype: float64}
# - {name: BG A1, unit: MJy / sr, datatype: float64}
# - {name: BG A2, unit: MJy / sr, datatype: float64}
# - {name: Knot B, unit: MJy / sr, datatype: float64}
# - {name: BG B1, unit: MJy / sr, datatype: float64}
# - {name: BG B2, unit: MJy / sr, datatype: float64}
# meta: !!omap
# - __serialized_columns__:
#     BG A1:
#       __class__: astropy.units.quantity.Quantity
#       unit: !astropy.units.Unit {unit: MJy / sr}
#       value: !astropy.table.SerializedColumn {name: BG A1}
#     BG A2:
#       __class__: astropy.units.quantity.Quantity
#       unit: !astropy.units.Unit {unit: MJy / sr}
#       value: !astropy.table.SerializedColumn {name: BG A2}
#     BG B1:
#       __class__: astropy.units.quantity.Quantity
#       unit: !astropy.units.Unit {unit: MJy / sr}
#       value: !astropy.table.SerializedColumn {name: BG B1}
#     BG B2:
#       __class__: astropy.units.quantity.Quantity
#       unit: !astropy.units.Unit {unit: MJy / sr}
#       value: !astropy.table.SerializedColumn {name: BG B2}
#     Knot A:
#       __class__: astropy.units.quantity.Quantity
#       unit: !astropy.units.Unit {unit: MJy / sr}
#       value: !astropy.table.SerializedColumn {name: Knot A}
#     Knot B:
#       __class__: astropy.units.quantity.Quantity
#       unit: !astropy.units.Unit {unit: MJy / sr}
#       value: !astropy.table.SerializedColumn {name: Knot B}
#     Star:
#       __class__: astropy.units.quantity.Quantity
#       unit: !astropy.units.Unit {unit: MJy / sr}
#       value: !astropy.table.SerializedColumn {name: Star}
#     Wavelength:
#       __class__: astropy.coordinates.spectral_coordinate.SpectralCoord
#       unit: !astropy.units.Unit {unit: micron}
#       value: !astropy.table.SerializedColumn {name: Wavelength}
# schema: astropy-2.0
Wavelength Star "Knot A" "BG A1" "BG A2" "Knot B" "BG B1" "BG B2"
[from data line 1200]
14.551250123651696 3858.7567846679685 195.297216796875 96.61477279663086 130.82580006917317 123.3075180053711 53.18017705281576 62.629251861572264
14.553750123595819 3838.105471191406 198.10948181152344 97.93008626302084 129.17446797688802 125.19253794352214 57.189188639322914 65.31000900268555
14.556250123539938 3837.234602050781 195.48832092285156 100.77952448527019 127.67287801106771 126.50138626098632 56.276163482666014 63.77612533569336
14.558750123484058 3836.96099609375 196.89251403808595 97.7638173421224 128.50167592366537 121.27689921061197 61.17684605916341 62.52786560058594
14.561250123428179 3824.3248876953126 192.69520111083983 98.17988408406576 126.2966542561849 120.32065785725912 57.456345876057945 65.91593399047852
14.5637501233723 3937.965402832031 195.67396697998046 88.83515065511068 122.56106109619141 127.38333282470703 61.36742655436198 59.60695037841797
14.56625012331642 3846.6801489257814 199.63823394775392 96.20099360148112 126.45735371907553 130.71583201090496 62.09398676554362 56.53186950683594
14.568750123260541 3811.4717626953125 193.25360565185548 90.8360107421875 128.72949981689453 114.58394266764323 61.65493545532227 57.07146530151367
14.571250123204662 3839.396838378906 191.252685546875 93.26965993245443 129.64898325602215 127.9449676513672 61.04348297119141 56.356066131591795
14.573750123148782 3836.5949365234374 196.31065979003907 91.95348154703775 125.63165028889973 129.59469045003254 55.90122960408529 59.82397041320801
14.576250123092903 3823.832785644531 194.0935043334961 99.06399968465169 124.849267578125 132.50907338460286 58.76432495117187 62.04535598754883
14.578750123037024 3821.522060546875 191.29830474853514 101.1098119099935 119.54095230102538 127.63965199788412 58.82275466918945 52.08419609069824
14.581250122981144 3795.878171386719 195.64195861816407 97.87658233642578 127.53082173665365 130.09964548746746 58.09157257080078 56.08240242004395
14.583750122925265 3799.179914550781 194.73981475830078 99.01948547363281 133.0529591878255 125.20939534505209 62.61324462890625 66.24721183776856
14.586250122869385 3824.5692895507814 193.55640106201173 101.0235102335612 126.55298614501953 123.692724609375 64.47045542399088 58.61787796020508
14.588750122813506 3836.9952563476563 194.93423767089843 101.90433095296224 128.5610143025716 123.96795349121093 55.44658737182617 64.13273696899414
14.591250122757627 3813.723623046875 190.1656936645508 97.17776438395182 125.50528361002604 126.97548141479493 58.61224416097005 63.117091751098634
14.593750122701747 3727.943137207031 191.68750915527343 99.03502019246419 121.451953125 123.77017822265626 55.67016525268555 63.6895938873291
14.59625012264587 3747.0967407226562 197.66595001220702 99.69939931233723 123.93540751139322 126.0999760945638 57.50800603230794 56.41615867614746
14.598750122589989 3806.3719189453127 196.5654556274414 97.81275049845378 130.42457326253256 129.10682729085286 64.74814529418946 57.186488723754884
14.60125012253411 3802.3070483398437 192.79962921142578 97.76913324991862 127.02806752522787 122.87600657145182 56.16504974365235 60.88923530578613
14.60375012247823 3819.1711743164065 196.49866333007813 102.2383310953776 127.85681864420573 120.68968353271484 54.940074412028 58.609910583496095
14.60625012242235 3798.5622290039064 197.3621368408203 98.85333353678385 128.4698450724284 124.59561360677084 58.60608876546224 56.21584205627441
14.60875012236647 3813.555693359375 197.81312408447266 100.37226206461588 127.55572560628255 129.03903401692708 51.2994883219401 62.12941360473633
14.611250122310592 3815.100849609375 195.57816009521486 100.57127380371094 123.00107371012369 123.9643569946289 59.78048909505208 65.21451873779297
14.613750122254714 3822.6983081054686 193.1504669189453 95.06311289469402 124.34229482014975 120.9972318013509 54.623321533203125 63.69826126098633
14.616250122198833 3771.9597436523436 191.89630126953125 98.42750803629558 121.9616709391276 131.11716130574544 53.96759948730469 63.19725303649902
14.618750122142954 3821.6529248046877 197.94876251220703 97.48839670817057 123.94052378336589 126.72672373453776 56.654137420654294 63.26691513061523
14.621250122087075 3831.8242822265624 198.65069885253905 95.12725194295247 126.04537353515624 129.25784149169922 61.0742426554362 57.23108100891113
14.623750122031195 3785.047155761719 192.1849151611328 94.04435882568359 128.80350596110026 121.41377766927083 60.25621617635091 56.65038795471192
14.626250121975316 3795.6548046875 198.5855453491211 97.37245000203451 125.34948018391927 120.92480036417643 63.39434865315755 59.08731880187988
14.628750121919436 3802.689211425781 191.81818389892578 96.57066040039062 124.32361195882162 120.12034657796224 62.442397054036455 62.22015037536621
14.631250121863557 3786.7837109375 194.78958282470703 105.05122833251953 130.70083465576172 129.73766021728517 62.01963119506836 66.5578441619873
14.633750121807678 3799.843898925781 193.0603775024414 97.39126001993814 131.20826263427733 125.98068745930989 56.262413787841794 63.10328826904297
14.636250121751798 3819.5865283203125 196.5439422607422 98.23504231770833 128.88931172688802 131.8602279663086 64.25387954711914 54.38989791870117
14.638750121695919 3787.5744775390626 193.92096557617188 97.82371114095052 124.62311350504557 129.02650197347006 54.69192708333333 59.56704216003418
14.64125012164004 3794.807409667969 198.48160400390626 102.97215881347657 121.67045923868815 118.92513682047526 58.57319310506185 63.46437530517578
14.64375012158416 3823.33794921875 193.66082916259765 102.11881154378256 125.54977467854818 123.26104380289713 68.85100682576497 65.0323715209961
14.646250121528281 3704.963942871094 196.28011779785157 102.88716227213541 131.14513193766277 125.43890126546223 60.619197591145834 63.89739227294922
14.648750121472402 3787.1089721679687 194.06350402832032 104.04453125 128.17184804280598 126.46969146728516 59.73834991455078 63.20199699401856
14.651250121416522 3853.7314453125 202.57760620117188 99.24435145060221 124.30484008789062 134.05686950683594 60.20971476236979 60.366200637817386
14.653750121360643 3810.5373583984374 200.1443084716797 101.7534403483073 126.56495463053385 126.0481674194336 62.3134147644043 63.5813591003418
14.656250121304765 3798.4445849609374 194.7968536376953 99.44375915527344 123.95131963094076 124.69639383951822 54.512657928466794 66.14878425598144
14.658750121248884 3830.585576171875 200.59730834960936 103.79550323486328 130.50273691813152 131.25892232259113 59.574937184651695 65.59880447387695
14.661250121193005 3828.809948730469 197.85907440185548 99.14897918701172 133.13015848795573 127.89906005859375 59.5672492980957 68.82890090942382
14.663750121137126 3805.307392578125 197.68388824462892 99.38855743408203 131.06729431152343 129.5735605875651 56.36364237467448 67.80071563720703
14.666250121081246 3839.8501782226563 199.5196319580078 99.51825052897135 131.55150146484374 135.9159708658854 55.699395243326826 67.10646743774414
14.668750121025367 3841.78076171875 197.3324203491211 101.48117116292318 131.70083821614583 130.97911834716797 58.108390935262044 65.85340995788575
14.671250120969487 3793.0461279296874 199.8183380126953 100.62748107910156 128.14584299723307 124.20955047607421 56.50610122680664 63.07300643920898
14.67375012091361 3848.8362255859374 197.87306213378906 104.45994160970052 126.26410420735677 128.11012420654296 63.14222895304362 61.1658576965332
14.676250120857729 3870.4656958007813 195.8712936401367 98.06976369222005 130.339187113444 137.0030751546224 64.01202087402343 66.07906951904297
14.67875012080185 3828.614084472656 197.6446517944336 99.5303451538086 133.36336924235027 133.3842341105143 61.6747065226237 64.36976280212403
14.68125012074597 3845.1899853515624 200.00799713134765 107.25651143391927 132.24457244873048 130.51437327067057 61.521445719401044 63.93632011413574
14.68375012069009 3882.90072265625 205.19720916748048 100.05672073364258 131.77994486490886 132.5717793782552 65.49038213094076 64.03304557800293
14.686250120634211 3860.304553222656 201.33612976074218 102.4348373413086 131.10922444661458 133.1386947631836 54.86300379435222 65.41311721801758
14.688750120578332 3893.1424194335937 202.54503479003907 103.85367787679037 129.909201558431 123.50499369303385 62.114775848388675 63.260484313964845
14.691250120522453 3917.456149902344 206.15526428222657 110.06610768636068 131.7670430501302 130.32013142903645 60.42123235066732 63.5966552734375
14.693750120466573 3917.8820458984374 198.81891632080078 106.9781504313151 128.7728520711263 129.6002426147461 64.60132293701172 65.68152732849121
14.696250120410694 3898.532038574219 203.23918762207032 108.49134140014648 132.5213628133138 122.3813959757487 62.16100184122721 70.36129913330078
14.698750120354815 3954.7825732421875 204.47470397949218 106.37264938354492 132.71747487386068 135.90186614990233 64.19980977376302 68.66445503234863
14.701250120298935 3931.1272485351565 204.22249908447264 104.49501444498698 137.77701873779296 131.8246696472168 62.15336380004883 66.58687019348145
14.703750120243056 3946.2881909179687 200.48719177246093 101.3824857076009 131.81233774820964 117.67904841105143 50.741711934407554 54.95272674560547
14.706250120187176 3947.747048339844 206.71941833496095 104.91654790242514 136.06839243570963 129.4787155151367 53.6839241027832 62.22005043029785
14.708750120131297 3939.4884423828125 199.09380950927735 103.49891942342123 132.87471415201824 132.4045903523763 58.290331776936846 59.221242904663086
14.711250120075416 3907.8226708984375 204.0070037841797 100.27943929036458 134.21414947509766 138.5252665201823 58.819445546468096 63.72535858154297
14.713750120019538 3922.5624267578123 203.2922348022461 101.49791564941407 132.78072713216145 130.48021189371744 69.76320241292318 62.25597991943359
14.71625011996366 3955.7414501953126 207.99828643798827 104.4553451538086 135.08233184814452 138.12220865885416 63.11162134806315 63.40562133789062
14.71875011990778 3926.3192553710937 216.8635513305664 105.59077657063803 137.24923756917318 131.4207962036133 62.945029703776044 62.85548400878906
14.7212501198519 3931.481447753906 207.7969543457031 100.6259999593099 134.12286122639975 126.79687245686848 65.52102483113607 67.90184288024902
14.723750119796021 3927.529226074219 204.55376892089845 103.34919916788736 132.46404164632162 126.04349136352539 57.74552688598633 67.38473052978516
14.726250119740142 3869.725661621094 204.31389312744142 98.43303985595703 133.43451741536458 135.98940404256186 59.504248046875 66.14857559204101
14.728750119684262 3892.3385107421873 205.04034423828125 100.86930999755859 134.8039794921875 127.98362477620442 63.874595133463544 68.08752784729003
14.731250119628383 3931.633771972656 203.47335510253907 108.82009938557943 133.86650390625 126.18279673258463 58.8294174194336 66.94548988342285
14.733750119572504 3913.936201171875 205.61329040527343 107.92277755737305 131.5495625813802 126.68292795817057 61.7154301961263 65.09174194335938
14.736250119516624 3859.294521484375 202.97226257324218 106.03627268473308 125.55502014160156 128.9523183186849 67.2375727335612 62.90816802978516
14.738750119460745 3895.9271728515623 202.7134002685547 102.10972442626954 133.96510416666666 130.54234161376954 58.82669906616211 59.99391899108887
14.741250119404866 3877.9788061523436 203.15713806152343 103.50401992797852 134.74771372477213 137.98523559570313 59.5981943766276 59.74416542053223
14.743750119348986 3819.4986547851563 204.2458709716797 104.02842712402344 132.03367767333984 133.83590952555338 63.425286610921226 68.05300827026367
14.746250119293107 3837.972770996094 197.92252349853516 103.69171091715495 129.97913157145183 135.997238667806 61.88301417032878 65.98402671813965
14.748750119237227 3815.20693359375 199.77186431884766 98.24122594197591 130.95526835123698 132.55619303385416 61.0784548441569 63.7510799407959
14.751250119181348 3779.982919921875 198.7026809692383 96.80092493693034 132.1706553141276 143.32687683105468 64.15603103637696 60.12670402526855
14.753750119125469 3827.199484863281 205.41024780273438 100.47265040079752 131.9209726969401 135.4716532389323 65.18519337972005 69.43678016662598
14.75625011906959 3812.293103027344 204.98426971435546 107.47033182779948 130.86670481363933 141.9408747355143 67.73784891764323 67.08466720581055
14.758750119013712 3756.94080078125 203.0043502807617 99.03506342569987 131.54503936767577 138.54184010823568 60.00184682210286 61.37397384643555
14.76125011895783 3733.8316552734377 199.79410400390626 99.61854451497396 132.7605433146159 128.72408548990884 62.02133407592773 60.49660034179688
14.763750118901951 3664.998269042969 204.96490173339845 104.38059844970704 130.24541575113932 126.9012446085612 63.732163492838545 67.04944534301758
14.766250118846072 3631.018723144531 205.5743896484375 100.28801600138347 127.71850179036458 134.84071095784506 65.28261845906576 70.65467338562011
14.768750118790193 3769.1088623046876 205.03614807128906 104.08021138509115 133.22415568033855 139.5146967569987 64.42048924763998 67.25804862976074
14.771250118734313 3791.8602661132813 205.32845916748047 102.84458618164062 136.84464060465496 135.6100850423177 68.19327290852864 71.33632698059083
14.773750118678434 3712.4682861328124 202.98407592773438 103.0473119099935 133.89704233805338 129.33094889322916 66.00707600911458 67.18598937988281
14.776250118622556 3690.7861669921876 202.70813903808593 106.02000732421875 137.4534479777018 125.18440246582031 64.78727518717447 60.88827323913574
14.778750118566675 3718.5342602539063 209.10516510009765 108.67697296142578 138.63400217692057 134.70563201904298 66.56870880126954 61.8469482421875
14.781250118510796 3676.479853515625 209.27364807128907 98.94468536376954 137.04966430664064 137.02723999023436 61.229322306315105 73.3980613708496
14.783750118454916 3629.0634106445314 201.69260864257814 102.14850362141927 133.1230489095052 128.38762308756512 67.22048314412434 67.97976989746094
14.786250118399037 3698.3309497070313 202.8992126464844 103.35236790974935 136.07629954020183 133.81563924153645 68.61146876017253 65.54532203674316
14.788750118343158 3708.68814453125 209.6214385986328 104.39086558024088 141.3861526489258 134.86317698160806 63.671068572998045 70.79116859436036
14.791250118287278 3673.188779296875 201.8887725830078 100.67281672159831 136.27243194580078 138.72251942952474 58.9838757832845 66.40870361328125
14.793750118231399 3744.18859375 208.38894348144532 102.82225545247395 136.95292256673176 135.02504018147786 66.31387507120768 63.312762069702146
14.79625011817552 3798.7350463867188 206.1366165161133 107.66739400227864 146.924028523763 144.31175994873047 73.87980499267579 70.31269798278808
14.79875011811964 3759.297663574219 203.52142181396485 103.94793065388997 136.8362289428711 134.67390848795574 67.18868103027344 67.29950218200683
14.801250118063761 3810.250563964844 205.0674026489258 110.09562835693359 141.43456522623697 136.94960327148436 69.09468307495118 69.83422889709473
14.803750118007882 3835.988466796875 208.22109375 105.77725219726562 142.9901117960612 133.5688044230143 64.42240753173829 62.208323287963864
14.806250117952002 3868.467546386719 211.82083740234376 109.61302185058594 141.0442886352539 148.18144785563152 64.15741119384765 67.70838432312011
14.808750117896123 3901.578107910156 216.80296630859374 111.38289744059244 146.9809143066406 144.32269744873048 70.64209365844727 74.7655403137207
14.811250117840244 3883.842058105469 227.59747619628905 114.58208923339843 155.2606964111328 157.41456400553386 83.36054992675781 90.63735656738281
14.813750117784364 3894.9687158203124 259.5113052368164 147.26494445800782 178.9893046061198 186.41902770996094 114.66493021647135 131.29234237670897
14.816250117728485 3829.2903881835937 285.61058349609374 177.42037963867188 202.24745076497396 195.99696044921876 130.70543111165364 142.40303573608398
