m1-67/data/jwst-miri-mrs/wr124-miri-spec-ch2.ecsv
# %ECSV 1.0
# ---
# datatype:
# - {name: Wavelength, unit: micron, datatype: float64}
# - {name: Star, unit: MJy / sr, datatype: float64}
# - {name: Knot A, unit: MJy / sr, datatype: float64}
# - {name: BG A1, unit: MJy / sr, datatype: float64}
# - {name: BG A2, unit: MJy / sr, datatype: float64}
# meta: !!omap
# - __serialized_columns__:
#     BG A1:
#       __class__: astropy.units.quantity.Quantity
#       unit: !astropy.units.Unit {unit: MJy / sr}
#       value: !astropy.table.SerializedColumn {name: BG A1}
#     BG A2:
#       __class__: astropy.units.quantity.Quantity
#       unit: !astropy.units.Unit {unit: MJy / sr}
#       value: !astropy.table.SerializedColumn {name: BG A2}
#     Knot A:
#       __class__: astropy.units.quantity.Quantity
#       unit: !astropy.units.Unit {unit: MJy / sr}
#       value: !astropy.table.SerializedColumn {name: Knot A}
#     Star:
#       __class__: astropy.units.quantity.Quantity
#       unit: !astropy.units.Unit {unit: MJy / sr}
#       value: !astropy.table.SerializedColumn {name: Star}
#     Wavelength:
#       __class__: astropy.coordinates.spectral_coordinate.SpectralCoord
#       unit: !astropy.units.Unit {unit: micron}
#       value: !astropy.table.SerializedColumn {name: Wavelength}
# schema: astropy-2.0
Wavelength Star "Knot A" "BG A1" "BG A2"
[from data line 1233]
9.113550233247222 4615.337136404855 56.280719484601704 18.966238251754216 36.570489747183665
9.114850233250761 4567.951953706287 59.090363366263254 31.326589924948557 30.863063045910426
9.1161502332543 4601.7149818057105 53.81627600533621 32.47135673250471 38.44006102425711
9.117450233257841 4524.585654122488 55.43934876578195 26.575352873120988 31.92143174580165
9.118750233261379 4580.813989548456 56.081782477242605 33.940252917153494 28.085990701402938
9.12005023326492 4564.996850876581 52.76793234688895 23.86550404344286 32.07505144391741
9.121350233268458 4538.183760870071 57.97635677882603 30.91368498120989 28.937826497214182
9.122650233271996 4546.081903366816 57.23210906982422 31.39841972078596 34.122896330697195
9.123950233275536 4561.996724446614 63.61733055114746 30.58517449242728 30.574821540287562
9.125250233279074 4458.237205868676 60.463815689086914 38.074323245457244 32.973870073046
9.126550233282613 4395.476437523252 54.63153975350516 22.978312730789185 33.84891319274902
9.127850233286154 4379.057862781343 60.03740555899484 34.66834078516279 34.1775678225926
9.12915023328969 4384.869921003069 57.72436087472098 30.34609716279166 38.501425879342214
9.130450233293232 4394.869115920294 68.67726652962821 34.009494168417795 27.57260764496667
9.131750233296769 4403.279099237351 63.65595245361328 36.050978319985525 37.317878178187776
9.133050233300308 4419.371968587239 69.01660210745675 25.910990817206248 37.523020948682515
9.134350233303849 4344.208499000186 66.11979975019183 41.783152784620015 37.040817396981375
9.135650233307386 4326.757982526507 59.01163455418178 24.725780759538925 33.4864741734096
9.136950233310927 4462.722019740513 64.50829478672573 27.261088677815028 28.013320003237045
9.138250233314464 4475.713006882441 56.66130774361746 29.998921734946116 37.65686321258545
9.139550233318003 4459.454658144996 63.070951734270366 24.866017239434377 31.58074504988534
9.140850233321544 4467.384509858631 59.26967075892857 33.07783828462873 35.357184818812776
9.142150233325081 4454.069184802827 56.33315168108259 26.894220420292445 31.18631158556257
9.14345023332862 4420.519904727027 61.904472896030974 32.189948729106355 25.63253446987697
9.14475023333216 4437.256710960752 55.50660950796945 28.159251076834543 32.5176762172154
9.146050233335698 4397.498876662481 65.72060721261161 26.787172658102854 28.389113358088903
9.147350233339239 4391.460136776879 59.34149060930525 34.08957736832755 36.61937304905483
9.148650233342776 4385.107077462332 62.8279002053397 28.764349120003835 34.89491762433733
9.149950233346315 4337.863506498791 69.30679403032575 39.545491218566895 34.73162753241403
9.151250233349856 4337.744646344866 60.29161099025181 34.633217334747314 39.614820207868306
9.152550233353393 4294.88430640811 65.8207152230399 38.468673297337126 36.2513860974993
9.153850233356934 4494.754442487444 62.12434795924595 42.31139728001186 37.83441080365862
9.155150233360471 4361.512002127512 62.89100646972656 33.368357454027446 34.903780358178274
9.15645023336401 4371.97946312314 61.0243102482387 42.67958933966501 37.99370663506644
9.157750233367551 4407.132084437779 63.44880131312779 31.741766793387278 37.274179867335725
9.159050233371088 4400.3979899088545 68.67764418465751 36.30205883298601 30.04142475128174
9.160350233374627 4420.485111781529 63.55971472603934 29.91561457094836 35.56578390938895
9.161650233378166 4416.617575509207 64.42482076372418 27.025840384619578 28.609598398208618
9.162950233381705 4440.147655668713 60.467599868774414 29.716597448502267 34.50382825306484
9.164250233385246 4453.400566464379 59.97753143310547 26.247012070247106 27.035302230290004
9.165550233388783 4459.789280482701 55.83914756774902 34.24416010720389 28.722737039838517
9.166850233392324 4475.43315633138 53.51118605477469 28.17369042124067 33.54800680705479
9.168150233395863 4368.159913562593 56.43720654078892 28.648998532976425 26.955743517194474
9.1694502333994 4373.289792015439 54.43670654296875 28.731236900602067 39.962757042476106
9.170750233402941 4371.73818679083 60.707550866263254 26.723322868347168 26.788086780479976
9.172050233406479 4342.94723656064 58.12062290736607 36.303526878356934 34.32716015407017
9.173350233410018 4360.673121861049 61.96891648428781 31.451636007853917 37.59196792330061
9.174650233413558 4308.807178315662 63.51697622026716 32.22248404366629 34.918494769505095
9.175950233417096 4305.513668968564 63.547708238874165 33.94173061847687 38.65958942685808
9.177250233420637 4306.704447428386 67.01825114658901 36.165166650499614 33.4151200396674
9.178550233424174 4293.271452404204 62.56556756155832 37.574982098170686 37.39307355880737
9.179850233427713 4307.911285400391 62.41929462977818 35.664579902376445 30.926336969648087
9.181150233431254 4329.9547278994605 62.54095567975725 41.04798480442592 32.3082321371351
9.18245023343479 4352.419693719773 62.75281088692801 35.57017929213388 35.90558597019741
9.183750233438332 4370.243764241536 65.12039348057338 40.22991568701608 26.45780873298645
9.185050233441869 4362.860794793992 65.35768972124372 38.51593617030552 35.7523649079459
9.186350233445408 4370.088900611514 64.43756267002651 32.71955067770822 28.959774494171143
9.187650233448949 4370.723218645368 59.824001857212615 35.1936103275844 31.370856421334402
9.188950233452486 4375.0559314546135 61.66753714425223 33.24732208251953 28.730827808380127
9.190250233456025 4352.61016264416 58.061957768031526 33.7976085117885 28.434252193995885
9.191550233459566 4343.694610595703 59.19859749930246 27.479168894035475 30.246779782431467
9.192850233463103 4355.1207769484745 57.54350989205496 26.91148410524641 26.22492710181645
9.194150233466644 4333.454342796689 53.03462927682059 34.98548902784075 30.845224857330322
9.195450233470181 4301.640593029204 60.184516361781526 35.65652370452881 31.65383768081665
9.19675023347372 4276.922915504092 56.86352375575474 28.91417224066598 32.493245942252024
9.198050233477261 4261.401252383277 62.211226327078684 33.91409802862576 34.479365076337544
9.199350233480798 4235.038478306362 60.81996236528669 30.731450617313385 32.534129687717986
9.200650233484339 4203.649283272879 60.05922753470285 39.30989595821926 38.44465514591762
9.201950233487876 4239.263317289807 62.35543850490025 39.02677225587623 26.276200907570974
9.203250233491415 4245.031854538691 53.9622552054269 38.22584860665457 32.84888996396746
9.204550233494956 4165.223246256511 61.684962681361604 39.620993222509114 32.55622747966221
9.205850233498493 4195.781479608445 60.61290168762207 37.305395535060335 35.71673733847482
9.207150233502032 4315.718603224981 61.409694399152485 39.36425297600882 37.37859903063093
9.208450233505571 4316.285237630208 60.139056069510325 35.057995676994324 30.27864667347499
9.20975023350911 4330.982148670015 59.8116204398019 34.63622924259731 32.50490682465689
9.211050233512651 4389.685317266555 66.00959859575543 40.67890460150583 28.742289202553884
9.212350233516188 4328.996999104817 54.67143086024693 30.744393910680497 32.864110810416086
9.21365023351973 4319.616148449126 57.56370653424944 31.188300609588623 27.49464007786342
9.214950233523268 4310.992354620071 55.09971046447754 31.870742797851562 24.667955705097743
9.216250233526806 4309.189291817801 51.61795670645578 28.665453876767838 30.330964973994664
9.217550233530346 4308.835803803943 58.293286187308176 29.742927891867502 25.059034654072352
9.218850233533884 4292.077282133557 52.377878189086914 27.61968755722046 38.81594753265381
9.220150233537423 4316.021719796317 61.386286054338726 36.75295509610857 25.00640880210059
9.221450233540963 4261.511739095052 55.02137892586844 36.96243027278355 28.662194660731725
9.2227502335445 4273.256011962891 56.77007784162249 36.9027852330889 33.332924774714876
9.224050233548041 4149.740410214379 62.08556720188686 42.95204973220825 26.076254180499486
9.225350233551579 4205.12999180385 61.50395148141043 37.76182392665318 39.11637428828648
9.226650233555118 4172.717170352027 64.52282578604562 48.418067932128906 27.729933874947683
9.227950233558659 4240.8853425525485 59.74977684020996 43.490648882729666 40.07512044906616
9.229250233562196 4273.581515357608 66.82617296491351 45.2623085975647 34.72351220675877
9.230550233565737 4286.211916968936 61.85473714556013 43.550223623003276 32.55637720652989
9.231850233569274 4292.679748535156 59.23081534249442 34.66892140252249 41.32432706015451
9.233150233572813 4302.961909702846 63.55794906616211 41.39937537057059 29.577951771872385
9.234450233576354 4317.582108270554 59.03170040675572 32.29659925188337 38.238188062395366
9.235750233579891 4331.72607421875 58.92139870779855 37.690640449523926 29.803442580359324
9.23705023358343 4327.179392496745 55.34259251185826 35.915151596069336 34.44368961879185
9.238350233586969 4331.9581618536085 53.411630630493164 26.096659421920776 33.283531767981394
9.239650233590508 4351.705980573382 56.64078113010952 36.43809345790318 26.74536078316825
9.240950233594049 4347.139676048642 56.50159209115164 24.615062917981827 34.80946493148804
9.242250233597586 4352.982169015067 61.54736546107701 33.36046722957066 28.261583260127477
9.243550233601125 4377.625152587891 59.26007270812988 29.077611923217773 36.14785575866699
9.244850233604666 4366.911301385789 56.996880940028596 26.993388431412832 31.50025258745466
9.246150233608203 4380.226479666574 59.883200236729216 34.11380236489432 33.9124949319022
9.247450233611744 4382.3257402692525 61.325731549944194 27.159140995570592 37.811162744249614
9.248750233615281 4397.7252691359745 65.17057418823242 43.33337756565639 30.861874716622488
9.25005023361882 4412.653048560733 63.87725830078125 34.55964510781424 38.98903669629778
9.251350233622361 4434.662216913132 65.62170246669224 37.701325041907175 32.617995262145996
9.252650233625898 4460.831043061756 64.34380449567523 39.59155028206961 40.30478204999651
9.253950233629437 4498.163635253906 67.53713771275112 29.94504055487258 39.35015824862889
9.255250233632976 4507.849349248977 69.0415346963065 38.50513962336949 37.509324482509065
9.256550233636515 4524.546404157366 63.25075503758022 30.20335909298488 41.957912581307546
9.257850233640056 4565.234887985956 64.20084203992572 40.363546984536306 34.34647192273821
9.259150233643593 4607.407238188244 72.66017505100795 38.08713715417044 36.94244997841971
9.260450233647134 4614.417122977121 66.23036657060895 30.193230032920837 33.403169427599224
9.261750233650671 4596.218716575986 62.20914758954729 34.37400283983776 29.818626403808594
9.26305023365421 4613.727133614676 67.05585833958217 33.69455834797451 35.471848828451975
9.264350233657751 4597.992402576265 63.31282697405134 41.291851793016704 34.43501717703683
9.265650233661288 4598.192185174851 68.97931943620954 36.564744404384065 38.93323366982596
9.266950233664828 4577.370372953869 65.78074046543666 37.10020470619202 32.86634513310024
9.268250233668368 4579.878771100725 63.31156349182129 37.556563309260774 35.78008229391916
9.269550233671906 4542.502996535528 66.16072954450335 26.585836512701853 35.521193163735525
9.270850233675446 4529.0669308617 63.42022214617048 38.2762245450701 37.998486382620676
9.272150233678984 4524.320848737444 65.0507322038923 31.38892364501953 35.37364394324167
9.273450233682523 4483.048319498698 61.838824135916575 34.03512702669416 36.70983845846994
9.274750233686063 4415.129464285715 68.09240886143276 31.379813534872874 38.319206374032156
9.2760502336896 4408.709001813616 66.82521138872418 34.74935097353799 37.592540877205984
9.277350233693141 4441.627073742095 65.4860760825021 41.48073359898159 41.20306873321533
9.278650233696679 4431.378268287295 71.68047932216099 28.537226544959204 32.353150844573975
9.279950233700218 4411.957644507998 60.54608563014439 37.96363319669451 38.93570613861084
9.281250233703759 4408.075578962053 69.12000846862793 32.64157172611782 34.39133146830967
9.282550233707296 4412.214862641834 65.14054380144391 30.40682942526681 33.5696507862636
9.283850233710835 4389.095954531715 66.72472872052874 36.681393555232454 30.782230649675643
9.285150233714374 4380.142951602027 67.70768083844867 28.865556444440568 31.26802682876587
9.286450233717913 4360.181506928943 61.355547768729075 27.5234922681536 36.177691732134136
9.287750233721454 4341.96197219122 59.343461172921316 25.521407059260778 26.626786947250366
9.289050233724991 4339.299317859468 55.87050029209682 30.73952967779977 33.74123191833496
9.29035023372853 4324.111982073103 57.84729903084891 27.472647394452775 30.53900899205889
9.29165023373207 4300.6214105515255 60.46364212036133 28.66366652079991 33.757172857012065
9.292950233735608 4272.29390171596 61.64048630850656 31.039944410324097 33.506858825683594
9.294250233739149 4230.036844889323 59.57555389404297 31.084768635886057 35.52304186139788
9.295550233742686 4243.1554943266365 58.03930527823312 32.90133190155029 40.848736490522114
9.296850233746225 4212.765373593285 66.19971575055804 34.04022346224104 31.813476494380406
9.298150233749766 4170.269547235398 60.208356857299805 37.194448947906494 35.04696805136545
9.299450233753303 4168.572335379465 54.813268525259836 42.21204798562186 33.465262685503276
9.300750233756842 4172.79460797991 68.1578390938895 40.6798802784511 36.553028038569856
9.302050233760381 4183.286981491816 72.90026773725238 46.09905924115862 36.37119211469378
9.30335023376392 4191.740163167317 76.433260508946 40.08490358080183 32.087535994393484
9.304650233767461 4209.468635195777 69.63366535731724 38.23300061907087 36.18403707231794
9.305950233770998 4207.407819475447 70.15463638305664 37.969772406986785 35.192625761032104
9.307250233774539 4223.751382010324 66.7339643750872 40.46147155761719 40.36661856515067
9.308550233778076 4265.219903855097 64.77843584333148 40.33219760656357 35.80233941759382
9.309850233781615 4272.539504278274 62.390279224940706 36.09547792162214 33.69955342156546
9.311150233785156 4268.806876046317 57.16957936968122 33.32668488366263 32.90925734383719
9.312450233788693 4271.247997465588 58.31936264038086 34.04947519302368 25.82268398148673
9.313750233792232 4287.354862758091 59.62178829738072 31.11061249460493 33.49071257455008
9.315050233795773 4265.669384184338 58.47843442644392 31.480896949768066 29.807809284755162
9.31635023379931 4243.046568371001 59.5113468170166 31.44709743772234 33.155404227120535
9.317650233802851 4227.427283877418 61.157059805733816 35.12640919004168 38.68540232522147
9.318950233806389 4140.807272774832 59.787322998046875 39.16108512878418 39.044721603393555
9.320250233809928 4175.412530808222 61.409829820905415 36.10346479501043 36.26736239024571
9.321550233813468 4187.699417840867 59.886440822056365 35.70388732637678 33.77249387332371
9.322850233817006 4165.321024576823 59.975050245012554 39.016461508614675 39.835915429251536
9.324150233820546 4196.3542712983635 64.29928943089077 39.214079703603474 36.08875594820295
9.325450233824084 4168.095094226655 62.00861576625279 39.30719723020281 34.819857597351074
9.326750233827623 4127.358610607329 62.375370843069895 40.04971129553659 34.69151306152344
9.328050233831163 4141.379204159692 66.01343100411552 37.03341824667795 34.53097111838205
9.3293502338347 4156.297114780971 71.96004704066685 33.28437750680106 40.27823679787772
9.33065023383824 4146.86965070452 70.75251061575753 39.47139358520508 38.55529451370239
9.331950233841779 4251.618518647693 67.3583003452846 38.88072667803083 38.14318452562605
9.333250233845318 4228.879301525298 64.55961663382394 38.34246008736746 32.23455974033901
9.334550233848859 4209.859515962146 56.435870851789204 34.899450234004426 34.22066593170166
9.335850233852396 4240.14435686384 59.98394421168736 40.16040515899658 33.19140665871756
9.337150233855935 4222.874332972935 59.586748940604075 41.517569473811555 29.03573935372489
9.338450233859476 4228.136034284319 61.12859371730259 43.00732381003244 30.163715158190048
9.339750233863013 4281.157068161738 60.78951563153948 36.82559255191258 23.64551990372794
