m1-67/data/jwst-miri-mrs/wr124-miri-mrs-ch3-star-full-spectrum.ecsv
# %ECSV 1.0
# ---
# datatype:
# - {name: Wavelength, unit: micron, datatype: float64}
# - {name: Intensity, datatype: float64}
# meta: !!omap
# - __serialized_columns__:
#     Wavelength:
#       __class__: astropy.units.quantity.Quantity
#       unit: !astropy.units.Unit {unit: micron}
#       value: !astropy.table.SerializedColumn {name: Wavelength}
# schema: astropy-2.0
Wavelength Intensity
11.551250190706922 4839.994402204241
11.553750190651042 4804.524427141462
11.556250190595165 4763.87126813616
11.558750190539284 4681.106669834682
11.561250190483406 4634.562826974051
11.563750190427525 4570.142565046038
11.566250190371646 4494.465294974191
11.568750190315766 4431.392584664481
11.571250190259887 4375.808385576521
11.57375019020401 4325.1876384190155
11.576250190148128 4298.425033569336
11.57875019009225 4278.82294682094
11.58125019003637 4267.202202933176
11.58375018998049 4234.5321698869975
11.586250189924613 4206.611960274832
11.588750189868732 4187.299365452358
11.591250189812854 4178.832069396973
11.593750189756973 4165.171249389648
11.596250189701093 4155.938407897949
11.598750189645214 4134.637658255441
11.601250189589335 4130.196488516672
11.603750189533457 4122.704836164202
11.606250189477576 4121.854230608259
11.608750189421698 4121.876689365932
11.611250189365817 4121.907725742885
11.613750189309938 4113.366758074079
11.61625018925406 4113.488104684012
11.61875018919818 4113.006896972656
11.621250189142302 4110.44248526437
11.62375018908642 4110.388304574149
11.626250189030541 4114.2823976789205
11.628750188974662 4119.970500401088
11.631250188918782 4120.043160574777
11.633750188862905 4121.44155229841
11.636250188807024 4122.164971487863
11.638750188751146 4127.657854352678
11.641250188695265 4121.743153163365
11.643750188639386 4120.473867143904
11.646250188583508 4120.8912669590545
11.648750188527627 4120.401285443987
11.65125018847175 4118.1880133492605
11.653750188415868 4123.0100827898295
11.656250188359989 4123.35294342041
11.65875018830411 4110.7293864658905
11.66125018824823 4115.780276707241
11.663750188192353 4115.444753374372
11.666250188136472 4116.239294869559
11.668750188080594 4120.993255615234
11.671250188024713 4121.517131260463
11.673750187968833 4117.19255065918
11.676250187912956 4117.00394984654
11.678750187857075 4122.736066545759
11.681250187801197 4131.288277762277
11.683750187745316 4134.059344700405
11.686250187689437 4153.079913548061
11.688750187633559 4162.1405999319895
11.691250187577678 4161.495685032436
11.6937501875218 4166.331360953195
11.69625018746592 4162.476971217564
11.69875018741004 4162.987109592983
11.70125018735416 4159.725322178432
11.703750187298281 4177.558215550014
11.706250187242404 4181.350510733469
11.708750187186522 4188.8351647513255
11.711250187130645 4190.720929827009
11.713750187074764 4196.643287658691
11.716250187018884 4204.595339093889
11.718750186963007 4207.959579467773
11.721250186907126 4208.779360089983
11.723750186851248 4213.3115474155975
11.726250186795367 4220.14964730399
11.728750186739488 4223.454495021275
11.731250186683608 4228.229316711426
11.733750186627729 4231.340837751116
11.736250186571851 4237.143814086914
11.73875018651597 4237.934770856585
11.741250186460093 4241.699079241072
11.743750186404212 4236.419961111887
11.746250186348332 4231.9024004255025
11.748750186292455 4232.135899135044
11.751250186236573 4231.976911272322
11.753750186180696 4242.984255109514
11.756250186124815 4247.126822335379
11.758750186068935 4246.548742021833
11.761250186013056 4248.086159842355
11.763750185957177 4253.889975411551
11.7662501859013 4240.850537981306
11.768750185845418 4248.761199951172
11.77125018578954 4246.329197474888
11.77375018573366 4268.518293108259
11.77625018567778 4272.778959001814
11.778750185621902 4270.509146554129
11.781250185566021 4273.446759905134
11.783750185510144 4270.00617327009
11.786250185454263 4264.144720894949
11.788750185398383 4264.99479675293
11.791250185342504 4270.285838535854
11.793750185286624 4270.288602556501
11.796250185230747 4273.76441519601
11.798750185174866 4275.543897356306
11.801250185118988 4274.277520315988
11.803750185063107 4270.5942143031525
11.806250185007228 4257.779107230051
11.80875018495135 4241.971862792969
11.811250184895469 4226.699726649693
11.813750184839591 4213.917563302176
11.81625018478371 4206.704308646066
11.818750184727831 4192.476514543806
11.821250184671953 4167.779706682478
11.823750184616072 4139.508332388742
11.826250184560195 4130.982329232352
11.828750184504313 4116.909785679409
11.831250184448434 4102.344890049526
11.833750184392555 4092.067081996373
11.836250184336675 4073.45870753697
11.838750184280798 4065.602972848075
11.841250184224917 4069.229355948312
11.84375018416904 4067.7318289620534
11.846250184113158 4066.0677359444753
11.848750184057279 4059.6736341203964
11.851250184001401 4058.238013131278
11.85375018394552 4064.0299355643137
11.856250183889642 4073.076886858259
11.858750183833761 4070.51972089495
11.861250183777882 4070.038083757673
11.863750183722003 4068.68204498291
11.866250183666123 4077.814425877162
11.868750183610246 4089.6671513148717
11.871250183554364 4098.037518092564
11.873750183498487 4099.179314749582
11.876250183442606 4106.512259347098
11.878750183386726 4121.451329912458
11.881250183330849 4124.66446685791
11.883750183274968 4126.994282313755
11.88625018321909 4121.905077253069
11.888750183163209 4126.300663539341
11.89125018310733 4137.137987409319
11.89375018305145 4142.322472708566
11.896250182995571 4147.157669067383
11.898750182939693 4151.162992204939
11.901250182883812 4153.600099836077
11.903750182827935 4148.771615164621
11.906250182772053 4137.681631905692
11.908750182716174 4138.8366132463725
11.911250182660297 4135.443228585379
11.913750182604415 4133.3299560546875
11.916250182548538 4120.668345860073
11.918750182492657 4113.535806928362
11.921250182436777 4104.948164803641
11.923750182380898 4098.524201529367
11.926250182325019 4097.073605128697
11.928750182269141 4088.8222122192383
11.93125018221326 4083.911229814802
11.93375018215738 4083.4684350149973
11.936250182101501 4086.090494428362
11.938750182045622 4102.881416320801
11.941250181989744 4106.328662327358
11.943750181933863 4109.68703024728
11.946250181877986 4123.506381443569
11.948750181822104 4129.360422406878
11.951250181766225 4128.065306527274
11.953750181710346 4135.695836748396
11.956250181654466 4139.0816519601
11.958750181598589 4137.054738725935
11.961250181542708 4147.035617283413
11.963750181486828 4142.002714974539
11.966250181430949 4139.874017987932
11.96875018137507 4132.164475577219
11.971250181319192 4140.422569274902
11.973750181263311 4127.959048679897
11.976250181207433 4135.519290379116
11.978750181151552 4144.899274553572
11.981250181095673 4140.835696629116
11.983750181039795 4145.991439819336
11.986250180983914 4147.611851283482
11.988750180928037 4146.0374112810405
11.991250180872155 4148.641356331961
11.993750180816276 4138.859365190779
11.996250180760397 4135.420355660574
11.998750180704517 4127.9605876377655
12.00125018064864 4134.286509922573
12.003750180592759 4142.425260271345
12.006250180536881 4135.451906476702
12.008750180481 4135.340706961496
12.01125018042512 4118.567184448242
12.013750180369243 4112.574369158064
12.016250180313362 4107.986460004534
12.018750180257484 4110.508258274624
12.021250180201603 4109.726214817592
12.023750180145724 4098.290203639439
12.026250180089844 4102.185436793736
12.028750180033965 4105.516151428223
12.031250179978088 4104.284677777971
12.033750179922206 4110.703326633999
12.036250179866327 4113.587320600237
12.038750179810448 4111.44979095459
12.041250179754568 4108.062876020159
12.04375017969869 4102.513589041574
12.04625017964281 4104.466990879604
12.048750179586932 4105.057669503348
12.051250179531051 4105.492346627371
12.053750179475172 4097.835625784738
12.056250179419292 4099.635659354074
12.058750179363413 4100.5806753976
12.061250179307535 4101.792487008231
12.063750179251654 4100.922375270298
12.066250179195777 4093.0099149431503
12.068750179139895 4104.827872140067
12.071250179084016 4105.035631452288
12.073750179028139 4109.4028570992605
12.076250178972257 4118.334457397461
12.07875017891638 4120.774594988142
12.081250178860499 4124.840935843332
12.08375017880462 4133.888187953404
12.08625017874874 4124.739264351981
12.08875017869286 4120.652086530413
12.091250178636983 4121.986497061594
12.093750178581102 4125.8924724033905
12.096250178525223 4124.841680254255
12.098750178469343 4127.916302272251
12.101250178413464 4120.790318080357
12.103750178357586 4117.795314243862
12.106250178301705 4131.560502188547
12.108750178245828 4131.827033996582
12.111250178189946 4128.816038949149
12.113750178134067 4142.0340085710795
12.116250178078188 4144.855460030692
12.118750178022308 4156.373847961426
12.12125017796643 4177.967037745884
12.12375017791055 4193.61513192313
12.12625017785467 4206.161520821707
12.128750177798791 4220.805417742048
12.131250177742912 4251.872913905552
12.133750177687034 4286.397597176688
12.136250177631153 4301.700939723423
12.138750177575275 4317.1539470127655
12.141250177519394 4332.651769365583
12.143750177463515 4358.812680925642
12.146250177407637 4371.1937255859375
12.148750177351756 4387.504396711077
12.151250177295879 4390.791830880301
12.153750177239997 4415.405532836914
12.156250177184118 4425.378611973354
12.158750177128239 4426.006561279297
12.16125017707236 4414.958565848215
12.163750177016482 4416.700973510742
12.1662501769606 4397.389373779297
12.168750176904723 4389.671024867466
12.171250176848842 4377.718590872629
12.173750176792963 4371.772327968052
12.176250176737085 4369.94582257952
12.178750176681204 4361.720160348074
12.181250176625326 4352.318625313895
12.183750176569445 4325.06364440918
12.186250176513566 4307.042142595564
12.188750176457686 4294.751190185547
12.191250176401807 4281.536740984236
12.19375017634593 4273.668241228376
12.196250176290048 4265.404251098633
12.198750176234169 4254.636971609933
12.20125017617829 4253.534794398716
12.20375017612241 4251.025314331055
12.206250176066533 4246.755205426897
12.208750176010652 4240.965539114816
12.211250175954774 4235.716866629465
12.213750175898893 4230.411113194057
12.216250175843014 4224.55738394601
12.218750175787134 4243.537462506975
12.221250175731255 4240.68578011649
12.223750175675377 4248.109649658203
12.226250175619496 4247.373997279576
12.228750175563619 4246.557819911412
12.231250175507737 4250.532191685268
12.233750175451858 4244.819795880999
12.23625017539598 4246.563792637417
12.2387501753401 4245.005300249372
12.241250175284222 4244.196444920131
12.24375017522834 4246.149312700544
12.246250175172461 4245.25846862793
12.248750175116582 4239.090720040457
12.251250175060703 4240.509713309152
12.253750175004825 4232.841304234096
12.256250174948944 4229.447429112026
12.258750174893065 4221.860622950962
12.261250174837185 4218.190947396414
12.263750174781306 4217.284476143973
12.266250174725428 4219.488645281111
12.268750174669547 4218.293689182827
12.27125017461367 4217.627114432199
12.273750174557788 4214.636647905622
12.276250174501909 4212.9331130981445
12.278750174446031 4211.690326145717
12.28125017439015 4200.957195826939
12.283750174334273 4187.438512529646
12.286250174278392 4190.337990897043
12.288750174222512 4195.6296626499725
12.291250174166633 4198.357498168945
12.293750174110754 4206.633076259068
12.296250174054876 4212.932003566197
12.298750173998995 4221.66845703125
12.301250173943115 4235.436985560826
12.303750173887236 4253.416499546596
12.306250173831357 4273.064182826451
12.30875017377548 4305.091626848493
12.311250173719598 4341.845690046038
12.31375017366372 4430.412985665457
12.31625017360784 4557.328672136579
12.31875017355196 4641.462851388113
12.32125017349608 4740.894701276507
12.323750173440201 4822.790376935686
12.326250173384324 4916.377875191824
12.328750173328443 5071.049205235073
12.331250173272565 5155.846714564732
12.333750173216684 5248.910838535854
12.336250173160805 5352.180757795061
12.338750173104927 5576.15195792062
12.341250173049046 6030.632197788784
12.343750172993168 6800.115149361746
12.346250172937287 8095.547962733677
12.348750172881408 10043.318516322544
12.351250172825528 12542.93234688895
12.353750172769649 15233.104169573102
12.356250172713771 17911.367462158203
12.35875017265789 20214.96333530971
12.361250172602011 20973.030081612724
12.363750172546132 21049.905744280135
12.366250172490252 21049.905744280135
12.368750172434375 21049.905744280135
12.371250172378494 21049.905744280135
12.373750172322616 21049.905744280135
12.376250172266735 21049.905744280135
12.378750172210855 21049.905744280135
12.381250172154976 21049.905744280135
12.383750172099097 21049.905744280135
12.38625017204322 20968.402073451452
12.388750171987338 20275.03936767578
12.391250171931459 18851.995819091797
12.39375017187558 17579.162715366907
12.3962501718197 15358.036211286273
12.398750171763822 12960.004455566406
12.401250171707941 10748.290488106864
12.403750171652062 8933.6875
12.406250171596183 7614.265816824777
12.408750171540303 6682.676600864956
12.411250171484424 6090.320741925921
12.413750171428545 5604.089436122349
12.416250171372667 5179.1226675851
12.418750171316786 4884.221457345145
12.421250171260906 4625.478598458426
12.423750171205027 4491.420734950474
12.426250171149148 4404.87992640904
12.42875017109327 4356.72660609654
12.431250171037389 4300.144195556641
12.433750170981511 4255.847080775669
12.43625017092563 4216.596895490374
12.438750170869751 4195.145135062082
12.441250170813873 4180.68308367048
12.443750170757992 4159.843409946987
12.446250170702115 4136.028505597796
12.448750170646234 4123.2261308942525
12.451250170590354 4104.60595703125
12.453750170534475 4094.349778311593
12.456250170478596 4080.480836050851
12.458750170422718 4065.8781095232284
12.461250170366837 4060.2862657819473
12.463750170310957 4053.367522103446
12.466250170255078 4043.816546848842
12.468750170199199 4038.378804888044
12.471250170143321 4032.258700779506
12.47375017008744 4023.9198390415736
12.476250170031562 4017.692250932966
12.478750169975681 4012.861276899065
12.481250169919802 4008.1221618652344
12.483750169863923 4005.750756399972
12.486250169808043 4003.272789001465
12.488750169752166 4000.1888700212753
12.491250169696285 3998.5036152430944
12.493750169640407 3996.0084511893137
12.496250169584526 3994.5392412458145
12.498750169528646 3990.8785552978516
12.501250169472769 3988.2969403948105
12.503750169416888 3988.4421822684153
12.506250169361008 3985.903947012765
12.508750169305129 3986.602446419852
12.51125016924925 3985.8465183803014
12.51375016919337 3986.2023075648717
12.516250169137491 3986.127920968192
12.518750169081613 3985.4821014404297
12.521250169025732 3984.824297223772
12.523750168969853 3982.935043334961
12.526250168913974 3982.1503295898438
12.528750168858094 3981.4851019723073
12.531250168802217 3981.2736282348633
12.533750168746336 3983.1071984427317
12.536250168690458 3984.550021580287
12.538750168634577 3986.8626262119838
12.541250168578697 3989.2208884102956
12.543750168522818 3991.2765001569473
12.546250168466939 3994.6202457972936
12.548750168411061 3997.4862845284597
12.55125016835518 4000.222671508789
12.5537501682993 4007.02488054548
12.556250168243421 4029.5054059709823
12.558750168187542 4067.3117446899414
12.561250168131664 4129.304551260812
12.563750168075783 4256.158488682338
12.566250168019904 4390.3474687848775
12.568750167964025 4556.251920427595
12.571250167908145 4696.944575718471
12.573750167852266 4830.6924721854075
12.576250167796386 4922.041521344866
12.578750167740509 5007.384004865374
12.581250167684628 5029.99762398856
12.583750167628748 5032.828007289341
12.586250167572869 5032.828007289341
12.58875016751699 5032.828007289341
12.591250167461112 5032.828007289341
12.593750167405231 5032.828007289341
12.596250167349353 5032.828007289341
12.598750167293472 5032.828007289341
12.601250167237593 5032.828007289341
12.603750167181715 5031.96864100865
12.606250167125834 5005.562083653042
12.608750167069955 4902.844277518137
12.611250167014076 4790.781507219587
12.613750166958196 4686.723473685129
12.616250166902317 4571.179591587612
12.618750166846437 4461.312436785017
12.62125016679056 4352.238218035017
12.623750166734679 4285.81086730957
12.6262501666788 4259.423422677176
12.62875016662292 4206.130896432059
12.63125016656704 4176.628448486328
