m1-67/data/jwst-miri-mrs/wr124-miri-spec-ch1.ecsv
# %ECSV 1.0
# ---
# datatype:
# - {name: Wavelength, unit: micron, datatype: float64}
# - {name: Star, unit: MJy / sr, datatype: float64}
# - {name: Knot A, unit: MJy / sr, datatype: float64}
# - {name: BG A1, unit: MJy / sr, datatype: float64}
# - {name: BG A2, unit: MJy / sr, datatype: float64}
# meta: !!omap
# - __serialized_columns__:
#     BG A1:
#       __class__: astropy.units.quantity.Quantity
#       unit: !astropy.units.Unit {unit: MJy / sr}
#       value: !astropy.table.SerializedColumn {name: BG A1}
#     BG A2:
#       __class__: astropy.units.quantity.Quantity
#       unit: !astropy.units.Unit {unit: MJy / sr}
#       value: !astropy.table.SerializedColumn {name: BG A2}
#     Knot A:
#       __class__: astropy.units.quantity.Quantity
#       unit: !astropy.units.Unit {unit: MJy / sr}
#       value: !astropy.table.SerializedColumn {name: Knot A}
#     Star:
#       __class__: astropy.units.quantity.Quantity
#       unit: !astropy.units.Unit {unit: MJy / sr}
#       value: !astropy.table.SerializedColumn {name: Star}
#     Wavelength:
#       __class__: astropy.coordinates.spectral_coordinate.SpectralCoord
#       unit: !astropy.units.Unit {unit: micron}
#       value: !astropy.table.SerializedColumn {name: Wavelength}
# schema: astropy-2.0
Wavelength Star "Knot A" "BG A1" "BG A2"
[from data line 1580]
6.164400063426 7242.66905954149 105.62214853614569 22.360717243618435 47.75787101189295
6.165200063405791 7258.12361017863 123.06531144678593 36.0254895846049 47.534560465150406
6.166000063385581 7283.102647569444 110.03659951686859 15.350738610161676 41.66265360514323
6.166800063365371 7245.216585795085 133.92279243469238 17.843831910027397 43.74588035212623
6.167600063345161 7261.1086945003935 119.38689802587032 11.117537907759349 30.819630828168656
6.1684000633249525 7277.31767378913 117.35100665688515 15.583414194318983 43.35408263156811
6.169200063304742 7286.048725975885 122.93069894611835 17.18979460729493 31.973401683900093
6.170000063284532 7226.875450558133 117.32312668953091 -0.4806168152226342 37.76276686456468
6.1708000632643225 7291.565447065565 114.52009313553572 13.55766717063056 46.29735408888923
6.171600063244114 7262.503935284085 112.37638576328754 2.401118999057346 43.06653963194953
6.172400063223903 7247.241603427463 114.62595827877522 12.948155638906691 39.99954359730085
6.173200063203694 7243.894493103027 125.27249893546104 25.459425438774957 39.67926722102695
6.174000063183484 7240.013370090061 134.16694885492325 -0.3910893546210395 38.59796526283026
6.174800063163275 7268.999672147963 143.1150499098003 24.958698742257223 47.61432395047612
6.175600063143064 7276.3991856045195 136.8570393398404 24.207606024212307 23.00099868244595
6.1764000631228555 7253.307191212972 134.09275233745575 18.7731412463718 35.62503085202641
6.177200063102645 7231.716733296712 126.2192018032074 24.75387895901998 36.813987996843125
6.178000063082436 7251.46710925632 123.86160381697118 5.868432174788581 34.61705010467105
6.1788000630622255 7199.882056766086 146.4869299083948 21.37840102646086 39.193016949627136
6.179600063042016 7208.91708946228 129.9109117537737 -0.36993529001871744 31.93698402908113
6.180400063021807 6927.12865363227 134.2570503950119 -0.6186949623955621 35.67964639266332
6.181200063001596 7062.66317431132 143.52976585924625 13.85173414018419 45.79606122440762
6.182000062981387 7223.489883846707 124.55334148555994 6.892686441209581 46.03198528289795
6.182800062961177 7234.94365035163 140.48813143372536 0.6916948954264323 49.86243625316355
6.183600062940968 7263.083409627278 138.62150245904922 7.748886786566841 33.855418841044106
6.184400062920758 7193.207791434394 125.71949905157089 6.995504540867276 45.92111175590091
6.185200062900548 7018.138301001654 139.87442249059677 17.103128793504503 48.367305782106186
6.186000062880338 6909.83408164978 135.12905204296112 1.2799922042422824 24.960571140050888
6.186800062860129 7201.876216252645 136.98344314098358 28.376433330112032 46.96064367890358
6.187600062839919 7214.475211461385 146.71331989392638 20.405810027652315 49.65955435898569
6.18840006281971 7192.097285588582 148.7449284531176 17.121100261476304 52.45884372045597
6.189200062799499 7158.665206485324 170.36808621883392 21.011661296420627 54.705450630850265
6.190000062779291 7072.132507748074 161.08270663768053 1.748499584197998 47.56260143385993
6.19080006275908 7139.205717722575 169.1109289918095 26.930401066939037 52.727204475137924
6.191600062738871 7173.051544825236 171.21124735474586 20.199465412563747 37.86982323498361
6.192400062718661 7181.055775112576 156.97304844856262 13.123497930440037 45.54719013637967
6.193200062698452 7182.487342834473 166.7526912689209 5.988420846727159 60.55925630198585
6.194000062678241 7181.010216606988 163.4245122903958 -1.025895129972034 49.27590564472808
6.1948000626580315 7151.337652418349 152.54487352073193 0.12719754775365194 45.25502073764801
6.195600062637823 7165.221675872803 135.34749168157578 -5.307463614145915 38.22952723171976
6.196400062617612 7157.17784055074 139.32441805303097 1.1620010587904188 40.692288080851235
6.197200062597402 7156.785908593072 166.7680885195732 22.94005427890354 53.619987984498344
6.198000062577193 7218.545046912299 158.65316091105342 20.260998243755765 40.59509115997288
6.198800062556984 7168.082720862494 168.61949795484543 20.759258021248712 46.177716126044594
6.199600062536773 7211.555128733317 181.51027088984847 26.524208068847656 52.24677703777949
6.200400062516564 7226.925163904826 177.20379381254315 26.542801899380155 49.07820169793235
6.201200062496354 7237.355742984348 169.49126153811812 21.251338158713448 50.41897115442488
6.202000062476145 7231.700258466933 165.49917470663786 1.8701867095298237 29.720164166556465
6.2028000624559345 7272.223914252387 168.9509728513658 24.24101750585768 57.927633272276985
6.203600062435726 7280.692334704929 171.98796144127846 9.115637945797708 54.15497373210059
6.204400062415515 7266.633682039049 156.89064040780067 2.094233841366238 37.973763075139786
6.205200062395306 7267.830002890692 180.73025138676167 19.312696965535483 40.21301581793361
6.206000062375096 7252.380512237549 169.97896134853363 4.287535737289323 29.41401003135575
6.206800062354887 7252.948118209839 160.19613859802485 23.456362194485134 58.2097746382157
6.207600062334676 7246.762193467882 170.30396080203354 11.554356034596761 45.360587411456635
6.2084000623144675 7219.455081939697 161.02282261103392 9.864657465616862 33.85702130529616
6.209200062294257 7208.503893110487 181.00954580307007 29.49547462463379 46.07877511779467
6.210000062274047 7211.3323885599775 189.38993644714355 20.320710563659667 38.836508971121575
6.210800062253838 7210.998514387343 189.91248059272766 20.497771824730766 53.96718512641059
6.211600062233628 7234.565173255072 205.48885834217072 2.301751406987508 29.42386351691352
6.212400062213418 7236.02141295539 185.17823946475983 -3.634169324239095 23.658109280798172
6.213200062193208 7225.316968705919 193.10594600439072 9.125979910956488 52.04868872960409
6.214000062173 7261.472446865506 191.41569936275482 0.9366341339217292 48.02578251229392
6.214800062152789 7283.573484420776 178.83570013940334 13.339877976311577 55.21340412563748
6.215600062132579 7254.0942942301435 177.16067203879356 13.228870397143893 46.377061227957405
6.21640006211237 7247.183075798883 170.43367044627666 13.068006579081217 32.00193212429682
6.217200062092161 7245.22892358568 189.20388370752335 16.512641525268556 41.878975576824615
6.21800006207195 7210.797744115193 190.44739544391632 3.2968816241456405 38.859358602099945
6.218800062051741 7184.100336286757 177.7864175364375 14.977643140157063 43.05136314365599
6.219600062031531 7179.589959462483 198.11063086986542 9.784391424391005 45.06460187832514
6.220400062011322 7169.286969926622 197.67133712768555 1.88068970574273 50.23487952020433
6.221200061991111 7147.370106803046 201.95325565338135 14.405588743421767 62.61328111092249
6.222000061970903 7167.258997811212 199.14320826530457 27.26349786652459 36.4900991221269
6.222800061950692 7043.658511055841 193.82640232518315 18.922338485717773 56.91483167765869
6.223600061930482 7134.825175391303 191.65284404158592 17.40088353090816 37.137629403008354
6.224400061910273 7171.515640046861 183.15261101722717 3.0302999602423775 46.22021753920449
6.225200061890063 7181.687576717801 194.77765807509422 5.475159667266739 53.48731524414487
6.226000061869854 7212.309307098389 186.16542899608612 -4.6123228391011555 45.63817658285714
6.2268000618496435 7185.609228769938 190.87726873159409 8.915368217892118 54.621015787124634
6.227600061829434 7202.175417158339 179.45665645599365 11.986608309215969 35.65242212182946
6.228400061809224 7226.219956292047 170.54402059316635 15.604999627007379 37.82931844393412
6.229200061789015 7166.55010011461 193.02543296664953 17.67636702855428 53.98274476163917
6.230000061768805 7146.227633370294 184.8046709895134 10.013505098554823 55.3571626941363
6.230800061748595 7122.527354346381 189.83515626192093 12.944653391838074 55.34707176685333
6.231600061728385 7123.415184020996 195.8378730416298 19.926776917775474 40.4856558818784
6.2324000617081765 7132.457543055217 173.72441777586937 11.731099462509155 50.319685290257134
6.233200061687966 7152.045770857069 200.11927676200867 26.121160782708063 62.451725562206576
6.234000061667757 7165.2077672746445 200.56609082221985 13.272331449720594 40.889450788497925
6.2348000616475465 7162.580698225233 193.61764615774155 16.260240340232848 57.74674654006958
6.235600061627338 7187.340560065375 180.3568394780159 28.898061264885797 40.648042480150856
6.236400061607127 7242.204630321927 189.07340222597122 3.2191000991397436 51.77077605989244
6.237200061586918 7190.283348083496 211.58375817537308 12.143999120924208 52.80754297309451
6.238000061566708 7173.779756122165 186.63313734531403 3.7927856736712986 29.30617290072971
6.238800061546498 7210.97506819831 190.95264947414398 0.747012562221951 58.74317879147
6.239600061526288 7247.648035685222 196.8755785524845 14.826754294501411 42.51001073420048
6.240400061506079 7254.488728629218 182.18351757526398 2.6569652451409236 61.920156041781105
6.24120006148587 7354.5774300893145 199.19343185424805 26.869097582499187 63.066145830684235
6.242000061465659 7229.640858120389 188.59257769584656 18.07008980512619 58.410602655675675
6.2428000614454495 7210.930588828192 207.5870220065117 13.401505661010741 71.98418952027957
6.24360006142524 7214.732933256361 200.78186106681824 18.57849097781711 34.43870559003618
6.244400061405031 7209.990796830919 193.70460307598114 8.447488949696224 55.29066193931632
6.24520006138482 7229.525144365099 201.26551538705826 12.803814453548855 46.1826966603597
6.246000061364611 7223.949373881022 191.4671570137143 7.500575595431858 42.04501141442193
6.246800061344401 7154.7714606391055 187.35159804672003 12.915344632996453 57.61133940766255
6.247600061324192 7224.2064901987715 187.75848031044006 7.336860503753027 37.939139948950874
6.248400061303982 7218.019737243652 181.17154264450073 -6.3345076772901745 41.15673916869693
6.249200061283773 7256.790126376682 186.36667020618916 18.62453165054321 29.758577903939617
6.250000061263562 7268.476483027141 173.72993159294128 9.363961580064561 32.65358820226457
6.250800061243353 7197.708914862738 188.20350813865662 19.041652896669177 50.921974301338196
6.251600061223143 7209.836836708917 194.8048793077469 12.251954276031919 42.88919754823049
6.252400061202934 7229.562270058526 198.49681448936462 9.845389804575179 62.57258025805155
6.253200061182723 7187.089006000095 192.65615111589432 25.60613731013404 63.06271513303121
6.254000061162514 7190.3885771433515 182.51838982105255 7.726191012064616 59.97706124517653
6.254800061142304 7159.193580839369 204.68256121873856 32.57080917358398 51.89220958285861
6.255600061122094 7148.477952109442 216.38552331924438 41.35241496827867 28.690823449028862
6.2564000611018855 7171.3770913018125 202.91517400741577 28.4906765119897 50.283274710178375
6.257200061081675 7171.738327450223 201.96245956420898 29.49153094821506 41.32934669322438
6.258000061061465 7165.981906255086 202.60423016548157 5.689352671305339 50.32409708677895
6.2588000610412555 7171.3478967878555 196.7517704963684 24.56022743119134 55.35490230719248
6.259600061021047 7175.498391893175 191.49128246307373 19.485969829559327 36.821935322549606
6.260400061000836 7217.184395260281 199.46030139923096 16.80621181064182 72.6249430022306
6.261200060980626 7205.517116334703 193.83478119969368 39.95105843014187 27.843102047840755
6.262000060960417 7196.705955505371 191.94959999248385 14.379266293843587 47.05735498666763
6.262800060940208 7188.155975341797 195.41000539064407 40.10867799123128 52.446180601914726
6.263600060919997 7161.121027416653 226.9119758605957 19.884606509738497 38.73444863015579
6.2644000608997885 7158.069659762912 245.99887561798096 14.52940644952986 58.162207232581245
6.265200060879578 6864.194861094157 192.6986597776413 30.397898398505315 50.59694623450438
6.266000060859369 6982.849814732869 175.38063979148865 17.160053730010986 52.05275317033132
6.2668000608391585 7095.828746795654 179.4596025943756 34.57114234500461 52.125565475887726
6.26760006081895 7104.6586547427705 180.81533550471067 19.45342140197754 50.84027332729764
6.268400060798739 7129.093108707004 180.01880276203156 15.95002446062863 69.0234813425276
6.269200060778529 7140.699666553073 156.39339208602905 20.717473644680446 45.93139277978076
6.27000006075832 7136.461823993259 156.62615957390517 9.708461629019844 54.188990864488815
6.27080006073811 7154.877565595839 156.49466449022293 1.6509023350973924 49.68171679973602
6.271600060717901 7179.058473798964 154.33256074786186 -20.271788422266642 40.6289155681928
6.272400060697691 7205.556541654799 161.8370531871915 10.11465815173255 51.48630593468746
6.273200060677481 7223.860644022624 165.62113332748413 21.389780044555664 30.24668724089861
6.274000060657271 7272.762947718303 170.50961564481258 -15.28353697988722 49.935233338011635
6.274800060637062 7323.907907485962 155.6347095966339 0.7165893501705594 49.74676012992859
6.275600060616852 7305.11735259162 150.8937075138092 -9.937427934010824 36.82703651239475
6.276400060596642 7329.221665488349 146.78767955303192 -8.465875522295635 39.50260861714681
6.277200060576432 7396.95940483941 150.86308020353317 12.821905136108398 28.006046577460236
6.278000060556224 7484.5432374742295 164.71214455366135 -4.614795670906703 52.7963746305969
6.278800060536013 7537.813090642293 152.77046971023083 10.995674345228407 40.23819944593642
6.279600060515804 7628.060766855876 141.86979568004608 -4.095871268378364 32.29339248780161
6.280400060495594 7721.9851673973935 138.45795905590057 7.6724832322862415 34.983396150999596
6.281200060475385 7900.946102990045 137.97141551971436 -2.7733986960517036 22.726331578360664
6.282000060455174 8103.628373675876 146.14793917536736 -22.747316161791485 38.807865858078
6.282800060434965 8244.549254523383 133.55398453772068 -7.84098760286967 9.715217765834597
6.283600060414755 8422.770458433362 138.3619485795498 -16.31510682635837 24.712816291385227
6.284400060394545 8617.368007659912 134.47403770685196 10.485371822781033 23.572447233729893
6.285200060374335 8749.988429811267 142.06597551703453 -6.363054702017043 28.99099141028192
6.286000060354126 8937.069960488214 153.56313401460648 -18.569172922770182 41.21200590001212
6.286800060333917 8915.750982072619 133.60268861055374 4.679124026828342 28.271749158700306
6.287600060313706 9007.61500146654 140.85744206607342 -4.051063961452908 43.33044544855753
6.288400060293497 9090.358903249105 144.92549937218428 7.149810922145844 39.17458330922656
6.289200060273287 9139.767612457275 146.06734155118465 -0.7714470028877258 39.32410239842203
6.290000060253078 9199.166305753919 139.1387449502945 12.66431565284729 49.77278093496958
6.2908000602328675 9216.696557150946 148.9313941001892 24.696165487501357 46.24586863650216
6.291600060212658 9273.444736268786 152.14625829458237 -8.407593621148003 53.05373718010055
6.292400060192448 9312.17921532525 149.47518733143806 21.11771074930827 46.65236264301671
6.293200060172239 9340.576227823893 146.34576238691807 2.7020246426264447 36.52560979790158
6.294000060152029 9334.477646509806 163.23340655863285 8.361873775058323 34.75806989272436
6.29480006013182 9305.80331717597 189.5466811209917 20.62693937619527 25.8503737449646
6.295600060111609 9266.32838567098 234.47812196612358 24.34607852829827 53.1554872724745
6.2964000600914005 9211.44348610772 196.8155170083046 40.43932325575087 47.314128532177875
6.29720006007119 9152.63294898139 159.44153878092766 16.834629503885903 49.51523896058401
6.298000060050981 8807.031961652967 145.81577615439892 19.516445912255183 42.684077156914604
6.2988000600307705 8834.998742421469 152.44512650370598 31.507310236824882 37.27027854654524
6.299600060010561 8764.981272803412 144.21480779349804 12.0598996480306 57.787450502316155
6.300400059990351 8513.826903237237 137.375346660614 34.11683697170682 38.299789268109535
6.301200059970141 8264.30954360962 144.70289910584688 13.683217260572645 41.75896320078108
6.302000059949933 8225.435189565023 151.28723742067814 28.046855391396416 39.63229580865138
