m1-67/data/jwst-miri-mrs/wr124-miri-spec-ch3.ecsv
# %ECSV 1.0
# ---
# datatype:
# - {name: Wavelength, unit: micron, datatype: float64}
# - {name: Star, unit: MJy / sr, datatype: float64}
# - {name: Knot A, unit: MJy / sr, datatype: float64}
# - {name: BG A1, unit: MJy / sr, datatype: float64}
# - {name: BG A2, unit: MJy / sr, datatype: float64}
# - {name: Knot B, unit: MJy / sr, datatype: float64}
# - {name: BG B1, unit: MJy / sr, datatype: float64}
# - {name: BG B2, unit: MJy / sr, datatype: float64}
# meta: !!omap
# - __serialized_columns__:
#     BG A1:
#       __class__: astropy.units.quantity.Quantity
#       unit: !astropy.units.Unit {unit: MJy / sr}
#       value: !astropy.table.SerializedColumn {name: BG A1}
#     BG A2:
#       __class__: astropy.units.quantity.Quantity
#       unit: !astropy.units.Unit {unit: MJy / sr}
#       value: !astropy.table.SerializedColumn {name: BG A2}
#     BG B1:
#       __class__: astropy.units.quantity.Quantity
#       unit: !astropy.units.Unit {unit: MJy / sr}
#       value: !astropy.table.SerializedColumn {name: BG B1}
#     BG B2:
#       __class__: astropy.units.quantity.Quantity
#       unit: !astropy.units.Unit {unit: MJy / sr}
#       value: !astropy.table.SerializedColumn {name: BG B2}
#     Knot A:
#       __class__: astropy.units.quantity.Quantity
#       unit: !astropy.units.Unit {unit: MJy / sr}
#       value: !astropy.table.SerializedColumn {name: Knot A}
#     Knot B:
#       __class__: astropy.units.quantity.Quantity
#       unit: !astropy.units.Unit {unit: MJy / sr}
#       value: !astropy.table.SerializedColumn {name: Knot B}
#     Star:
#       __class__: astropy.units.quantity.Quantity
#       unit: !astropy.units.Unit {unit: MJy / sr}
#       value: !astropy.table.SerializedColumn {name: Star}
#     Wavelength:
#       __class__: astropy.coordinates.spectral_coordinate.SpectralCoord
#       unit: !astropy.units.Unit {unit: micron}
#       value: !astropy.table.SerializedColumn {name: Wavelength}
# schema: astropy-2.0
Wavelength Star "Knot A" "BG A1" "BG A2" "Knot B" "BG B1" "BG B2"
[from data line 766]
13.466250147903336 4090.073859863281 194.00435943603514 79.16250712076823 114.99346618652343 118.65712890625 46.44439468383789 51.42544441223144
13.468750147847457 4076.9082543945315 194.80469512939453 80.44380849202474 112.24772237141927 113.00527445475261 40.134454091389976 49.66479911804199
13.471250147791578 4086.719248046875 194.8586441040039 77.7439473470052 113.39209442138672 117.18965682983398 46.898882420857746 49.458819198608396
13.473750147735698 4049.4946752929686 188.99090576171875 81.48749008178712 112.7044453938802 118.08545684814453 55.25431671142578 47.754150772094725
13.47625014767982 4109.454836425782 193.54837493896486 83.9130470275879 111.32110799153646 113.23258845011394 48.64762624104818 45.389509773254396
13.47875014762394 4222.975317382812 201.8456008911133 88.03681233723958 121.91592915852864 114.80853068033854 49.847608439127605 48.97124252319336
13.48125014756806 4093.1889331054685 201.8230743408203 86.29834696451823 121.3771245320638 116.38001658121745 47.17198715209961 49.213103485107425
13.48375014751218 4088.509914550781 198.0378173828125 88.32172266642253 121.89383036295573 111.98333587646485 45.62876739501953 46.725904083251955
13.486250147456301 4092.4947802734373 200.8992172241211 84.92334238688152 121.45519612630208 114.92531941731771 47.533650461832686 54.82686653137207
13.488750147400424 4110.7649755859375 203.6202606201172 91.7689598083496 118.06299235026042 111.21290613810221 42.45560518900553 51.04522285461426
13.491250147344543 4114.845251464843 207.86990661621093 91.36526031494141 118.52799835205079 114.26436309814453 43.659664916992185 48.47142143249512
13.493750147288665 4104.033908691406 207.0362060546875 87.04251378377279 120.34569244384765 118.6423952738444 41.96031163533529 49.574555206298825
13.496250147232784 4112.645515136719 202.2407958984375 99.47755711873373 117.21876525878906 115.23534647623698 49.66405207316081 45.400312423706055
13.498750147176905 4135.7673852539065 199.81346893310547 103.27733662923177 116.67502212524414 113.44520848592123 48.53951822916667 44.51280899047852
13.501250147121025 4129.011865234375 200.75821990966796 85.8739227294922 118.06652628580729 117.32184499104818 49.16709009806315 51.63340950012207
13.503750147065146 4136.598215332031 200.50431060791016 83.82876612345378 119.43309478759765 120.04748916625977 51.091122182210285 56.01611595153808
13.506250147009267 4144.115910644531 206.16645050048828 87.0923225402832 125.61575826009114 121.43287760416666 46.50824737548828 56.00185432434082
13.508750146953387 4128.627475585938 207.1787887573242 87.5325917561849 126.21924641927083 116.3657829284668 51.32475713094075 48.47584991455078
13.51125014689751 4112.076245117188 207.51276397705078 86.96744969685872 118.49945933024088 112.47676747639974 45.19878005981445 51.74878273010254
13.513750146841629 4122.972016601562 212.061279296875 86.28973337809245 120.37358245849609 107.15566584269206 41.422136815388996 47.518012619018556
13.51625014678575 4117.848251953125 201.56875762939453 83.46967646280925 124.16301066080729 116.17902297973633 46.12155329386393 50.060203552246094
13.518750146729872 4096.8305078125 198.4064163208008 85.43016179402669 124.35121409098308 121.02556788126627 50.781586201985675 44.1958740234375
13.52125014667399 4120.602380371094 200.24283142089843 91.10520782470704 122.34910024007162 115.49137598673502 50.58674240112305 47.76068649291992
13.523750146618111 4094.7575805664064 204.83833923339844 86.21714630126954 119.4397186279297 109.25342712402343 48.03217837015788 46.70749130249023
13.526250146562232 4079.4377954101565 203.5499298095703 83.360218556722 122.66065877278646 116.32602895100912 47.24054183959961 42.37463264465332
13.528750146506352 4077.767529296875 201.36264343261718 88.15752970377604 128.06941935221354 110.35626475016277 42.722571818033856 41.020694732666016
13.531250146450473 4076.949631347656 202.65711517333983 88.1180908203125 118.12078094482422 115.5065694173177 44.88249422709147 47.98304290771485
13.533750146394594 4075.5008251953127 209.6048110961914 90.68459065755208 121.37783813476562 112.32061055501302 44.191288248697916 51.76813659667969
13.536250146338716 4086.111689453125 201.37809295654296 88.63994827270508 116.94559377034506 115.91228154500325 44.538361358642575 49.99952697753906
13.538750146282835 4070.9371484375 211.21027526855468 92.0122812906901 121.22637125651042 116.41104125976562 52.61878662109375 41.694169235229495
13.541250146226956 4078.2479931640623 208.66519622802736 91.57681248982747 122.18427022298177 116.54352951049805 45.06996205647786 50.56288795471191
13.543750146171076 4057.687575683594 201.28390350341797 93.29024963378906 124.77586822509765 111.33788604736328 52.68779551188151 55.87545967102051
13.546250146115197 4061.10255859375 200.84566650390624 88.66153488159179 118.06415405273438 110.77445220947266 53.4215950012207 48.903526306152344
13.548750146059318 4031.339140625 207.48221740722656 84.46197942097982 119.43607635498047 114.95274937947592 47.00664520263672 51.332803344726564
13.551250146003438 4078.0711499023437 201.30575714111328 84.95736999511719 115.17123514811198 115.07164662679037 39.821475219726565 50.148270797729495
13.55375014594756 4078.0756982421876 204.09645233154296 90.73066914876303 120.33141886393229 113.58389205932617 45.45506134033203 52.80804557800293
13.55625014589168 4092.223671875 207.12901611328124 88.40939025878906 117.06087188720703 117.73717295328775 44.917872746785484 53.95414009094238
13.5587501458358 4153.679655761719 208.70469665527344 84.51548385620117 123.2102040608724 114.18868662516276 45.14353256225586 49.460838317871094
13.56125014577992 4131.5814453125 208.0040512084961 85.14548034667969 115.6231196085612 117.06779556274414 43.76030057271321 47.00197334289551
13.563750145724041 4097.272446289063 207.8437240600586 87.06406021118164 117.01834208170573 120.15555063883464 41.895830917358396 43.15609931945801
13.566250145668162 4122.441547851562 205.42445526123046 88.09245198567709 115.26478474934896 119.551402537028 49.59054718017578 40.492984771728516
13.568750145612283 4102.337189941406 205.6084213256836 88.98999277750652 118.14200897216797 120.8386838277181 47.88039805094401 42.54661560058594
13.571250145556403 4117.0247265625 201.232373046875 88.39399642944336 118.40221303304037 124.74399846394857 47.21637980143229 42.39022636413574
13.573750145500524 4149.3465576171875 208.37897491455078 88.65852788289388 125.99957834879557 118.23059056599935 45.36244977315267 48.279639053344724
13.576250145444645 4168.689279785156 208.31248168945314 85.8011848449707 120.90751698811849 113.64951807657877 50.85985488891602 47.76522598266602
13.578750145388767 4127.32359375 208.05133972167968 88.3901382446289 122.16888122558593 118.60074361165364 46.90127182006836 46.98699607849121
13.581250145332886 4112.241918945312 207.3935516357422 88.94020868937174 121.20788370768229 122.1693478902181 45.004293314615886 49.889107131958006
13.583750145277007 4106.195859375 205.6099609375 83.808935546875 124.31780344645182 120.54277725219727 48.32979125976563 47.961783218383786
13.586250145221127 4137.298054199218 205.72409210205078 89.26670532226562 122.53214874267579 114.38680216471354 38.47105706532796 45.90375175476074
13.588750145165248 4088.8417919921876 199.90984802246095 89.7364631652832 122.52892456054687 115.49166641235351 47.71147486368815 44.697518539428714
13.591250145109369 4097.804174804687 200.1381866455078 85.7695826212565 118.52085952758789 118.0217778523763 44.02155049641927 42.38236503601074
13.59375014505349 4100.953952636719 201.6067367553711 84.80368499755859 119.86882832845052 118.90942586263021 47.33285878499349 45.30417060852051
13.596250144997612 4104.078251953125 201.48761901855468 84.01126708984376 114.32536163330079 118.09464518229167 47.95469207763672 46.62582664489746
13.59875014494173 4090.2576684570313 204.94757385253905 90.46658172607422 120.5815444946289 118.02589645385743 50.25902455647786 44.92364730834961
13.601250144885851 4110.686091308594 201.4464126586914 90.11228256225586 119.10919392903646 111.88368199666341 46.400620524088545 44.79445343017578
13.603750144829972 4066.0900341796873 194.81081848144532 89.81500854492188 127.13317260742187 108.20639495849609 45.556192016601564 50.708464813232425
13.606250144774092 4021.307355957031 200.52678985595702 85.28231582641601 119.92895965576172 107.37424494425456 51.079918416341144 40.94214019775391
13.608750144718213 4065.495126953125 204.77703094482422 90.91323750813802 121.04304962158203 110.82800776163737 46.361332702636716 42.334088516235354
13.611250144662334 4083.4350927734376 196.82416381835938 84.45328852335612 116.98504079182943 117.3724957784017 47.08041178385417 44.50980129241943
13.613750144606456 4133.904658203125 202.6620620727539 87.52220255533854 118.64746551513672 116.82002080281576 48.957785288492836 50.07358894348145
13.616250144550575 4079.7189819335936 201.8434280395508 88.11922124226888 116.85024922688802 111.10803502400717 47.98557993570964 48.468917274475096
13.618750144494696 4080.486162109375 200.52991485595703 94.23855895996094 116.1674575805664 114.31823272705078 46.45076001485189 52.803955078125
13.621250144438816 4077.662734375 201.9530792236328 89.29845784505208 111.43692372639974 118.01716690063476 47.663289896647136 48.586934661865236
13.623750144382937 4076.2666455078124 200.71497955322266 87.01284255981446 121.63269755045573 114.27346522013346 44.82670160929362 50.82223968505859
13.626250144327058 4122.698598632813 202.135400390625 86.30789515177409 121.5226537068685 112.30844090779622 45.37503331502278 49.410360717773436
13.628750144271178 4109.369477539062 206.7223892211914 86.13084030151367 124.47215932210287 119.12296040852864 46.626452128092446 55.58203315734863
13.631250144215299 4020.7492041015626 196.99917297363282 85.72165603637696 116.39012858072917 120.84354934692382 46.01011377970378 45.178822708129886
13.63375014415942 3968.020732421875 201.9556121826172 84.81393025716146 117.40800526936849 117.37944920857747 48.63375727335612 44.89227027893067
13.63625014410354 4111.828212890625 202.0723449707031 85.32431462605794 119.65968271891276 123.8618990580241 49.30130513509115 46.68900756835937
13.638750144047663 4110.006354980469 202.4077392578125 84.76010640462239 119.85805765787761 119.96776682535807 48.96131388346354 53.04371719360351
13.641250143991781 4129.011298828125 198.8749038696289 82.4233777364095 112.53712107340495 117.67371241251628 52.738382212320964 51.24186058044434
13.643750143935902 4103.016301269531 201.33905334472655 84.64508565266927 117.92449442545573 111.63883819580079 47.912149302164714 55.993051528930664
13.646250143880023 4107.432563476563 196.4783737182617 80.65957285563151 113.67661997477214 107.8907859802246 43.80488204956055 45.719168472290036
13.648750143824143 4126.27279296875 196.47982025146484 87.75871404012044 116.2338155110677 117.55911254882812 42.24103228251139 44.28427276611328
13.651250143768266 4106.210144042969 195.45714721679687 87.66390635172526 115.65864715576171 112.05722783406576 41.94086634318034 49.56651382446289
13.653750143712385 4086.542556152344 199.92242431640625 87.16632385253907 113.31394449869792 117.02322514851888 42.731834665934244 50.38856430053711
13.656250143656507 4106.211882324219 202.40859375 80.79202423095703 104.87416076660156 111.64342041015625 44.30527903238932 46.16463279724121
13.658750143600626 4132.612514648437 199.06256256103515 87.81958312988282 118.1523941040039 105.29084040323893 42.10040651957194 45.56709976196289
13.661250143544747 4129.4132470703125 194.23062133789062 87.61285502115885 118.05028737386068 112.53999328613281 43.42279167175293 47.291890716552736
13.663750143488867 4132.82994140625 200.9359130859375 85.10607935587565 119.12805938720703 112.70086034138997 43.04698918660482 52.009272766113284
13.666250143432988 4122.658369140625 198.94945526123047 82.24772720336914 122.09508463541667 114.88347702026367 44.64032974243164 43.830329704284665
13.668750143377109 4117.142490234375 199.71080780029297 82.37596333821615 122.81219736735027 117.51505279541016 43.840203603108726 41.132117462158206
13.67125014332123 4112.164272460937 197.7833679199219 82.88225962320963 121.07665303548177 119.32260538736979 40.159919357299806 42.02075462341308
13.67375014326535 4152.948239746093 197.06202697753906 88.18949839274089 120.2040023803711 108.33973032633463 46.27309201558431 43.00446395874023
13.67625014320947 4148.913132324219 195.0743423461914 83.61774724324545 110.36399281819662 112.92672170003256 46.415073776245116 47.76850051879883
13.678750143153591 4121.512897949218 196.5333251953125 87.4173802693685 114.47371953328451 112.44852930704752 47.80925890604655 47.95191612243652
13.681250143097714 3952.9638159179685 196.54310455322266 86.8452885945638 112.11785583496093 111.55703887939453 48.254390462239584 45.96929988861084
13.683750143041832 4156.314743652344 203.1103302001953 87.77980829874674 114.23905385335287 112.45889205932617 48.02509409586589 44.89012489318848
13.686250142985953 4127.696567382813 197.0692886352539 90.64456405639649 114.86343841552734 109.17779973347982 48.89515635172526 46.113894653320315
13.688750142930074 4145.934113769531 207.57195587158202 95.00979258219401 122.2156494140625 116.41275431315104 52.12448272705078 51.144630432128906
13.691250142874194 4133.1739501953125 197.76029357910156 94.4060073852539 122.84390716552734 108.57291742960612 49.19763946533203 48.32283363342285
13.693750142818315 4155.6346362304685 202.31944885253907 93.47722040812174 119.82640380859375 111.4104512532552 46.970995076497395 49.720573043823244
13.696250142762436 4137.654467773437 205.44873809814453 87.1284787495931 115.10250651041666 114.0075319925944 38.848184967041014 48.43345680236816
13.698750142706558 4155.658388671875 200.06680603027343 86.31209055582683 117.21756947835287 111.18407999674479 43.39484087626139 50.79359588623047
13.701250142650677 4170.9601538085935 196.68829956054688 86.67774759928385 111.68417053222656 109.68843256632486 41.71110572814941 49.370080184936526
13.703750142594798 4141.542731933594 204.9249481201172 87.8392339070638 117.00295969645182 113.28678817749024 42.382954915364586 50.812808227539065
13.706250142538918 4116.595949707032 196.74793701171876 88.5699946085612 110.7439676920573 113.31925201416016 41.9304308573405 48.321174240112306
13.708750142483039 4140.290939941407 202.52985382080078 87.78394368489583 115.91274083455404 114.08229344685873 42.76634203592936 49.835318374633786
13.71125014242716 4109.487390136719 201.27261352539062 86.96035461425781 121.38201751708985 116.18725560506185 43.94295832316081 46.10896949768066
13.71375014237128 4076.595388183594 200.77664489746093 92.26784057617188 116.86764882405599 117.74415842692058 48.861321512858076 46.03675537109375
13.716250142315403 4086.332666015625 198.4033645629883 86.32303822835287 116.13470153808593 124.19282608032226 53.12248128255208 43.82370300292969
13.718750142259521 4072.841437988281 196.9732421875 87.93381245930989 122.46937255859375 111.52212549845378 47.48712946573893 50.36395530700683
13.721250142203642 4074.8200732421874 195.5250274658203 87.1098866780599 112.06481068929037 105.40800298055014 44.99064648946126 42.20402565002441
13.723750142147763 4079.7523364257813 200.77810821533203 91.4084098815918 118.40296732584635 114.94376983642579 45.863790639241536 50.147660446166995
13.726250142091883 4070.3078173828126 190.37356262207032 86.8705337524414 110.21838963826498 106.78281784057617 37.616825866699216 49.97082023620605
13.728750142036004 4054.320751953125 193.54591217041016 87.28824259440104 110.97334467569986 101.86752141316732 40.7561450958252 49.22197151184082
13.731250141980125 4064.690732421875 189.2804931640625 86.54834594726563 106.44433161417643 108.24805577596028 49.9564027150472 45.0534273147583
