m1-67/data/jwst-miri-mrs/wr124-miri-spec-ch1.ecsv
# %ECSV 1.0
# ---
# datatype:
# - {name: Wavelength, unit: micron, datatype: float64}
# - {name: Star, unit: MJy / sr, datatype: float64}
# - {name: Knot A, unit: MJy / sr, datatype: float64}
# - {name: BG A1, unit: MJy / sr, datatype: float64}
# - {name: BG A2, unit: MJy / sr, datatype: float64}
# - {name: Knot B, unit: MJy / sr, datatype: float64}
# - {name: BG B1, unit: MJy / sr, datatype: float64}
# - {name: BG B2, unit: MJy / sr, datatype: float64}
# meta: !!omap
# - __serialized_columns__:
#     BG A1:
#       __class__: astropy.units.quantity.Quantity
#       unit: !astropy.units.Unit {unit: MJy / sr}
#       value: !astropy.table.SerializedColumn {name: BG A1}
#     BG A2:
#       __class__: astropy.units.quantity.Quantity
#       unit: !astropy.units.Unit {unit: MJy / sr}
#       value: !astropy.table.SerializedColumn {name: BG A2}
#     BG B1:
#       __class__: astropy.units.quantity.Quantity
#       unit: !astropy.units.Unit {unit: MJy / sr}
#       value: !astropy.table.SerializedColumn {name: BG B1}
#     BG B2:
#       __class__: astropy.units.quantity.Quantity
#       unit: !astropy.units.Unit {unit: MJy / sr}
#       value: !astropy.table.SerializedColumn {name: BG B2}
#     Knot A:
#       __class__: astropy.units.quantity.Quantity
#       unit: !astropy.units.Unit {unit: MJy / sr}
#       value: !astropy.table.SerializedColumn {name: Knot A}
#     Knot B:
#       __class__: astropy.units.quantity.Quantity
#       unit: !astropy.units.Unit {unit: MJy / sr}
#       value: !astropy.table.SerializedColumn {name: Knot B}
#     Star:
#       __class__: astropy.units.quantity.Quantity
#       unit: !astropy.units.Unit {unit: MJy / sr}
#       value: !astropy.table.SerializedColumn {name: Star}
#     Wavelength:
#       __class__: astropy.coordinates.spectral_coordinate.SpectralCoord
#       unit: !astropy.units.Unit {unit: micron}
#       value: !astropy.table.SerializedColumn {name: Wavelength}
# schema: astropy-2.0
Wavelength Star "Knot A" "BG A1" "BG A2" "Knot B" "BG B1" "BG B2"
[from data line 1209]
5.8676000709238 9837.141469138009 48.792804431170225 15.17169390246272 57.456442676484585 0.0 0.0 -35.458078265190125
5.868400070903589 9815.463179724557 49.94221779704094 11.725744890980422 41.64949303865433 0.0 0.0 -31.642236351966858
5.869200070883379 9817.024408067975 46.534158408641815 1.8783122450113297 21.794510506093502 0.0 0.0 -31.66522467136383
5.87000007086317 9817.936484200614 63.38820549589582 4.484803408384323 27.207441940903664 0.0 0.0 -27.364752411842346
5.870800070842961 9828.435972486224 49.29861776530743 7.891439016908407 40.56550213787705 0.0 0.0 -26.328449226915836
5.87160007082275 9845.647755214146 47.63568426435813 16.018654495477676 37.272018290124834 0.0 0.0 -26.513055086135864
5.8724000708025414 9844.23790032523 63.75652277469635 17.915303349494934 55.96797417104244 0.0 0.0 -30.909447848796844
5.873200070782331 9864.479104723248 48.3464040607214 16.342426866292953 44.90585932135582 0.0 0.0 -38.73614573478699
5.874000070762122 9843.147223881313 49.52565686404705 26.548573415726423 58.92654275894165 0.0 0.0 -41.87610602378845
5.8748000707419115 9845.432874134609 61.22149681020528 21.591635443270206 68.67240831255913 0.0 0.0 -42.18572819232941
5.875600070721703 9847.385065351215 40.18476042151451 33.911009669303894 42.359624072909355 0.0 0.0 -43.31912076473236
5.876400070701492 9869.047082356044 51.151966743171215 22.08103290339932 61.01110276579857 0.0 0.0 -19.099356278777122
5.877200070681283 9860.438853127616 49.83332572877407 12.84247574210167 54.42779203411192 0.0 0.0 -33.85617685317993
5.878000070661073 9850.166549682617 50.185469560325146 19.39535029232502 24.120932849124074 0.0 0.0 -34.05279839038849
5.878800070640864 9866.564464024135 61.461655378341675 4.918389438651502 42.37015846371651 0.0 0.0 -26.551798403263092
5.879600070620654 9871.72789982387 42.57762153074145 0.35867566615343094 29.97258522361517 0.0 0.0 -30.988386154174805
5.880400070600444 9894.107473100934 47.7817016094923 -1.2845929563045502 35.8358523696661 0.0 0.0 -31.91901469230652
5.881200070580234 9899.571600232806 46.23549822717905 -12.446109436452389 46.392859612591565 0.0 0.0 -33.71011185646057
5.882000070560024 9902.815200260708 35.486109629273415 17.70935034751892 41.14099233597517 0.0 0.0 -35.27584767341614
5.882800070539815 9907.746395111084 37.31064189970493 12.09202440828085 42.42693820223212 0.0 0.0 -37.94873869419098
5.883600070519605 9927.09810256958 38.72133999643847 11.295399390161037 58.668461710214615 0.0 0.0 -50.11893129348755
5.884400070499395 9948.326075417655 34.60833577811718 16.30635878443718 47.44148111343384 0.0 0.0 -49.669719219207764
5.885200070479185 9977.157886505127 46.55296613276005 10.203095532488078 75.03702838718891 0.0 0.0 -45.08790326118469
5.8860000704589766 10006.5005871909 27.467519372701645 0.6992789208889008 52.49372412264347 0.0 0.0 -51.58247661590576
5.886800070438766 10067.25146320888 26.646577272564173 0.8669381320505636 48.10053223371506 0.0 0.0 -57.684184551239014
5.887600070418557 10135.211844035557 23.044980503618717 -17.272207640111446 49.603514313697815 0.0 0.0 -53.3745813369751
5.888400070398347 10207.312068394252 -5.00194932334125 -36.21266868710518 19.76016690954566 0.0 0.0 -49.46775579452515
5.889200070378138 10265.31876373291 2.0763412341475487 -53.41686964035034 10.463677659630775 0.0 0.0 -64.88432836532593
5.890000070357927 10428.182357515607 -5.482112438883632 -36.29684525728226 0.8329998701810837 0.0 0.0 -53.421016693115234
5.890800070337718 10540.858921051025 -24.76719495654106 -57.09976840764284 -17.485323801636696 0.0 0.0 -47.5013747215271
5.891600070317508 10533.10680607387 -18.476021595299244 -93.69255482568406 0.11028161644935608 0.0 0.0 -52.1304874420166
5.892400070297299 10677.217634746006 -41.81097583472729 -79.50962269306183 -31.079234167933464 0.0 0.0 -56.62255811691284
5.893200070277088 10850.275533948627 -44.111653327941895 -100.16470369696617 -23.466748016362544 0.0 0.0 -44.810694456100464
5.8940000702568796 11025.696018218994 -38.58552157878876 -105.8538349494338 -9.29862266778946 0.0 0.0 -56.92275810241699
5.89480007023667 11375.14367893764 -50.852825719863176 -94.19092873856425 -27.362288353964686 0.0 0.0 -62.97674036026001
5.895600070216459 11749.953433990479 -51.570660799741745 -106.80469571426511 -9.272330656647682 0.0 0.0 -60.08288383483887
5.89640007019625 12176.287488119942 -29.14869081787765 -102.38379886260373 -15.706607555039227 0.0 0.0 -49.18868541717529
5.89720007017604 12614.59292112078 -46.74105763435364 -90.2922595590353 -27.769325048662722 0.0 0.0 -42.26672387123108
5.898000070155831 13672.722862788609 -35.6695376932621 -100.42899863421917 12.654115483164787 0.0 0.0 -47.014893531799316
5.8988000701356205 14685.354578290668 -41.194718431681395 -85.39443969726562 -19.435109369456768 0.0 0.0 -54.252944469451904
5.899600070115411 15520.526191711426 -42.19181787967682 -82.59454310685396 -8.658552590757608 0.0 0.0 -56.288816928863525
5.900400070095201 16241.882405417306 -19.42374610900879 -83.82089519500732 10.784487567842007 0.0 0.0 -52.29835104942322
5.901200070074992 17101.457721165247 -23.775053173303604 -87.50453609600663 -13.595053717494011 0.0 0.0 -45.5765175819397
5.902000070054782 17772.08189337594 -12.727894067764282 -88.28468911349773 -11.299681514501572 0.0 0.0 -45.07034730911255
5.902800070034573 18341.507637568884 -8.10168843343854 -84.66242888569832 -1.9046621810630313 0.0 0.0 -41.883408308029175
5.903600070014362 18844.32918548584 -8.61875949986279 -67.39461983367801 -2.7426944468170404 0.0 0.0 -54.090304374694824
5.9044000699941535 19397.59862245832 3.0689413249492645 -64.40429624915123 13.55959115177393 0.0 0.0 -58.48324680328369
5.905200069973943 19493.046946389335 7.810956001281738 -46.81585872173309 7.337511790916324 0.0 0.0 -51.98024606704712
5.906000069953734 18977.547771453857 18.472944226115942 -49.166227757930756 9.699491269886494 0.0 0.0 -50.09188675880432
5.9068000699335235 20253.662935529435 57.89398992061615 -42.273983960971236 20.955581771209836 0.0 0.0 -43.5458550453186
5.907600069913315 20640.9033404759 56.05416426062584 -16.879989802837372 27.63347272016108 0.0 0.0 -35.42735815048218
5.908400069893104 20788.897733415877 45.79062535613775 -28.507939219474792 42.17242789268494 0.0 0.0 -32.48817801475525
5.909200069872894 20817.458540780204 52.47805995121598 -10.915628161281347 50.69369610399008 0.0 0.0 -33.601629972457886
5.9100000698526856 20857.169646126884 55.27258786559105 8.243321746587753 34.09277585148811 0.0 0.0 -27.64943504333496
5.910800069832475 20596.35274723598 191.52403524518013 55.13002087175846 78.44602526724339 0.0 0.0 -28.499111890792847
5.911600069812265 20387.804458618164 380.47145414352417 188.8925512433052 174.12758664786816 0.0 0.0 -22.048980236053467
5.912400069792056 20168.45687866211 341.1512932777405 145.5033032745123 168.7157529424876 0.0 0.0 -11.208369940519333
5.913200069771847 19773.76190349034 126.09341380000114 34.61060173995793 106.08918362855911 0.0 0.0 -24.520432949066162
5.914000069751636 18922.22198976789 94.58760815858841 14.40188381075859 57.2343575283885 0.0 0.0 -28.275681495666504
5.9148000697314265 18416.781925746374 89.03943585604429 36.32894253730774 67.32019759900868 0.0 0.0 -31.05270528793335
5.915600069711217 17988.9037197658 89.1693072617054 56.04463506489992 79.26503156125546 0.0 0.0 -27.404643416404724
5.916400069691008 17511.211180005754 80.36872366070747 65.2560114711523 68.15552431344986 0.0 0.0 -35.333258867263794
5.917200069670797 16793.08190536499 77.31265084445477 68.4331614561379 75.33926042169333 0.0 0.0 -32.360005617141724
5.918000069650589 16278.857304164341 81.45789811387658 79.53137352596968 65.50220488011837 0.0 0.0 -31.01761543750763
5.918800069630378 15741.890381404331 68.66420535743237 48.93756515532732 48.520030084997416 0.0 0.0 -31.513076305389404
5.919600069610169 14989.099867684501 82.94302506744862 34.407657243311405 58.896090392023325 0.0 0.0 -48.000781297683716
5.920400069589959 14165.518502916608 68.5457015633583 5.356093004345894 48.62579507380724 0.0 0.0 -31.481430649757385
5.92120006956975 13460.980788094657 51.03985034674406 13.710105642676353 40.19236394762993 0.0 0.0 -32.54514217376709
5.922000069549539 12729.617089407784 50.81307480856776 12.322519600391388 34.75119309872389 0.0 0.0 -32.01471531391144
5.92280006952933 12061.51899610247 26.63090117275715 -2.421591266989708 33.5199469756335 0.0 0.0 -39.856144189834595
5.92360006950912 11534.32309450422 47.554288029670715 -2.0315784327685833 46.73012312222272 0.0 0.0 -47.44134879112244
5.92440006948891 11066.552451542446 50.33131930232048 18.482848525047302 61.53106993297115 0.0 0.0 -38.679471492767334
5.925200069468701 10693.960757664272 39.847769481129944 3.6174978464841843 44.500787693075836 0.0 0.0 -40.471012473106384
5.926000069448491 10477.225924355644 58.36167752742767 6.300733886659145 59.774655506014824 0.0 0.0 -46.864848613739014
5.926800069428281 10304.32963671003 71.17151233553886 41.48064681887627 53.245152592659 0.0 0.0 -31.78831648826599
5.927600069408071 10198.375324249268 42.182150185108185 23.048540994524956 45.659165389835835 0.0 0.0 -27.910980343818665
5.9284000693878625 10165.135653904506 57.8327866718173 32.298761047422886 53.543592520058155 0.0 0.0 -24.188951075077057
5.929200069367652 10115.707056862968 54.10440975264646 8.480663284659386 40.348038360476494 0.0 0.0 -27.578320503234863
5.930000069347442 10101.034804207939 52.3580289632082 -9.34838730096817 43.77029214054346 0.0 0.0 -23.243934869766235
5.9308000693272325 10107.457916804722 44.37079341709614 0.6154996380209923 59.946317084133625 0.0 0.0 -26.313758850097656
5.931600069307024 10083.09982245309 49.48335404321551 1.6150299347937107 51.28544173203409 0.0 0.0 -36.2056599855423
5.932400069286813 10094.12286894662 53.50092178955674 -3.1528938114643097 40.4853684194386 0.0 0.0 -40.677165389060974
5.933200069266604 10071.487407956805 40.00198519229889 -14.83849722892046 46.311606319621205 0.0 0.0 -38.748578786849976
5.934000069246394 10072.708159310478 33.10802382230759 -7.555630147457123 37.67832091450691 0.0 0.0 -35.34169816970825
5.934800069226185 10258.949955804008 27.488976754248142 8.738658463582397 49.44014228042215 0.0 0.0 -38.77924346923828
5.935600069205974 10066.475300925118 19.403670608997345 0.7680848315358162 49.47543632239103 0.0 0.0 -41.14191699028015
5.9364000691857655 9808.705934797015 27.23377501964569 -3.4366865754127502 42.5703968629241 0.0 0.0 -30.407785534858704
5.937200069165555 9950.803177152362 44.67419484257698 16.07244022935629 43.08956961706281 0.0 0.0 -30.946983337402344
5.938000069145346 9886.36807523455 25.61051481962204 -13.460348583757877 32.66809156537056 0.0 0.0 -32.89068794250488
5.9388000691251355 9267.750156402588 30.34794646501541 -15.359272762201726 40.65262729302049 0.0 0.0 -38.05857539176941
5.939600069104926 9427.940685817173 25.127441488206387 -9.381804063916206 34.94685736298561 0.0 0.0 -44.92296099662781
5.940400069084717 9506.387826647077 22.205439627170563 -35.54248580336571 28.339859664440155 0.0 0.0 -41.61602473258972
5.941200069064506 10039.431683949062 28.445357397198677 -13.061747454106808 22.493939347565174 0.0 0.0 -34.9099326133728
5.942000069044297 10074.89411681039 12.85496473312378 -18.037248730659485 14.786959312856197 0.0 0.0 -33.10812473297119
5.942800069024087 10135.127839769635 13.498147916514426 -24.514482140541077 18.532402515411377 0.0 0.0 -29.390743136405945
5.943600069003878 10223.146443503243 43.81592670083046 -37.96612486243248 29.53460232820362 0.0 0.0 -35.10087466239929
5.944400068983668 10338.960145677838 24.434307783842087 -45.18777249753475 10.369628529064357 0.0 0.0 -38.456149101257324
5.945200068963458 10442.932941436768 20.807999968528748 -10.723860643804073 23.868611286394298 0.0 0.0 -41.77794694900513
5.946000068943248 10520.783363342285 15.864015221595764 -22.03068035840988 15.146380946040154 0.0 0.0 -48.2090528011322
5.946800068923039 10668.930701664516 13.84380716830492 -30.540416826494038 7.057895805686712 0.0 0.0 -43.12220478057861
5.947600068902829 10870.96282849993 43.37686377763748 -6.384949527680874 34.67150312633021 0.0 0.0 -43.17918419837952
5.94840006888262 11019.640905652728 34.72265564277768 -24.44486476480961 41.586478628218174 0.0 0.0 -43.06733727455139
5.949200068862409 11184.286780766079 29.616936929523945 -5.5788713991642 49.29304860904813 0.0 0.0 -38.67727541923523
5.950000068842201 11331.163182394845 48.21265007555485 -10.141103282570839 44.16189241921529 0.0 0.0 -34.99204444885254
5.95080006882199 11508.860273633685 25.504557120613754 -11.143200606107712 30.22071985900402 0.0 0.0 -36.205227732658386
5.951600068801781 11679.733120509556 34.114184617996216 0.704364538192749 27.00548828020692 0.0 0.0 -41.794408082962036
5.952400068781571 11771.180562700543 25.408714786171913 -23.29740759730339 24.1829456766136 0.0 0.0 -37.969711780548096
5.953200068761362 11886.657380240304 20.586888372898102 -28.453557681292295 11.910950660705566 0.0 0.0 -29.887638330459595
5.954000068741151 12008.752508980888 29.779431633651257 -23.800730973482132 37.32009769626893 0.0 0.0 -29.59006977081299
5.9548000687209415 12097.790463038853 17.618688315153122 -50.32643932849169 23.458670984953642 0.0 0.0 -35.41131365299225
5.955600068700733 12180.743519919259 14.670744575560093 -20.715057987719774 10.30155548453331 0.0 0.0 -28.96947455406189
5.956400068680522 12225.8038924081 41.908332884311676 -6.519508570432663 26.429009340703487 0.0 0.0 -30.574679493904114
5.957200068660312 12248.76298740932 17.917036831378937 -27.552802960388362 35.64947063475847 0.0 0.0 -37.41947674751282
5.958000068640103 12225.947402409145 40.67207905650139 -4.486500471830368 43.377136304974556 0.0 0.0 -31.392481327056885
5.958800068619894 12170.25561795916 47.40379372239113 5.594462454319 35.838175968732685 0.0 0.0 -34.483789682388306
5.959600068599683 12108.581228528705 60.25301108509302 16.734403401613235 48.26314201951027 0.0 0.0 -28.815690994262695
5.960400068579474 12128.516097477504 129.77027297019958 41.05960336420685 67.27799324691296 0.0 0.0 -22.841221809387207
5.961200068559264 12074.850056784493 64.31465899944305 8.6764823384583 48.54352752119303 0.0 0.0 -37.91499090194702
5.962000068539055 12006.511438097272 30.236264377832413 4.7681827656924725 46.39543900254648 0.0 0.0 -31.715314209461212
5.9628000685188445 11970.33951296125 45.99944615364075 -11.83325104881078 47.96468151547015 0.0 0.0 -24.473435640335083
5.963600068498636 11852.277557373047 26.108228612691164 -9.667483448982239 27.506103545427322 0.0 0.0 -24.016813099384308
5.964400068478425 11804.884871891567 35.65170487292926 21.403362438082695 32.97717188298702 0.0 0.0 -38.282838106155396
5.965200068458216 11722.653881617955 49.757234156131744 -3.8208009023219347 42.73623459786177 0.0 0.0 -24.699171900749207
5.966000068438006 11569.15457698277 36.43886241316795 -11.443546432070434 34.80355053395033 0.0 0.0 -35.84550428390503
5.966800068417797 11352.88979612078 50.37520696222782 7.724235936999321 57.11579914391041 0.0 0.0 -38.17781329154968
5.967600068397586 11170.658107212612 34.67419224977493 -17.284408017992973 33.04003295302391 0.0 0.0 -35.43826711177826
5.9684000683773775 11143.477566310337 46.42547579854727 4.658807992935181 34.80950263887644 0.0 0.0 -36.254804372787476
5.969200068357167 10985.906619480678 51.700685523450375 5.642955172806978 43.51658598147333 0.0 0.0 -39.494882345199585
5.970000068336957 10744.731743403843 25.731454394757748 -6.005787208676338 28.897217743098736 0.0 0.0 -36.81680464744568
5.970800068316748 10525.465809958321 56.9069808665663 28.018489237874746 36.51352530345321 0.0 0.0 -37.37436890602112
5.971600068296538 10340.650069645473 36.61457586288452 -24.83456764742732 39.099574118852615 0.0 0.0 -36.289482831954956
5.972400068276328 10296.852379935128 31.139090359210968 -18.825979944318533 30.780499257147312 0.0 0.0 -25.480767250061035
5.973200068256118 10236.863623482841 55.69536615908146 -3.6142654418945312 38.87159639596939 0.0 0.0 -24.578396797180176
