m1-67/data/jwst-miri-mrs/wr124-miri-spec-ch4.ecsv
# %ECSV 1.0
# ---
# datatype:
# - {name: Wavelength, unit: micron, datatype: float64}
# - {name: Star, unit: MJy / sr, datatype: float64}
# - {name: Knot A, unit: MJy / sr, datatype: float64}
# - {name: BG A1, unit: MJy / sr, datatype: float64}
# - {name: BG A2, unit: MJy / sr, datatype: float64}
# - {name: Knot B, unit: MJy / sr, datatype: float64}
# - {name: BG B1, unit: MJy / sr, datatype: float64}
# - {name: BG B2, unit: MJy / sr, datatype: float64}
# meta: !!omap
# - __serialized_columns__:
#     BG A1:
#       __class__: astropy.units.quantity.Quantity
#       unit: !astropy.units.Unit {unit: MJy / sr}
#       value: !astropy.table.SerializedColumn {name: BG A1}
#     BG A2:
#       __class__: astropy.units.quantity.Quantity
#       unit: !astropy.units.Unit {unit: MJy / sr}
#       value: !astropy.table.SerializedColumn {name: BG A2}
#     BG B1:
#       __class__: astropy.units.quantity.Quantity
#       unit: !astropy.units.Unit {unit: MJy / sr}
#       value: !astropy.table.SerializedColumn {name: BG B1}
#     BG B2:
#       __class__: astropy.units.quantity.Quantity
#       unit: !astropy.units.Unit {unit: MJy / sr}
#       value: !astropy.table.SerializedColumn {name: BG B2}
#     Knot A:
#       __class__: astropy.units.quantity.Quantity
#       unit: !astropy.units.Unit {unit: MJy / sr}
#       value: !astropy.table.SerializedColumn {name: Knot A}
#     Knot B:
#       __class__: astropy.units.quantity.Quantity
#       unit: !astropy.units.Unit {unit: MJy / sr}
#       value: !astropy.table.SerializedColumn {name: Knot B}
#     Star:
#       __class__: astropy.units.quantity.Quantity
#       unit: !astropy.units.Unit {unit: MJy / sr}
#       value: !astropy.table.SerializedColumn {name: Star}
#     Wavelength:
#       __class__: astropy.coordinates.spectral_coordinate.SpectralCoord
#       unit: !astropy.units.Unit {unit: micron}
#       value: !astropy.table.SerializedColumn {name: Wavelength}
# schema: astropy-2.0
Wavelength Star "Knot A" "BG A1" "BG A2" "Knot B" "BG B1" "BG B2"
[from data line 1316]
25.59900083160028 2058.3120795355903 1057.5377705891926 717.9102681477865 716.0343424479166 843.1167195638021 524.9870198567709 583.4925130208334
25.605000831652433 2094.5787896050347 1053.8784586588542 726.1078287760416 737.33154296875 811.8760782877604 498.6448160807292 550.9515126546224
25.611000831704587 2073.5753716362847 1038.6776631673176 652.3546396891276 699.7888997395834 826.2876180013021 473.3455505371094 530.2361399332682
25.61700083175674 2035.05810546875 1007.952870686849 649.907704671224 683.3866170247396 817.4208577473959 459.00872802734375 495.8329111735026
25.623000831808895 2103.959974500868 1070.3121643066406 717.4117940266927 680.5958048502604 782.8822428385416 479.11936442057294 514.0475819905599
25.62900083186105 2095.5474717881943 1058.6691284179688 710.3804219563802 747.0203450520834 817.0529988606771 522.5909830729166 558.3284250895182
25.635000831913203 2057.499715169271 1037.5613199869792 666.3890991210938 692.2442423502604 795.0887858072916 451.97679646809894 536.0724436442057
25.641000831965357 2041.3805202907986 1031.1933186848958 673.8533121744791 692.8131103515625 748.5089314778646 451.9638264973958 481.40564982096356
25.647000832017515 2102.534464518229 1066.1138407389324 715.1051228841146 721.3440958658854 791.3967488606771 449.3922424316406 541.0548299153646
25.65300083206966 2111.307630750868 1099.1260375976562 718.37841796875 715.3047485351562 822.0852457682291 440.4105631510417 541.3141479492188
25.65900083212182 2047.6506754557292 1052.8746846516926 692.1913248697916 742.03515625 810.5517578125 445.27196248372394 518.2600402832031
25.665000832173977 2056.786661783854 1023.5291849772135 665.9775187174479 696.5195719401041 757.5449015299479 466.4750061035156 544.6298828125
25.671000832226124 2103.569132486979 1049.9030863444011 692.9724426269531 732.3372192382812 740.5204060872396 472.0170084635417 525.1547241210938
25.67700083227828 2111.106947157118 1086.3433532714844 708.2266540527344 748.6727294921875 829.8277994791666 483.6400553385417 551.5415445963541
25.683000832330436 2052.137491861979 1016.4186401367188 646.8050333658854 731.2796020507812 835.2717692057291 482.9878438313802 564.3026529947916
25.68900083238259 2064.8519422743057 1032.0460408528645 628.0033569335938 684.6080729166666 781.1808675130209 479.0514628092448 549.1826121012369
25.695000832434744 2074.227199978299 1096.0329081217449 683.5503641764323 726.6126505533854 813.9607950846354 483.45191446940106 569.415028889974
25.701000832486898 2057.490288628472 1061.2798767089844 676.6845906575521 736.8917236328125 837.3603312174479 469.22289021809894 555.0268859863281
25.70700083253905 1994.1745062934028 1027.5328776041667 664.8908335367838 702.9100748697916 791.0786336263021 472.0425720214844 536.8712361653646
25.713000832591206 1968.3988037109375 1012.0630289713541 704.8850504557291 658.7178751627604 768.9961547851562 468.8480733235677 568.8830617268881
25.71900083264336 2046.642116970486 1022.1310628255209 653.1700286865234 673.1608072916666 815.8766682942709 467.47349039713544 491.2737070719401
25.725000832695514 1997.221896701389 1047.9175720214844 655.7513427734375 716.7445678710938 771.5193481445312 420.65892537434894 596.7137756347656
25.73100083274767 1952.7111409505208 955.4243672688802 596.2878367106119 687.6746419270834 782.0294799804688 448.5255839029948 534.5121002197266
25.73700083279982 1958.9497477213542 977.2251180013021 643.6482798258463 663.1738484700521 766.3441772460938 424.6890157063802 489.75933329264325
25.743000832851976 2004.9091118706597 1007.0485229492188 682.4898935953776 701.4030558268229 813.1161499023438 507.7415364583333 549.0732981363932
25.74900083290413 2072.5560709635415 1019.7726542154948 678.0104929606119 674.3995564778646 811.3485921223959 482.15245564778644 560.2169443766276
25.755000832956284 1980.3099636501736 954.2027689615885 620.2535807291666 697.3843587239584 736.7695922851562 406.05458577473956 551.1721954345703
25.76100083300844 2011.1379937065972 987.8043009440104 649.8472086588541 688.5109049479166 718.0481770833334 476.4462483723958 530.6279449462891
25.767000833060592 2073.1065538194443 1043.3080546061199 668.153330485026 699.4683430989584 791.6490681966146 455.6742858886719 553.1904246012369
25.773000833112746 1996.7340766059028 1047.8027445475261 658.2264099121094 679.9369913736979 771.7065022786459 477.5511983235677 562.6602223714193
25.7790008331649 1949.8466254340278 979.0602722167969 586.3450063069662 655.6295979817709 730.8572387695312 418.94700113932294 552.7249247233073
25.785000833217055 1995.1458333333333 1014.255126953125 633.4181060791016 644.7472127278646 754.0482381184896 456.64703369140625 489.4945526123047
25.79100083326921 2060.9230143229165 1076.2303059895833 647.0767059326172 706.9593302408854 831.9275919596354 456.29822794596356 533.7333628336588
25.797000833321366 2002.6055365668403 1013.9153340657552 645.6423695882162 695.6622111002604 840.7031046549479 478.0311991373698 546.7066599527994
25.803000833373513 1923.8385552300347 991.0216878255209 622.0667012532552 686.8905843098959 791.6398518880209 377.68072509765625 504.7061767578125
25.80900083342567 1994.2182481553818 998.5785827636719 673.5297241210938 717.7806599934896 756.4972127278646 451.1112060546875 552.3603871663412
25.81500083347783 2111.703803168403 1075.8141377766926 667.0167694091797 756.6376749674479 801.379150390625 503.0569152832031 553.4839274088541
25.82100083352998 2046.890380859375 1073.6901448567708 664.3384755452474 738.9754435221354 801.9476318359375 450.2517598470052 538.9274190266927
25.827000833582133 1890.9619547526042 999.5763041178385 628.4326477050781 679.2295735677084 739.9104207356771 447.2478841145833 526.4948170979818
25.833000833634287 1995.2390814887153 1028.440673828125 673.0189208984375 700.4117635091146 825.3656412760416 475.6215006510417 539.3602345784506
25.83900083368644 2123.3538411458335 1079.0696919759114 673.5917358398438 701.9242350260416 822.5558064778646 486.87367757161456 579.6056874593099
25.845000833738595 2064.886271158854 1005.0745340983073 632.8953399658203 706.9535319010416 795.3804321289062 504.9700419108073 558.0819854736328
25.85100083379075 1904.567355685764 996.5074361165365 637.6759796142578 651.4008178710938 750.9287109375 462.1571451822917 514.8245340983073
25.857000833842903 2028.1415608723958 1069.150166829427 678.9457600911459 677.9050699869791 783.8427937825521 526.1018778483073 538.8144124348959
25.863000833895057 2102.448296440972 1063.4704182942708 725.5775960286459 737.1057739257812 848.6720377604166 538.665283203125 568.5401967366537
25.86900083394721 2036.9529215494792 1050.5041605631511 683.4083048502604 715.5603230794271 859.8788045247396 478.70261637369794 530.6483561197916
25.875000833999366 1975.0111762152778 1001.3846944173177 624.8819173177084 658.8163452148438 765.0234781901041 449.34156290690106 518.7859191894531
25.881000834051523 2059.7168782552085 1084.2064717610676 727.4030965169271 715.3399658203125 769.1546630859375 494.7652587890625 510.14508565266925
25.88700083410367 2166.006008572049 1099.072774251302 717.6776021321615 739.6502278645834 875.2679239908854 495.43421427408856 577.0115152994791
25.893000834155828 2045.5759141710068 1011.65625 628.427968343099 686.9586385091146 827.4103800455729 479.89707438151044 565.5180155436198
25.899000834207982 1957.0613742404514 962.0785115559896 629.2382558186849 617.4639994303385 758.1041870117188 428.0364583333333 507.5332845052083
25.905000834260136 2118.5289306640625 1103.0918273925781 764.069081624349 711.1882120768229 775.3813883463541 496.45191446940106 526.8882802327474
25.91100083431229 2187.9365912543403 1114.6517740885417 687.4326883951823 740.4582926432291 889.8078206380209 566.4250284830729 578.3647766113281
25.917000834364444 2061.966946072049 980.3836263020834 614.1285654703776 682.3983968098959 839.8609415690104 450.7615152994792 546.9666392008463
25.923000834416598 1957.7190890842014 1005.6361083984375 707.0269775390625 602.2710164388021 787.1431070963541 393.9154561360677 524.4457346598307
25.929000834468752 2043.406765407986 1113.1278381347656 774.51513671875 716.6920776367188 799.1676432291666 473.5423075358073 508.56333414713544
25.935000834520906 2136.4138861762153 1111.513936360677 733.1356302897135 706.7686360677084 899.1271769205729 510.5259195963542 590.4953867594401
25.94100083457306 2006.0989312065972 1012.8546549479166 622.0047556559244 705.6781209309896 880.2288818359375 443.8320617675781 591.7838795979818
25.947000834625218 1975.9029676649307 951.1561889648438 621.5766398111979 608.6798909505209 808.7449951171875 417.1539306640625 511.6753387451172
25.953000834677365 2046.251193576389 1076.7488098144531 702.9472249348959 721.3750813802084 815.2433878580729 486.5285949707031 536.0288543701172
25.959000834729522 2066.7235514322915 1087.7012532552083 698.6628214518229 764.5385335286459 868.7925618489584 520.7262369791666 629.5633239746094
25.96500083478168 1988.607177734375 992.028798421224 575.3477528889974 680.075927734375 828.833984375 464.8599344889323 568.7595774332682
25.97100083483383 1945.466037326389 990.5431620279948 609.4302876790365 666.9148763020834 768.2433675130209 453.4023030598958 524.2282257080078
25.977000834885985 2032.4751925998264 1076.5663045247395 630.2662709554037 693.7993977864584 817.2034708658854 473.2967122395833 537.8775278727213
25.98300083493814 2033.1264105902778 1086.9756978352864 652.7716674804688 771.5126546223959 904.23095703125 474.32704671223956 577.7178904215494
25.989000834990293 1944.1871744791667 1055.1648559570312 614.0202941894531 733.6009318033854 807.3494466145834 431.1759541829427 555.9255727132162
25.995000835042447 1933.4125298394097 972.0550740559896 625.6827901204427 685.714111328125 732.9278971354166 437.4739278157552 473.70017496744794
26.0010008350946 2037.9854465060764 1210.1066080729167 724.4432067871094 729.0928955078125 820.9592081705729 473.6623026529948 546.803965250651
26.007000835146755 2088.533393012153 1636.033915201823 897.4064737955729 893.0770467122396 1111.126444498698 506.3232727050781 639.7298278808594
26.013000835198913 2011.8034803602432 1522.2947387695312 828.8854115804037 815.3071492513021 1085.1443684895833 493.18812052408856 612.7615152994791
26.019000835251063 1925.2440321180557 1097.585225423177 716.3829142252604 715.6353759765625 825.564453125 448.0748596191406 529.7833913167318
26.025000835303217 2047.2865397135417 1085.9082438151042 701.8407592773438 693.9214477539062 788.2472737630209 518.6442565917969 520.5148264567057
26.031000835355375 2126.334676106771 1031.945068359375 643.3584340413412 706.0274861653646 846.491455078125 466.6584065755208 550.9602864583334
26.03700083540752 1981.8834771050347 997.2792256673177 607.4584096272787 713.2254435221354 796.7029418945312 532.0092569986979 509.1109161376953
26.04300083545968 1998.4573974609375 1042.3696899414062 609.7037658691406 714.8251546223959 749.8876953125 431.31626383463544 472.02121988932294
26.049000835511833 2005.4142930772568 1080.3946634928386 712.7465515136719 772.871826171875 794.4512939453125 488.4286702473958 519.2331034342448
26.055000835563987 2037.9035101996528 1098.630839029948 726.77783203125 761.2274576822916 850.0430908203125 527.4638264973959 558.6150156656901
26.06100083561614 2009.9525689019097 1020.642812093099 692.6046142578125 736.1207682291666 824.8857828776041 481.9213460286458 547.004150390625
26.067000835668296 1953.2685546875 1030.9643859863281 669.3347117106119 688.1447550455729 757.7081502278646 448.58420817057294 477.0146128336589
26.07300083572045 2041.6422254774307 1111.944803873698 752.2047017415365 744.367919921875 816.2055867513021 552.3353068033854 534.8654734293619
26.079000835772604 2125.3221842447915 1134.8514200846355 712.6542256673177 686.8619791666666 826.1499430338541 516.212880452474 505.07683817545575
26.085000835824758 1991.6366373697917 1038.326171875 695.0758666992188 707.1357014973959 836.2003987630209 448.08563232421875 511.5064442952474
26.091000835876912 2006.5695258246528 1077.3450724283855 718.5579274495443 755.4973754882812 781.0467732747396 479.7390441894531 521.9818725585938
26.09700083592907 2120.5594346788193 1138.7220052083333 727.0706481933594 767.819580078125 816.0369262695312 544.02685546875 538.7018381754557
26.103000835981216 2139.108357747396 1125.9044799804688 731.8629048665365 822.7332356770834 867.2963256835938 494.8085225423177 583.3911387125651
26.109000836033374 2070.784518771701 1086.5577189127605 647.1173604329427 791.4891153971354 841.1853434244791 472.2062174479167 580.2615966796875
26.11500083608553 2054.839301215278 1056.4945882161458 703.5991719563802 680.6359456380209 829.6479085286459 508.7892252604167 562.8715667724609
26.121000836137682 2143.357869466146 1149.7304280598958 774.4969889322916 707.8911539713541 867.0666707356771 494.5674540201823 584.1932779947916
26.127000836189836 2197.756632486979 1089.1844177246094 717.0059814453125 762.2109375 873.9886271158854 496.4037373860677 591.8943074544271
26.13300083624199 2188.9134521484375 1077.3540445963542 672.9457397460938 735.7696940104166 810.6141357421875 440.33746337890625 579.2561086018881
26.139000836294144 2163.7581380208335 1081.9771423339844 710.8371378580729 745.1501871744791 776.9718017578125 489.13976033528644 553.9164479573568
26.1450008363463 2214.7586805555557 1095.5498046875 777.2392985026041 734.4009399414062 766.6043497721354 549.5296223958334 552.0343882242838
26.151000836398453 2305.6024034288193 1140.6032104492188 745.2199300130209 769.4081420898438 853.4285481770834 484.63645426432294 546.7425333658854
26.157000836450607 2184.740926106771 1076.9353637695312 688.4862467447916 743.028076171875 790.2029012044271 436.8673400878906 542.3677825927734
26.163000836502764 2203.2535942925347 1061.2970072428386 681.6643371582031 672.3041381835938 749.2660929361979 434.0970052083333 512.3125254313151
26.169000836554915 2288.235256618924 1080.302998860677 730.1420745849609 707.1361694335938 866.2234903971354 507.9148254394531 510.5218048095703
26.17500083660707 2290.5904134114585 1150.5489908854167 759.4462483723959 740.7156168619791 847.8236287434896 513.7046101888021 608.2650451660156
26.181000836659226 2247.3003200954863 1015.0104675292969 642.8278656005859 751.478759765625 847.6455688476562 474.6571044921875 566.9570668538412
26.187000836711373 2149.343315972222 1050.1310526529949 690.8874715169271 660.4607543945312 792.6871337890625 475.4925130208333 535.6884969075521
26.19300083676353 2268.249254014757 1096.5697835286458 764.6891581217448 747.7914835611979 763.2009887695312 492.8122863769531 567.0972137451172
26.199000836815685 2191.6504720052085 1105.8079020182292 680.784678141276 734.3623657226562 825.4132690429688 496.51097615559894 526.1693725585938
26.20500083686784 2120.9798177083335 1061.9986267089844 636.6535593668619 731.8155517578125 826.4063110351562 475.70758056640625 527.4132893880209
26.211000836919993 2066.5875786675347 1009.8121541341146 644.7482757568359 737.0384521484375 723.8669840494791 426.5315246582031 524.7919260660807
26.217000836972147 2095.281263563368 1080.9315795898438 664.9892272949219 692.8529052734375 793.3182169596354 458.89940388997394 576.3004557291666
26.2230008370243 2119.511433919271 1111.7610270182292 659.1198272705078 730.3402709960938 888.5551961263021 511.9493815104167 570.3534545898438
26.229000837076455 2023.5784098307292 1020.7134399414062 594.5268402099609 718.5824788411459 796.3658447265625 454.38331095377606 550.3771464029948
26.23500083712861 1953.6094428168403 1007.6890665690104 595.9747517903646 643.5156860351562 753.4540201822916 441.50867716471356 584.0244852701823
26.241000837180763 2042.4637586805557 1093.3335774739583 666.2240244547526 664.995849609375 755.0154825846354 506.6051432291667 531.4640655517578
26.24700083723292 2058.601264105903 1109.279276529948 657.1462961832682 686.7066243489584 764.5453084309896 491.5101318359375 502.6922098795573
