m1-67/data/jwst-miri-mrs/wr124-miri-spec-ch1.ecsv
# %ECSV 1.0
# ---
# datatype:
# - {name: Wavelength, unit: micron, datatype: float64}
# - {name: Star, unit: MJy / sr, datatype: float64}
# - {name: Knot A, unit: MJy / sr, datatype: float64}
# - {name: BG A1, unit: MJy / sr, datatype: float64}
# - {name: BG A2, unit: MJy / sr, datatype: float64}
# - {name: Knot B, unit: MJy / sr, datatype: float64}
# - {name: BG B1, unit: MJy / sr, datatype: float64}
# - {name: BG B2, unit: MJy / sr, datatype: float64}
# meta: !!omap
# - __serialized_columns__:
#     BG A1:
#       __class__: astropy.units.quantity.Quantity
#       unit: !astropy.units.Unit {unit: MJy / sr}
#       value: !astropy.table.SerializedColumn {name: BG A1}
#     BG A2:
#       __class__: astropy.units.quantity.Quantity
#       unit: !astropy.units.Unit {unit: MJy / sr}
#       value: !astropy.table.SerializedColumn {name: BG A2}
#     BG B1:
#       __class__: astropy.units.quantity.Quantity
#       unit: !astropy.units.Unit {unit: MJy / sr}
#       value: !astropy.table.SerializedColumn {name: BG B1}
#     BG B2:
#       __class__: astropy.units.quantity.Quantity
#       unit: !astropy.units.Unit {unit: MJy / sr}
#       value: !astropy.table.SerializedColumn {name: BG B2}
#     Knot A:
#       __class__: astropy.units.quantity.Quantity
#       unit: !astropy.units.Unit {unit: MJy / sr}
#       value: !astropy.table.SerializedColumn {name: Knot A}
#     Knot B:
#       __class__: astropy.units.quantity.Quantity
#       unit: !astropy.units.Unit {unit: MJy / sr}
#       value: !astropy.table.SerializedColumn {name: Knot B}
#     Star:
#       __class__: astropy.units.quantity.Quantity
#       unit: !astropy.units.Unit {unit: MJy / sr}
#       value: !astropy.table.SerializedColumn {name: Star}
#     Wavelength:
#       __class__: astropy.coordinates.spectral_coordinate.SpectralCoord
#       unit: !astropy.units.Unit {unit: micron}
#       value: !astropy.table.SerializedColumn {name: Wavelength}
# schema: astropy-2.0
Wavelength Star "Knot A" "BG A1" "BG A2" "Knot B" "BG B1" "BG B2"
[from data line 2828]
7.162800038204295 8144.933909552438 119.95767736434937 62.369627360254526 38.88268193230033 0.0 0.0 -0.30068767070770264
7.163600038184085 8184.58700970241 109.42872023582458 49.91643203049898 57.03064081072807 0.0 0.0 -0.6846858859062195
7.164400038163875 8227.408352715629 121.53103613853455 51.221178852021694 52.72660517692566 0.0 0.0 -3.146965980529785
7.1652000381436665 8216.288078035626 117.8515220284462 48.06768982112408 26.562439270317554 0.0 0.0 -0.1286116987466812
7.166000038123456 8172.460857936314 107.90548230707645 35.17087295651436 49.007386948913336 0.0 0.0 -1.227643370628357
7.166800038103246 8140.39000429426 118.85292112827301 54.88193406164646 35.566471418365836 0.0 0.0 -2.0756125450134277
7.1676000380830365 8071.261204310826 108.68661135435104 58.068203966948204 20.91887118667364 0.0 0.0 -0.2863677442073822
7.168400038062827 8036.735097612654 98.53159773349762 53.00532968342304 58.9432475566864 0.0 0.0 -3.8524222373962402
7.169200038042617 8021.334699085781 128.6374732851982 66.00983081758022 38.65480876713991 0.0 0.0 -3.7941136360168457
7.1700000380224065 7974.063884735107 119.32311090826988 66.25975650548935 17.89820958301425 0.0 0.0 -2.3946547508239746
7.170800038002198 7983.915161405291 101.645911231637 51.09483164548874 66.0549288392067 0.0 0.0 -1.9095555543899536
7.171600037981988 8017.929137638637 114.16987217217684 49.146145805716515 47.53916084242519 0.0 0.0 -0.4983615577220917
7.172400037961778 8018.74218068804 111.59683617949486 39.75308112055063 28.972286865115166 0.0 0.0 -0.013860818929970264
7.173200037941569 7934.8538853781565 107.08568750321865 48.41301853954792 57.67567557096481 0.0 0.0 -1.6432452201843262
7.17400003792136 8004.245816639492 121.24655592441559 56.520175866782665 35.09720356564503 0.0 0.0 -2.0604336261749268
7.174800037901149 8028.512330463955 105.82073944807053 51.81610292941332 28.686602541594766 0.0 0.0 -1.5959789752960205
7.1756000378809395 8106.683321271624 115.13537985086441 56.66241806745529 51.601298823952675 0.0 0.0 -3.092902660369873
7.17640003786073 8123.088920593262 136.2010953426361 64.78839252144098 32.588754028081894 0.0 0.0 -1.647657036781311
7.177200037840521 8134.950778416225 110.44402062892914 61.99028393626213 53.488469656556845 0.0 0.0 -1.1567364931106567
7.17800003782031 8163.964411054339 105.67776870727539 60.027955919504166 54.94674809277058 0.0 0.0 -2.0619523525238037
7.178800037800101 8170.503663199289 126.369264960289 61.68197202682495 20.994110692292452 0.0 0.0 -1.1973073482513428
7.179600037779891 8155.9278518131805 120.24572819471359 45.81083735823631 49.889491714537144 0.0 0.0 -1.0346355438232422
7.180400037759682 8091.4003701891215 123.0478835105896 49.67219591140747 56.08856557868421 0.0 0.0 -0.7958059310913086
7.181200037739472 8136.581919533865 118.95967423915863 72.85195251554251 18.993360824882984 0.0 0.0 -0.05616869404911995
7.182000037719262 8129.060998644148 116.17052394151688 49.28428373672068 45.415735222399235 0.0 0.0 -1.0720714330673218
7.182800037699052 8091.43173626491 119.76390755549073 64.0832873955369 48.95900747179985 0.0 0.0 -2.768502712249756
7.1836000376788425 8008.925800868443 95.64146602153778 49.61294301226735 12.599814061075449 0.0 0.0 -3.1289005279541016
7.184400037658633 7946.80234854562 94.63201975822449 48.076425075531006 54.28522843122482 0.0 0.0 -0.8480725288391113
7.185200037638422 7950.275933674404 106.4790090918541 59.94482912123203 46.82778304070234 0.0 0.0 -1.1185277700424194
7.186000037618213 7969.4185147966655 98.64930038154125 57.81864404678345 21.955312974750996 0.0 0.0 -1.0564125776290894
7.186800037598004 7982.090593882969 125.72034412622452 50.30714774131775 47.83938527852297 0.0 0.0 -3.717041254043579
7.187600037577794 7974.111492701939 132.18098831176758 49.63612670451403 37.479199475608766 0.0 0.0 -0.6891429424285889
7.188400037557584 7929.457350322178 117.08598613739014 54.21535659767687 34.27434376627207 0.0 0.0 -1.8815752267837524
7.1892000375373755 8056.974597385952 113.03919041156769 60.52232660725713 62.59562033414841 0.0 0.0 -3.054621458053589
7.190000037517165 8086.763770512172 130.77164816856384 79.35380731895566 29.71872633881867 0.0 0.0 -0.594671368598938
7.190800037496955 8088.325796944754 117.83767378330231 62.32789149880409 25.583120540715754 0.0 0.0 -0.48927977681159973
7.1916000374767455 8167.976707458496 117.88395369052887 57.35840002191253 43.13224093616009 0.0 0.0 -1.9922668933868408
7.192400037456537 8147.49432018825 110.99995493888855 61.618214532732964 33.3416145555675 0.0 0.0 -2.3571617603302
7.193200037436326 8084.705454417637 93.2866216301918 45.50059223175049 49.164273865520954 0.0 0.0 -3.500568389892578
7.194000037416116 8279.434738431659 110.98529201745987 56.10517907142639 64.49530926719308 0.0 0.0 -1.6413346529006958
7.194800037395907 8272.563123975482 116.55121564865112 60.88559606298804 32.178349858149886 0.0 0.0 0.10902218520641327
7.195600037375698 8246.524197169712 113.00458016991615 38.36238123103976 46.86199299991131 0.0 0.0 -2.2726361751556396
7.196400037355487 8275.686561039516 111.62509080022573 66.76454967260361 58.81396047025919 0.0 0.0 -2.654798746109009
7.197200037335278 8259.230575561523 100.75172563642263 80.79118274152279 19.00406600534916 0.0 0.0 -2.084362268447876
7.198000037315068 8256.461987359184 115.37478119134903 46.18737966567278 46.52730618417263 0.0 0.0 -2.779345989227295
7.198800037294858 8217.419073104858 130.80924475193024 65.9118687286973 56.83715675212443 0.0 0.0 -1.347986102104187
7.1996000372746485 8184.649789810181 114.7688057422638 59.188644111156464 15.315968527458608 0.0 0.0 -0.89686518907547
7.200400037254438 8213.296106066022 110.13157576322556 37.67243121191859 44.35344173014164 0.0 0.0 -1.7790584564208984
7.201200037234229 8237.856898171562 122.90498262643814 67.63197204470634 39.0572307780385 0.0 0.0 -1.2220007181167603
7.202000037214019 8238.939376286098 104.6136481910944 63.60846986435354 11.071945581585169 0.0 0.0 -1.3624821901321411
7.20280003719381 8298.943194525582 112.32359611988068 53.652647882699966 55.87401553057134 0.0 0.0 -2.175051689147949
7.2036000371736 8361.049795968192 130.40089017152786 75.2400285732001 41.99900585971773 0.0 0.0 -1.849057674407959
7.204400037153391 8347.081857408795 117.07698333263397 53.66514106094837 30.007322560995817 0.0 0.0 -2.6476941108703613
7.205200037133181 8306.49686731611 123.12410455942154 34.42277733981609 63.61099746823311 0.0 0.0 -3.1399428844451904
7.206000037112971 8304.55505834307 129.40917533636093 73.72225683927536 41.16364491824061 0.0 0.0 -3.4008677005767822
7.206800037092761 8468.586414609637 111.4512043595314 50.01445370912552 34.50438206642866 0.0 0.0 -3.3255362510681152
7.207600037072552 8559.842615400043 113.2658519744873 45.93511930666864 58.94709753617644 0.0 0.0 -2.9197754859924316
7.208400037052342 8561.375147410801 116.49798572063446 52.87007412314415 35.39909701794386 0.0 0.0 -1.6103994846343994
7.209200037032132 8486.344692230225 108.93981945514679 26.477194014936686 44.55842248722911 0.0 0.0 -0.5600178241729736
7.210000037011922 8501.357490267072 117.23765110969543 41.195700880140066 61.071909323334694 0.0 0.0 -2.2257683277130127
7.210800036991714 8416.254276548114 126.14881205558777 55.4412541911006 19.88774065580219 0.0 0.0 -1.565259337425232
7.211600036971503 8348.026483263287 103.60353171825409 22.779815837740898 31.90672900341451 0.0 0.0 -1.0555267333984375
7.212400036951293 8317.381144932338 122.83692491054535 51.39585873298347 42.145752063021064 0.0 0.0 -1.9234445095062256
7.213200036931084 8213.738216127667 121.54598343372345 70.42053133249283 29.08292149240151 0.0 0.0 -1.4529826641082764
7.214000036910874 8159.266133989607 94.96836149692535 38.78992425277829 42.83145879674703 0.0 0.0 -1.7972527742385864
7.214800036890664 8110.203600747244 114.36573326587677 68.12828209996223 42.7060382515192 0.0 0.0 -2.2625155448913574
7.215600036870454 8022.813986097063 114.6844516992569 56.06114871473983 27.501242626458406 0.0 0.0 -1.48953115940094
7.216400036850245 8026.098996026175 110.56608092784882 34.37564678490162 56.92713054642081 0.0 0.0 -1.4815948009490967
7.217200036830035 8072.846352713449 125.23654413223267 61.89087571948767 53.87391094211489 0.0 0.0 -0.877994954586029
7.218000036809825 8032.526926040649 115.4542750120163 45.465159967541695 35.15080231614411 0.0 0.0 -1.034484624862671
7.218800036789616 8067.199206215994 124.17264407873154 35.065598621964455 59.75621958076954 0.0 0.0 -1.7455439567565918
7.219600036769407 8091.327777045114 124.7260639667511 69.75100514292717 27.49611657454625 0.0 0.0 -0.8706750869750977
7.220400036749196 8072.972109385899 107.86019918322563 55.14261230826378 22.947645515203476 0.0 0.0 -1.3275842666625977
7.221200036728987 8140.948521205357 116.04844105243683 58.555010974407196 56.50936849415302 0.0 0.0 -1.697008490562439
7.222000036708777 8122.659927095686 111.60368633270264 80.33718600869179 35.5826628357172 0.0 0.0 -2.0977983474731445
7.222800036688568 8092.223245893206 98.82961428910494 65.95588451623917 41.8469621501863 0.0 0.0 -2.4715771675109863
7.2236000366683575 8145.075145448957 113.15688532590866 79.32973825931549 63.76288626343012 0.0 0.0 -1.4570015668869019
7.224400036648148 8119.284413473947 113.67883849143982 87.39271739125252 26.07386590121314 0.0 0.0 -0.7979874014854431
7.225200036627938 8079.459848948887 103.50016963481903 63.315222039818764 43.86703675240278 0.0 0.0 -1.1041169166564941
7.226000036607729 8112.679874420166 119.14056718349457 102.10591667890549 58.12358259037137 0.0 0.0 -1.0274381637573242
7.226800036587519 8055.411720820835 102.90864905714989 122.55914380401373 20.197774797677994 0.0 0.0 -0.8864319324493408
7.227600036567309 7990.312443869455 106.32132053375244 92.8155822455883 43.760068943258375 0.0 0.0 -1.5306370258331299
7.228400036547099 7976.163902827671 121.73010754585266 91.2201545983553 42.9855993547244 0.0 0.0 -0.973942756652832
7.22920003652689 7956.459941864014 111.30700169503689 73.16570257395506 24.846275605261326 0.0 0.0 -2.156681537628174
7.23000003650668 7973.290513447353 160.36368024349213 74.26589974761009 41.58029485330917 0.0 0.0 -1.7104307413101196
7.230800036486469 8046.1500606536865 144.32107520103455 93.80774489045143 39.75892811641097 0.0 0.0 -0.8614294528961182
7.2316000364662605 7943.587816510882 118.36578822135925 69.19544872641563 40.23582150414586 0.0 0.0 -2.481424331665039
7.232400036446051 7998.657997676304 119.55794470873661 55.684246242046356 53.616090171039104 0.0 0.0 -2.5993752479553223
7.233200036425841 8040.263310023716 116.59147441387177 75.90828466415405 46.841166377067566 0.0 0.0 -2.0661301612854004
7.234000036405631 8016.922888619559 115.45351982116699 48.352757319808006 43.88930432125926 0.0 0.0 -1.0188533067703247
7.234800036385423 8039.118219648089 125.32183367013931 44.20561147853732 59.81297640502453 0.0 0.0 -2.2252445220947266
7.235600036365212 7967.940077372959 125.19608783721924 56.72849880810827 42.857335415668786 0.0 0.0 -1.5476608276367188
7.236400036345002 8107.225224631174 123.7127480506897 42.008487582206726 45.33357625361532 0.0 0.0 -1.30452299118042
7.237200036324793 8142.692689350673 125.91450941562653 52.23240804672241 58.55349140614271 0.0 0.0 -0.9169363379478455
7.238000036304584 8133.536454336984 119.22922426462173 48.08382494747639 46.96143211144954 0.0 0.0 -1.0878865718841553
7.238800036284373 8176.870395387922 115.91693764925003 35.72492028772831 52.66447396669537 0.0 0.0 -0.6529645919799805
7.2396000362641635 8184.833191462925 119.10759735107422 61.201817378401756 56.58861974393949 0.0 0.0 -0.8184995651245117
7.240400036243954 8099.460516793387 112.77383200824261 60.2881321310997 39.22709085047245 0.0 0.0 -2.0820019245147705
7.241200036223745 8092.427138464792 113.00794291496277 33.90855302475393 50.576621282845736 0.0 0.0 -1.283698558807373
7.242000036203534 8105.5283780779155 115.99227529764175 63.57982313632965 56.53162144124508 0.0 0.0 -1.2920657396316528
7.242800036183325 8028.38188798087 110.92314994335175 68.02437347173691 32.58439121954143 0.0 0.0 -2.121748685836792
7.243600036163115 8049.21788760594 113.57877142727375 54.1268727183342 35.54722732678056 0.0 0.0 -2.1431572437286377
7.244400036142905 8047.944387708391 105.27766180038452 56.28195465169847 28.884518556296825 0.0 0.0 -2.556399345397949
7.245200036122696 7997.452324731009 111.54649251699448 31.60300977807492 27.18048206437379 0.0 0.0 -2.5613627433776855
7.246000036102485 8039.5135661533905 124.99774503707886 30.36662219464779 50.939760813489556 0.0 0.0 -2.001967668533325
7.246800036082276 8019.360663277762 122.01566183567047 50.87464255094528 31.567631043493748 0.0 0.0 -3.6625068187713623
7.2476000360620665 8002.200610297067 113.01763021945953 33.341754890978336 19.238620597869158 0.0 0.0 -3.934711456298828
7.248400036041857 8053.393532616751 108.59362161159515 36.677416880615056 43.64062198251486 0.0 0.0 -2.5921928882598877
7.249200036021647 8076.5851682935445 100.87244081310928 77.59960836172104 35.12872628122568 0.0 0.0 -1.585071086883545
7.250000036001438 8097.5275873456685 110.48682618886232 36.58081877510995 31.187280245125294 0.0 0.0 -2.381084442138672
7.250800035981228 8121.284227643694 124.37743467092514 34.84082272648811 40.41611003037542 0.0 0.0 -3.267282247543335
7.251600035961018 8066.055609021868 108.25969187752344 57.09050793386996 22.546359583735466 0.0 0.0 -3.3031885623931885
7.252400035940808 8101.867778505598 120.1650772690773 46.47659641504288 36.51951289176941 0.0 0.0 -2.738041877746582
7.2532000359205995 8138.089197976248 123.89683306217194 64.19497448205948 41.642417311668396 0.0 0.0 -1.8997400999069214
7.254000035900389 8162.558359418596 117.00622600317001 52.263736963272095 32.33976144436747 0.0 0.0 -2.297759771347046
7.254800035880179 8235.416917255947 117.43469840288162 34.286745177581906 39.34885960072279 0.0 0.0 -1.63119375705719
7.2556000358599695 8198.43394442967 109.73293346166611 61.32027053833008 34.443553645163774 0.0 0.0 -1.8489689826965332
7.25640003583976 8218.195589338031 108.0193730443716 42.96637187199667 28.64975371491164 0.0 0.0 -3.4185879230499268
7.25720003581955 8207.947521482196 117.06578207015991 34.736731659621 38.73490485036746 0.0 0.0 -1.5873215198516846
7.2580000357993395 8238.974981307983 116.81825917959213 68.79372118785977 28.871894670650363 0.0 0.0 -1.9014129638671875
7.258800035779131 8247.205114364624 121.39310367405415 41.6812456920743 19.290982507169247 0.0 0.0 -2.3571724891662598
7.259600035758921 8290.249210085187 115.90190637856722 38.4276542365551 36.880617735907435 0.0 0.0 -1.9007457494735718
7.260400035738711 8355.247036252704 96.11882466077805 74.49868430197239 26.154078766703606 0.0 0.0 -3.579547643661499
7.261200035718501 8403.624268123081 113.79619008302689 31.660256911069155 23.68568452540785 0.0 0.0 -2.861114025115967
7.262000035698292 8481.412580490112 119.44968372583389 35.84068108163774 47.53490371257067 0.0 0.0 -1.6466493606567383
7.262800035678082 8324.89405659267 118.84148219227791 72.05201649665833 39.284294828772545 0.0 0.0 -2.6394314765930176
7.2636000356578725 8501.292485918317 122.62981843948364 28.27196832280606 38.45936005562544 0.0 0.0 -2.7624332904815674
7.264400035637663 8668.420582635063 117.94154144823551 47.51652393117547 47.234147012233734 0.0 0.0 -2.862337350845337
7.265200035617454 8700.780736650739 99.55183079838753 57.0007099956274 18.56368623673916 0.0 0.0 -3.503803253173828
7.266000035597243 8758.038622447422 112.26352801546454 21.082827270030975 23.187830140814185 0.0 0.0 -3.943349838256836
7.266800035577034 8776.112696511405 111.9598608314991 51.860749304294586 42.47811438329518 0.0 0.0 -2.6932830810546875
7.267600035556824 8792.559476579938 115.76281555742025 48.46494047343731 42.05895805731416 0.0 0.0 -2.3724427223205566
7.268400035536615 8860.231179101127 121.20818954706192 33.39108642563224 57.27906256169081 0.0 0.0 -2.060622215270996
7.269200035516405 8902.29019846235 109.89322057366371 52.82002964615822 60.357523426413536 0.0 0.0 -0.7554501295089722
