m1-67/data/jwst-miri-mrs/wr124-miri-mrs-ch1-star-line-spectrum.ecsv
# %ECSV 1.0
# ---
# datatype:
# - {name: Wavelength, unit: micron, datatype: float64}
# - {name: Intensity, datatype: float64}
# meta: !!omap
# - __serialized_columns__:
#     Wavelength:
#       __class__: astropy.units.quantity.Quantity
#       unit: !astropy.units.Unit {unit: micron}
#       value: !astropy.table.SerializedColumn {name: Wavelength}
# schema: astropy-2.0
Wavelength Intensity
[from data line 1331]
5.965200068458216 7810.339006696428
5.966000068438006 7223.193568638393
5.966800068417797 6849.437081473215
5.967600068397586 6366.252232142857
5.9684000683773775 5706.396065848215
5.969200068357167 5252.118931361607
5.970000068336957 4538.4453125
5.970800068316748 4169.049107142857
5.971600068296538 3806.2687639508927
5.972400068276328 3269.30078125
5.973200068256118 3086.5421316964284
5.97400006823591 2792.518484933036
5.974800068215699 2549.74169921875
5.975600068195489 2469.351492745536
5.97640006817528 2316.6611328125
5.977200068155071 2222.8337751116073
5.97800006813486 2115.682059151786
5.978800068114651 1990.654506138393
5.979600068094441 1886.313685825893
5.980400068074232 1721.860072544643
5.981200068054021 1666.40380859375
5.982000068033813 1634.8555385044642
5.982800068013602 1620.7239815848213
5.983600067993393 1490.700962611607
5.984400067973183 1497.367954799107
5.985200067952973 1548.7704380580358
5.986000067932764 1531.0970284598213
5.9868000679125535 1504.914829799107
5.987600067892344 1567.1752232142858
5.988400067872134 1643.0142299107142
5.989200067851925 1633.1233956473213
5.990000067831715 1663.9180385044642
5.990800067811505 1589.5313895089287
5.991600067791295 1518.70458984375
5.9924000677710865 1444.8251953125
5.993200067750876 1411.0789620535713
5.994000067730667 1434.001255580357
5.9948000677104565 1456.3585379464287
5.995600067690248 1409.7251674107142
5.996400067670037 1455.4481724330358
5.997200067649828 1478.0064871651787
5.998000067629618 1469.193359375
5.998800067609409 1496.5948660714287
5.999600067589198 1516.9874441964287
6.000400067568989 1461.43359375
6.00120006754878 1380.565150669643
6.002000067528569 1264.1386021205358
6.0028000675083595 1178.4403599330358
6.00360006748815 1120.749232700893
6.004400067467941 1071.1024693080358
6.00520006744773 1088.083984375
6.006000067427521 1208.144252232143
6.006800067407311 1202.6238839285713
6.007600067387102 1182.3568638392858
6.008400067366892 1090.1103515625
6.009200067346683 1074.0848911830358
6.010000067326472 984.826171875
6.010800067306263 971.6134207589286
6.011600067286053 945.3189871651786
6.012400067265844 891.19970703125
6.013200067245633 896.6397181919643
6.014000067225424 888.2529296875
6.014800067205214 868.5104631696429
6.015600067185004 817.1667829241071
6.0164000671647955 859.2576032366071
6.017200067144585 920.9040178571429
6.018000067124375 894.9767717633929
6.0188000671041655 946.9934430803571
6.019600067083957 948.9342215401786
6.020400067063746 949.8971819196429
6.021200067043536 941.4928152901786
6.022000067023327 846.0453404017857
6.022800067003118 800.2191685267857
6.023600066982907 724.9423828125
6.0244000669626985 718.4342215401786
6.025200066942488 696.4922572544643
6.026000066922279 697.96142578125
6.0268000669020685 751.2642996651786
6.02760006688186 750.3858119419643
6.028400066861649 821.64111328125
6.029200066841439 788.7909458705357
6.03000006682123 781.5825892857143
6.03080006680102 787.6188616071429
6.031600066780811 728.1322544642857
6.032400066760601 711.1138392857143
6.033200066740391 696.1446010044643
6.034000066720181 637.3428431919643
6.034800066699972 601.3625139508929
6.035600066679762 534.27880859375
6.036400066659552 568.7543247767857
6.037200066639342 548.4001116071429
6.038000066619134 589.7801339285714
6.038800066598923 574.2642996651786
6.039600066578714 593.2785993303571
6.040400066558504 604.7273995535714
6.041200066538295 611.2478376116071
6.042000066518084 700.9034598214286
6.042800066497875 716.1392299107143
6.043600066477665 710.9396623883929
6.044400066457455 681.1729213169643
6.045200066437245 669.55615234375
6.046000066417036 608.5036969866071
6.046800066396827 578.2124720982143
6.047600066376616 548.5363420758929
6.048400066356407 597.80517578125
6.049200066336197 606.5560825892857
6.050000066315988 609.6312081473214
6.0508000662957775 730.99365234375
6.051600066275568 712.3203822544643
6.052400066255358 770.8536551339286
6.053200066235149 724.1504603794643
6.054000066214939 635.8625139508929
6.05480006619473 637.8494001116071
6.055600066174519 555.2913643973214
6.0564000661543105 479.2266322544643
6.0572000661341 474.1884765625
6.058000066113891 443.62730189732144
6.0588000660936805 516.8133370535714
6.059600066073471 494.60853794642856
6.060400066053261 479.77650669642856
6.061200066033051 575.0975167410714
6.062000066012843 569.6614118303571
6.062800065992632 644.3656529017857
6.063600065972422 605.2852957589286
6.064400065952213 564.2278180803571
6.065200065932004 555.0990513392857
6.066000065911793 486.15318080357144
6.0668000658915835 426.60267857142856
6.067600065871374 415.23807198660717
6.068400065851165 398.08461216517856
6.069200065830954 443.2997349330357
6.070000065810746 435.4911411830357
6.070800065790535 465.12353515625
6.071600065770326 518.5530133928571
6.072400065750116 572.6399274553571
6.073200065729907 588.0934709821429
6.074000065709696 594.7785295758929
6.0748000656894865 660.4986746651786
6.075600065669277 571.0426199776786
6.076400065649067 588.8700474330357
6.077200065628858 549.7381417410714
6.078000065608648 453.62709263392856
6.078800065588438 453.4517299107143
6.079600065568228 390.4506138392857
6.0804000655480195 495.2515345982143
6.081200065527809 484.6508091517857
6.082000065507599 468.3646763392857
6.0828000654873895 568.4755859375
6.083600065467181 574.6210239955357
6.08440006544697 597.5172293526786
6.085200065426761 606.9558454241071
6.086000065406551 613.6826869419643
6.086800065386342 578.3876255580357
6.087600065366131 529.35009765625
6.0884000653459225 536.3111746651786
6.089200065325712 523.5161830357143
6.090000065305502 457.93443080357144
6.0908000652852925 463.95033482142856
6.091600065265083 460.51925223214283
6.092400065244874 485.1025390625
6.093200065224663 523.7735072544643
6.094000065204454 618.0138113839286
6.094800065184244 634.6292550223214
6.095600065164035 691.9706333705357
6.096400065143825 700.1805943080357
6.097200065123616 628.0731724330357
6.098000065103405 563.9923967633929
6.098800065083196 611.7795758928571
6.099600065062986 573.919921875
6.100400065042777 584.4527762276786
6.101200065022566 537.3957868303571
6.102000065002358 590.1477399553571
6.102800064982147 701.8226143973214
6.103600064961938 661.6047014508929
6.104400064941728 732.8459123883929
6.105200064921518 865.8345424107143
6.106000064901308 888.5767996651786
6.1068000648810985 976.87841796875
6.10760006486089 852.7562081473214
6.108400064840679 989.5046735491071
6.109200064820469 1002.2472795758929
6.11000006480026 945.8197544642857
6.110800064780051 945.9121791294643
6.11160006475984 941.5374581473214
6.1124000647396315 960.4903041294643
6.113200064719421 990.0054408482143
6.114000064699212 1021.5110212053571
6.1148000646790015 1087.565150669643
6.115600064658793 1085.8002232142858
6.116400064638582 1134.17626953125
6.117200064618373 1273.043247767857
6.118000064598163 1249.7847377232142
6.118800064577953 1256.480747767857
6.119600064557743 1208.7867606026787
6.120400064537534 1128.1962890625
6.121200064517324 1031.4061104910713
6.122000064497114 1037.2088448660713
6.122800064476905 1044.0208565848213
6.123600064456695 1105.6512974330358
6.124400064436485 1190.844935825893
6.125200064416275 1143.02197265625
6.126000064396067 1131.3418666294642
6.126800064375856 1140.3482840401787
6.127600064355647 1148.146275111607
6.128400064335437 1191.4374302455358
6.129200064315228 1171.045689174107
6.130000064295017 1263.33349609375
6.130800064274808 1319.3148018973213
6.131600064254598 1313.1425083705358
6.132400064234389 1262.4557059151787
6.133200064214178 1270.0064871651787
6.134000064193969 1156.3120814732142
6.134800064173759 1067.693359375
6.135600064153549 1080.393833705357
6.13640006413334 1017.7549525669643
6.13720006411313 988.3931361607143
6.138000064092921 1000.4607979910714
6.1388000640727105 1000.4607979910714
6.139600064052501 1005.529296875
6.140400064032291 1063.9405691964287
6.141200064012082 995.8660714285714
6.142000063991872 999.4619140625
6.142800063971663 957.85400390625
6.143600063951452 936.5482003348214
6.1444000639312435 935.1667829241071
6.145200063911033 931.4615652901786
6.146000063890824 904.2136579241071
6.1468000638706135 855.1615513392857
6.147600063850405 780.7083565848214
6.148400063830194 757.1063755580357
6.149200063809984 729.5010463169643
6.150000063789776 722.1344168526786
6.150800063769565 735.9068080357143
6.151600063749355 714.0700334821429
6.152400063729146 679.6476702008929
6.153200063708937 667.5029994419643
6.154000063688726 555.77685546875
6.1548000636685165 580.4616350446429
6.155600063648307 540.7998046875
6.156400063628098 549.3326590401786
6.157200063607887 636.9940708705357
6.158000063587679 618.0768694196429
6.158800063567468 613.3251953125
6.159600063547259 604.6829659598214
6.160400063527049 544.12060546875
6.16120006350684 565.4582170758929
6.162000063486629 508.35191127232144
6.16280006346642 593.4665876116071
6.16360006344621 534.4995814732143
6.164400063426 581.0809849330357
6.165200063405791 482.32568359375
6.166000063385581 489.38316127232144
6.166800063365371 559.58154296875
6.167600063345161 586.8395647321429
6.1684000633249525 524.9794921875
6.169200063304742 575.7886439732143
6.170000063284532 622.2294921875
6.1708000632643225 663.9243861607143
6.171600063244114 664.7299107142857
6.172400063223903 647.3826729910714
6.173200063203694 536.6575055803571
6.174000063183484 502.88595145089283
6.174800063163275 487.42299107142856
6.175600063143064 538.4795619419643
6.1764000631228555 463.84326171875
6.177200063102645 354.1533203125
6.178000063082436 235.37876674107142
6.1788000630622255 287.48025948660717
6.179600063042016 344.3778599330357
6.180400063021807 278.82400948660717
6.181200063001596 391.51290457589283
6.182000062981387 477.54359654017856
6.182800062961177 460.61593191964283
6.183600062940968 306.341796875
6.184400062920758 214.15129743303572
6.185200062900548 225.49553571428572
6.186000062880338 256.59402901785717
6.186800062860129 162.33238002232142
6.187600062839919 151.22063337053572
6.18840006281971 126.52852957589286
6.189200062799499 134.36021205357142
6.190000062779291 214.66622488839286
6.19080006275908 133.53069196428572
6.191600062738871 193.42201450892858
6.192400062718661 285.8369140625
6.193200062698452 370.56417410714283
6.194000062678241 427.32003348214283
6.1948000626580315 456.51416015625
6.195600062637823 409.7017299107143
6.196400062617612 323.40478515625
6.197200062597402 314.62234933035717
6.198000062577193 309.5907505580357
6.198800062556984 366.80587332589283
6.199600062536773 382.3182896205357
6.200400062516564 373.12081473214283
6.201200062496354 391.61209542410717
6.202000062476145 368.90408761160717
6.2028000624559345 426.9603794642857
6.203600062435726 509.4642857142857
6.204400062415515 582.9321986607143
6.205200062395306 632.9646344866071
6.206000062375096 656.2696010044643
6.206800062354887 540.9674246651786
6.207600062334676 560.5165318080357
6.2084000623144675 580.1868722098214
6.209200062294257 558.7080775669643
6.210000062274047 528.0769391741071
6.210800062253838 547.5325753348214
6.211600062233628 542.0018833705357
6.212400062213418 512.0261579241071
6.213200062193208 507.12576729910717
6.214000062173 550.6561802455357
6.214800062152789 533.9435686383929
6.215600062132579 539.53662109375
6.21640006211237 528.56298828125
6.217200062092161 450.74727957589283
6.21800006207195 497.29429408482144
6.218800062051741 445.0048130580357
6.219600062031531 379.0741489955357
6.220400062011322 392.0078822544643
6.221200061991111 366.47886439732144
6.222000061970903 288.76109095982144
6.222800061950692 262.6708286830357
6.223600061930482 237.18582589285714
6.224400061910273 235.95235770089286
6.225200061890063 279.94252232142856
6.226000061869854 266.57582310267856
6.2268000618496435 330.06284877232144
6.227600061829434 303.13295200892856
6.228400061809224 345.79764229910717
6.229200061789015 244.20612444196428
6.230000061768805 316.85546875
6.230800061748595 329.6439732142857
6.231600061728385 285.6654575892857
6.2324000617081765 299.7017299107143
6.233200061687966 288.70479910714283
6.234000061667757 335.4393833705357
6.2348000616475465 362.6416713169643
6.235600061627338 329.84486607142856
6.236400061607127 348.26395089285717
6.237200061586918 462.39320591517856
6.238000061566708 483.7315150669643
6.238800061546498 516.2664620535714
6.239600061526288 530.7127511160714
6.240400061506079 608.47216796875
6.24120006148587 564.7849469866071
6.242000061465659 485.98081752232144
6.2428000614454495 529.56884765625
6.24360006142524 451.02908761160717
6.244400061405031 481.42027064732144
6.24520006138482 500.8422154017857
6.246000061364611 506.9634486607143
6.246800061344401 493.4521484375
6.247600061324192 555.27734375
6.248400061303982 522.8123604910714
6.249200061283773 494.82938058035717
6.250000061263562 482.6263950892857
6.250800061243353 455.2759486607143
6.251600061223143 409.48256138392856
6.252400061202934 382.75551060267856
6.253200061182723 406.3768833705357
6.254000061162514 374.51004464285717
6.254800061142304 322.7261439732143
6.255600061122094 306.10965401785717
6.2564000611018855 234.58733258928572
6.257200061081675 198.47956194196428
6.258000061061465 162.462890625
6.2588000610412555 114.66824776785714
6.259600061021047 62.766043526785715
6.260400061000836 141.32533482142858
6.261200060980626 39.913783482142854
6.262000060960417 57.716378348214285
6.262800060940208 87.48876953125
6.263600060919997 81.91734095982143
6.2644000608997885 104.5859375
6.265200060879578 94.03996930803571
6.266000060859369 166.56975446428572
6.2668000608391585 176.89215959821428
6.26760006081895 254.51778738839286
6.268400060798739 304.09605189732144
6.269200060778529 414.9852818080357
6.27000006075832 485.26743861607144
6.27080006073811 576.9926060267857
6.271600060717901 642.4266880580357
6.272400060697691 778.3035714285714
6.273200060677481 867.2841796875
6.274000060657271 1088.057826450893
6.274800060637062 1217.2661830357142
6.275600060616852 1473.5958426339287
6.276400060596642 1648.208286830357
6.277200060576432 1951.339634486607
6.278000060556224 2242.0286690848216
6.278800060536013 2559.6728515625
6.279600060515804 2942.201102120536
6.280400060495594 3378.1589704241073
6.281200060475385 3934.3068498883927
6.282000060455174 4736.669224330357
6.282800060434965 5396.693638392857
6.283600060414755 6210.83203125
6.284400060394545 7004.249093191965
6.285200060374335 7585.356236049107
6.286000060354126 8220.480887276786
6.286800060333917 8536.073521205357
6.287600060313706 8863.92417689732
6.288400060293497 9077.257533482143
6.289200060273287 9207.392508370536
6.290000060253078 9382.62241908482
6.2908000602328675 9380.80824497768
6.291600060212658 9410.28369140625
6.292400060192448 9427.069405691964
6.293200060172239 9427.069405691964
6.294000060152029 9414.42445591518
6.29480006013182 9401.02797154018
6.295600060111609 9412.351632254464
6.2964000600914005 9382.15073939732
6.29720006007119 9345.31312779018
6.298000060050981 9113.15345982143
6.2988000600307705 8761.273716517857
6.299600060010561 8478.88755580357
6.300400059990351 7478.996442522322
6.301200059970141 6672.721121651785
6.302000059949933 6197.460797991072
6.302800059929722 5607.854840959822
6.303600059909512 5038.58544921875
6.304400059889303 4411.436732700893
6.305200059869094 4070.0016043526784
6.306000059848883 3592.4561941964284
6.3068000598286735 3382.0910993303573
6.307600059808464 2797.272530691964
6.308400059788255 2431.0023018973216
6.309200059768044 2294.1287667410716
6.310000059747836 2165.2228655133927
6.310800059727625 2026.186244419643
6.311600059707416 1913.6375558035713
6.312400059687206 1731.88330078125
6.313200059666997 1627.7952706473213
6.314000059646786 1488.9209681919642
6.3148000596265765 1485.9075753348213
6.315600059606367 1450.0269949776787
6.316400059586157 1474.1585518973213
6.317200059565948 1396.9678431919642
6.318000059545738 1223.373325892857
6.318800059525528 1094.6546456473213
6.319600059505318 1024.8091517857142
