m1-67/data/jwst-miri-mrs/wr124-miri-mrs-ch2-star-line-spectrum.ecsv
# %ECSV 1.0
# ---
# datatype:
# - {name: Wavelength, unit: micron, datatype: float64}
# - {name: Intensity, datatype: float64}
# meta: !!omap
# - __serialized_columns__:
#     Wavelength:
#       __class__: astropy.units.quantity.Quantity
#       unit: !astropy.units.Unit {unit: micron}
#       value: !astropy.table.SerializedColumn {name: Wavelength}
# schema: astropy-2.0
Wavelength Intensity
[from data line 443]
8.086550230451394 67.02138264973958
8.087850230454933 54.813273111979164
8.089150230458472 64.80375162760417
8.09045023046201 78.90561930338542
8.09175023046555 100.574462890625
8.093050230469089 109.17189534505208
8.094350230472628 121.80828857421875
8.095650230476167 134.7994384765625
8.096950230479704 138.33492024739584
8.098250230483245 139.7025146484375
8.099550230486784 125.57619222005208
8.100850230490323 117.5057373046875
8.102150230493862 125.83797200520833
8.1034502304974 126.4783935546875
8.10475023050094 165.2600301106771
8.10605023050448 167.8462931315104
8.107350230508018 195.90938313802084
8.108650230511557 237.6987101236979
8.109950230515096 258.428466796875
8.111250230518635 315.3795166015625
8.112550230522174 348.72271728515625
8.113850230525712 372.27699788411456
8.115150230529252 411.6694742838542
8.116450230532791 437.9507242838542
8.11775023053633 437.70994059244794
8.11905023053987 414.32773844401044
8.120350230543407 418.73940022786456
8.121650230546948 408.92478434244794
8.122950230550487 394.8558756510417
8.124250230554026 399.45037841796875
8.125550230557565 422.43886311848956
8.126850230561102 453.1357828776042
8.128150230564643 509.32798258463544
8.129450230568182 534.6721394856771
8.130750230571719 589.7345377604166
8.13205023057526 595.6926472981771
8.133350230578799 632.4386596679688
8.134650230582338 717.0589803059896
8.135950230585877 757.6761474609375
8.137250230589414 782.2911783854166
8.138550230592955 910.3024088541666
8.139850230596494 1061.206522623698
8.141150230600033 1380.1587727864583
8.142450230603572 1558.8236490885417
8.14375023060711 1747.640401204427
8.14505023061065 1906.5878295898438
8.146350230614189 2161.2422078450522
8.147650230617728 2249.8702799479165
8.148950230621267 2413.7276814778647
8.150250230624804 2482.663330078125
8.151550230628345 2551.7078450520835
8.152850230631884 2571.3462727864585
8.154150230635423 2573.0339965820312
8.155450230638962 2575.0074259440103
8.156750230642501 2576.4921061197915
8.15805023064604 2578.2071940104165
8.15935023064958 2584.6615600585938
8.160650230653117 2582.9883015950522
8.161950230656657 2573.608113606771
8.163250230660196 2529.310750325521
8.164550230663735 2493.5746459960938
8.165850230667274 2387.0183308919272
8.167150230670812 2239.232177734375
8.168450230674352 2055.180379231771
8.169750230677892 1829.3920084635417
8.17105023068143 1714.873514811198
8.17235023068497 1508.6237182617188
8.173650230688507 1203.46435546875
8.174950230692048 1045.3927205403645
8.176250230695587 942.1395670572916
8.177550230699124 818.1237386067709
8.178850230702665 771.7119750976562
8.180150230706204 680.6324666341146
8.181450230709743 651.9079996744791
8.182750230713282 582.1786905924479
8.184050230716819 564.5876871744791
8.18535023072036 533.6322631835938
8.186650230723899 520.2661336263021
8.187950230727438 509.6559651692708
8.189250230730977 474.90846761067706
8.190550230734514 447.67702229817706
8.191850230738055 416.6444091796875
8.193150230741594 390.16607666015625
8.194450230745133 371.74294026692706
8.195750230748672 367.58884684244794
8.19705023075221 326.22141520182294
8.19835023075575 307.71006266276044
8.19965023075929 288.53249104817706
8.200950230762828 288.16347249348956
8.202250230766367 279.81545003255206
8.203550230769904 287.48976643880206
8.204850230773445 293.26035563151044
8.206150230776984 310.6005859375
8.207450230780521 315.34751383463544
8.208750230784062 330.2474365234375
8.210050230787601 325.76523844401044
8.21135023079114 313.86387125651044
8.21265023079468 292.5686848958333
8.213950230798217 280.7905680338542
8.215250230801757 268.35060628255206
8.216550230805296 279.7742513020833
8.217850230808835 287.68182373046875
8.219150230812375 303.8275553385417
8.220450230815912 317.80434163411456
8.221750230819453 329.95945231119794
8.223050230822992 340.9523111979167
8.224350230826529 372.31927490234375
8.22565023083007 391.21490478515625
8.226950230833607 392.6276041666667
8.228250230837148 405.3734537760417
8.229550230840687 398.7722574869792
8.230850230844224 409.60060628255206
8.232150230847765 398.13800048828125
8.233450230851304 376.42356363932294
8.234750230854843 369.6974690755208
8.236050230858382 360.0198974609375
8.237350230861919 383.15155029296875
8.23865023086546 382.4095458984375
8.239950230868999 384.98838297526044
8.241250230872538 386.04380289713544
8.242550230876077 397.22998046875
8.243850230879614 382.12803141276044
8.245150230883155 374.8047688802083
8.246450230886694 376.76938883463544
8.247750230890233 366.13698323567706
8.249050230893772 362.5194498697917
8.25035023089731 349.9165445963542
8.25165023090085 323.29958089192706
8.25295023090439 306.34853108723956
8.254250230907926 321.13295491536456
8.255550230911467 298.8833821614583
8.256850230915006 289.11651611328125
8.258150230918545 287.02040608723956
8.259450230922084 262.3752848307292
8.260750230925622 269.42437744140625
8.262050230929162 287.7318115234375
8.263350230932701 303.72446695963544
8.26465023093624 310.77093505859375
8.26595023093978 304.5696207682292
8.267250230943317 306.9635823567708
8.268550230946857 316.19224039713544
8.269850230950397 318.62384033203125
8.271150230953934 301.40500895182294
8.272450230957475 292.99346923828125
8.273750230961012 271.7541910807292
8.275050230964553 265.5879720052083
8.276350230968092 263.321044921875
8.277650230971629 265.90102132161456
8.27895023097517 259.4055582682292
8.280250230978709 293.512939453125
8.281550230982248 332.62908935546875
8.282850230985787 359.2995198567708
8.284150230989324 396.04937744140625
8.285450230992865 424.20029703776044
8.286750230996404 432.6516520182292
8.288050230999943 428.0696614583333
8.289350231003482 455.0830485026042
8.29065023100702 437.2288411458333
8.29195023101056 422.2984619140625
8.293250231014099 398.8390299479167
8.294550231017638 389.0584716796875
8.295850231021177 388.26210530598956
8.297150231024714 393.0460205078125
8.298450231028255 392.508544921875
8.299750231031794 409.44236246744794
8.301050231035331 438.8145751953125
8.302350231038872 456.58168538411456
8.303650231042411 467.2134195963542
8.30495023104595 494.1165364583333
8.30625023104949 518.87646484375
8.307550231053026 532.5569864908854
8.308850231056567 529.6925252278646
8.310150231060106 508.5815836588542
8.311450231063645 482.01308186848956
8.312750231067184 473.7786458333333
8.314050231070722 415.506591796875
8.315350231074262 409.0302327473958
8.316650231077801 392.09861246744794
8.317950231081339 370.68115234375
8.31925023108488 356.40203857421875
8.320550231088417 353.8715413411458
8.321850231091958 343.6012776692708
8.323150231095497 357.02003987630206
8.324450231099034 381.55226643880206
8.325750231102575 393.5826416015625
8.327050231106112 392.29184977213544
8.328350231109653 393.55832926432294
8.329650231113192 377.77121988932294
8.330950231116729 366.32326253255206
8.33225023112027 305.75954182942706
8.333550231123809 282.3818359375
8.334850231127348 244.2867635091146
8.336150231130887 216.00809733072916
8.337450231134424 218.33846028645834
8.338750231137965 214.5730183919271
8.340050231141504 214.5550740559896
8.341350231145043 199.5711873372396
8.342650231148582 211.02008056640625
8.34395023115212 244.20499674479166
8.34525023115566 263.7362874348958
8.346550231159199 277.23655192057294
8.347850231162736 309.6473388671875
8.349150231166277 319.64975992838544
8.350450231169814 302.8639729817708
8.351750231173355 282.27390543619794
8.353050231176894 250.30224609375
8.354350231180431 239.1849365234375
8.355650231183972 204.1020711263021
8.356950231187511 130.5416259765625
8.35825023119105 122.380859375
8.35955023119459 127.24540201822917
8.360850231198127 115.38297526041667
8.362150231201667 134.98099772135416
8.363450231205206 158.54618326822916
8.364750231208744 166.0182088216146
8.366050231212284 191.63092041015625
8.367350231215822 209.426025390625
8.368650231219362 258.39495849609375
8.369950231222901 263.50604248046875
8.371250231226439 252.0246378580729
8.37255023122998 254.33721923828125
8.373850231233517 259.11505126953125
8.375150231237058 246.51873779296875
8.376450231240597 213.9746297200521
8.377750231244134 202.9340616861979
8.379050231247675 183.2538045247396
8.380350231251214 215.69327799479166
8.381650231254753 236.2875773111979
8.382950231258292 282.82257080078125
8.384250231261829 343.40338134765625
8.38555023126537 381.0386962890625
8.386850231268909 475.69431559244794
8.388150231272448 528.2383015950521
8.389450231275987 561.0823160807291
8.390750231279524 595.2208658854166
8.392050231283065 593.99951171875
8.393350231286604 610.0019938151041
8.394650231290141 645.0706176757812
8.395950231293682 711.5980021158854
8.39725023129722 724.6186319986979
8.39855023130076 742.0426432291666
8.399850231304299 747.5023600260416
8.401150231307836 767.7464192708334
8.402450231311377 808.1383463541666
8.403750231314916 819.9410603841146
8.405050231318455 892.2662556966146
8.406350231321994 962.459228515625
8.407650231325531 1016.6707356770834
8.408950231329072 1074.8916829427083
8.410250231332611 1063.324239095052
8.411550231336149 1091.8713989257812
8.41285023133969 1054.173563639323
8.414150231343227 1054.037129720052
8.415450231346767 1034.3414510091145
8.416750231350306 1007.8571980794271
8.418050231353844 983.9042765299479
8.419350231357384 950.2581176757812
8.420650231360922 912.3697916666666
8.421950231364463 899.7496134440104
8.423250231368002 886.9519856770834
8.424550231371539 902.4442952473959
8.42585023137508 916.9195556640625
8.427150231378619 927.0428466796875
8.428450231382158 918.8535359700521
8.429750231385697 899.6587524414062
8.431050231389234 864.3020426432291
8.432350231392775 820.2659098307291
8.433650231396314 792.4385375976562
8.434950231399853 750.2029418945312
8.436250231403392 741.339599609375
8.437550231406929 704.68603515625
8.43885023141047 674.3147989908854
8.440150231414009 625.9323527018229
8.441450231417546 587.8256632486979
8.442750231421087 484.12758382161456
8.444050231424624 454.50506591796875
8.445350231428165 446.35471598307294
8.446650231431704 458.97021484375
8.447950231435241 480.3594970703125
8.449250231438782 504.2011311848958
8.45055023144232 546.889404296875
8.45185023144586 542.0603841145834
8.4531502314494 538.8975830078125
8.454450231452936 519.6310831705729
8.455750231456477 482.40728759765625
8.457050231460016 461.8279622395833
8.458350231463553 435.43023681640625
8.459650231467094 392.80938720703125
8.460950231470632 391.90037027994794
8.462250231474172 412.2730305989583
8.463550231477711 400.08168538411456
8.46485023148125 398.42641194661456
8.46615023148479 396.5214029947917
8.467450231488327 428.5188395182292
8.468750231491867 452.1123860677083
8.470050231495406 475.1030680338542
8.471350231498944 519.5578002929688
8.472650231502485 540.808349609375
8.473950231506022 579.1819864908854
8.475250231509563 564.3902384440104
8.476550231513102 562.4381306966146
8.477850231516639 548.5696614583334
8.47915023152018 526.7187906901041
8.480450231523719 494.2106526692708
8.481750231527258 454.9093424479167
8.483050231530797 444.4402262369792
8.484350231534334 436.8507486979167
8.485650231537875 434.9176839192708
8.486950231541414 465.81683349609375
8.488250231544951 460.11850992838544
8.489550231548492 470.86785888671875
8.49085023155203 471.88232421875
8.49215023155557 465.7994791666667
8.493450231559109 464.27288818359375
8.494750231562646 442.25913492838544
8.496050231566187 425.81292724609375
8.497350231569724 374.72654215494794
8.498650231573265 334.56601969401044
8.499950231576804 286.03188069661456
8.501250231580341 258.3736165364583
8.502550231583882 261.2609049479167
8.503850231587421 245.06378173828125
8.505150231590958 228.06278483072916
8.5064502315945 228.8593546549479
8.507750231598036 224.15388997395834
8.509050231601577 203.208251953125
8.510350231605116 203.6431884765625
8.511650231608655 217.0490926106771
8.512950231612194 226.2928263346354
8.514250231615732 225.27486165364584
8.515550231619272 228.3086954752604
8.516850231622811 222.36726888020834
8.518150231626349 222.01566569010416
8.51945023162989 210.36578369140625
8.520750231633427 182.0226033528646
8.522050231636968 173.75467936197916
8.523350231640507 153.32806396484375
8.524650231644044 156.9091796875
8.525950231647585 178.84222412109375
8.527250231651124 207.97713216145834
8.528550231654663 270.39988199869794
8.529850231658202 304.2784423828125
8.531150231661739 348.0874430338542
8.53245023166528 364.37994384765625
8.533750231668819 381.2987467447917
8.535050231672356 398.4758707682292
8.536350231675897 420.79656982421875
8.537650231679434 424.1335856119792
8.538950231682975 408.39499918619794
8.540250231686514 357.73948160807294
8.541550231690051 345.0536702473958
8.542850231693592 310.4639078776042
8.54415023169713 296.75832112630206
8.54545023170067 262.44390869140625
8.546750231704209 253.2442830403646
8.548050231707746 244.1786905924479
8.549350231711287 243.62007649739584
8.550650231714826 232.2425537109375
8.551950231718363 224.5312296549479
8.553250231721904 219.0042521158854
8.554550231725441 221.0441691080729
8.555850231728982 221.7284138997396
8.557150231732521 224.11417643229166
8.55845023173606 218.97371419270834
8.5597502317396 185.72123209635416
8.561050231743137 88.52945963541667
8.562350231746677 34.131937662760414
8.563650231750216 6.477030436197917
8.564950231753754 -23.092366536458332
8.566250231757294 -45.669942220052086
8.567550231760832 -37.510945638020836
8.568850231764372 -26.6295166015625
8.570150231767911 -15.374654134114584
8.571450231771449 -9.565409342447916
8.57275023177499 50.934102376302086
8.574050231778529 82.81087239583333
8.575350231782068 123.9593505859375
8.576650231785607 197.763671875
8.577950231789144 212.6595255533854
8.579250231792685 250.751220703125
8.580550231796224 261.8483072916667
8.581850231799761 265.775146484375
8.583150231803302 248.550048828125
8.584450231806839 221.06583658854166
8.58575023181038 201.2529296875
8.587050231813919 193.39703369140625
8.588350231817456 201.3347371419271
8.589650231820997 208.57025146484375
8.590950231824534 242.6760457356771
8.592250231828075 267.511474609375
8.593550231831614 296.2493489583333
8.594850231835151 348.1846516927083
8.596150231838692 384.5619710286458
8.59745023184223 418.21555582682294
8.598750231845768 438.04437255859375
8.600050231849309 455.3304850260417
8.601350231852846 466.4047037760417
8.602650231856387 475.5676676432292
8.603950231859926 431.7560628255208
8.605250231863465 396.3913981119792
8.606550231867004 398.93247477213544
8.607850231870541 406.8876953125
8.609150231874082 412.44163004557294
8.610450231877621 465.9040934244792
8.611750231881159 481.1095784505208
8.6130502318847 512.2163899739584
8.614350231888237 524.5196940104166
8.615650231891777 536.0714721679688
8.616950231895316 545.7599894205729
8.618250231898854 523.0564778645834
8.619550231902394 522.6439819335938
8.620850231905932 510.6650797526042
8.622150231909472 507.9306233723958
8.623450231913012 522.2235107421875
8.624750231916549 504.7522379557292
8.62605023192009 485.05621337890625
8.627350231923629 475.73036702473956
8.628650231927166 435.02386474609375
8.629950231930707 387.6602783203125
8.631250231934244 333.83441162109375
8.632550231937785 323.7093098958333
8.633850231941324 387.74904378255206
8.635150231944861 425.9719645182292
8.636450231948402 481.53179931640625
8.637750231951939 525.1448160807291
8.63905023195548 583.7688395182291
8.640350231959019 615.7606608072916
8.641650231962556 677.224853515625
8.642950231966097 732.5359903971354
8.644250231969634 788.372802734375
8.645550231973173 834.9478149414062
8.646850231976714 884.1044718424479
8.648150231980251 1265.1036376953125
8.649450231983792 1401.6967366536458
8.650750231987331 1697.466288248698
8.65205023199087 1967.4979654947917
8.65335023199441 2187.9939575195312
8.654650231997946 2367.4902140299478
8.655950232001487 2515.6994425455728
8.657250232005026 2615.592244466146
8.658550232008563 2699.896769205729
8.659850232012104 2809.144775390625
