m1-67/data/jwst-miri-mrs/wr124-miri-spec-ch4.ecsv
# %ECSV 1.0
# ---
# datatype:
# - {name: Wavelength, unit: micron, datatype: float64}
# - {name: Star, unit: MJy / sr, datatype: float64}
# - {name: Knot A, unit: MJy / sr, datatype: float64}
# - {name: BG A1, unit: MJy / sr, datatype: float64}
# - {name: BG A2, unit: MJy / sr, datatype: float64}
# meta: !!omap
# - __serialized_columns__:
#     BG A1:
#       __class__: astropy.units.quantity.Quantity
#       unit: !astropy.units.Unit {unit: MJy / sr}
#       value: !astropy.table.SerializedColumn {name: BG A1}
#     BG A2:
#       __class__: astropy.units.quantity.Quantity
#       unit: !astropy.units.Unit {unit: MJy / sr}
#       value: !astropy.table.SerializedColumn {name: BG A2}
#     Knot A:
#       __class__: astropy.units.quantity.Quantity
#       unit: !astropy.units.Unit {unit: MJy / sr}
#       value: !astropy.table.SerializedColumn {name: Knot A}
#     Star:
#       __class__: astropy.units.quantity.Quantity
#       unit: !astropy.units.Unit {unit: MJy / sr}
#       value: !astropy.table.SerializedColumn {name: Star}
#     Wavelength:
#       __class__: astropy.coordinates.spectral_coordinate.SpectralCoord
#       unit: !astropy.units.Unit {unit: micron}
#       value: !astropy.table.SerializedColumn {name: Wavelength}
# schema: astropy-2.0
Wavelength Star "Knot A" "BG A1" "BG A2"
[from data line 693]
21.861000799108297 1520.0802993774414 639.4393539428711 515.2015024820963 200.2784627278646
21.86700079916045 1484.736183166504 643.5929107666016 510.1832275390625 202.1539103190104
21.873000799212605 1464.4337158203125 672.907958984375 545.226328531901 209.47771199544272
21.87900079926476 1483.5830917358398 659.8540344238281 525.2538299560547 197.345455593533
21.885000799316913 1384.1344985961914 612.6720886230469 480.31040954589844 185.831790500217
21.891000799369067 1342.9297256469727 603.0979080200195 477.36012776692706 179.77606879340277
21.89700079942122 1352.4089813232422 622.6664886474609 467.18980407714844 179.4164835611979
21.903000799473375 1310.927963256836 603.024658203125 451.9132792154948 173.4239535861545
21.90900079952553 1308.6937561035156 599.2185363769531 471.90883382161456 175.81422254774304
21.915000799577687 1311.909194946289 618.413703918457 466.3351745605469 180.35924614800348
21.921000799629837 1289.6559524536133 589.7824859619141 453.5616455078125 177.74655151367188
21.92700079968199 1281.5454177856445 594.0287857055664 473.17084248860675 189.41475762261285
21.933000799734145 1310.4043807983398 614.3271942138672 461.9324035644531 185.05050320095486
21.939000799786296 1258.8594360351562 593.4344635009766 460.4182993570964 180.94608561197916
21.945000799838454 1292.1658630371094 599.3493728637695 466.615234375 183.59211222330728
21.951000799890608 1311.2851333618164 604.9113235473633 470.3920440673828 183.91606987847223
21.95700079994276 1283.822654724121 592.0140914916992 451.4420471191406 188.790035671658
21.963000799994916 1305.559455871582 619.5139389038086 484.1600087483724 183.84148830837674
21.96900080004707 1297.5919952392578 618.0629272460938 467.03435770670575 182.89283243815103
21.975000800099224 1274.5047988891602 613.0203094482422 467.2123565673828 185.23165893554688
21.981000800151378 1322.5630722045898 622.0417098999023 492.601079305013 181.74832153320312
21.987000800203532 1340.7415771484375 635.8713226318359 487.6971079508464 188.72554185655383
21.993000800255686 1363.5461807250977 617.3667984008789 475.0963846842448 185.32636515299478
21.99900080030784 1452.9713287353516 619.7143630981445 493.2011464436849 182.47874281141492
22.00500080035999 1515.2848739624023 624.2720260620117 485.93775431315106 188.80022854275174
22.01100080041215 1504.7137451171875 604.7647094726562 467.4905293782552 185.08043077256946
22.017000800464302 1527.952537536621 628.0357055664062 508.32289632161456 185.4725307888455
22.023000800516456 1483.1672439575195 617.2983551025391 480.13953653971356 187.75975545247397
22.02900080056861 1429.604377746582 604.9184417724609 476.5508066813151 187.0367906358507
22.035000800620764 1472.9625091552734 621.2544631958008 480.30677286783856 191.96580335828992
22.04100080067292 1449.3930587768555 641.2795944213867 479.5577036539714 196.21044243706598
22.047000800725073 1413.1279983520508 617.9558715820312 474.275151570638 185.73929511176215
22.053000800777227 1452.9684829711914 633.8350524902344 501.9654591878255 188.05304972330728
22.05900080082938 1432.3189086914062 610.4816741943359 475.28969319661456 180.96001180013022
22.06500080088154 1413.6908798217773 608.846435546875 471.8448537190755 183.68874782986111
22.07100080093369 1439.2640228271484 626.8838882446289 491.5330861409505 191.86410183376736
22.077000800985843 1372.2081146240234 615.1828460693359 481.79750061035156 190.619632297092
22.083000801037997 1369.8157196044922 611.7653579711914 481.5791778564453 185.73626030815973
22.08900080109015 1369.9784088134766 630.5071487426758 507.61204020182294 186.60506523980035
22.095000801142305 1312.07080078125 613.6718826293945 464.8169301350911 184.77708604600696
22.10100080119446 1280.4090118408203 613.3359603881836 479.0690460205078 186.4161580403646
22.107000801246613 1331.5188598632812 644.0475921630859 503.5543518066406 185.88521999782986
22.113000801298767 1299.0041122436523 610.6675186157227 479.10595703125 182.9755655924479
22.11900080135092 1285.502098083496 612.1957015991211 485.76226298014325 181.57571072048611
22.125000801403075 1338.419563293457 616.6367111206055 502.35497029622394 186.94718085394965
22.13100080145523 1306.2058868408203 624.5134963989258 483.8353780110677 189.99439493815103
22.137000801507384 1262.8329696655273 613.289192199707 484.6260630289714 188.40629408094617
22.143000801559538 1327.5672912597656 637.3153533935547 487.83838907877606 188.54574924045139
22.14900080161169 1335.6918869018555 608.8012542724609 481.2870279947917 185.101565890842
22.155000801663842 1346.5451965332031 638.9646072387695 503.66155497233075 181.45425754123264
22.161000801716 1388.0287780761719 637.1328201293945 518.7333679199219 183.51214599609375
22.167000801768154 1359.321907043457 615.5092010498047 482.0570475260417 178.93953789605035
22.173000801820308 1360.3134536743164 628.3999176025391 506.0277150472005 184.51691691080728
22.179000801872462 1385.104377746582 626.8783111572266 503.7027282714844 183.86309475368924
22.185000801924616 1357.1091537475586 615.5005874633789 489.50293986002606 181.800296359592
22.19100080197677 1333.4190216064453 634.0250473022461 501.7539927164714 186.5714077419705
22.197000802028924 1347.000343322754 637.6952667236328 497.4143371582031 186.236575656467
22.20300080208108 1320.6008071899414 605.6586227416992 469.11627197265625 184.06500244140625
22.209000802133232 1322.5446548461914 634.5100936889648 511.4750569661458 180.27706231011285
22.21500080218539 1351.6359558105469 645.8476333618164 499.54454549153644 192.9559360080295
22.22100080223754 1314.197898864746 626.7972793579102 467.19081624348956 189.178714328342
22.227000802289695 1329.2906951904297 628.1749420166016 501.4861094156901 190.96808539496527
22.23300080234185 1337.8331756591797 634.6205368041992 511.772466023763 181.77743869357639
22.239000802394003 1310.483024597168 631.4454650878906 481.321039835612 186.62236870659723
22.245000802446157 1315.8745498657227 639.2888336181641 486.5506286621094 187.59402804904514
22.25100080249831 1343.600700378418 651.5959167480469 506.2296193440755 197.99624972873264
22.257000802550465 1316.8050537109375 621.2068099975586 471.75731404622394 193.00419108072916
22.26300080260262 1313.4283599853516 630.4570541381836 509.7818145751953 194.24602932400174
22.269000802654773 1364.5014190673828 660.3047637939453 496.34339396158856 193.36671617296008
22.275000802706927 1375.6220703125 625.1078567504883 479.38246154785156 183.43746270073785
22.281000802759085 1484.4226989746094 644.5865936279297 498.3597819010417 179.7080315483941
22.287000802811235 1684.1551513671875 667.1864166259766 484.1629943847656 194.31616889105902
22.29300080286339 1874.1895294189453 649.0335311889648 484.99078877766925 202.2634752061632
22.299000802915543 2212.213119506836 689.6762390136719 521.4349822998047 207.77618747287326
22.305000802967694 2543.7422790527344 701.0995864868164 515.928466796875 222.7092759874132
22.31100080301985 2655.8541259765625 674.5228576660156 488.10069783528644 224.2279527452257
22.317000803072006 2777.287857055664 695.074577331543 518.7411956787109 222.04041544596353
22.32300080312416 2869.823944091797 725.5239181518555 525.6362813313802 229.67689005533853
22.329000803176314 2769.3933715820312 686.6410140991211 501.67994689941406 223.69554646809897
22.335000803228468 2836.2701263427734 738.7789916992188 560.2190450032552 230.3553704155816
22.34100080328062 2878.823287963867 781.9799652099609 604.0585123697916 238.7030504014757
22.347000803332776 2760.4713439941406 780.9090805053711 591.3079935709635 238.01885986328125
22.35300080338493 2695.7925872802734 759.8351516723633 591.9393208821615 240.28909640842014
22.359000803437084 2611.7433166503906 716.5994110107422 575.5061848958334 220.68875800238715
22.36500080348924 2414.4384155273438 695.0784912109375 518.1174468994141 213.77838812934027
22.371000803541392 2273.8106079101562 690.959831237793 523.9508412679037 210.84937540690103
22.377000803593546 2108.0452728271484 684.5274887084961 514.7325083414713 210.09295993381076
22.3830008036457 1798.3529815673828 657.4166717529297 500.38829549153644 202.89056057400174
22.389000803697854 1610.6925354003906 662.4439544677734 537.908447265625 199.81717936197916
22.39500080375001 1474.0843658447266 653.0016326904297 525.2512613932291 201.90994262695312
22.401000803802162 1345.0067596435547 613.2681121826172 491.7695770263672 200.67994859483508
22.407000803854316 1330.7980422973633 621.394645690918 509.2242889404297 195.93548244900174
22.41300080390647 1358.8467025756836 643.2412490844727 515.6033630371094 192.38860066731772
22.419000803958625 1315.4959564208984 624.4943008422852 482.3550211588542 190.52147081163196
22.42500080401078 1327.926254272461 626.1861267089844 504.2762908935547 194.117672390408
22.431000804062936 1347.033088684082 648.3813934326172 501.2083791097005 193.0633511013455
22.437000804115087 1297.1608200073242 618.5144119262695 489.788813273112 179.44742499457465
22.44300080416724 1313.228370666504 625.1679611206055 495.31451924641925 185.67574734157986
22.449000804219395 1336.8893127441406 646.8616180419922 516.1546936035156 197.3497551812066
22.455000804271545 1296.093162536621 632.2726669311523 486.4610646565755 195.33216010199652
22.461000804323703 1290.4965209960938 630.8933944702148 506.82273864746094 201.56419203016492
22.467000804375857 1312.774528503418 645.3604202270508 517.3186187744141 198.4435560438368
22.47300080442801 1293.7000579833984 624.721809387207 497.46570841471356 195.3033447265625
22.479000804480165 1284.5813522338867 625.3675155639648 503.8999481201172 192.9187215169271
22.48500080453232 1339.566551208496 647.4209899902344 532.6524505615234 193.88233100043402
22.491000804584473 1297.9525527954102 623.2975082397461 506.8206329345703 188.06593153211804
22.497000804636627 1279.8540954589844 634.3864898681641 506.5308430989583 185.0768568250868
22.50300080468878 1326.7289733886719 648.0637512207031 508.63478597005206 193.4502156575521
22.509000804740936 1280.5492935180664 628.7874374389648 490.5587921142578 193.39241875542535
22.515000804793093 1265.8521347045898 635.8322830200195 514.4982299804688 190.64717271592883
22.521000804845244 1321.5089492797852 649.4412689208984 531.1467336018881 196.51721869574652
22.527000804897398 1300.2997207641602 630.1779098510742 491.20679728190106 192.3528035481771
22.533000804949552 1293.892578125 638.1205520629883 503.36134847005206 184.95680406358508
22.539000805001706 1329.049789428711 659.6598510742188 546.4845835367838 195.84932115342883
22.54500080505386 1300.6310195922852 641.6428527832031 524.7497049967448 199.43601820203992
22.551000805106014 1281.6953201293945 645.8238906860352 504.2596384684245 197.1064215766059
22.557000805158168 1336.3583984375 670.3069686889648 528.3883666992188 202.00469292534723
22.563000805210322 1274.9551086425781 647.5283737182617 497.9910583496094 190.17548624674478
22.569000805262476 1290.1662979125977 644.2746429443359 518.2713877360026 188.79855685763889
22.57500080531463 1332.1511764526367 668.2042083740234 521.5430450439453 190.47735934787326
22.581000805366788 1309.1843185424805 663.3736419677734 497.56309509277344 204.2586703830295
22.58700080541894 1281.4526977539062 653.6393966674805 514.2059122721354 193.2015618218316
22.593000805471092 1324.30712890625 651.1133804321289 528.9429524739584 195.25848049587674
22.599000805523247 1319.0269393920898 637.4324111938477 512.9263763427734 194.04288058810764
22.605000805575397 1293.9473266601562 632.5541000366211 499.40081787109375 193.47782728407117
22.611000805627555 1332.5499801635742 654.2909164428711 527.9869028727213 198.25606282552084
22.61700080567971 1326.5895690917969 645.7539978027344 524.1639099121094 197.70683797200522
22.623000805731863 1301.8083267211914 624.0746917724609 498.5589345296224 189.45205688476562
22.629000805784017 1351.9822998046875 665.6792755126953 530.7820027669271 199.62547810872397
22.63500080583617 1350.3532791137695 664.8272247314453 513.9687042236328 201.98470391167535
22.641000805888325 1303.0558853149414 624.5803527832031 482.593744913737 193.5533684624566
22.64700080594048 1340.0750579833984 660.7293167114258 506.8383280436198 190.32479519314236
22.653000805992633 1349.8549880981445 667.7370223999023 541.1332244873047 201.53229777018228
22.659000806044787 1289.8266372680664 649.4859313964844 505.21123758951825 194.23405287000867
22.665000806096945 1320.107521057129 665.3562698364258 528.8864339192709 198.64390394422742
22.671000806149095 1341.457778930664 656.3733978271484 541.0261535644531 191.85879516601562
22.67700080620125 1299.8136367797852 640.586051940918 517.0395965576172 187.05545043945312
22.683000806253403 1317.9593353271484 669.5984497070312 549.5674336751302 195.8560316297743
22.689000806305557 1319.3456954956055 673.0026931762695 546.5703430175781 206.24227566189236
22.69500080635771 1275.7160263061523 646.8458251953125 520.9416249593099 194.4783732096354
22.701000806409866 1282.5610580444336 662.5916748046875 557.7053833007812 199.68147447374133
22.70700080646202 1325.3961944580078 682.1828308105469 551.6256713867188 202.77399698893228
22.713000806514174 1275.902244567871 660.9383392333984 510.3274383544922 195.11092800564236
22.719000806566328 1282.6816635131836 665.6872329711914 515.5195515950521 198.2334459092882
22.725000806618482 1309.055320739746 670.0525131225586 528.2093149820963 196.240719265408
22.73100080667064 1287.502784729004 661.431770324707 526.0268147786459 193.26459079318576
22.73700080672279 1248.6072463989258 659.210334777832 541.8756103515625 194.08536105685764
22.743000806774944 1314.911720275879 680.7585754394531 539.3335876464844 204.09459771050348
22.749000806827098 1282.0486297607422 653.0754928588867 488.98256429036456 195.06731499565973
22.75500080687925 1270.5767364501953 659.6829605102539 521.6467793782552 188.98649088541666
22.761000806931406 1317.5172424316406 682.8778305053711 570.4753570556641 193.9549085828993
22.76700080698356 1284.8009185791016 660.7260513305664 511.15232849121094 206.97406344943576
22.773000807035714 1261.248161315918 668.9922256469727 534.1905975341797 194.34494357638889
22.77900080708787 1315.2847061157227 690.7167434692383 554.3798421223959 202.86559380425348
22.785000807140023 1281.548324584961 653.9608154296875 494.79912821451825 194.68953450520834
22.791000807192177 1257.0047454833984 636.3105773925781 506.53371175130206 193.23788791232639
22.79700080724433 1305.754165649414 651.7747344970703 543.1001892089844 197.22047593858508
22.803000807296485 1307.3497467041016 657.0171661376953 500.468256632487 202.34578111436633
22.80900080734864 1242.3317413330078 644.0096969604492 523.4873453776041 194.4383782280816
22.815000807400796 1262.134407043457 669.6167449951172 541.6975555419922 194.53618706597223
22.821000807452947 1277.8058395385742 653.2788619995117 513.2451578776041 196.85478719075522
22.8270008075051 1240.011344909668 627.5651702880859 493.6147003173828 186.64588419596353
22.833000807557255 1295.3658981323242 664.0532684326172 542.9842224121094 193.0887247721354
22.83900080760941 1283.1039428710938 680.9104614257812 524.5674845377604 188.12064276801215
22.845000807661563 1243.8599853515625 629.070068359375 490.5627899169922 189.22337171766492
22.851000807713717 1268.339729309082 651.3297119140625 534.3987426757812 195.40933905707465
22.85700080776587 1304.4858856201172 663.6065444946289 542.4742838541666 195.73120795355902
22.863000807818025 1271.440689086914 656.9321060180664 514.7739817301432 192.5758531358507
22.86900080787018 1271.413719177246 652.4412002563477 528.1039784749349 193.58089192708334
22.875000807922333 1315.0349502563477 664.0936813354492 560.6571858723959 192.94996473524304
22.88100080797449 1451.061668395996 652.911750793457 520.1849466959635 199.3897908528646
22.88700080802664 2226.587600708008 730.8075561523438 556.2244466145834 223.4970906575521
22.893000808078796 2874.1377716064453 801.5720977783203 611.5334320068359 250.66613091362848
