m1-67/data/jwst-miri-mrs/wr124-miri-mrs-ch4-star-line-spectrum.ecsv
# %ECSV 1.0
# ---
# datatype:
# - {name: Wavelength, unit: micron, datatype: float64}
# - {name: Intensity, datatype: float64}
# meta: !!omap
# - __serialized_columns__:
#     Wavelength:
#       __class__: astropy.units.quantity.Quantity
#       unit: !astropy.units.Unit {unit: micron}
#       value: !astropy.table.SerializedColumn {name: Wavelength}
# schema: astropy-2.0
Wavelength Intensity
[from data line 863]
22.88100080797449 164.70187038845486
22.88700080802664 843.2228382251881
22.893000808078796 1186.7702060275608
22.89900080813095 1248.106025978371
22.9050008081831 1295.551224320023
22.911000808235258 1326.449132848669
22.917000808287412 1348.8973162615741
22.923000808339566 1358.2497468171296
22.92900080839172 1348.3015453197338
22.935000808443874 1346.2204951533565
22.941000808496028 1353.9170690465855
22.947000808548182 1356.4495013201679
22.953000808600336 1354.7377567997685
22.95900080865249 1345.4685431586372
22.965000808704644 1322.0680869773582
22.9710008087568 1283.9170204445168
22.977000808808953 1240.566027605975
22.983000808861107 1136.1318167227287
22.98900080891326 457.26190072518807
22.995000808965415 50.54144626193576
23.00100080901757 40.852914315682874
23.007000809069723 27.70058638961227
23.013000809121877 26.312284116391783
23.01900080917403 23.371509693287038
23.025000809226185 15.647849754050926
23.031000809278343 16.87450267650463
23.037000809330493 25.324745460792823
23.043000809382647 24.613181785300927
23.0490008094348 29.0433191370081
23.055000809486952 36.8498218677662
23.06100080953911 34.101847330729164
23.067000809591264 36.80492485894097
23.073000809643418 41.144296151620374
23.07900080969557 38.871860080295136
23.085000809747726 36.56381677698206
23.09100080979988 39.842423050491895
23.097000809852034 42.106515389901624
23.103000809904188 37.42314995659722
23.109000809956342 42.515091507523145
23.115000810008496 42.869705765335645
23.12100081006065 34.41648695203993
23.127000810112804 38.91276154694734
23.13300081016496 44.1052166974103
23.139000810217112 38.03653519241898
23.145000810269266 36.052438241464124
23.15100081032142 39.32329644097222
23.157000810373574 34.530960648148145
23.16300081042573 20.242933485243057
23.169000810477883 26.712102819372106
23.175000810530037 16.697029396339698
23.181000810582194 9.82934457284433
23.187000810634345 16.705199065031827
23.1930008106865 16.04706488715278
23.199000810738653 7.504968713831018
23.205000810790803 11.47320556640625
23.21100081084296 22.537390814887154
23.217000810895115 12.432900887948495
23.22300081094727 16.629738136574073
23.229000810999423 26.230015507450812
23.235000811051577 21.582917390046298
23.24100081110373 19.26676884403935
23.247000811155885 29.385386149088543
23.25300081120804 30.893867775245948
23.259000811260194 26.916645191333913
23.265000811312348 36.57891732675058
23.2710008113645 44.72517790617766
23.277000811416656 37.04847886827257
23.28300081146881 43.909192120587385
23.289000811520964 48.27864018192998
23.295000811573118 43.43574693467882
23.301000811625272 41.66389860930266
23.307000811677426 48.2664478443287
23.31300081172958 39.56024282949942
23.319000811781734 30.644481517650462
23.32500081183389 40.76790251555266
23.331000811886046 31.069664849175346
23.337000811938196 22.652741608796298
23.34300081199035 27.516313340928818
23.349000812042505 21.531524658203125
23.355000812094655 19.249162462022568
23.361000812146813 22.512925889756943
23.367000812198967 25.94094283492477
23.37300081225112 21.29656982421875
23.379000812303275 18.836255108868635
23.38500081235543 23.919563576027198
23.391000812407583 19.194880732783563
23.397000812459737 12.47963121202257
23.40300081251189 19.650394015842014
23.409000812564045 19.46768753616898
23.4150008126162 16.445038972077548
23.421000812668353 20.994789406105323
23.427000812720507 30.656550654658563
23.43300081277266 15.348398844401041
23.439000812824816 20.249870017722802
23.44500081287697 33.26925772207755
23.451000812929124 24.035615143952548
23.457000812981278 25.34570990668403
23.46300081303343 30.364057752821182
23.469000813085586 30.776074444806135
23.47500081313774 24.653662787543404
23.481000813189898 31.95063160083912
23.487000813242048 34.201723451967595
23.493000813294202 26.618910047743057
23.499000813346356 27.54633246527778
23.505000813398507 38.362991898148145
23.511000813450664 32.55742051866319
23.51700081350282 27.373668529369212
23.523000813554972 41.20754778826678
23.529000813607126 31.096929479528356
23.53500081365928 18.772991039134837
23.541000813711435 27.5885009765625
23.54700081376359 28.940405951605904
23.553000813815743 23.143440529152198
23.559000813867897 24.614787914134837
23.56500081392005 33.40520788122107
23.571000813972205 31.288441975911457
23.57700081402436 36.86604704680266
23.583000814076513 51.62927359121817
23.589000814128667 53.8923260724103
23.59500081418082 59.321585196035876
23.601000814232975 68.90979229962385
23.60700081428513 78.80556685836227
23.613000814337283 89.25504557291667
23.619000814389437 104.37308756510417
23.62500081444159 109.77429651331019
23.63100081449375 114.10138391565394
23.6370008145459 111.86720558449075
23.643000814598054 117.94366455078125
23.649000814650208 118.00025092230902
23.65500081470236 113.53587736906829
23.661000814754516 113.18593004014757
23.66700081480667 113.44889096860533
23.673000814858824 103.21515344690394
23.679000814910978 96.42953717267072
23.685000814963132 89.83791097005208
23.691000815015286 78.88954558195891
23.69700081506744 65.8497156213831
23.703000815119594 64.6490478515625
23.70900081517175 51.10528112340857
23.715000815223902 42.87482819733796
23.721000815276053 38.17822943793403
23.72700081532821 38.01609632703993
23.733000815380365 33.21489687319155
23.73900081543252 29.95404052734375
23.745000815484673 31.996724446614582
23.751000815536827 24.41265869140625
23.75700081558898 9.968319363064236
23.763000815641135 17.614622893156827
23.76900081569329 17.518365930627894
23.775000815745443 11.190973352502894
23.7810008157976 16.37187816478588
23.78700081584975 19.939259847005207
23.793000815901905 18.877357765480323
23.79900081595406 26.529076470269096
23.80500081600621 41.29444489655671
23.811000816058367 43.23719278971354
23.81700081611052 58.24788976598669
23.823000816162676 83.8826113100405
23.82900081621483 119.87833545826099
23.835000816266984 152.64114379882812
23.841000816319138 168.80949232313367
23.847000816371292 181.02061971028647
23.853000816423446 193.5209723578559
23.8590008164756 195.31600160951967
23.865000816527754 200.8779296875
23.871000816579905 210.41377427842883
23.877000816632062 208.05438797562212
23.883000816684216 204.26962732385707
23.88900081673637 192.24981124312788
23.895000816788524 175.04006392867475
23.90100081684068 162.4855844003183
23.907000816892833 138.20918330439815
23.913000816944987 116.14037746853299
23.91900081699714 98.31124086733217
23.925000817049295 82.11086244936342
23.931000817101452 60.92254977756076
23.937000817153603 47.467140480324076
23.943000817205757 35.107854772497106
23.94900081725791 23.469151249638312
23.955000817310065 22.565591317635995
23.96100081736222 14.038222701461226
23.967000817414373 15.900011980975115
23.973000817466527 15.12361314561632
23.97900081751868 8.885422318070024
23.985000817570835 6.985065601490162
23.99100081762299 11.772994429976851
23.997000817675143 9.743012604890046
24.003000817727298 4.333507396556713
24.00900081777945 9.25327781394676
24.015000817831606 10.631157769097221
24.021000817883756 5.9788388852719905
24.027000817935914 8.34417724609375
24.033000817988068 15.948165328414351
24.039000818040222 17.642699065031827
24.045000818092376 19.953209771050346
24.05100081814453 21.625584355107062
24.057000818196684 22.830104121455438
24.063000818248838 27.563299108434606
24.069000818300992 27.28566939742477
24.075000818353146 34.94005217375579
24.081000818405304 34.241686785662615
24.087000818457454 34.954412389684606
24.09300081850961 47.196937843605326
24.099000818561763 50.48954829463252
24.105000818613917 48.40790134006076
24.11100081866607 52.40139657479745
24.117000818718225 59.35045030381944
24.12300081877038 54.49827180085359
24.129000818822533 53.60804918077257
24.135000818874687 58.55229582609954
24.14100081892684 59.791117350260414
24.147000818979 53.469502766927086
24.15300081903115 51.004403573495374
24.159000819083303 52.40520788122107
24.165000819135457 50.563592981409144
24.171000819187608 50.24543253580729
24.177000819239765 46.753136528862846
24.18300081929192 47.941123679832174
24.189000819344074 38.7810375072338
24.195000819396228 40.56046888563368
24.20100081944838 41.064857765480326
24.207000819500536 34.17379195601852
24.21300081955269 35.01608389395255
24.219000819604844 39.252950032552086
24.225000819656998 38.37701416015625
24.231000819709156 32.564760561342595
24.237000819761306 34.321972882306135
24.24300081981346 33.41175785771123
24.249000819865614 28.885160092954283
24.25500081991777 28.726104736328125
24.261000819969922 34.12773301866319
24.267000820022076 34.493980125144674
24.27300082007423 32.282067192925346
24.279000820126384 29.534108479817707
24.28500082017854 31.787052860966437
24.291000820230693 31.000855622468173
24.29700082028285 30.473454228153937
24.303000820335 27.23363353587963
24.309000820387155 28.223969636140048
24.31500082043931 23.320124873408563
24.32100082049146 19.306287977430557
24.327000820543617 17.851470947265625
24.33300082059577 14.43180677625868
24.339000820647925 11.63087632921007
24.34500082070008 10.376294171368635
24.351000820752233 10.768137613932291
24.357000820804387 5.740498860677083
24.36300082085654 7.895897759331597
24.369000820908695 11.801562273943865
24.37500082096085 13.906203658492476
24.381000821013007 16.789486355251736
24.387000821065158 23.126651340060764
24.39300082111731 26.069341588903356
24.399000821169466 31.982418484157986
24.40500082122162 34.0981049714265
24.411000821273774 41.08147402162905
24.417000821325928 41.451532434534144
24.423000821378082 42.69488525390625
24.429000821430236 43.11284044053819
24.43500082148239 45.005319100839124
24.441000821534544 43.059963650173614
24.447000821586702 44.2179780183015
24.453000821638852 47.71746034975405
24.459000821691006 47.48288076895255
24.46500082174316 53.094164813006365
24.47100082179531 60.30044329607928
24.47700082184747 66.6045000994647
24.483000821899623 74.64769942672164
24.489000821951777 89.4481280291522
24.49500082200393 92.58172946506076
24.501000822056085 94.6939459906684
24.50700082210824 101.54329992223668
24.513000822160393 103.81348673502605
24.519000822212547 105.03817635995371
24.5250008222647 106.2897316261574
24.53100082231686 104.92704603407118
24.53700082236901 104.30467845775463
24.543000822421163 97.01016348379629
24.549000822473317 90.98998571325231
24.55500082252547 84.78597231264467
24.561000822577626 78.86074603045428
24.56700082262978 67.08368032949942
24.573000822681934 61.74807965313947
24.579000822734088 53.94196573893229
24.58500082278624 47.99725680881076
24.591000822838396 40.01494909215857
24.597000822890553 35.7286060474537
24.603000822942704 32.9064545808015
24.609000822994858 30.817322907624423
24.615000823047012 26.332434760199654
24.621000823099163 24.171331334997106
24.62700082315132 20.891957600911457
24.633000823203474 17.350770173249423
24.63900082325563 15.22147962782118
24.645000823307782 15.639451768663195
24.651000823359936 14.641117802372685
24.65700082341209 15.239002369068286
24.663000823464245 13.970629656756365
24.6690008235164 10.58319204824942
24.675000823568553 14.710864031756365
24.68100082362071 14.420560483579282
24.68700082367286 17.136820475260418
24.693000823725015 21.385564733434606
24.69900082377717 23.900422272858798
24.705000823829323 25.315713387948495
24.711000823881477 27.01328757957176
24.71700082393363 27.19796187789352
24.723000823985785 27.827965630425346
24.72900082403794 30.749458595558448
24.735000824090093 31.920886004412615
24.741000824142247 33.79612336335359
24.747000824194405 33.501086199725115
24.753000824246556 34.35029432508681
24.75900082429871 33.61920844184028
24.765000824350864 32.41511479130498
24.771000824403014 30.481283682364005
24.777000824455172 29.907367847583913
24.783000824507326 28.958499484592014
24.78900082455948 29.455836543330438
24.795000824611634 31.026876944082755
24.801000824663788 30.170678032769096
24.807000824715942 29.717548511646413
24.813000824768096 28.051322654441552
24.81900082482025 26.86792670355903
24.825000824872404 27.695587158203125
24.831000824924562 29.124456334997106
24.837000824976712 28.714682119864005
24.843000825028867 28.9509435583044
24.84900082508102 30.778231020326967
24.855000825133175 30.158400924117476
24.86100082518533 27.09056712962963
24.867000825237483 29.767735234013312
24.873000825289637 27.151423701533563
24.87900082534179 26.63168900101273
24.885000825393945 25.199529577184606
24.8910008254461 23.00598822699653
24.897000825498257 17.926708080150462
24.903000825550407 14.827790436921296
24.90900082560256 12.216654459635416
24.915000825654715 8.59660056785301
24.921000825706866 7.926596182364005
24.927000825759023 11.00823070384838
24.933000825811177 13.866095648871529
24.93900082586333 14.55788845486111
24.945000825915486 17.875449851707177
24.95100082596764 20.960505732783563
24.957000826019794 28.769509774667245
24.963000826071948 36.96392031069155
24.969000826124102 41.14538687246817
24.975000826176256 43.8559491192853
24.981000826228414 46.79819968894676
24.987000826280564 52.90245903862847
24.993000826332718 55.92706976996528
24.999000826384872 54.64588532624421
25.005000826437026 52.80583247432002
25.01100082648918 50.217627631293404
25.017000826541334 51.121925636574076
25.02300082659349 47.188313802083336
25.029000826645643 45.970095033998845
25.035000826697797 42.68661612051505
25.04100082674995 40.117433901186345
25.04700082680211 37.89732078269676
25.05300082685426 33.84548385054977
25.059000826906413 28.018248381438077
25.065000826958567 22.501332600911457
25.071000827010717 18.724235252097802
25.077000827062875 20.71376320167824
25.08300082711503 23.63899287471065
25.089000827167183 27.45897759331597
25.095000827219337 28.029685691550927
25.10100082727149 33.369814272280095
25.107000827323645 36.80262586805556
25.1130008273758 38.61068838614005
25.119000827427953 42.86418321397569
25.125000827480108 48.253793221932874
25.13100082753226 48.85435203269676
25.137000827584416 52.68173782913773
25.14300082763657 55.174157036675346
25.149000827688724 54.128003155743635
25.155000827740878 51.58680894639757
25.161000827793032 48.730768274377894
25.167000827845186 47.415069580078125
25.17300082789734 46.529629177517364
25.179000827949494 43.53593614366319
25.185000828001648 43.419595223886
25.191000828053802 44.045939127604164
25.19700082810596 43.58250822844329
25.20300082815811 38.270864981192126
25.209000828210264 37.94819245515046
25.21500082826242 36.639851888020836
25.22100082831457 34.842333758318865
25.227000828366727 34.62433200412326
25.23300082841888 36.136695014105904
25.239000828471035 33.70015349211516
25.24500082852319 31.746010109230323
25.251000828575343 25.520104302300346
25.257000828627497 17.219093605324073
25.26300082867965 15.122380009403935
25.269000828731805 13.126895480685764
25.27500082878396 10.767540825737846
25.281000828836113 9.574042426215279
25.287000828888267 12.824215359157986
25.29300082894042 8.624070909288195
25.299000828992575 4.435665554470486
25.30500082904473 10.836218939887154
25.311000829096884 15.748232241030093
25.317000829149038 16.461729826750577
25.32300082920119 19.42141158492477
25.329000829253346 22.22069408275463
25.3350008293055 22.253928855613427
25.341000829357654 28.424775300202548
25.34700082940981 36.621238425925924
25.35300082946196 38.79918755425347
25.359000829514116 43.317161277488424
25.365000829566274 46.15162489149306
25.37100082961842 48.977803548177086
25.37700082967058 51.17364162868924
25.383000829722732 52.39911679868345
25.389000829774886 53.12061225043403
25.39500082982704 57.71926766854745
25.401000829879194 58.651753743489586
25.40700082993135 62.88445931893808
25.413000829983503 64.86148636429398
25.419000830035657 66.88440619574652
25.42500083008781 67.33542887369792
25.43100083013997 69.92815823025174
25.437000830192115 71.61482747395833
25.443000830244273 72.22287552445023
25.449000830296427 68.79229736328125
25.45500083034858 62.953158908420136
25.461000830400735 57.1087330005787
