m1-67/data/jwst-miri-mrs/wr124-miri-spec-ch2.ecsv
# %ECSV 1.0
# ---
# datatype:
# - {name: Wavelength, unit: micron, datatype: float64}
# - {name: Star, unit: MJy / sr, datatype: float64}
# - {name: Knot A, unit: MJy / sr, datatype: float64}
# - {name: BG A1, unit: MJy / sr, datatype: float64}
# - {name: BG A2, unit: MJy / sr, datatype: float64}
# meta: !!omap
# - __serialized_columns__:
#     BG A1:
#       __class__: astropy.units.quantity.Quantity
#       unit: !astropy.units.Unit {unit: MJy / sr}
#       value: !astropy.table.SerializedColumn {name: BG A1}
#     BG A2:
#       __class__: astropy.units.quantity.Quantity
#       unit: !astropy.units.Unit {unit: MJy / sr}
#       value: !astropy.table.SerializedColumn {name: BG A2}
#     Knot A:
#       __class__: astropy.units.quantity.Quantity
#       unit: !astropy.units.Unit {unit: MJy / sr}
#       value: !astropy.table.SerializedColumn {name: Knot A}
#     Star:
#       __class__: astropy.units.quantity.Quantity
#       unit: !astropy.units.Unit {unit: MJy / sr}
#       value: !astropy.table.SerializedColumn {name: Star}
#     Wavelength:
#       __class__: astropy.coordinates.spectral_coordinate.SpectralCoord
#       unit: !astropy.units.Unit {unit: micron}
#       value: !astropy.table.SerializedColumn {name: Wavelength}
# schema: astropy-2.0
Wavelength Star "Knot A" "BG A1" "BG A2"
[from data line 2811]
11.164950238831803 3710.3009425571986 119.67550713675362 44.39079829624721 54.5193259375436
11.166250238835344 3700.947203136626 120.74810300554547 41.34183481761387 45.621338435581755
11.167550238838883 3676.1851777576267 122.91199765886579 49.233763558524 45.511608260018484
11.16885023884242 3685.3662850516184 124.60436521257672 40.63334608078003 53.662577629089355
11.170150238845961 3670.450148809524 125.79860142299107 39.78301681791033 46.69492816925049
11.171450238849499 3657.612788609096 128.8594627380371 51.59759971073696 46.855725152151926
11.172750238853038 3605.626983642578 131.7739737374442 40.79682404654367 47.99334239959717
11.174050238856578 3667.031659807478 131.38531930106026 49.76259912763323 50.91471133913313
11.175350238860116 3677.3038722446986 135.7977774483817 52.2763238634382 57.002828053065706
11.176650238863656 3672.2745332263767 138.63781520298548 45.00001784733364 47.72679492405483
11.177950238867195 3710.0154942103795 140.73743329729353 53.6057436806815 50.131583486284526
11.179250238870734 3708.73879132952 147.48533194405692 47.82818562643869 51.590053285871235
11.180550238874273 3697.270246233259 144.86296735491072 51.78389092854091 53.86283792768206
11.18185023887781 3724.1834629603795 145.52068655831474 53.5628593989781 60.781717845371794
11.183150238881352 3736.528038388207 145.17892565046037 41.85087335109711 53.42270496913365
11.18445023888489 3756.7383728027344 144.73302132742745 50.91042702538626 50.47269466945103
11.185750238888428 3748.0173543294272 154.22665187290735 54.0812908581325 55.901288986206055
11.187050238891969 3749.053657168434 153.37396785191126 50.034753935677664 55.79769556862967
11.188350238895506 3749.393216087705 160.03156934465682 54.124528476170134 52.936198234558105
11.189650238899047 3726.2071416945682 163.60288783482142 50.79794774736677 47.93902565751757
11.190950238902586 3721.41403343564 157.41520472935267 52.956786836896626 50.640293666294646
11.192250238906125 3734.536833263579 160.4155513218471 54.67470114571707 56.458993911743164
11.193550238909664 3736.9398018973216 160.88786969866072 48.96413271767752 55.61955860682896
11.194850238913201 3722.6500360398068 163.7456763131278 52.31306757245745 55.94221346718924
11.196150238916742 3713.8101167224704 172.2784870692662 51.912958417619976 55.363939830235076
11.19745023892028 3712.187215169271 166.40130070277624 43.14447795493262 55.13662093026297
11.198750238923818 3669.3687206449963 172.6850139072963 53.14798355102539 55.83662918635777
11.200050238927359 3684.225831531343 178.57215118408203 52.47569996970041 55.18323789324079
11.201350238930896 3688.2227725074404 178.38984898158483 57.75829662595476 49.74245064599173
11.202650238934435 3670.139395577567 187.6538565499442 59.05815955570766 55.52747317722866
11.203950238937976 3662.725799560547 181.58306557791573 45.536968188626425 51.88582461220877
11.205250238941513 3667.2516014462426 182.36893899100167 51.18373542172568 54.29816491263254
11.206550238945054 3657.9996192568824 190.03250013078963 54.413737535476685 55.19112968444824
11.207850238948593 3657.019002278646 189.1806193760463 52.38453245162964 55.56593145642962
11.209150238952132 3660.1758858816966 199.11057826450892 59.62956585202898 63.303941454206196
11.210450238955671 3677.485332670666 197.7360066005162 50.050746713365825 62.735797200884136
11.211750238959208 3686.650649297805 187.3126950945173 52.23809807641165 57.63050808225359
11.213050238962749 3663.9784473237537 196.2070323399135 58.72580746241978 63.79699543544224
11.214350238966288 3705.8333914620534 195.42391640799386 50.90431132496867 59.436803000313894
11.215650238969825 3721.982913062686 193.03145490373885 57.94110788617815 57.29043333871024
11.216950238973366 3743.860871814546 193.17810276576452 52.99495152064732 58.71722480228969
11.218250238976903 3746.1983104887463 196.82390812465124 56.46321024213518 54.42696789332798
11.219550238980442 3801.635996500651 204.98050362723214 62.29027829851423 56.19284003121512
11.220850238983983 3825.9210539318265 194.6778793334961 48.833320072719026 57.386049951825825
11.22215023898752 3819.9683140345983 193.72283717564173 54.588571071624756 58.80780301775251
11.223450238991061 3839.571493966239 194.87918090820312 57.55280269895281 58.8130316053118
11.224750238994599 3844.0508829752603 194.52893611363 52.19679045677185 55.90271077837263
11.22605023899814 3835.735565185547 197.67196328299386 63.83393219539097 61.53099005562918
11.227350239001678 3859.1690964471727 198.67685917445593 57.247558798108784 64.37449645996094
11.228650239005216 3874.0010957263767 197.6125728062221 51.02699087347303 61.88842841557094
11.229950239008756 3876.8309645879835 196.47642844063895 54.7604603767395 61.22873742239816
11.231250239012295 3849.733629499163 191.43418775285994 51.39592555591038 57.80217238834926
11.232550239015833 3824.526319231306 197.71439906529017 53.1621036529541 58.783748626708984
11.233850239019374 3839.3704993838355 200.15721130371094 54.24974611827305 57.2045909336635
11.23515023902291 3818.8697422572545 194.9845232282366 48.866333961486816 51.69099589756557
11.236450239026452 3794.795190720331 199.3381794520787 60.77459921155657 61.70665972573416
11.23775023902999 3802.479210263207 196.74132646833147 54.65045084272112 58.898618289402556
11.23905023903353 3771.1765500023253 194.753534589495 58.44345440183367 60.40843037196568
11.240350239037069 3768.3824855259486 199.77572522844588 61.28504998343332 69.88092068263462
11.241650239040606 3780.4146888369605 198.47625732421875 50.65370883260454 62.60769258226667
11.242950239044147 3816.43215070452 200.37164524623327 58.38768788746425 65.45702988760812
11.244250239047686 3818.1155846005395 199.24518040248327 59.24234322139195 70.51009368896484
11.245550239051223 3785.497557140532 194.65914045061385 57.80100883756365 69.32050813947406
11.246850239054764 3759.646000453404 203.12608337402344 70.71236644472394 66.04754815782819
11.248150239058301 3801.7718985421316 203.85694231305803 52.8420384653977 65.28578785487584
11.24945023906184 3784.315425327846 207.95812770298548 67.27157402038574 72.52126257760185
11.25075023906538 3820.629128592355 205.93514469691686 66.80220086233956 68.97093105316162
11.252050239068918 3857.299355643136 204.63443865094865 59.21067162922451 60.773178236825125
11.253350239072459 3849.976790655227 211.0789838518415 74.03283514295306 68.84759766714913
11.254650239075998 3862.233394077846 208.83933694022042 58.28059591565813 64.37603841509137
11.255950239079537 3889.92236328125 211.49637712751115 61.758746828351704 72.8582854952131
11.257250239083076 3897.353490920294 210.2200480869838 63.13728591373989 67.65780094691685
11.258550239086613 3901.0148068382628 203.73546273367745 51.64903518131801 55.759600911821636
11.259850239090154 3914.2044619605654 210.249879019601 61.617999826158794 65.75777639661517
11.261150239093693 3942.676977248419 209.10131181989397 53.23636634009225 62.699635233197895
11.26245023909723 3870.462117513021 209.53726305280412 55.373158727373394 60.543617248535156
11.263750239100771 3882.3421078636534 210.2877927507673 63.37834167480469 66.90550204685756
11.265050239104308 3936.2063598632812 205.6961190359933 55.31919888087681 66.72251524244037
11.266350239107847 3933.1979326520645 206.30947331019811 62.15024893624442 67.27970477512905
11.267650239111388 3953.061697823661 205.26378195626395 61.52157218115671 59.73561314174107
11.268950239114925 3937.2403462727866 201.04552895682198 55.8335291317531 60.06266484941755
11.270250239118466 3947.3640645345054 209.0895941598075 65.85581152779716 62.12887055533273
11.271550239122003 3957.217042468843 202.2085462297712 59.73595387595041 58.85034343174526
11.272850239125544 3936.484187534877 204.20145525251115 65.8067820412772 63.942484446934294
11.274150239129083 3957.780014764695 205.8182416643415 59.660247530256 59.23620973314558
11.27545023913262 3963.0267799014136 203.53695242745536 55.82989188602993 59.88524096352713
11.276750239136161 3960.2877691359745 205.57789829799108 63.04321684156145 60.97243990216936
11.2780502391397 3981.1624305361793 202.53836386544364 58.40151671000889 62.77349254063198
11.279350239143238 4029.78957984561 205.92202867780412 63.84316825866699 67.68451309204102
11.280650239146778 4092.334927513486 209.66116550990515 63.058147702898296 69.26550224849156
11.281950239150316 4168.075324648902 201.9329833984375 54.705119950430735 66.9223530633109
11.283250239153856 4311.323692685082 206.9011710030692 71.03144890921456 73.79321670532227
11.284550239157396 4517.826013474238 201.43575613839286 62.50141913550241 68.22371796199253
11.285850239160935 4835.477973574683 209.03057425362724 63.31838457924979 70.29644026075091
11.287150239164474 5181.142120361328 212.082279750279 74.20559910365513 71.12509005410331
11.28845023916801 5618.028985886347 210.75136130196708 59.946327822549 72.44994762965611
11.289750239171552 6094.527224586123 221.98788016183036 60.686146123068674 85.05332238333565
11.29105023917509 6618.4178626650855 220.8566905430385 67.62243621689933 77.70826993669782
11.292350239178628 7068.153111049107 220.48682948521204 58.747640473502024 79.17224993024554
11.293650239182169 7555.2254638671875 228.93665967668807 71.37087999071393 81.92767007010323
11.294950239185706 8018.70062546503 227.98511832101005 62.12798350197928 81.20118536267962
11.296250239189245 8319.718340192523 233.85042898995536 64.08502592359271 84.34000205993652
11.297550239192786 8582.072335379464 235.38956342424666 70.78895773206439 79.69504983084542
11.298850239196323 8822.62534877232 229.45129176548548 67.12183489118304 84.1507795878819
11.300150239199864 9175.495428176153 235.19304874965124 68.42679037366595 81.76394598824638
11.301450239203403 9372.274321056548 232.9653821672712 63.547614301954 79.5779309953962
11.302750239206942 9581.548174176898 236.62230137416296 64.39327022007534 85.5169061933245
11.304050239210481 9544.60753813244 236.2188480922154 66.23967974526542 75.570709500994
11.305350239214018 9500.23092796689 228.40064784458704 59.597946235111785 80.02098355974469
11.306650239217559 9549.351332891554 232.69913918631417 66.77950327736991 82.62173134940011
11.307950239221098 9690.94566127232 228.58438110351562 65.01861279351371 78.44434111458915
11.309250239224635 9644.289542061942 228.5325186593192 63.56120273045131 80.29741423470634
11.310550239228176 9480.117492675781 231.52201189313615 64.75492252622333 79.87943949018207
11.311850239231713 9499.293233235678 230.240718296596 62.930698360715596 85.80935478210449
11.313150239235252 9334.677937825521 258.30560084751676 94.24596405029297 101.7273303440639
11.314450239238793 9194.451982770648 346.38300650460377 164.05720683506556 139.7119516645159
11.31575023924233 9092.17151750837 402.96068899972096 219.0422695704869 187.50912366594588
11.317050239245871 8960.649911063058 317.9075927734375 150.40814781188965 134.1257166181292
11.318350239249408 8683.923583984375 236.06129673549108 81.28107023239136 96.52294077192035
11.31965023925295 8398.46531749907 216.76209694998605 60.42968913487026 86.17023985726493
11.320950239256488 8190.719226655506 212.0000457763672 69.24726458958217 83.92579296657017
11.322250239260025 8086.0618402390255 207.137328011649 58.07970353535244 92.75003242492676
11.323550239263566 7930.822097051711 210.99302673339844 65.721433367048 85.92546653747559
11.324850239267104 7759.32081531343 204.8434066772461 69.53834411076137 89.91060829162598
11.326150239270643 7440.564581008184 210.82381657191686 65.56332860674176 86.76854705810547
11.327450239274183 7233.774088541667 199.48755536760603 68.57217993055072 76.29021467481341
11.32875023927772 7087.049329485212 193.73565673828125 61.27311256953648 90.91358293805804
11.33005023928126 6770.576102120535 197.15255628313338 55.10225377764021 80.81790106637138
11.3313502392848 6427.565384637742 198.68521445138114 55.433795656476704 74.49219608306885
11.33265023928834 6059.526089622861 193.93617793491907 50.62178693498884 75.87585830688477
11.333950239291879 5686.453723725818 183.11302730015345 59.31344413757324 64.086427961077
11.335250239295416 5282.676579066685 179.0492422921317 53.99570274353027 74.35100146702358
11.336550239298957 4981.731397356306 175.67072187151228 57.65187208993094 66.15371104649135
11.337850239302496 4717.186947777158 175.9557113647461 60.684176445007324 57.8314448765346
11.339150239306033 4492.714630126953 177.69503021240234 52.43241705213274 69.0977919442313
11.340450239309574 4329.3194580078125 175.19954136439733 58.677222558430266 61.19759832109724
11.34175023931311 4081.8680536179318 171.9044636317662 54.96515532902309 60.974486214774
11.34305023931665 4059.7657238188244 168.69230215890067 52.770910126822336 60.187882559640066
11.34435023932019 4031.4889322916665 164.67382158551897 55.093241691589355 60.199170521327424
11.34565023932373 4064.1700599307105 165.2256088256836 47.29353243964059 60.462271554129465
11.346950239327267 3943.207026890346 165.75166538783483 51.97780425207956 55.45861462184361
11.348250239330806 3875.7678992861793 162.20220402308874 53.621457712990896 57.90714359283447
11.349550239334347 3846.928199404762 164.39236668178015 51.738875252859934 58.62365000588553
11.350850239337886 3832.4746529715403 163.99856785365515 57.25529711587088 56.900090081351145
11.352150239341423 3790.1394871303014 159.95831952776228 51.183740207127165 60.043958391462056
11.353450239344964 3731.8827471051895 156.1543208530971 50.331503186907085 49.72000476292202
11.354750239348503 3725.878624325707 156.590211050851 55.9350916998727 56.203233991350444
11.35605023935204 3701.48836844308 159.06700134277344 52.14569623129709 54.64976528712681
11.357350239355581 3657.9736531575522 154.51196616036552 58.620238985334126 53.939914975847515
11.358650239359118 3678.032697405134 159.16287558419364 53.250528880528044 71.43327113560268
11.359950239362657 3673.4737403506324 159.46919795445032 48.71087237766811 63.29079382760184
11.361250239366198 3656.472134544736 157.30943298339844 55.429000990731375 70.44048745291573
11.362550239369737 3646.638894217355 157.4854289463588 49.758079528808594 73.25927216666085
11.363850239373274 3661.217304048084 150.425176348005 56.96304382596697 60.1834967476981
11.365150239376813 3683.1615179152714 153.77049146379744 52.741282735552105 71.19325801304409
11.366450239380354 3700.1400262741818 155.7269287109375 54.41021129063198 63.05513545445034
11.367750239383893 3749.900659470331 156.02268654959542 61.8880558013916 67.2266036442348
11.36905023938743 3852.623808361235 161.56782749720983 55.69770124980381 75.82755061558315
11.370350239390971 3782.1617736816406 152.43633161272322 60.421460015433176 58.32662691388811
11.371650239394508 3771.4786929175966 150.46034240722656 53.77111233983721 65.33111163548061
11.372950239398048 3783.457756405785 151.53985268729073 56.908453532627654 63.54826872689383
11.374250239401588 3806.3686886742003 154.70415496826172 53.374620710100444 66.96685300554547
11.375550239405126 3806.2874813988096 156.5804486955915 49.01982375553676 64.65573501586914
11.376850239408665 3796.5088951474145 150.47892216273718 55.807967730930876 58.0676394871303
11.378150239412205 3814.1780744280136 149.63688223702567 57.271537099565776 62.134378978184294
11.379450239415744 3796.1179620651974 151.35893031529017 49.63497815813337 51.675120081220356
11.380750239419283 3782.162763323103 149.75008392333984 57.02942752838135 52.569831303187776
11.38205023942282 3760.724094935826 156.4713407244001 54.72303989955357 59.13703210013254
11.383350239426361 3738.915550595238 147.55179268973214 59.06509699140276 57.17435046604702
11.3846502394299 3724.1101989746094 146.42648097446985 54.96721172332764 61.19570296151297
11.385950239433438 3672.7307971772693 148.85313415527344 50.74410138811384 56.09648622785296
11.387250239436979 3643.1106814429872 140.36865561349052 52.190868854522705 55.17603302001953
11.388550239440516 3654.3645615350633 148.66917201450892 56.45855508531843 60.36982318333217
