m1-67/data/jwst-miri-mrs/wr124-miri-spec-ch3.ecsv
# %ECSV 1.0
# ---
# datatype:
# - {name: Wavelength, unit: micron, datatype: float64}
# - {name: Star, unit: MJy / sr, datatype: float64}
# - {name: Knot A, unit: MJy / sr, datatype: float64}
# - {name: BG A1, unit: MJy / sr, datatype: float64}
# - {name: BG A2, unit: MJy / sr, datatype: float64}
# meta: !!omap
# - __serialized_columns__:
#     BG A1:
#       __class__: astropy.units.quantity.Quantity
#       unit: !astropy.units.Unit {unit: MJy / sr}
#       value: !astropy.table.SerializedColumn {name: BG A1}
#     BG A2:
#       __class__: astropy.units.quantity.Quantity
#       unit: !astropy.units.Unit {unit: MJy / sr}
#       value: !astropy.table.SerializedColumn {name: BG A2}
#     Knot A:
#       __class__: astropy.units.quantity.Quantity
#       unit: !astropy.units.Unit {unit: MJy / sr}
#       value: !astropy.table.SerializedColumn {name: Knot A}
#     Star:
#       __class__: astropy.units.quantity.Quantity
#       unit: !astropy.units.Unit {unit: MJy / sr}
#       value: !astropy.table.SerializedColumn {name: Star}
#     Wavelength:
#       __class__: astropy.coordinates.spectral_coordinate.SpectralCoord
#       unit: !astropy.units.Unit {unit: micron}
#       value: !astropy.table.SerializedColumn {name: Wavelength}
# schema: astropy-2.0
Wavelength Star "Knot A" "BG A1" "BG A2"
[from data line 524]
12.861250161426142 3014.3919135199653 109.41073926289876 74.51763259039984 91.54961607191298
12.86375016137026 3033.612050374349 106.7570006052653 73.33308961656358 90.23247061835394
12.866250161314381 3043.484617445204 104.90895462036133 75.70897844102647 91.78281741672092
12.868750161258502 3040.600909762912 104.35027821858723 73.05153761969672 92.54119533962674
12.871250161202623 3016.1558634440103 106.79400952657063 74.69160673353407 93.17153676350911
12.873750161146743 3029.7799190945098 105.79110463460286 74.64904848734538 92.86120902167426
12.876250161090864 3025.9754553900825 102.20719909667969 68.93186569213867 92.98952272203233
12.878750161034985 3024.4806009928384 101.31081072489421 70.39233822292752 93.84643300374348
12.881250160979105 3027.9672190348306 103.96892420450847 67.58586692810059 90.67458640204535
12.883750160923226 3004.258734809028 102.65738614400227 69.93392817179362 88.84720823499892
12.886250160867348 2996.37254163954 100.84422492980957 65.23195330301921 85.04334047105577
12.888750160811467 2997.8235880533853 98.84398396809895 66.32224527994792 88.21385765075684
12.891250160755588 3011.8517032199434 100.03396797180176 66.73327657911513 90.29378361172147
12.893750160699708 3016.5494672987197 96.79972076416016 66.1358036465115 88.8213005065918
12.89625016064383 3000.847401936849 97.20122400919597 68.57597796122234 88.23240237765842
12.898750160587952 3015.196543375651 97.46182759602864 71.48354148864746 84.60005760192871
12.90125016053207 3005.3104722764756 95.33822313944499 71.56544091966417 84.68854819403754
12.903750160476193 3049.6536390516494 96.62721633911133 71.75888421800401 89.8698353237576
12.906250160420312 2992.2020212809243 94.35652860005696 73.49377950032552 90.11351267496745
12.908750160364432 2996.158972846137 91.44280052185059 71.65788798862033 85.46025466918945
12.911250160308553 2894.3712107340493 93.21209335327148 70.42872195773654 85.20103412204318
12.913750160252674 2991.594970703125 93.63341967264812 67.99073685540094 85.16100607977972
12.916250160196796 2999.792277018229 94.6292355855306 68.33466360304091 84.60894266764323
12.918750160140915 3013.0433027479385 94.44430478413899 69.36820411682129 88.08171759711371
12.921250160085037 3011.519609239366 93.97964604695638 69.6840091281467 85.09492916531033
12.923750160029156 2979.835159301758 93.26823488871257 72.22743119133844 81.89034271240234
12.926250159973277 2963.5967542860244 92.79874420166016 69.09814961751302 83.17041248745389
12.9287501599174 2992.536085340712 89.59213956197102 65.59586376614041 82.49362013075087
12.931250159861518 2896.974110921224 89.16152826944987 69.79715538024902 80.20766385396321
12.933750159805639 2896.0257415771484 89.88745943705241 67.68029340108235 84.48718685574002
12.93625015974976 2953.661371866862 89.68305778503418 62.584900326199005 86.140564388699
12.93875015969388 2960.103247748481 91.89684613545735 66.03807216220432 83.98588180541992
12.941250159638 2974.328864203559 92.09007517496745 71.89595307244196 85.36943435668945
12.943750159582121 2943.205629136827 88.54355303446452 68.57432513766818 84.5826293097602
12.946250159526244 2959.3992224799263 88.48263231913249 69.60719129774306 82.44767930772569
12.948750159470363 2954.0435960557725 88.63288180033366 68.22988382975261 79.44941393534343
12.951250159414483 2947.0643056233725 88.83584976196289 68.80819002787273 82.6822115580241
12.953750159358604 2981.4017656114365 89.8982327779134 67.2639840443929 84.16461372375488
12.956250159302725 2921.946787516276 88.13399823506673 68.60382652282715 82.44295883178711
12.958750159246847 2972.990673489041 87.49205334981282 70.43654674953885 81.38887172275119
12.961250159190966 2960.6558193630644 86.52467854817708 68.57297579447429 79.24226061503093
12.963750159135088 2956.660580105252 86.41094017028809 68.30010965135362 81.62731912400987
12.966250159079207 2978.5724826388887 88.26370048522949 67.89861869812012 83.8853104909261
12.968750159023328 2977.239303588867 85.21799596150716 74.5357543097602 79.79667070176866
12.971250158967448 2961.443818834093 87.29792213439941 70.12480163574219 80.6908688015408
12.97375015891157 2962.600116305881 86.86004892985027 69.6058292388916 80.96839798821344
12.976250158855692 2944.063266330295 86.49644470214844 69.41295793321397 84.09969011942546
12.97875015879981 2964.3236372205947 88.76121520996094 68.11719046698676 76.37625355190701
12.981250158743931 2944.439227634006 84.81162134806316 68.94934039645725 75.61156527201335
12.983750158688052 2950.508061726888 85.29050191243489 70.45980050828722 81.62352159288194
12.986250158632172 2952.2298041449653 87.21819496154785 68.33478588528104 81.27265972561307
12.988750158576295 2859.457575480143 85.29699770609538 69.66391499837239 83.08121342129178
12.991250158520414 2922.6818491617837 85.39289728800456 70.39792166815863 78.84368239508734
12.993750158464534 2938.9715881347656 84.54796981811523 69.79640430874295 80.2047078874376
12.996250158408655 2946.9062940809463 82.81949869791667 73.50466198391385 82.84286393059625
12.998750158352776 2971.3717142740884 84.27287356058757 71.61885325113933 82.82383113437228
13.001250158296896 2910.9954766167534 86.30715878804524 70.39946873982747 83.35367965698242
13.003750158241017 2948.277179294162 83.13459714253743 68.92101033528645 84.82219314575195
13.00625015818514 2923.963382297092 82.36922073364258 65.29629135131836 82.41881942749023
13.008750158129258 2958.43990749783 81.98873710632324 71.26303736368816 79.19638548956976
13.011250158073379 2984.8355882432725 84.87210591634114 71.4070364634196 78.31487125820584
13.0137501580175 2988.359390258789 83.78551737467448 69.79804759555392 78.69375716315375
13.01625015796162 3024.8248155381943 86.40960756937663 70.89848539564345 79.2125710381402
13.018750157905743 3032.893232557509 84.83022944132487 73.11194864908855 77.8299766116672
13.021250157849861 3056.9085913764106 85.81394831339519 72.3172730339898 82.95388221740723
13.023750157793984 3093.6659088134766 85.56917190551758 74.83117696974013 80.99427371554904
13.026250157738103 3074.995147705078 84.21016184488933 72.44373406304254 84.0595194498698
13.028750157682223 3079.645034790039 84.33623758951823 75.11219215393066 80.66426298353407
13.031250157626344 3068.6072285970054 85.36839040120442 75.4768492380778 83.49306466844347
13.033750157570465 3091.1421983506943 84.89258003234863 74.89656511942546 81.50051667955186
13.036250157514585 3125.349116007487 84.05384826660156 73.12849299112956 81.83518155415852
13.038750157458706 3094.1390669080947 86.02035522460938 73.20438596937392 84.9294473859999
13.041250157402827 3113.298890855577 83.96654446919759 72.42215410868327 82.48872629801433
13.043750157346947 3108.5794779459634 85.89252535502116 72.47089216444228 83.7140924665663
13.046250157291068 3095.0769246419272 84.69861793518066 72.45611063639323 84.97491963704427
13.04875015723519 3110.903469509549 84.05047416687012 73.1862678527832 80.5654256608751
13.05125015717931 3108.145494249132 85.23001670837402 74.54153887430827 82.8059024810791
13.05375015712343 3091.6073065863716 86.26006444295247 74.40732680426703 81.64504051208496
13.05625015706755 3086.8449435763887 84.19858423868816 71.99265268113878 81.64925765991211
13.058750157011671 3084.8753017849394 83.54123179117839 78.13702943589952 83.07699627346463
13.061250156955793 3075.0153452555337 81.24389902750652 72.85290336608887 87.40161620246039
13.063750156899912 3012.159132215712 81.27050463358562 72.26672999064128 83.43089379204645
13.066250156844035 3054.099900987413 84.24184036254883 72.43075137668185 81.88018883599176
13.068750156788154 3001.624332004123 81.40725199381511 70.62916819254558 80.23249371846516
13.071250156732274 2979.6414455837676 81.89277076721191 72.8393440246582 85.04208183288574
13.073750156676395 2975.971718682183 80.48610432942708 75.79673173692491 77.94673813713922
13.076250156620516 2948.372314453125 78.61837323506673 73.10932562086317 80.80704689025879
13.078750156564638 2970.2173580593535 79.64705721537273 73.31064330206976 83.49988640679254
13.081250156508757 2924.3116132948135 76.78633562723796 75.03258726331923 82.20379151238336
13.083750156452878 2947.4275783962676 80.9697437286377 74.37579133775499 82.66103023952908
13.086250156396998 2952.924034966363 80.8660322825114 86.57581732008192 81.37462997436523
13.088750156341119 2904.256284925673 79.37489636739095 77.21339289347331 80.08440166049533
13.091250156285241 2933.3723025851777 81.42149289449056 71.97211901346843 81.83976088629828
13.09375015622936 2921.5932006835938 80.87069829305013 74.25321600172255 79.3529504140218
13.09625015617348 2962.275621202257 79.86554718017578 74.16148800320096 78.54978370666504
13.098750156117601 2948.809297349718 81.6538314819336 72.84719933403863 80.37054909600153
13.101250156061722 2949.4652625189888 81.48922538757324 76.39397472805447 82.94696447584364
13.103750156005843 2981.4374423556856 82.2829195658366 78.08731015523274 80.1906435224745
13.106250155949963 3011.155305650499 81.89267094930013 77.831115298801 83.53724733988444
13.108750155894086 3027.169621785482 80.33528073628743 76.76086892022028 87.55113177829318
13.111250155838205 3091.427536010742 83.13844744364421 77.38644409179688 86.05388598971896
13.113750155782325 3185.8363359239365 83.54615465799968 76.08456420898438 85.11384561326769
13.116250155726446 3225.536156548394 84.72159830729167 80.35867712232802 87.06979454888238
13.118750155670567 3264.62308078342 82.27996190388997 79.0285570356581 91.30463960435655
13.121250155614689 3318.8724890814888 82.61889012654622 79.09173329671223 92.7926779852973
13.123750155558808 3352.725068834093 80.29322369893391 76.60007434421115 90.65497631496854
13.12625015550293 3355.329110039605 79.8276875813802 81.91975784301758 89.34663984510634
13.12875015544705 3375.992251925998 83.10776074727376 79.27786382039388 86.58850246005588
13.13125015539117 3324.6649220784507 82.70296541849773 73.48174476623535 86.24397574530707
13.13375015533529 3292.600421481662 81.94272232055664 79.0864683787028 85.05963791741266
13.136250155279411 3303.255071004232 83.38210678100586 74.12959120008681 90.89690377977159
13.138750155223532 3212.3937004937065 83.74821853637695 77.38577800326877 89.5644022623698
13.141250155167652 3191.4371897379556 81.45984077453613 76.52883063422308 86.28673532274034
13.143750155111773 3161.531019422743 80.94287172953288 74.06265364752875 86.67311308119032
13.146250155055894 3075.6165483262803 79.30468050638835 73.46782875061035 85.44167243109808
13.148750155000014 3074.3721872965493 77.82288297017415 74.62497584025066 83.52226554022894
13.151250154944137 3036.980712890625 75.61136627197266 69.70024405585394 83.59621408250597
13.153750154888256 3013.17482164171 79.16804059346516 74.72596083747015 81.28658930460612
13.156250154832376 3025.9000803629556 80.01836013793945 76.73497284783258 75.26013882954915
13.158750154776497 3001.26173570421 77.70339838663737 76.21658982170953 83.91025585598416
13.161250154720618 3013.53121609158 79.72058232625325 76.37123892042372 80.14644855923123
13.163750154664738 3013.7515835232207 80.54464340209961 74.35490629408095 79.6901011996799
13.166250154608859 3049.445832994249 80.27680778503418 71.76279491848416 79.9808906979031
13.168750154552981 3064.457700941298 80.3680305480957 71.30167643229167 82.77113787333171
13.1712501544971 3119.8094024658203 77.57294909159343 70.60060861375597 85.99096891615126
13.17375015444122 3134.8510233561196 81.5614554087321 71.7248289320204 83.95902845594618
13.176250154385341 3136.0946434868706 79.52459081013997 71.23747825622559 83.13231998019748
13.178750154329462 3157.3675537109375 81.08755493164062 76.7127176920573 80.2411494784885
13.181250154273584 3193.339324951172 79.53180694580078 79.10940212673611 83.619386461046
13.183750154217703 3185.5444454616973 74.78581237792969 72.04088083902995 85.52368460761176
13.186250154161824 3217.3005811903213 79.13266563415527 72.3557857937283 86.51941680908203
13.188750154105945 3191.2952423095703 77.21380615234375 69.95705710517035 84.84773847791884
13.191250154050065 3185.3824055989585 76.62936337788899 73.20649698045519 83.66031689114041
13.193750153994188 3212.799167209201 82.24656740824382 80.91088824801975 83.49208810594347
13.196250153938307 3181.0899200439453 89.09698486328125 79.24432033962674 92.72220653957791
13.198750153882427 3191.145229763455 81.17164993286133 70.11464394463434 88.68418057759602
13.201250153826548 3187.963787502713 81.93025779724121 72.94351196289062 85.56301540798611
13.203750153770669 3105.59156121148 78.49438540140788 72.02637227376302 85.03931596544054
13.20625015371479 3152.628195868598 76.94819196065266 70.13788922627766 85.55762142605252
13.20875015365891 3118.475017971463 78.44312222798665 74.6775771247016 83.32338163587782
13.211250153603032 3106.453130086263 80.42843437194824 71.14884567260742 83.72724321153429
13.213750153547151 3097.052247789171 79.95303471883138 73.5797479417589 84.65339236789279
13.216250153491272 3050.399203830295 76.4050661722819 67.26117939419217 78.18502934773763
13.218750153435392 3028.1524912516275 75.70708592732747 65.86133914523654 80.43437300788031
13.221250153379513 2999.8314158121743 73.65857124328613 71.19060961405437 83.11458545260959
13.223750153323635 2970.510284423828 75.4163049062093 71.44105953640408 80.82849968804254
13.226250153267754 2985.9537387424043 77.19964281717937 67.52187220255534 82.67756017049153
13.228750153211877 2967.589024861654 76.88125419616699 70.05586751302083 81.0884575313992
13.231250153155996 2956.932856241862 77.09456443786621 68.47505230373807 83.81015057033963
13.233750153100116 2972.0249616834853 76.52640024820964 73.22849655151367 78.85441398620605
13.236250153044237 2957.8807390001084 77.14010111490886 70.89937655131023 84.84044922722711
13.238750152988358 2963.432391696506 77.30087280273438 75.02918370564778 81.62221421135797
13.24125015293248 2957.884728325738 77.47317123413086 74.49979591369629 79.67214732699924
13.243750152876599 2956.45802476671 76.22879854838054 66.86100599500868 89.31284056769476
13.24625015282072 2957.7752499050566 75.38845189412434 78.34509785970052 86.40605756971571
13.24875015276484 2958.8472968207466 73.51598421732585 70.79124238755968 86.95105573866103
13.25125015270896 2937.6253746880425 76.55232429504395 69.29324828253851 86.37543148464627
13.253750152653083 2916.9314982096353 75.66056124369304 65.42076958550348 90.79315439860027
13.256250152597202 2901.3944634331597 73.16790453592937 67.69206661648221 87.97722837660048
13.258750152541323 2907.947903103299 75.99341328938802 68.82295354207356 85.79252900017633
13.261250152485443 2871.7400936550566 73.19788424173991 68.60901196797688 87.6488299899631
13.263750152429564 2864.4280310736763 73.24043210347493 64.63265546162923 82.43409813774957
13.266250152373685 2873.2044050428603 74.8979860941569 64.03879165649414 81.40220324198405
13.268750152317805 2871.742194281684 72.66053454081218 60.03295792473687 79.72571394178603
13.271250152261928 2887.9329969618057 76.56620788574219 68.68518956502278 83.05570729573567
13.273750152206047 2889.2778845893013 73.29525566101074 65.62881088256836 89.24082734849718
13.276250152150167 2889.7088877360025 75.00922966003418 66.57361623975966 86.56000963846843
13.278750152094288 2893.156061808268 75.62421035766602 67.68249426947699 81.25888442993164
13.281250152038409 2798.462449815538 75.15085983276367 67.91296068827312 82.7765532599555
13.283750151982531 2894.572779337565 73.9831937154134 64.02833790249295 80.92983309427898
13.28625015192665 2908.804996066623 74.02772521972656 64.4450494978163 79.07832145690918
13.288750151870772 2896.4610765245225 77.17122713724773 63.888810051812065 78.29805776807997
13.291250151814891 2865.0609673394097 74.3923454284668 67.02066654629178 83.38426759507921
13.293750151759012 2890.248260498047 72.97718175252278 66.09343634711371 86.17189746432834
13.296250151703132 2881.5259704589844 76.52947362263997 63.266119215223526 80.03539170159235
