m1-67/data/jwst-miri-mrs/wr124-miri-mrs-ch3-star-full-spectrum.ecsv
# %ECSV 1.0
# ---
# datatype:
# - {name: Wavelength, unit: micron, datatype: float64}
# - {name: Intensity, datatype: float64}
# meta: !!omap
# - __serialized_columns__:
#     Wavelength:
#       __class__: astropy.units.quantity.Quantity
#       unit: !astropy.units.Unit {unit: micron}
#       value: !astropy.table.SerializedColumn {name: Wavelength}
# schema: astropy-2.0
Wavelength Intensity
[from data line 1293]
14.783750118454916 3342.4754813058034
14.786250118399037 3347.4020472935267
14.788750118343158 3355.0216761997767
14.791250118287278 3370.954678126744
14.793750118231399 3382.651903424944
14.79625011817552 3390.4609538487025
14.79875011811964 3405.9303883143834
14.801250118063761 3413.522080557687
14.803750118007882 3424.3546916416713
14.806250117952002 3441.7475923810684
14.808750117896123 3445.870836530413
14.811250117840244 3460.896038600377
14.813750117784364 3462.187100001744
14.816250117728485 3465.0284641810827
14.818750117672607 3467.865236554827
14.821250117616726 3466.057309831892
14.823750117560847 3463.4856545584544
14.826250117504967 3464.167454310826
14.828750117449088 3458.2112753731863
14.831250117393209 3444.9268232073105
14.83375011733733 3435.3819155011856
14.83625011728145 3422.760977608817
14.83875011722557 3417.3191441127233
14.841250117169691 3407.969009399414
14.843750117113812 3402.472680228097
14.846250117057933 3396.394859313965
14.848750117002053 3394.229993547712
14.851250116946174 3389.885385785784
14.853750116890295 3385.151524135045
14.856250116834415 3379.9221442086355
14.858750116778536 3373.796552385603
14.861250116722658 3368.4186052594864
14.863750116666777 3366.8208258492605
14.866250116610898 3368.434797014509
14.868750116555018 3368.4585702078684
14.871250116499139 3368.0428194318497
14.873750116443258 3365.1108986990794
14.87625011638738 3360.3629302978516
14.878750116331503 3359.599573407854
14.881250116275622 3362.8204716273717
14.883750116219742 3357.819474356515
14.886250116163863 3354.3539297921316
14.888750116107984 3362.6818411690847
14.891250116052104 3365.9343011038645
14.893750115996225 3361.497059413365
14.896250115940346 3362.3718599591934
14.898750115884466 3361.2385896955216
14.901250115828587 3367.4011197771347
14.903750115772707 3366.181462969099
14.906250115716828 3370.6877495901927
14.908750115660949 3376.032516479492
14.91125011560507 3378.6775436401367
14.91375011554919 3383.4627620152064
14.91625011549331 3391.7729088919505
14.918750115437431 3400.0414701189316
14.921250115381554 3407.882207598005
14.923750115325673 3415.498366219657
14.926250115269793 3424.154015677316
14.928750115213914 3451.5738765171595
14.931250115158035 3480.543026515416
14.933750115102155 3509.7750353131973
14.936250115046276 3530.2618822370255
14.938750114990398 3573.846164158412
14.941250114934517 3621.1151014055527
14.943750114878638 3675.1702575683594
14.946250114822758 3712.996056692941
14.948750114766879 3737.993445260184
14.951250114711 3754.803192138672
14.95375011465512 3775.9154292515345
14.956250114599241 3787.6523088727677
14.958750114543362 3792.8368072509766
14.961250114487482 3793.519300188337
14.963750114431603 3793.1065913609095
14.966250114375724 3794.7146889822825
14.968750114319844 3789.4225420270645
14.971250114263965 3786.9686148507253
14.973750114208086 3781.790071759905
14.976250114152204 3770.393327985491
14.978750114096327 3762.540313720703
14.98125011404045 3743.480760846819
14.983750113984568 3718.0861195155553
14.986250113928689 3700.2993174961634
14.98875011387281 3659.6023755754745
14.99125011381693 3611.98301587786
14.99375011376105 3570.002296447754
14.996250113705171 3531.4209333147323
14.998750113649292 3484.0962099347794
15.001250113593413 3456.6709431239537
15.003750113537533 3429.525459289551
15.006250113481654 3412.766499110631
15.008750113425775 3396.349985395159
15.011250113369895 3377.179082598005
15.013750113314016 3366.706063406808
15.016250113258137 3359.1394293648855
15.018750113202257 3351.1370173863
15.021250113146378 3343.897793361119
15.0237501130905 3335.7399706159317
15.026250113034619 3335.764979771205
15.02875011297874 3328.9471762520925
15.03125011292286 3326.386742728097
15.033750112866981 3321.955916268485
15.0362501128111 3318.138958522252
15.038750112755222 3314.436065673828
15.041250112699345 3305.3938478742325
15.043750112643464 3307.0353884015763
15.046250112587584 3314.953056335449
15.048750112531705 3307.886667524065
15.051250112475826 3302.044593811035
15.053750112419946 3296.7436621529714
15.056250112364067 3294.7785568237305
15.058750112308187 3291.340895516532
15.061250112252308 3287.9573407854355
15.063750112196429 3288.8735602242605
15.06625011214055 3288.2801088605606
15.06875011208467 3284.379753112793
15.07125011202879 3279.884778703962
15.073750111972911 3277.777515956334
15.076250111917032 3277.8220291137695
15.07875011186115 3277.2545144217356
15.081250111805273 3278.444279261998
15.083750111749396 3283.3650763375417
15.086250111693515 3283.2888652256556
15.088750111637635 3285.7255804879323
15.091250111581756 3282.380168369838
15.093750111525877 3280.4378291538783
15.096250111469997 3279.3084564208984
15.098750111414118 3281.4171229771205
15.101250111358238 3283.5401894705637
15.10375011130236 3287.28333064488
15.10625011124648 3287.9570802961075
15.1087501111906 3290.8374557495117
15.111250111134721 3292.6456178937638
15.113750111078842 3292.035581316267
15.116250111022962 3294.6582129342214
15.118750110967083 3294.050106593541
15.121250110911204 3301.463860648019
15.123750110855324 3304.877353123256
15.126250110799445 3304.4771423339844
15.128750110743566 3302.3278666904994
15.131250110687686 3296.2312393188477
15.133750110631807 3297.470845903669
15.136250110575928 3299.0489654541016
15.138750110520046 3295.532998221261
15.141250110464169 3291.42108808245
15.143750110408291 3295.7668162754603
15.14625011035241 3293.6411121913366
15.14875011029653 3294.109848022461
15.151250110240651 3291.9870681762695
15.153750110184772 3291.1968329293386
15.156250110128893 3288.9977580479213
15.158750110073013 3291.6437192644394
15.161250110017134 3289.4458203996933
15.163750109961255 3300.700940813337
15.166250109905375 3309.0011106218612
15.168750109849496 3310.682465689523
15.171250109793617 3317.023556300572
15.173750109737737 3324.309702192034
15.176250109681858 3342.7916379656112
15.178750109625978 3349.576733180455
15.1812501095701 3358.130656651088
15.18375010951422 3364.5671833583287
15.186250109458342 3374.2527476719447
15.188750109402461 3391.817111424037
15.191250109346582 3397.070066179548
15.193750109290702 3399.9522617885045
15.196250109234823 3409.0478515625
15.198750109178942 3414.0229208809988
15.201250109123064 3414.6452713012695
15.203750109067185 3419.1345465523855
15.206250109011306 3424.5607768467494
15.208750108955426 3422.7684936523438
15.211250108899547 3415.914016723633
15.213750108843668 3404.58672114781
15.216250108787788 3395.6409399850027
15.218750108731909 3390.9843314034597
15.22125010867603 3387.4885602678573
15.22375010862015 3382.6090218680247
15.22625010856427 3358.717442103795
15.228750108508391 3356.7893981933594
15.231250108452512 3352.37062726702
15.233750108396633 3345.174791608538
15.236250108340753 3330.4380972726003
15.238750108284874 3324.216447012765
15.241250108228993 3314.850108555385
15.243750108173115 3312.781606401716
15.246250108117238 3299.473117283412
15.248750108061357 3287.1690608433314
15.251250108005477 3283.7225298200333
15.253750107949598 3281.0792955671036
15.256250107893718 3278.249602181571
15.25875010783784 3270.1528418404714
15.26125010778196 3267.9253398350306
15.263750107726082 3271.891905648368
15.2662501076702 3272.125216892787
15.268750107614322 3270.87196459089
15.271250107558442 3263.975249154227
15.273750107502561 3261.9778213500977
15.276250107446684 3262.6163744245255
15.278750107390804 3264.7914058140345
15.281250107334927 3262.3574251447403
15.283750107279044 3262.6955511910573
15.286250107223166 3270.91493334089
15.288750107167287 3269.0369753156388
15.291250107111406 3270.4467784336634
15.293750107055528 3259.2026465279714
15.296250106999649 3258.466351100377
15.298750106943771 3260.0698645455495
15.301250106887888 3263.691240583147
15.30375010683201 3261.3361892700195
15.306250106776133 3256.0289993286133
15.30875010672025 3255.175033569336
15.311250106664373 3257.7075097220286
15.313750106608493 3252.139621189662
15.316250106552616 3242.442840576172
15.318750106496735 3240.0903124128067
15.321250106440855 3241.5142495291575
15.323750106384978 3243.9980970110214
15.326250106329095 3245.3378143310547
15.328750106273217 3238.1528549194336
15.331250106217338 3228.2896041870117
15.33375010616146 3223.887622288295
15.33625010610558 3225.0916148594447
15.3387501060497 3224.452986580985
15.341250105993822 3216.6575382777623
15.34375010593794 3215.8271364484513
15.346250105882062 3217.4310989379883
15.348750105826184 3220.090439932687
15.351250105770301 3216.9136210850306
15.353750105714424 3212.570195879255
15.356250105658544 3216.0586471557617
15.358750105602663 3221.330180576869
15.361250105546784 3227.254680088588
15.363750105490906 3226.7127271379745
15.366250105435029 3229.0585294451034
15.36875010537915 3231.745388575963
15.371250105323268 3232.2077516828263
15.373750105267389 3237.218873160226
15.376250105211508 3235.5496052333287
15.37875010515563 3236.042278834752
15.38125010509975 3240.7959191458567
15.383750105043873 3248.787964957101
15.38625010498799 3266.163206917899
15.388750104932113 3266.046441214425
15.391250104876233 3267.1071003505162
15.393750104820352 3262.65690939767
15.396250104764475 3261.5050114222936
15.398750104708595 3258.0028032575333
15.401250104652718 3251.2692903791153
15.403750104596835 3247.708348955427
15.406250104540957 3245.793417794364
15.40875010448508 3239.519671848842
15.411250104429197 3235.5194571358816
15.41375010437332 3236.7828739711217
15.41625010431744 3238.7084285191127
15.418750104261562 3237.3651362827845
15.421250104205681 3237.535357883998
15.423750104149802 3236.1226828438894
15.426250104093924 3235.311490740095
15.428750104038041 3233.6667556762695
15.431250103982164 3231.9882104056223
15.433750103926284 3231.545539855957
15.436250103870407 3240.9579587663925
15.438750103814526 3252.261414664132
15.441250103758646 3255.8206329345703
15.443750103702765 3263.5626046316966
15.446250103646886 3270.6914269583567
15.448750103591008 3273.465757097517
15.451250103535129 3276.0942589896067
15.453750103479251 3284.0265459333145
15.45625010342337 3285.968937465123
15.45875010336749 3293.270034790039
15.46125010331161 3300.0370265415736
15.46375010325573 3307.374566214425
15.466250103199853 3308.262913295201
15.468750103143975 3307.8860909598216
15.471250103088096 3306.472405569894
15.473750103032215 3305.845201764788
15.476250102976335 3308.9220341273717
15.478750102920454 3304.686484200614
15.481250102864577 3302.1900068010605
15.483750102808697 3299.3751395089284
15.48625010275282 3287.7686157226562
15.488750102696937 3283.811490740095
15.49125010264106 3277.324640546526
15.49375010258518 3266.4463893345423
15.496250102529299 3260.133746555873
15.498750102473421 3252.7284295218333
15.501250102417542 3249.304045540946
15.503750102361664 3247.60423714774
15.506250102305781 3246.2049931117467
15.508750102249904 3249.3512268066406
15.511250102194026 3254.776915413993
15.513750102138143 3257.094279697963
15.516250102082266 3262.365095955985
15.518750102026386 3269.8475450788223
15.521250101970509 3276.636766706194
15.523750101914626 3288.246609279088
15.526250101858748 3312.7198911394394
15.52875010180287 3335.0734274727956
15.531250101746988 3364.8150416782923
15.53375010169111 3403.263907296317
15.53625010163523 3434.451521737235
15.538750101579353 3466.7970014299667
15.541250101523472 3488.6816547938756
15.543750101467593 3499.5107945033483
15.546250101411712 3505.3967481340683
15.548750101355832 3512.673210144043
15.551250101299955 3515.076115199498
15.553750101244075 3518.624803815569
15.556250101188198 3523.0941445486887
15.558750101132317 3526.918195452009
15.561250101076437 3531.0948224748886
15.563750101020556 3532.7955453055247
15.566250100964677 3532.489484514509
15.5687501009088 3527.4978921072825
15.571250100852922 3523.547441755022
15.573750100797042 3514.7066050938197
15.576250100741161 3490.4938768659317
15.578750100685282 3473.484582083566
15.5812501006294 3468.98206111363
15.583750100573523 3459.822855268206
15.586250100517644 3444.499783107213
15.588750100461766 3427.4992327008927
15.591250100405883 3410.8990652901784
15.593750100350006 3378.0697838919505
15.596250100294126 3332.611967904227
15.598750100238245 3296.331824166434
15.601250100182368 3266.7710920061386
15.603750100126488 3254.095754350935
15.60625010007061 3246.8998532976425
15.608750100014728 3238.13854435512
15.61125009995885 3226.885850088937
15.61375009990297 3219.3004433768137
15.61625009984709 3210.311164855957
15.618750099791212 3201.068328857422
15.621250099735333 3195.623980930873
15.623750099679455 3187.4526955740794
15.626250099623572 3191.599380493164
15.628750099567695 3186.753496442522
15.631250099511817 3181.270505632673
15.633750099455934 3179.3676834106445
15.636250099400057 3175.1166556222097
15.638750099344177 3175.530303955078
15.6412500992883 3171.945725577218
15.643750099232419 3169.4681843348912
15.64625009917654 3164.8847252982005
15.648750099120658 3160.0954644339427
15.651250099064779 3160.044602530343
15.653750099008901 3153.332838875907
15.656250098953022 3150.6841201782227
15.658750098897144 3145.6414816720144
15.661250098841263 3146.724392482213
15.663750098785384 3149.5864552089147
15.666250098729503 3152.784972054618
15.668750098673623 3146.2266071864537
15.671250098617746 3151.5688040597097
15.673750098561868 3151.956823076521
15.676250098505989 3149.6518848964147
15.678750098450108 3148.8411080496653
15.681250098394228 3148.8888953072683
15.683750098338347 3149.119961329869
15.68625009828247 3148.0592106410436
15.68875009822659 3143.8875645228795
15.691250098170713 3140.7337515694753
15.69375009811483 3138.6447143554688
15.696250098058952 3134.519801548549
15.698750098003073 3136.621359688895
15.701250097947192 3137.377408708845
15.703750097891314 3131.36844090053
15.706250097835435 3133.5515725272044
15.708750097779557 3135.6182403564453
15.711250097723674 3132.157545907157
15.713750097667797 3130.0721762520925
15.716250097611917 3129.68221282959
15.718750097556036 3124.678162711007
15.721250097500159 3122.633168901716
15.72375009744428 3115.5223410470144
15.726250097388402 3109.7014803205216
15.728750097332519 3112.069648742676
15.731250097276641 3112.435905456543
15.733750097220764 3106.4489364624023
15.73625009716488 3101.7339641026088
15.738750097109003 3102.035342625209
15.741250097053124 3104.9108145577566
15.743750096997246 3103.9543119158066
15.746250096941365 3102.3823427472794
15.748750096885486 3096.868639264788
15.751250096829608 3107.199205671038
15.753750096773725 3111.070343017578
15.756250096717848 3109.078444344657
15.758750096661968 3110.93688419887
15.76125009660609 3114.166756766183
15.76375009655021 3119.3586240495956
15.76625009649433 3124.852699279785
15.768750096438449 3123.0248576572963
15.77125009638257 3120.4541266305105
15.773750096326692 3126.298801967076
15.776250096270815 3139.776224408831
15.778750096214935 3149.5550122942245
15.781250096159054 3155.425853184291
15.783750096103175 3167.862711225237
15.786250096047294 3175.9216123308456
15.788750095991414 3195.283082144601
15.791250095935537 3206.906105041504
15.793750095879659 3212.9703674316406
15.796250095823776 3223.7270159040177
15.798750095767899 3236.1271198817662
15.80125009571202 3251.5201699393137
15.803750095656138 3264.43731035505
15.80625009560026 3269.243368966239
15.808750095544381 3272.6567568097794
15.811250095488504 3281.703250340053
15.81375009543262 3291.9729559762136
15.816250095376743 3294.2887976510183
15.818750095320864 3293.795736040388
15.821250095264983 3301.4873144967214
15.823750095209105 3303.908495221819
15.826250095153226 3305.976538521903
15.828750095097348 3295.259134565081
15.831250095041465 3288.947175162179
15.833750094985588 3278.3363102504186
15.83625009492971 3276.6721736363
15.838750094873827 3258.5941009521484
15.84125009481795 3244.1015101841517
15.84375009476207 3237.5009111676895
15.846250094706193 3227.2782004220144
15.848750094650311 3215.6832972935267
15.851250094594432 3208.0467856270925
