m1-67/data/jwst-miri-mrs/wr124-miri-mrs-ch2-star-line-spectrum.ecsv
# %ECSV 1.0
# ---
# datatype:
# - {name: Wavelength, unit: micron, datatype: float64}
# - {name: Intensity, datatype: float64}
# meta: !!omap
# - __serialized_columns__:
#     Wavelength:
#       __class__: astropy.units.quantity.Quantity
#       unit: !astropy.units.Unit {unit: micron}
#       value: !astropy.table.SerializedColumn {name: Wavelength}
# schema: astropy-2.0
Wavelength Intensity
[from data line 1770]
9.81165023514768 144.0510050455729
9.812950235151218 142.82502237955728
9.814250235154757 173.60376993815103
9.815550235158296 188.90787760416666
9.816850235161835 199.6786905924479
9.818150235165374 219.75285847981772
9.819450235168913 286.79297892252606
9.820750235172452 340.3318379720052
9.822050235175993 398.5254211425781
9.82335023517953 437.30897013346356
9.82465023518307 447.06935628255206
9.825950235186609 475.5038655598958
9.827250235190148 492.6767578125
9.828550235193687 503.69640096028644
9.829850235197226 524.9501342773438
9.831150235200765 551.5248209635416
9.832450235204304 587.8444213867188
9.833750235207843 649.981923421224
9.835050235211384 738.9170532226562
9.83635023521492 792.8741760253906
9.83765023521846 845.5575154622396
9.838950235222 948.4403991699219
9.840250235225538 1061.7513529459636
9.841550235229077 1120.3812154134114
9.842850235232616 1162.5918884277344
9.844150235236155 1217.2444661458333
9.845450235239694 1259.9535115559895
9.846750235243233 1286.0821329752605
9.848050235246772 1300.401590983073
9.849350235250311 1297.2123413085938
9.85065023525385 1306.3466186523438
9.85195023525739 1310.3709513346355
9.853250235260928 1312.3351440429688
9.854550235264467 1309.6259155273438
9.855850235268008 1252.2685139973958
9.857150235271545 1193.2999776204426
9.858450235275084 1136.7151794433594
9.859750235278623 1042.2576497395833
9.861050235282162 951.6003214518229
9.862350235285701 896.33642578125
9.86365023528924 844.9467468261719
9.86495023529278 771.0832010904948
9.866250235296318 750.7509562174479
9.867550235299857 728.9837137858073
9.868850235303398 708.409434000651
9.870150235306935 682.0834554036459
9.871450235310474 640.1610819498698
9.872750235314014 607.6682535807291
9.874050235317553 561.2949930826823
9.875350235321092 531.3641560872396
9.87665023532463 508.6158955891927
9.87795023532817 484.55332438151044
9.879250235331709 470.39207967122394
9.880550235335248 427.52695719401044
9.881850235338788 396.92352294921875
9.883150235342326 351.4047444661458
9.884450235345865 329.7922770182292
9.885750235349406 273.027587890625
9.887050235352943 240.2241007486979
9.888350235356482 219.69442749023438
9.88965023536002 199.33516438802084
9.89095023536356 194.40629069010416
9.892250235367099 187.16841634114584
9.893550235370638 193.77304077148438
9.894850235374177 203.77120971679688
9.896150235377716 201.99151611328125
9.897450235381255 207.44722493489584
9.898750235384796 227.45976765950522
9.900050235388333 206.06503295898438
9.901350235391872 198.4927978515625
9.902650235395411 201.70207722981772
9.90395023539895 200.05874633789062
9.90525023540249 204.2854207356771
9.906550235406028 214.0353800455729
9.907850235409567 225.41178385416666
9.909150235413106 230.73804728190103
9.910450235416645 255.60985310872397
9.911750235420184 235.96760050455728
9.913050235423723 210.16390991210938
9.914350235427262 176.66842651367188
9.915650235430803 166.03119913736978
9.91695023543434 164.39407348632812
9.91825023543788 162.43925984700522
9.919550235441418 168.4319864908854
9.920850235444957 165.09253946940103
9.922150235448497 175.12944539388022
9.923450235452036 212.46131388346353
9.924750235455575 255.18510945638022
9.926050235459114 270.55284627278644
9.927350235462653 282.2470194498698
9.928650235466193 299.0302022298177
9.92995023546973 317.50657145182294
9.93125023547327 319.8465881347656
9.93255023547681 321.08397420247394
9.933850235480348 334.4861145019531
9.935150235483887 340.76305135091144
9.936450235487426 341.76048787434894
9.937750235490965 352.0218811035156
9.939050235494504 342.91612752278644
9.940350235498043 324.8795471191406
9.941650235501582 318.48985799153644
9.942950235505121 314.6096598307292
9.94425023550866 260.89963785807294
9.9455502355122 235.5647989908854
9.946850235515738 228.93628946940103
9.948150235519277 226.78966267903647
9.949450235522816 222.61982218424478
9.950750235526355 215.78571573893228
9.952050235529894 216.45299275716147
9.953350235533433 220.99095662434897
9.954650235536972 250.59158325195312
9.955950235540511 264.8515116373698
9.95725023554405 282.0781656901042
9.95855023554759 303.4471435546875
9.959850235551128 308.26378377278644
9.961150235554667 321.8028055826823
9.962450235558208 333.11899820963544
9.963750235561745 339.3134460449219
9.965050235565284 332.75169881184894
9.966350235568823 335.692138671875
9.967650235572362 335.6291910807292
9.968950235575901 339.27001953125
9.97025023557944 330.46555582682294
9.97155023558298 297.6152750651042
9.972850235586519 274.14353434244794
9.974150235590058 250.53385416666666
9.975450235593598 243.41685994466147
9.976750235597136 241.58214314778647
9.978050235600675 241.46975708007812
9.979350235604215 229.92475382486978
9.980650235607753 219.7409464518229
9.981950235611292 219.6468302408854
9.98325023561483 223.83855183919272
9.98455023561837 244.07401529947916
9.985850235621909 273.44927978515625
9.987150235625448 269.32562255859375
9.988450235628987 275.92991129557294
9.989750235632526 310.40977986653644
9.991050235636065 317.26662190755206
9.992350235639606 316.2434590657552
9.993650235643143 322.66651407877606
9.994950235646682 349.6729329427083
9.996250235650221 367.57851155598956
9.99755023565376 373.32989501953125
9.998850235657299 379.1458028157552
10.000150235660838 366.95118204752606
10.001450235664377 301.63011678059894
10.002750235667916 214.48796590169272
10.004050235671455 182.68862915039062
10.005350235674994 143.04745483398438
10.006650235678533 114.47352091471355
10.007950235682072 118.57998657226562
10.009250235685613 118.30619303385417
10.01055023568915 119.05130004882812
10.01185023569269 113.73947143554688
10.013150235696228 116.1336669921875
10.014450235699767 122.8147684733073
10.015750235703306 114.73633829752605
10.017050235706845 172.10903930664062
10.018350235710384 178.45561726888022
10.019650235713922 177.9949951171875
10.020950235717462 193.22273763020834
10.022250235721003 194.80013020833334
10.02355023572454 215.127685546875
10.02485023572808 233.82535807291666
10.026150235731619 239.95849609375
10.027450235735158 235.79679361979166
10.028750235738697 240.84822591145834
10.030050235742236 239.23189290364584
10.031350235745775 220.43770345052084
10.032650235749314 204.8055623372396
10.033950235752853 193.3297322591146
10.035250235756392 189.4288533528646
10.03655023575993 175.93316650390625
10.03785023576347 182.95562744140625
10.03915023576701 180.00836181640625
10.040450235770548 171.26557413736978
10.041750235774087 166.6686808268229
10.043050235777626 157.70468139648438
10.044350235781165 161.72836303710938
10.045650235784704 176.69353230794272
10.046950235788243 199.30252075195312
10.048250235791782 218.50212605794272
10.049550235795321 217.15717569986978
10.05085023579886 225.13603719075522
10.052150235802399 229.86591593424478
10.053450235805938 235.48684692382812
10.054750235809477 241.43264770507812
10.056050235813018 242.53125
10.057350235816555 257.3297119140625
10.058650235820094 256.2051696777344
10.059950235823633 249.56731160481772
10.061250235827172 230.27855428059897
10.062550235830711 204.60794067382812
10.06385023583425 174.01632690429688
10.06515023583779 172.25658162434897
10.066450235841327 172.36294555664062
10.067750235844867 165.65116373697916
10.069050235848408 161.66224161783853
10.070350235851945 171.00189208984375
10.071650235855484 150.52810668945312
10.072950235859023 124.89200846354167
10.074250235862563 122.99163818359375
10.075550235866102 119.72273763020833
10.07685023586964 124.1920878092448
10.07815023587318 152.03514607747397
10.079450235876719 176.33748372395834
10.080750235880258 199.86408487955728
10.082050235883797 200.35713704427084
10.083350235887336 202.36231486002603
10.084650235890875 220.57328287760416
10.085950235894416 230.3526611328125
10.087250235897953 235.99982706705728
10.088550235901492 237.40218098958334
10.08985023590503 247.0374552408854
10.09115023590857 246.73028564453125
10.092450235912109 248.0187784830729
10.093750235915648 247.6480509440104
10.095050235919187 232.782470703125
10.096350235922726 223.05826822916666
10.097650235926265 221.6286824544271
10.098950235929804 217.3245646158854
10.100250235933343 206.8579305013021
10.101550235936882 191.26920572916666
10.102850235940423 185.6959228515625
10.10415023594396 186.5191446940104
10.1054502359475 193.02412923177084
10.106750235951038 211.50210571289062
10.108050235954577 212.26741536458334
10.109350235958116 209.05209350585938
10.110650235961655 207.2374267578125
10.111950235965194 218.96298217773438
10.113250235968732 222.53510538736978
10.114550235972272 228.63819376627603
10.115850235975813 234.24290974934897
10.11715023597935 235.04790242513022
10.11845023598289 246.20496622721353
10.119750235986428 238.71591186523438
10.121050235989967 247.89728800455728
10.122350235993506 237.40835571289062
10.123650235997045 222.92621866861978
10.124950236000585 214.30899047851562
10.126250236004124 208.50230916341147
10.127550236007663 196.86866251627603
10.128850236011202 188.11868286132812
10.13015023601474 170.50831095377603
10.13145023601828 163.75554402669272
10.13275023602182 153.97095743815103
10.134050236025358 152.45274861653647
10.135350236028897 149.74012247721353
10.136650236032436 128.51514689127603
10.137950236035975 126.10140991210938
10.139250236039514 121.49533081054688
10.140550236043053 154.77578735351562
10.141850236046592 166.1514892578125
10.143150236050129 173.10478719075522
10.14445023605367 180.9218953450521
10.145750236057209 203.12645467122397
10.147050236060748 200.64218139648438
10.148350236064287 191.7627156575521
10.149650236067828 179.06381225585938
10.150950236071365 181.58120727539062
10.152250236074904 192.71533203125
10.153550236078443 201.7882080078125
10.154850236081982 212.06929524739584
10.156150236085521 217.51261393229166
10.15745023608906 260.8026936848958
10.1587502360926 267.3074544270833
10.160050236096136 272.30698649088544
10.161350236099677 268.6195882161458
10.162650236103218 261.9305013020833
10.163950236106755 252.49137369791666
10.165250236110294 278.36090087890625
10.166550236113833 295.70762125651044
10.167850236117372 300.5015055338542
10.169150236120911 302.3948465983073
10.17045023612445 307.2575174967448
10.17175023612799 314.05113728841144
10.173050236131528 323.6784973144531
10.174350236135068 328.8818766276042
10.175650236138607 336.29799397786456
10.176950236142146 334.6464029947917
10.178250236145685 321.834716796875
10.179550236149225 306.6734212239583
10.180850236152763 323.4734293619792
10.182150236156302 333.6319173177083
10.18345023615984 356.4464925130208
10.18475023616338 385.38905843098956
10.186050236166919 391.4549255371094
10.187350236170458 390.67723592122394
10.188650236173997 391.79359944661456
10.189950236177534 391.1062927246094
10.191250236181075 379.53603108723956
10.192550236184614 365.0011291503906
10.193850236188153 367.6009928385417
10.195150236191692 378.45652262369794
10.196450236195231 397.8997802734375
10.19775023619877 395.53725179036456
10.199050236202309 395.62803141276044
10.200350236205848 392.28456624348956
10.201650236209387 375.314697265625
10.202950236212926 356.132080078125
10.204250236216465 342.9165852864583
10.205550236220004 320.4780680338542
10.206850236223541 280.4095458984375
10.208150236227082 279.4650065104167
10.209450236230623 278.38897705078125
10.21075023623416 249.423828125
10.2120502362377 231.32794189453125
10.213350236241238 218.15787760416666
10.214650236244777 193.54829915364584
10.215950236248316 183.98628743489584
10.217250236251855 180.24027506510416
10.218550236255394 148.84398396809897
10.219850236258933 133.3399658203125
10.221150236262472 123.07815551757812
10.222450236266011 130.0022176106771
10.22375023626955 141.44560750325522
10.22505023627309 153.1624552408854
10.22635023627663 148.77281697591147
10.227650236280168 120.61659749348958
10.228950236283707 148.857177734375
10.230250236287246 171.3271484375
10.231550236290785 191.93216959635416
10.232850236294324 203.6981201171875
10.234150236297863 213.8802286783854
10.235450236301402 222.60005696614584
10.236750236304939 254.7545166015625
10.23805023630848 290.1510823567708
10.239350236312019 347.0097351074219
10.240650236315558 366.6664225260417
10.241950236319097 414.21738688151044
10.243250236322636 466.7554219563802
10.244550236326175 525.2905985514323
10.245850236329714 594.6422729492188
10.247150236333253 646.8402506510416
10.248450236336792 801.7779744466146
10.249750236340331 858.7943318684896
10.25105023634387 916.9578653971354
10.252350236347409 988.7516682942709
10.253650236350946 1085.6584065755208
10.254950236354487 1176.9972330729167
10.256250236358028 1240.616923014323
10.257550236361565 1246.9837646484375
10.258850236365104 1257.7322794596355
10.260150236368643 1260.9540405273438
10.261450236372182 1275.2251383463542
10.262750236375721 1270.4411214192708
10.26405023637926 1272.5303344726562
10.2653502363828 1273.3995971679688
10.266650236386337 1271.3919677734375
10.267950236389877 1271.058817545573
10.269250236393416 1245.8958740234375
10.270550236396955 1209.1028442382812
10.271850236400494 1160.8201904296875
10.273150236404035 1054.0496419270833
10.274450236407572 1028.068868001302
10.275750236411112 978.7236531575521
10.27705023641465 938.7237141927084
10.27835023641819 884.3061930338541
10.279650236421729 815.5717163085938
10.280950236425268 761.6236979166666
10.282250236428807 714.7672526041666
10.283550236432344 601.8942057291666
10.284850236435885 556.5614217122396
10.286150236439424 480.22046915690106
10.287450236442963 433.5300598144531
10.288750236446502 380.9840393066406
10.29005023645004 365.16429646809894
10.29135023645358 329.11144002278644
10.292650236457119 316.73133341471356
10.293950236460658 305.2946268717448
10.295250236464197 268.6782735188802
10.296550236467736 242.35543823242188
10.297850236471275 216.88335164388022
10.299150236474814 213.62285359700522
10.300450236478351 186.91594441731772
10.301750236481892 168.5103556315104
10.303050236485433 134.70077514648438
10.30435023648897 122.04726155598958
10.305650236492509 125.76157633463542
10.306950236496048 129.76641845703125
10.308250236499587 128.1670939127604
10.309550236503126 132.1612548828125
10.310850236506665 135.3658447265625
10.312150236510204 131.79874674479166
10.313450236513741 125.96239217122395
10.314750236517282 133.04478963216147
10.316050236520821 132.71568806966147
10.31735023652436 140.74713134765625
10.3186502365279 149.0163370768229
10.319950236531438 144.75924682617188
10.321250236534977 132.47616577148438
10.322550236538516 154.02873738606772
10.323850236542055 159.09569295247397
10.325150236545594 162.57917277018228
10.326450236549134 163.85678100585938
10.327750236552673 174.8702392578125
10.329050236556212 174.92015584309897
10.330350236559749 164.25255330403647
10.33165023656329 157.0662638346354
10.332950236566829 170.38321940104166
10.334250236570368 173.5849405924479
10.335550236573907 198.49945068359375
10.336850236577446 217.90118408203125
10.338150236580985 222.2921346028646
10.339450236584524 230.73785400390625
10.340750236588063 240.441162109375
10.342050236591602 242.29729207356772
10.34335023659514 237.38390096028647
10.34465023659868 242.6377970377604
10.345950236602219 238.24471028645834
10.347250236605756 238.23724365234375
10.348550236609297 264.89243570963544
10.349850236612838 268.3262939453125
10.351150236616375 265.40411376953125
10.352450236619914 266.31150309244794
10.353750236623453 270.45652262369794
10.355050236626992 270.78798421223956
10.356350236630531 278.79128011067706
10.35765023663407 260.43967692057294
10.35895023663761 244.7760213216146
10.360250236641146 209.9464314778646
10.361550236644687 202.61219278971353
10.362850236648226 217.93464152018228
10.364150236651765 221.44904581705728
10.365450236655304 218.08043416341147
10.366750236658843 212.18624877929688
10.368050236662382 219.21109008789062
10.369350236665921 224.89781697591147
10.37065023666946 225.91779581705728
10.371950236673 229.26292928059897
