m1-67/data/jwst-miri-mrs/wr124-miri-spec-ch2.ecsv
# %ECSV 1.0
# ---
# datatype:
# - {name: Wavelength, unit: micron, datatype: float64}
# - {name: Star, unit: MJy / sr, datatype: float64}
# - {name: Knot A, unit: MJy / sr, datatype: float64}
# - {name: BG A1, unit: MJy / sr, datatype: float64}
# - {name: BG A2, unit: MJy / sr, datatype: float64}
# - {name: Knot B, unit: MJy / sr, datatype: float64}
# - {name: BG B1, unit: MJy / sr, datatype: float64}
# - {name: BG B2, unit: MJy / sr, datatype: float64}
# meta: !!omap
# - __serialized_columns__:
#     BG A1:
#       __class__: astropy.units.quantity.Quantity
#       unit: !astropy.units.Unit {unit: MJy / sr}
#       value: !astropy.table.SerializedColumn {name: BG A1}
#     BG A2:
#       __class__: astropy.units.quantity.Quantity
#       unit: !astropy.units.Unit {unit: MJy / sr}
#       value: !astropy.table.SerializedColumn {name: BG A2}
#     BG B1:
#       __class__: astropy.units.quantity.Quantity
#       unit: !astropy.units.Unit {unit: MJy / sr}
#       value: !astropy.table.SerializedColumn {name: BG B1}
#     BG B2:
#       __class__: astropy.units.quantity.Quantity
#       unit: !astropy.units.Unit {unit: MJy / sr}
#       value: !astropy.table.SerializedColumn {name: BG B2}
#     Knot A:
#       __class__: astropy.units.quantity.Quantity
#       unit: !astropy.units.Unit {unit: MJy / sr}
#       value: !astropy.table.SerializedColumn {name: Knot A}
#     Knot B:
#       __class__: astropy.units.quantity.Quantity
#       unit: !astropy.units.Unit {unit: MJy / sr}
#       value: !astropy.table.SerializedColumn {name: Knot B}
#     Star:
#       __class__: astropy.units.quantity.Quantity
#       unit: !astropy.units.Unit {unit: MJy / sr}
#       value: !astropy.table.SerializedColumn {name: Star}
#     Wavelength:
#       __class__: astropy.coordinates.spectral_coordinate.SpectralCoord
#       unit: !astropy.units.Unit {unit: micron}
#       value: !astropy.table.SerializedColumn {name: Wavelength}
# schema: astropy-2.0
Wavelength Star "Knot A" "BG A1" "BG A2" "Knot B" "BG B1" "BG B2"
[from data line 2948]
11.34305023931665 5683.672013346354 393.61537170410156 82.0880824195014 112.35071411132813 129.68442153930664 45.95184071858724 29.050494763586258
11.34435023932019 5644.084505208333 384.2389170328776 85.70059818691678 112.37178497314453 121.56809785630968 42.568873577647736 43.041812578837074
11.34565023932373 5689.838083902995 385.5264205932617 73.5677171283298 112.86290690104167 113.69658088684082 51.821218729019165 40.48267730077108
11.346950239327267 5520.489837646484 386.75388590494794 80.85436216990153 103.52274729410807 113.2354793548584 48.16479153103299 42.72114107343886
11.348250239330806 5426.075059000651 378.47180938720703 83.41115644243028 108.09333470662435 110.56682279374864 45.78425176938375 38.36621652046839
11.349550239334347 5385.699479166667 383.5821889241536 80.48269483778212 109.43081334431966 119.18183517456055 41.78967656029595 21.98096711519692
11.350850239337886 5365.464514160156 382.663324991862 89.06379551357693 106.2135014851888 116.6100476582845 35.66896139250861 48.35322692659166
11.352150239341423 5306.195281982422 373.236078898112 79.61915143330891 112.0820556640625 118.18581644694011 56.55524942609999 52.7028292020162
11.353450239344964 5224.635845947266 364.3600819905599 78.29344940185547 92.81067555745443 123.83636940850153 60.66486438115438 52.36455923981137
11.354750239348503 5216.2300740559895 365.37715911865234 87.01014264424641 104.91270345052084 110.5433885521359 59.76315951347351 58.24889323446486
11.35605023935204 5182.083715820312 371.1563364664714 81.11552747090657 102.01289520263671 123.70924237039354 76.69884946611192 38.95072978072696
11.357350239355581 5121.163114420573 360.52792104085285 91.18703842163086 100.68784128824869 110.99221854739719 52.40021461910672 39.34648134559393
11.358650239359118 5149.245776367187 371.38004302978516 82.83415603637695 133.34210611979168 96.86375686857436 48.116937617460884 62.36452908979522
11.359950239362657 5142.863236490885 372.0947952270508 75.77246814303928 118.14281514485677 112.08335706922743 45.275951067606606 52.44962506824069
11.361250239366198 5119.06098836263 367.0553436279297 86.22289043002658 131.48890991210936 110.57030720180936 55.781521240870156 53.35903877682156
11.362550239369737 5105.294451904297 367.4660008748372 77.40145704481337 136.75064137776693 111.34332349565294 55.517177396350434 48.54969761106703
11.363850239373274 5125.704225667318 350.99207814534503 88.60917928483751 112.34252726236979 107.84033860100641 20.164695064433747 44.519062995910645
11.365150239376813 5156.426125081381 358.79781341552734 82.04199536641438 132.89408162434896 102.39241769578722 40.74391735924615 50.188021421432495
11.366450239380354 5180.196036783854 363.3628336588542 84.63810645209418 117.70291951497396 127.76620652940538 44.35489433341556 37.975728273391724
11.367750239383893 5249.860923258463 364.05293528238934 96.27030902438693 125.48966013590494 110.4391163720025 30.800956037309433 43.12966884507073
11.36905023938743 5393.673331705729 376.99159749348956 86.64086861080594 141.54476114908854 95.20040851169162 32.87838212649027 58.861268017027115
11.370350239390971 5295.026483154297 355.6847737630208 93.98893780178494 108.87637023925781 106.91919199625652 30.278701914681328 40.26250465710958
11.371650239394508 5280.070170084636 351.0741322835286 83.64395252863567 121.95140838623047 108.52144760555692 45.01703193452623 50.997660257750084
11.372950239398048 5296.840858968099 353.5929896036784 88.52426105075412 118.6234349568685 108.64389244384236 47.982017517089844 46.130123403337265
11.374250239401588 5328.91616414388 360.97636159261066 83.02718777126736 125.00479227701823 111.52516407436795 34.38605725102954 56.81483228339089
11.375550239405126 5328.802473958333 365.35438028971356 76.2530591752794 120.69070536295573 106.28502803378635 45.89907770024406 55.94172212978204
11.376850239408665 5315.11245320638 351.1174850463867 86.81239424811469 108.39292704264322 108.87341859605577 47.76192945904202 40.28427341249254
11.378150239412205 5339.849304199219 349.15272521972656 89.08905771043565 115.98417409261067 123.63761605156793 46.82202442487081 43.71722912788391
11.379450239415744 5314.565146891276 353.17083740234375 77.20996602376302 96.46022415161133 121.89669354756673 46.652210765414765 55.0658663643731
11.380750239419283 5295.027868652343 349.41686248779297 88.71244282192654 98.13035176595052 116.2340842352973 41.60016844007704 41.49122460683187
11.38205023942282 5265.013732910156 365.0997950236003 85.12472873263889 110.38912658691406 94.10404671563043 43.76631421513028 54.80966114997864
11.383350239426361 5234.481770833333 344.2875162760417 91.8790397644043 106.72545420328775 104.809904522366 41.64774756961398 41.049436251322426
11.3846502394299 5213.754278564453 341.6617889404297 85.50455156962077 114.23197886149089 107.80560027228461 36.43249405754937 49.161708460913765
11.385950239433438 5141.823116048177 347.323979695638 78.93526882595486 104.71344095865885 113.17110803392198 50.51306539111667 50.85462209913466
11.387250239436979 5100.354954020182 327.52686309814453 81.18579599592421 102.9952616373698 112.15203687879774 29.753979586892658 35.59959854020013
11.388550239440516 5116.110386149088 346.8947347005208 87.82441902160645 112.69033660888672 92.46175871955023 33.25329822964139 47.558047122425506
11.389850239444055 5082.90531616211 335.9166742960612 83.53517532348633 105.57124684651693 112.63582611083984 34.685020446777344 57.08999866909451
11.391150239447596 5063.643841552735 341.3207728068034 72.2486047744751 113.95207824707032 110.48693211873372 20.034920286801125 57.52405728234185
11.392450239451135 5071.296421305338 341.41102091471356 79.63084030151367 111.99288279215494 100.74790318806966 28.20294870270623 44.779979175991485
11.393750239454672 5086.556528727214 325.4383316040039 89.91643502977159 103.30890986124675 108.93408287896051 26.394875201914047 39.756077236599396
11.395050239458211 5128.519873046875 341.98277282714844 89.89536327785916 115.84298400878906 93.88876851399739 30.540518432855606 66.02305671903822
11.396350239461752 5092.919134521484 332.46028900146484 85.69062338935004 106.28707911173503 98.20706219143338 36.09198413954841 44.49842903349135
11.39765023946529 5147.799369303385 329.6087938944499 88.60590203603108 116.65460205078125 119.25029839409723 31.600059986114502 49.61765268113878
11.398950239468828 5179.360780843099 337.45409393310547 88.24395094977484 119.70587056477865 104.74713028801813 46.01408174302843 55.05366971757677
11.400250239472369 5165.906241861979 328.38511912027997 83.77842076619466 119.08214569091797 86.70140881008572 36.74674860636393 34.61331237687005
11.401550239475908 5237.7274454752605 343.4506251017253 74.41837239265442 124.02123463948568 81.60025352901883 26.26289125283559 43.128824008835686
11.402850239479445 5293.061175537109 336.5219217936198 77.24766402774387 102.34960327148437 89.33132531907823 45.93284891711341 41.54009812408023
11.404150239482986 5352.6648091634115 326.96644592285156 88.82181273566351 109.26841837565104 106.51078181796603 18.747351328531902 36.60071463055081
11.405450239486523 5398.354160563151 338.2412363688151 89.68115255567763 121.43333485921224 100.99881087409125 20.381050295299953 49.99655173263616
11.406750239490062 5460.597373453776 334.54478454589844 85.75293434990778 116.00389709472657 97.20617527431912 30.76587435934279 32.605830709139504
11.408050239493603 5539.573946126302 337.85447057088214 81.31509240468343 126.30692799886067 79.12066713968913 15.010352227422926 26.699726117981804
11.409350239497142 5563.9123942057295 345.3958689371745 83.19061088562012 114.91661427815755 84.8773209253947 26.827601422866184 41.32005752457513
11.41065023950068 5582.056726074219 335.6943524678548 85.42778057522244 118.05069986979167 105.45382563273112 30.858732041385437 38.63870075013902
11.411950239504218 5627.199381510417 342.4638735453288 80.55951446957059 104.48250020345053 85.85494253370497 17.392351124021744 46.65252346462674
11.413250239507759 5696.003580729167 320.9664840698242 88.51469008127849 104.71421356201172 97.87717289394803 28.05063909954495 33.34320933951272
11.414550239511298 5686.5393473307295 335.18451436360675 83.86210748884413 114.1328135172526 94.3201609717475 22.21459937095642 41.152969184849
11.415850239514835 5673.687414550781 327.6088333129883 80.13754039340549 97.59131317138672 83.0095926920573 28.356030063496696 56.34362600247065
11.417150239518376 5720.788566080729 306.1141713460286 77.21048355102539 108.21067352294922 102.19193776448567 31.997319645351833 33.12512026561631
11.418450239521913 5719.415907796224 308.1927096048991 71.33686065673828 97.19908142089844 95.33272043863933 14.667300581932068 35.74448106686274
11.419750239525452 5702.26171875 314.4916114807129 77.02703921000163 97.99095357259115 89.02159945170085 24.56766943799125 40.18043941921658
11.421050239528993 5708.466310628255 322.122501373291 84.63547579447429 108.61699829101562 84.64226298862033 33.871513578626846 44.470211611853706
11.42235023953253 5746.419110107422 313.974427541097 72.93650552961562 94.86627960205078 78.68420961168077 34.87135652038786 57.44762473636203
11.42365023953607 5650.757993570964 300.3525530497233 65.68652325206332 90.59334335327148 91.33480559455023 37.40267311202155 38.19490273793539
11.42495023953961 5605.377115885417 310.943541208903 69.4540089501275 93.08744862874349 86.73242123921712 31.160335620244343 42.905826303693985
11.42625023954315 5602.38247273763 300.44579188028973 76.29566701253255 88.02424723307291 80.64854182137384 46.049897564782036 35.7120641304387
11.427550239546688 5585.971162923177 304.7480862935384 67.74595480495029 100.77983144124349 78.44789950052898 17.087993992699516 25.341880056593155
11.428850239550226 5478.670802815755 307.0710334777832 72.69377941555447 93.78894577026367 77.14569091796875 18.947898970709907 48.06242956055535
11.430150239553766 5471.208388264974 303.68785095214844 87.02810605367024 96.62387135823568 86.73781161838107 25.95702282918824 30.96830897861057
11.431450239557305 5424.621553548177 307.14458084106445 91.73329056633844 101.74163716634115 77.87048021952312 14.570490592055851 32.30321927037504
11.432750239560843 5311.03173421224 297.74269104003906 77.295995871226 96.88129526774088 61.40347745683458 19.67303967475891 39.472878562079536
11.434050239564383 5192.080590820313 296.87602106730145 75.97200377782185 94.75701649983723 74.71642435921564 18.42438836230172 38.649036937289765
11.43535023956792 5136.042517089843 295.08284759521484 84.17245207892523 88.50266927083334 60.173447132110596 6.106171607971191 35.26272444178661
11.43665023957146 5124.942492675781 295.23583094278973 83.93821567959256 92.45917002360027 69.39295885297987 30.395773000187344 24.889982223510742
11.437950239575 5077.883331298828 318.42955271402997 75.36302418178983 107.72169392903646 74.26149622599284 14.233093102773031 45.85292487674289
11.43925023957854 5052.743322753906 306.33673604329425 73.2514992819892 100.75631968180339 67.06423865424262 39.66570930348502 55.335492028130425
11.440550239582077 5044.613929239908 297.2097231547038 68.43765483962164 108.43172709147136 89.12181578742133 33.090571641922 16.087416291236877
11.441850239585616 5074.8084716796875 305.2652333577474 68.49679182800982 99.9528330485026 85.78162511189778 15.782743983798557 37.92369892862108
11.443150239589157 5063.125612386068 308.80094146728516 79.77474382188585 96.86562728881836 69.9528665807512 24.769299930996365 26.98864101039039
11.444450239592696 5089.463280232748 302.42082595825195 75.2904765341017 100.1910395304362 80.59492429097493 6.712211791012022 17.564239773485397
11.445750239596233 5150.427500406901 281.75291442871094 72.65083424250285 98.34146626790364 76.77676433987088 14.686432728336918 27.102577765782673
11.447050239599774 5141.97485961914 296.78923924763996 84.90586831834581 95.74880447387696 89.58146338992648 38.15824964311388 11.537737720542484
11.448350239603311 5144.633917236328 305.6731541951497 82.6013069152832 99.67068125406901 75.82071770562067 19.16159334116512 27.47382092475891
11.44965023960685 5175.486181640625 303.25332005818683 78.24819797939725 96.65435104370117 69.19046094682481 20.766694274213577 28.33302088578542
11.45095023961039 5215.6256917317705 305.77517954508465 59.75693662961324 92.9771947224935 83.23521741231282 12.642732901705635 17.028064544416136
11.452250239613928 5239.657387288412 291.1641108194987 68.02647664811876 71.48562558492024 77.82591162787543 0.04468689362208048 29.271717820730473
11.453550239617467 5227.806284586589 283.75108846028644 61.89373077286614 79.60264739990234 86.54461521572537 22.957534561554592 14.087410065862867
11.454850239621008 5240.298793538412 282.8111915588379 59.067403104570175 82.0432014465332 82.24698045518663 9.517978123492664 17.075051179362667
11.456150239624547 5260.813248697917 284.79451243082684 71.29723252190485 75.28390032450358 73.49062728881836 9.375206041667196 21.122669213347965
11.457450239628084 5257.635070800781 291.4009641011556 64.49590386284723 83.57497762044271 79.93543116251628 14.032222588857016 17.886016613907284
11.458750239631623 5325.650657145182 285.85676193237305 67.60598458184137 87.89559758504232 64.75680944654677 15.883009658919441 39.021612975332474
11.460050239635164 5291.202872721354 295.9258066813151 56.85629520813624 93.29161020914714 70.180770556132 15.738284034861458 32.36863853534063
11.461350239638703 5253.227941894531 287.5714289347331 59.35816786024306 96.14881184895833 65.90857095188565 -4.550892313321431 31.343122402826946
11.46265023964224 5321.296488444011 281.6206474304199 66.85279697842068 96.23158493041993 66.68614073594411 15.483723825878567 39.772362603081596
11.463950239645781 5287.939135742187 280.8816515604655 63.31802071465386 94.29800211588541 75.09083387586806 31.332177821132873 20.4412223233117
11.465250239649318 5323.79287109375 274.26939392089844 60.923376931084526 88.38640925089518 77.89527426825629 20.16589101155599 30.45615201195081
11.466550239652857 5318.58359375 278.09000396728516 65.24568790859647 97.43559417724609 77.59444204966228 29.80795957396428 22.818527910444473
11.467850239656398 5315.338022867839 280.1833559672038 70.3136789533827 93.26461410522461 65.4700288242764 14.920239246553844 27.266910589403576
11.469150239659935 5312.929093424479 278.42373275756836 71.92372576395671 80.23702494303386 39.62492091788186 7.022517257266575 38.06234751807319
11.470450239663474 5271.754858398437 280.30155181884766 67.918792936537 84.8165064493815 61.265702459547256 19.29947427246306 30.411949767006767
11.471750239667013 5258.713547770182 284.6969922383626 64.66659461127387 83.19060236612955 66.65576404995389 17.398727940188515 35.51816614468893
11.473050239670554 5200.927850341797 282.4858207702637 63.599974155426025 76.61577682495117 71.90439224243164 19.386877642737495 35.314691914452446
11.474350239674093 5201.248876953125 267.86222076416016 65.78385225931804 81.39869028727213 70.85634422302246 13.163614047898186 34.88896256022983
11.47565023967763 5232.469319661458 271.07985560099286 63.66302129957411 79.43355077107748 55.37096571260028 16.853889518313938 42.19963742627038
11.476950239681171 5185.597519938151 277.79871877034503 73.39896032545302 80.12057240804036 90.59428882598877 12.793686562114292 15.361377954483032
11.47825023968471 5200.837461344401 269.65010325113934 65.35065174102783 73.88038991292318 77.31391384866502 -4.9674785070949135 19.845416757795547
11.479550239688248 5218.736240641276 271.2450230916341 66.68294970194499 82.20016377766927 58.61982938978407 14.302219231923422 16.283767657147514
11.480850239691788 5222.68173828125 262.43972396850586 70.34397835201688 89.98903350830078 54.5611883799235 14.886872980329725 0.019767085711161297
11.482150239695326 5245.455053710937 259.9266192118327 60.484107971191406 82.49044647216797 57.70391884115007 10.400271309746635 28.277990261713665
