m1-67/data/gaia-sources-wr124.ecsv
# %ECSV 1.0
# ---
# datatype:
# - name: source_id
#   datatype: int64
#   description: Unique source identifier (unique within a particular Data Release)
#   meta: !!omap
#   - {ucd: meta.id}
# - name: ra
#   unit: deg
#   datatype: float64
#   description: Right ascension
#   meta: !!omap
#   - {ucd: pos.eq.ra;meta.main}
#   - {utype: Char.SpatialAxis.Coverage.Location.Coord.Position2D.Value2.C1}
# - name: dec
#   unit: deg
#   datatype: float64
#   description: Declination
#   meta: !!omap
#   - {ucd: pos.eq.dec;meta.main}
#   - {utype: Char.SpatialAxis.Coverage.Location.Coord.Position2D.Value2.C2}
# - name: parallax
#   unit: mas
#   datatype: float64
#   description: Parallax
#   meta: !!omap
#   - {ucd: pos.parallax}
# - name: parallax_error
#   unit: mas
#   datatype: float64
#   description: Standard error of parallax
#   meta: !!omap
#   - {ucd: stat.error;pos.parallax}
# - name: pmra
#   unit: mas / yr
#   datatype: float64
#   description: Proper motion in right ascension direction
#   meta: !!omap
#   - {ucd: pos.pm;pos.eq.ra}
# - name: pmdec
#   unit: mas / yr
#   datatype: float64
#   description: Proper motion in declination direction
#   meta: !!omap
#   - {ucd: pos.pm;pos.eq.dec}
# - name: radial_velocity
#   unit: km / s
#   datatype: float64
#   description: Radial velocity
#   meta: !!omap
#   - {ucd: spect.dopplerVeloc.opt}
# - name: phot_g_mean_mag
#   unit: mag
#   datatype: float32
#   description: G-band mean magnitude
#   meta: !!omap
#   - {ucd: phot.mag;stat.mean;em.opt}
# - name: phot_bp_mean_mag
#   unit: mag
#   datatype: float32
#   description: Integrated BP mean magnitude
#   meta: !!omap
#   - {ucd: phot.mag;stat.mean}
# - name: phot_rp_mean_mag
#   unit: mag
#   datatype: float32
#   description: Integrated RP mean magnitude
#   meta: !!omap
#   - {ucd: phot.mag;stat.mean}
# schema: astropy-2.0
source_id ra dec parallax parallax_error pmra pmdec radial_velocity phot_g_mean_mag phot_bp_mean_mag phot_rp_mean_mag
[from data line 523]
4513494342981398272 287.8912135460828 16.883379684728755 2.796934599553718 1.185980046596428 -3.965461514596304 -4.799974383035336 "" 20.803413 21.46966 19.5255
4513492624988688384 287.8678687504798 16.837018216752057 "" "" "" "" "" 20.672401 "" ""
4513494549134458112 287.8896211029056 16.88418601953314 "" "" "" "" "" 20.73023 "" ""
4513494338670239360 287.9000702045078 16.87629019747425 0.9732545362507411 0.38116303261246426 -7.444804003874566 -8.24067060680938 "" 19.659708 20.705101 18.495075
4513491899131666560 287.88698854391413 16.836070559391207 0.6258968318861854 0.13847758508787042 0.664369607213408 -2.083148031013139 "" 18.064583 18.936026 17.01176
4513492934226822912 287.85188920855364 16.863986402406127 1.6642584290835183 0.6532196559151544 -5.340598958173882 -7.684336404249716 "" 20.168247 20.927881 19.027735
4513494441752735104 287.8729954114459 16.885920641806027 0.16003737496073317 0.17820376096299848 -3.0200995462218745 -8.515292314389864 "" 18.506235 19.558746 17.402807
4513494274287002496 287.9045752097346 16.868026408743543 1.2099971409660375 0.04563001192073066 -0.08099223537069478 -5.95433400160441 "" 15.765183 16.520405 14.900916
4513494274256163072 287.9053381497918 16.864986402292892 0.1891245256272036 1.340622706523622 -2.73369647554651 -11.938882253091123 "" 20.813395 "" ""
4513493415293528320 287.9050445576995 16.854771479412122 1.214274862842411 0.024518511948058017 2.6914188761136097 0.6092691655675112 -52.89167497996624 13.0116415 13.654693 12.236356
4513492624988688512 287.8681443668942 16.836697461401496 0.31396648113753745 0.3496739146333593 -0.4575245214164302 -4.43114014233753 "" 19.377459 20.123857 18.128036
4513494544831932928 287.8787631055291 16.88662678808416 0.015972152549137843 0.3678850317731952 1.8155962467926643 -2.299496567166274 "" 19.486252 20.401552 18.43537
4513493380902734976 287.8943796536617 16.839402498125832 0.6604831558806269 0.12360308121617104 -1.620088659853915 -6.216286095203854 "" 17.508764 17.977612 16.299381
4513492934257241728 287.8515238657143 16.86283619988356 0.17662454755709533 0.10186983477435861 -2.947094500603528 -5.56379454511816 "" 16.45523 18.08047 15.198473
4513494342975936512 287.89579572427846 16.880908787049233 0.7250946300282587 1.2878909001436076 -4.1260312989952 -6.864841482996396 "" 20.82604 21.55498 19.613825
4513493415262579328 287.9053856603036 16.855316055940623 2.1818753182531436 0.3606329148953936 2.708087024023423 -2.680497878528148 "" 18.540482 17.665836 16.486038
4513491903434003712 287.8875051678555 16.83587486726054 0.6699249470570765 0.46746568544194894 0.31297628766586044 -3.286099180673677 "" 19.770672 "" ""
4513494269953834752 287.90561173123825 16.86496535244632 0.38262087745576273 0.40065922305719576 -2.407756351554198 -4.9492924520898764 "" 19.774408 20.512962 18.418247
4513493415293531520 287.90581511853213 16.857244110886786 10.676312459412927 1.2871221969503435 -11.748607129824508 -4.820078743610022 "" 20.373247 20.167356 18.897173
4513494274256254976 287.90363357240784 16.87138695335355 -1.0123757878565824 0.6040322705076333 -7.796041523339365 -13.04854239428318 "" 20.27455 21.18432 19.216599
4513494514774918144 287.8630094499625 16.882146347477953 2.1181538243695512 1.2998096184623233 -0.21381569417772 -6.681152418876146 "" 20.840818 21.585932 19.604229
4513492934226822272 287.851406488264 16.8635790862901 2.3142600209322737 0.9071118977528049 -9.780282458111458 -15.56186766298455 "" 20.035576 20.131004 18.092691
4513494342975956224 287.89476710312283 16.8818866772087 0.17537818586591122 0.32278887684686164 -3.3933771408307374 -6.04553409886097 "" 19.459341 20.362938 18.448992
4513493380902735104 287.8942607087243 16.838982176122794 1.0520371713039518 0.16803652239923011 -2.7834092023559864 -4.241055730086151 "" 17.667494 "" ""
4513494274256209280 287.90496591040477 16.86830091814801 -3.157009750699497 0.8992933410863376 -2.888909396584703 -4.083516741269226 "" 20.23388 "" ""
4513494480415166976 287.8573805772754 16.877325164406855 -0.9726439356827251 1.077197646770895 -0.5354050720976454 -6.284024843995415 "" 20.570303 21.045496 19.823298
4513494446085738496 287.8744506583003 16.886646244308402 -1.8629078449730077 0.4132366074967838 -0.5608370295542051 -6.301840562315641 "" 19.46216 20.385311 18.262651
4513492934226766592 287.8511775269815 16.859017620686235 "" "" "" "" "" 20.747091 "" ""
4513494171176878848 287.9062071779189 16.859832861613732 "" "" "" "" "" 20.882734 "" ""
4513493410956873344 287.9024728863818 16.847287262760627 0.27315166251336037 0.4244669327855104 -2.1944683972968706 -6.2892466923613695 "" 19.56003 20.269482 18.51177
4513492934226822144 287.8512337883735 16.863710804888587 1.8086628353292475 0.8205899728783762 -1.025096494743718 -4.945062649318257 "" 20.262375 19.47513 18.11021
4513492934226766720 287.8511052646173 16.858766449110643 5.039919889695246 1.2007743824100165 1.7750644950902374 -1.6744410392218518 "" 20.227205 20.75033 18.789751
4513493380902739072 287.8984969654535 16.842214159976912 0.07815343396257335 1.0373159253393187 -3.8388548076611593 -8.382328010746525 "" 20.629635 20.794785 19.271675
4513494514774914944 287.8671546311691 16.884670848432414 0.8668646694770519 0.9173878394549846 -3.5400468147599287 -20.741734289170605 "" 20.410545 "" 19.03566
4513492934226688256 287.85216358545523 16.853052424165366 0.5899892098437218 0.6840637737751077 -3.2248774787642165 -0.8303537767432847 "" 19.763811 "" ""
4513494342976007808 287.8918658082631 16.883906137758466 3.3932466254414906 0.6713802086650448 1.060869744385538 -0.49331361640177573 "" 19.927599 20.937202 18.750175
4513494446085739776 287.87300882807324 16.886568697609167 1.6060713003847507 0.55762904948942 -0.6460420587890835 -1.8313264975020145 "" 19.860157 20.503204 18.693604
4513492934226688128 287.852034054241 16.853236205178558 1.2298082545373294 0.28813813597119065 -3.6702448566921193 -7.625500999969401 "" 17.94583 "" ""
4513491903434038272 287.88131764122375 16.83417878404917 "" "" "" "" "" 21.151855 "" ""
4513494338681077632 287.89942876720556 16.878231399733455 0.6265122187850728 0.6029710012427534 0.21907381983193466 -2.04656996149539 "" 20.317448 21.167913 18.72009
4513494274261184256 287.90295120767496 16.873512925677456 "" "" "" "" "" 21.112593 "" ""
4513493410968159744 287.9063801942041 16.85847502095885 0.7925320524477137 0.039258102049954835 3.965918920711545 -10.49353309215936 -34.82154302473462 12.845097 13.941996 11.81174
4513492693708478080 287.8529890678866 16.85033054822777 -0.07673489710200808 0.5260248343643763 -1.4293918857449668 -1.7154303822133834 "" 19.89575 20.262333 18.481901
4513494480415180544 287.85886094366606 16.87934681799296 2.3175848163663226 0.9638104338785322 -4.4296666545235945 -6.676840408047884 "" 20.4012 20.48902 19.28927
4513494549134507520 287.8863543804286 16.88624272323494 1.6998837198872758 1.5811959190330003 -3.6070934327843176 -5.129548119117927 "" 20.950653 22.190647 19.822712
4513492934231423616 287.8507744981998 16.860866448821138 1.335607183661859 1.757665683939125 -5.45151392023869 -6.197864278480228 "" 20.873322 20.969055 19.898857
4513494274261533696 287.9058128784232 16.86665169628811 "" "" "" "" "" 20.79591 21.356808 19.608608
4513493380933779072 287.895513991171 16.839329380503802 2.4050240120158044 0.6960724806157725 3.9386704605425074 2.6190291359789946 "" 19.97384 20.066828 18.385395
4513492693713244544 287.8595819076264 16.841050291806372 -2.15634913259206 1.1532249625133337 1.0495953203465047 -5.69373168004655 "" 20.75075 20.902218 19.509785
4513492625019555584 287.86607079873676 16.83668668832115 0.3167951434829446 0.03991297482123351 -1.0439806350625849 -3.224510754540031 20.06483782140261 13.648106 15.053702 12.482001
4513492934226681600 287.8520017928677 16.852380160196887 0.4074069444557376 0.6020430197892687 0.4620847900697537 -2.6737027865615484 "" 20.094893 "" ""
4513493380933779584 287.89207335664855 16.837086618687522 1.3319938466087848 1.048478011768145 -2.995064439541333 -3.320016948345883 "" 20.719643 20.795204 19.734264
4513492899866908160 287.8526573115114 16.850541436112792 -0.8628989843610613 0.9317104629204745 -1.1762250091164488 -9.02979053655787 "" 20.612267 "" ""
4513494480415176704 287.85705276198206 16.8777481373635 0.48754705557704353 0.5657755656442932 -2.7267503023206796 -5.062092877043164 "" 20.06556 "" ""
4513494274261178880 287.90574768507327 16.867571542222823 "" "" "" "" "" 21.065838 "" ""
4513491903439239680 287.8831508210011 16.8340968062192 "" "" "" "" "" 21.211224 "" ""
4513491903433987840 287.88903698165245 16.835607158265184 1.3328528070006562 0.6547333742136909 -1.634663370313424 -0.6385988331494052 "" 20.446022 21.300407 19.286373
4513494274261534592 287.9056952020735 16.868056896425575 "" "" "" "" "" 20.976135 "" ""
4513492934257230208 287.85165174435497 16.853001424541663 -0.20618077822463127 0.07647512230711236 -2.1788341909513065 -4.78734482819363 "" 16.099735 17.95348 14.707392
4513494274256161536 287.90645338427197 16.865237772177917 0.4106881908032667 0.3491482564377916 -3.6003726965432428 -6.778948225337019 "" 19.596443 20.390276 18.514706
4513494514774923264 287.86685835997173 16.885172094869322 0.41726006227052137 0.46140478069512886 -1.9859257289118644 0.23850376173658003 "" 19.650763 20.40724 18.400335
4513492934231421952 287.8512461084217 16.85405282407209 1.1063712435222663 1.2583773983550925 -1.6671762988462437 -5.985080101097299 "" 20.846994 20.857563 19.418911
4513492693708261504 287.86093940649533 16.839502125493475 "" "" "" "" "" 20.96487 21.691193 19.776915
4513494514774929792 287.86329145773414 16.883371289082323 1.806381695648804 0.831559616296362 -1.7959695722495566 -2.7742817156157207 "" 20.578474 21.188171 19.54819
4513494269953896192 287.90438531740824 16.871956726251298 0.20752131796312812 0.31124672174978923 -1.8339298229976948 -4.073223488381064 "" 19.318777 20.391138 18.264896
4513494342981018752 287.89706614038823 16.881229531090618 -0.4000059638432671 0.5186019514574425 -1.032737499937304 -5.36985630189662 "" 20.057526 20.968561 18.82825
4513494446055421952 287.87311332917955 16.887239445738558 0.6590709838558881 0.6024491031448602 -3.240573507385781 -7.429637635647991 "" 20.238592 21.066196 18.948515
4513493410960261376 287.9044069140713 16.849243240054854 0.3224597553892674 0.139595744367667 -1.3884281066868953 -4.395816066509948 "" 17.987015 18.944431 16.960512
4513491903465034368 287.87980394400296 16.833486335642014 -1.6581700005136777 1.5143687953682294 -2.886997662817384 -15.506611130520314 "" 20.51431 20.638433 18.684053
4513494476112375808 287.8564396968584 16.8775363884139 0.5034496287610865 0.20637739731051116 -0.19524461423984324 0.7085394145220892 "" 18.578535 19.528326 17.546322
4513493410960261504 287.9051012785852 16.850751440706414 0.8335054013496244 0.2191661171585571 -3.101041376261498 -0.6002944148782992 "" 18.831413 19.839205 17.795725
4513494446055407616 287.8749191268383 16.88760076090023 -0.3261337839855451 0.1761740221313471 -2.4417378116155115 -5.308465964591001 "" 18.00952 18.899715 16.89676
4513494446085739008 287.8747662722426 16.88763677961286 "" "" "" "" "" 20.137087 "" ""
4513493415262560768 287.9063615476885 16.853925319923505 "" "" "" "" "" 20.979784 21.215557 19.86745
4513492659379282048 287.87655117936384 16.833337422578744 0.10919970072406357 1.1450773733201944 0.43029357355947184 -4.909722267638172 "" 20.439236 20.26272 18.343037
4513492659348310016 287.8762983025897 16.8333227649973 0.9062421210642828 0.9861315481069854 -2.63808844431859 -6.306134310826323 "" 20.50565 20.773605 18.437477
4513492693708314880 287.85788348768887 16.841764723168794 0.2543355443797242 0.8747854849419053 -3.330000271987787 -9.523947833645952 "" 20.42847 21.289167 19.296988
4513491903434037120 287.8800598033673 16.833246648359104 "" "" "" "" "" 20.85562 "" ""
4513493376600458496 287.9005181407255 16.8429145666093 0.724664207154472 0.22437890475271025 -6.936742404956492 -20.133828354735737 "" 18.710413 19.574059 17.68323
4513494338681693312 287.9016299397989 16.877000973893907 0.3316852108257621 0.2691336521060805 -2.3730177904728955 -3.4400688992555346 "" 19.088465 20.414444 17.814915
4513494549164947968 287.8839018327713 16.887591007849018 0.07769322088235177 0.15071069958105363 -4.642461412738038 -7.161581466253789 "" 17.94192 19.31876 16.72093
4513492693713590528 287.85606763786524 16.84368904665632 -0.8407623554388378 1.9453060155372737 -6.315176282500661 -4.642985024171107 "" 20.981245 "" ""
4513494480419652096 287.85452125621447 16.875511065339044 "" "" "" "" "" 21.039038 "" ""
4513494514774928640 287.86860351362236 16.88636132640294 "" "" "" "" "" 20.925774 "" ""
4513494510472196736 287.8706727138859 16.887032749595864 0.21991106879349134 0.33236352482358716 -2.0587242479701233 -0.40250628481333306 "" 19.30805 20.567768 18.21583
4513492624993756800 287.86953856878745 16.83451610532216 "" "" "" "" "" 20.603683 20.660845 19.073807
4513491903439965568 287.88144919161573 16.833212865101096 "" "" "" "" "" 20.547228 "" ""
4513494342981018880 287.8969035376061 16.881914786123087 "" "" "" "" "" 20.686659 20.96787 18.739178
4513494514774932096 287.8658770191361 16.88532348181969 "" "" "" "" "" 20.909094 "" ""
4513492689405713920 287.85439621534 16.845740025047718 0.17468856996987508 0.13765624556418862 -4.340394385907484 -8.970510836601251 "" 17.999672 19.37223 16.810036
4513494549134534784 287.8852516832502 16.887469646062442 0.06126154650537673 0.5550027125174976 -3.7625002014344897 -7.517690130740403 "" 20.17497 21.068459 19.024338
4513493415262517888 287.905262656211 16.849948590369905 4.398718498134628 1.3869898470945312 -2.540723553745347 -6.199082490015596 "" 20.82731 21.063047 19.878042
4513492620686128512 287.87112847070114 16.83392256443208 "" "" "" "" "" 20.843948 "" ""
4513493415293661184 287.9027017540441 16.845266733502665 -0.4992669093897097 1.4920394447235419 -1.8597558176608988 -4.300765177395157 "" 20.859383 20.83486 19.367199
4513494274256180864 287.90672248906674 16.867355393610374 0.5607633168467588 0.9878675041817583 -1.011036803870911 -7.698163904832694 "" 20.622652 20.931883 19.591206
4513492624988681344 287.86695198135425 16.835285886278417 0.7772901870356672 0.9258619599082262 -3.373608407601549 -4.396623653589571 "" 20.196299 20.765049 18.53955
4513494342981019136 287.89696332476785 16.882066460600686 "" "" "" "" "" 20.521849 20.954374 18.898304
4513493415262512000 287.9051153539684 16.849404867601663 -1.8756906305031487 0.8828969542400072 -4.107280495797048 -5.22883325604012 "" 20.57062 20.708708 19.34717
4513494549134497152 287.88829941596003 16.886736391633665 0.7267190799046547 0.16072977662995222 -2.4882465666361213 -5.846504109859648 "" 17.578722 18.260164 16.48585
4513494343006492288 287.9012899682938 16.877885460112093 -0.18976848456768042 0.1656485737381137 -1.1176131433691736 -3.78816138664221 "" 18.39233 19.73056 17.190596
4513492659348310144 287.8766122936675 16.832973839212084 0.804047023309371 1.0413399225576172 -3.5456728233772496 -4.619961117584016 "" 20.529112 19.638191 18.308552
4513494342981020800 287.89322573562106 16.884618493962268 "" "" "" "" "" 21.29531 "" ""
4513493415262567680 287.90710559983853 16.85514721029785 1.0640474716339845 0.4908609611552176 -4.57185705002649 -3.9435177141325095 "" 20.047747 20.82856 18.57762
4513494480419992064 287.8604959600601 16.882309788267985 "" "" "" "" "" 20.948204 21.11009 20.055147
4513494342975816704 287.90243774584627 16.876579661408893 0.2169921693189413 0.46297651722135735 -0.29273315722659987 -7.285707223620154 "" 19.95894 20.837578 18.73926
4513493415262499328 287.9046053727636 16.848101809331112 1.4452210340941156 0.47944142602184564 0.43175913989919573 0.6551405279853003 "" 19.933243 20.661947 18.80961
4513493415293530240 287.90759819103386 16.857989432081844 -0.017477740199902357 0.22338788493317924 -3.359730457143736 -5.738879655374725 "" 18.516233 19.051859 17.193913
