m1-67/data/gaia-sources-wr124.ecsv
# %ECSV 1.0
# ---
# datatype:
# - name: source_id
#   datatype: int64
#   description: Unique source identifier (unique within a particular Data Release)
#   meta: !!omap
#   - {ucd: meta.id}
# - name: ra
#   unit: deg
#   datatype: float64
#   description: Right ascension
#   meta: !!omap
#   - {ucd: pos.eq.ra;meta.main}
#   - {utype: Char.SpatialAxis.Coverage.Location.Coord.Position2D.Value2.C1}
# - name: dec
#   unit: deg
#   datatype: float64
#   description: Declination
#   meta: !!omap
#   - {ucd: pos.eq.dec;meta.main}
#   - {utype: Char.SpatialAxis.Coverage.Location.Coord.Position2D.Value2.C2}
# - name: parallax
#   unit: mas
#   datatype: float64
#   description: Parallax
#   meta: !!omap
#   - {ucd: pos.parallax}
# - name: parallax_error
#   unit: mas
#   datatype: float64
#   description: Standard error of parallax
#   meta: !!omap
#   - {ucd: stat.error;pos.parallax}
# - name: pmra
#   unit: mas / yr
#   datatype: float64
#   description: Proper motion in right ascension direction
#   meta: !!omap
#   - {ucd: pos.pm;pos.eq.ra}
# - name: pmdec
#   unit: mas / yr
#   datatype: float64
#   description: Proper motion in declination direction
#   meta: !!omap
#   - {ucd: pos.pm;pos.eq.dec}
# - name: radial_velocity
#   unit: km / s
#   datatype: float64
#   description: Radial velocity
#   meta: !!omap
#   - {ucd: spect.dopplerVeloc.opt}
# - name: phot_g_mean_mag
#   unit: mag
#   datatype: float32
#   description: G-band mean magnitude
#   meta: !!omap
#   - {ucd: phot.mag;stat.mean;em.opt}
# - name: phot_bp_mean_mag
#   unit: mag
#   datatype: float32
#   description: Integrated BP mean magnitude
#   meta: !!omap
#   - {ucd: phot.mag;stat.mean}
# - name: phot_rp_mean_mag
#   unit: mag
#   datatype: float32
#   description: Integrated RP mean magnitude
#   meta: !!omap
#   - {ucd: phot.mag;stat.mean}
# schema: astropy-2.0
source_id ra dec parallax parallax_error pmra pmdec radial_velocity phot_g_mean_mag phot_bp_mean_mag phot_rp_mean_mag
[from data line 314]
4513494342975950720 287.88927863288194 16.87765131127833 "" "" "" "" "" 20.727507 21.251148 19.638891
4513494411695598720 287.8633141577906 16.873975952837995 1.538733406357187 1.08306650622153 -0.33189631295477895 -0.5996238237866949 "" 20.457092 20.709503 19.182148
4513494171177013760 287.8987417856766 16.86558508397916 "" "" "" "" "" 20.997099 20.820843 19.805416
4513492659354784896 287.8684248956605 16.84326284741564 3.274587629347994 2.0182288971282993 -5.434313781356031 -8.839952472747095 "" 20.930513 21.604258 19.89137
4513494171207779456 287.89896754689784 16.85622024646675 0.2465061124349509 0.07078480740136552 -1.513230944439804 -3.677037598188182 "" 16.733696 17.600954 15.791433
4513494166874603136 287.89936270140004 16.862981676740564 0.32140658853847776 0.1665239239830483 -1.6611551678023695 -2.0299291875456906 "" 18.287472 19.232449 17.292538
4513494171177030784 287.89842201849973 16.867069188639096 -0.7960447366631074 0.3959881853403653 -2.0562347422835883 -5.37354699564963 "" 19.777122 20.80747 18.65613
4513494343006559488 287.8957204744404 16.872297927623254 0.16343244705539114 0.2120301853047497 -1.150916495309284 -3.4039151273201065 "" 18.337849 19.318419 17.37436
4513494171181965568 287.89803643428775 16.852831441519672 "" "" "" "" "" 21.068556 "" ""
4513494136817086720 287.8858830752844 16.841718415711846 0.16204661772638596 0.6554054842747115 -3.968666332884192 -5.962514083029273 "" 20.227255 21.074352 19.135246
4513492659379290112 287.87725079524245 16.840534409219156 -0.20838628814932791 0.17629204157129524 0.14605550078877189 -1.5712977550848697 "" 18.32398 19.230455 17.349508
4513492659379286016 287.88264540580866 16.840811657253834 0.12671576288176642 0.1630514485536592 -2.5292844854884873 -5.002922423880073 "" 18.203213 19.120708 17.245295
4513494411695550976 287.8585873124104 16.866893807992827 1.3671628707762005 0.7143263896841398 0.26638959781173277 -0.816458684966711 "" 20.442265 20.539408 18.70026
4513494342980447872 287.8874271994511 16.879042858370145 1.230937644331852 0.6946760074387792 -3.049564980235731 -9.028322341231757 "" 20.133707 20.810701 18.926952
4513492659348340480 287.88479888310394 16.841223477621675 -0.2605347017945901 0.905682253772794 -2.4890873638071245 -4.808115219667572 "" 20.293118 21.301296 19.059544
4513493380910026752 287.89568741854066 16.84847247885918 "" "" "" "" "" 20.928705 20.211432 19.390274
4513494411695607296 287.8643702844059 16.875693238031094 "" "" "" "" "" 20.806505 "" ""
4513494446085729152 287.87839554623486 16.880984221109063 0.012344194283081087 0.1420492014313904 -1.3652367563743006 -5.282523862316319 "" 17.799135 19.174145 16.617247
4513493380902832640 287.8935205616532 16.846014007534475 -0.040454310066663474 0.48758700050736686 -1.410588598849371 -3.3190928753350772 "" 19.902437 20.813381 18.70369
4513492655045952896 287.86696479829544 16.84351185867443 0.25304847736848995 0.24989891379071763 -2.2206446671226647 -4.514959592666406 "" 18.772657 20.14809 17.585817
4513494342975899648 287.89257532597696 16.876215744067633 0.7850735263688733 0.43248834115728435 -2.4474789721287844 -5.00226692161062 "" 19.841576 20.837906 18.769169
4513494446055238144 287.88469576490354 16.880346331179673 -0.8683881781654428 1.0466250605827914 0.07033883520120693 -5.140729621326777 "" 20.615946 20.996384 19.259684
4513492659355534336 287.87837203526794 16.839977879174466 "" "" "" "" "" 21.104008 "" ""
4513494411695606528 287.86256913982 16.87438122912942 -0.31911266446993725 0.4360915511826146 -2.724537182377257 -4.396640028479136 "" 19.76262 20.547514 18.690277
4513492723765494656 287.85962784448515 16.850872547537165 0.38356906948104835 0.08623966525612482 -0.8135719309487264 -2.617824016028907 "" 16.664236 17.525389 15.721017
4513492659348489344 287.8687419348825 16.842186009827998 "" "" "" "" "" 20.163874 20.770617 18.81607
4513492934226757504 287.85697956322997 16.862021960079797 -2.958318660681456 1.8523377475255576 -6.922707437995527 -7.799792777729188 "" 20.826569 20.373487 19.052595
4513494446060631808 287.87111124756814 16.880123687810954 "" "" "" "" "" 21.303352 "" ""
4513494446055315712 287.87656757046386 16.881334252329307 0.8507068966162957 0.6010996737845005 -3.3055448748086977 -4.909700366420567 "" 19.923668 20.921215 18.891241
4513492929923987072 287.8569544961985 16.859163363934062 0.1903825367099878 0.12243413771824314 -1.208329404267896 -3.4447408198105887 "" 17.921118 18.84754 16.923079
4513494171176889984 287.89996147317964 16.856403140268004 -0.24097214145102874 0.5157856978070491 -3.2612935720881358 -6.446360643170549 "" 19.84549 20.743864 18.6153
4513492728098778752 287.8650257114236 16.844368545052102 0.4896382543079784 0.08311201227694381 3.875776738325952 3.9337853796155837 "" 17.04818 17.901976 16.111359
4513494407392882688 287.86402039563484 16.876065415050792 1.6195639753000182 0.4161588528522301 -0.5298976417371057 -5.047417898834805 "" 19.675072 20.49348 18.37265
4513492659348332032 287.88482480067387 16.84056370196821 0.2795145952302923 0.8786139454530523 -0.41126076738550044 -5.494111948638517 "" 20.33052 20.96692 19.112951
4513494343006504448 287.88866827448174 16.879201213729512 0.25566555673770314 0.09556035541025151 -1.943412474082236 -5.484074505507447 "" 17.499506 18.347435 16.578688
4513493380933789056 287.8860902089981 16.840947322709138 0.5820648656634111 0.32895782181476435 -3.127328323563042 -7.524641673236171 "" 19.300676 20.246378 18.270002
4513492659348390016 287.87692212918483 16.839686108001445 -0.8089533099103533 1.0280811914658998 -1.4929724672019402 -1.8226458523869038 "" 20.586267 21.176987 19.648901
4513492659348340096 287.8830939911314 16.840039215885 0.028427209576973107 0.7432148053102474 0.19431808380780358 -7.4888765445667715 "" 20.513302 21.68882 19.32141
4513492659348364160 287.8793424577842 16.839601080743257 0.5856904343999184 0.2557713453203949 -3.0184685217177685 -4.786720280450069 "" 18.921127 19.523935 17.580807
4513493380902826624 287.88722668830394 16.84121703582865 0.33464381801302334 1.246803638477641 -1.3938507982983297 -4.662776078468893 "" 20.73066 21.31165 19.591516
4513494411725992832 287.85803647860416 16.868127101663273 0.019600476151775306 0.14346108893459641 2.3058409842530003 -7.68618177177698 "" 18.063839 19.106298 16.970356
4513494411725995392 287.8608981110882 16.87327829482132 -0.6291597039425336 0.5329169713028481 -1.427772554734956 -4.4589628336466705 "" 19.99666 20.783852 18.859795
4513494441749034368 287.88202433332924 16.88157894445753 7.978756923926405 1.9852738983156304 3.6588539948984815 10.374797432054276 "" 20.28283 21.122131 18.995165
4513494446055310592 287.8779449917551 16.88182684787109 -1.2072314453773576 0.7098529885923951 -4.15097845319316 -8.221916231617492 "" 20.382597 21.115822 19.328983
4513492934226757248 287.85650119341415 16.86213225159415 2.0936691709041586 0.8920477539264721 -3.445410929377137 -5.347168611735995 "" 20.485601 20.705166 18.541592
4513492934226746240 287.85642109886606 16.860946541101573 "" "" "" "" "" 20.889534 "" ""
4513492659348374016 287.8782561700005 16.839280344345763 0.28782469736120203 0.13984336559739988 -11.929594077542735 -8.713105813214485 "" 18.147795 19.083275 17.180906
4513494411695619072 287.86520639341165 16.877657755431514 1.1932813416630432 0.9444686153106495 -1.829236825314739 -5.209876755130426 "" 20.585125 20.845066 18.770714
4513492655054512000 287.8795251430501 16.839279560458383 "" "" "" "" "" 19.489729 "" ""
4513492934226717568 287.85646720602057 16.858312365087922 1.326775218173695 0.4303769990097357 -3.239601576174476 -3.30418040811456 "" 19.63333 20.268366 18.471
4513494446055337984 287.87415151194773 16.881551713338794 1.3125354574934558 0.7093825084589019 -0.25387624360479566 -0.568922196750548 "" 20.379345 21.15722 19.228968
4513492934226757376 287.85637350491277 16.862447218054935 0.9999187543412742 1.1555821444333298 -1.0143713490161617 -9.443156789476507 "" 20.593283 20.574526 18.758549
4513493380907987200 287.8888708628051 16.841562626743254 "" "" "" "" "" 20.893045 21.256266 20.226824
4513494166874564864 287.9006857868763 16.856321208627826 0.18166033209019616 0.2548629433279331 -3.7281222724268703 -5.75686705810016 "" 18.951838 19.919205 17.725185
4513492728068216192 287.8574477226933 16.85338254850182 2.045000328980451 2.0160450278553905 -7.516848610225385 -11.46127509886512 "" 20.897621 "" ""
4513493380902818304 287.8950980972331 16.845897618468864 1.0152114572475204 1.2674042212067522 -4.341361078237363 -7.272919510120211 "" 20.703894 20.813688 19.445976
4513492728068051584 287.86292454079364 16.845115565007173 -0.13525956510888087 0.19331112751238183 -3.0128661430856805 -6.865336161192203 "" 18.58159 19.581978 17.509085
4513494342981019904 287.89250898721383 16.877763452251706 "" "" "" "" "" 21.01452 "" ""
4513492659348470144 287.8691133321372 16.840912145840978 0.4215740167759394 0.36954720558637877 -1.4081605031146327 -4.42710979103993 "" 19.389654 20.37358 18.36041
4513492728098780032 287.8634335661755 16.844468501891935 -9.628619112351965 1.922385616295185 1.5293954998524488 -22.221114978174313 "" 20.417643 20.469847 18.611958
4513492728074659712 287.85776543904547 16.852014109102 "" "" "" "" "" 21.108732 "" ""
4513494166874596608 287.9013464233882 16.862271492401586 0.49888219542930357 0.2364443740636859 -2.5774150660833355 -8.848393576011645 "" 18.989145 19.86609 17.937218
4513492659348484736 287.86798596589756 16.84135608102549 1.5438516175576469 0.5276080776341433 -3.190761165446242 -1.9658962592021538 "" 19.897013 "" ""
4513494411695589120 287.85768701861963 16.869166876806368 0.5043583891832424 0.8741883101315112 -4.393431850202891 -7.210002314494962 "" 20.542206 21.079067 19.37708
4513494338673395328 287.8962844409368 16.874438982937857 0.1525943244007028 0.14887951627339596 -1.5996680879939036 -5.897679614238946 "" 18.158516 19.461021 17.01613
4513493380933788800 287.8972654361656 16.848009555916576 0.5778770830647614 0.1994264524499022 -2.5539210204080263 -5.883100618075138 "" 18.49062 19.296251 17.490763
4513494411695568768 287.8568783906269 16.867188457124694 -0.2572366009323007 0.8011491559143106 -0.9649223745965705 -4.715984906945219 "" 20.528524 20.710726 19.468729
4513492728068228480 287.8569385062569 16.85384549929828 1.0910468926015413 0.442186395427164 -1.7163476056980524 -5.800506686558877 "" 19.58656 20.505033 18.369358
4513493380902808704 287.8928824377808 16.843521692343558 0.4621976177493972 0.5205869959316572 -2.114065359263868 -6.257590411318487 "" 19.99714 20.543837 18.949303
4513492728068037376 287.8632881375181 16.844428260510238 "" "" "" "" "" 20.32805 "" ""
4513494544831889280 287.8849113585123 16.881681707451303 0.34040286062516556 0.19485999914225968 -2.357997204712329 -3.314910944120153 "" 18.589314 19.46821 17.63175
4513494411695635328 287.8642557809159 16.87774539463941 -0.28038757362719957 0.653017756734778 -2.5078577206071806 -3.581760385452914 "" 20.406216 "" ""
4513493380907987456 287.88841903492386 16.840709184305748 "" "" "" "" "" 21.10415 "" ""
4513493380933787008 287.88968792938346 16.84132389730492 0.5421177632810703 0.13086958038891386 -5.8189250771083945 -4.785325823832238 "" 17.968567 18.838638 16.979382
4513494446055378304 287.8661589171651 16.879083550649135 0.18867697839791636 1.0835911934080553 -5.463926015916357 -5.78499511291102 "" 20.570444 "" ""
4513494171181963264 287.90087015149174 16.854933017868085 -1.6424260559190216 1.4977888597824385 -4.604915968255061 -1.9228937979765799 "" 20.708908 20.865948 19.621214
4513494446055370112 287.86814328873163 16.880253920438285 1.0034923024490887 0.7425180637396356 -2.2682979654296744 -5.962871064112591 "" 20.256895 20.81474 18.95087
4513494171176907776 287.90167234739835 16.859086116915208 1.5145606589621865 0.6142532602459244 -2.411042379015607 -7.2676058390833544 "" 20.369219 21.093386 19.155264
4513494411695588480 287.85719532437247 16.868791152101366 0.07847247070655786 0.5514447130302613 -5.698091266923717 -5.9575578975375265 "" 20.201363 20.80549 18.74078
4513494411695638272 287.8649427571616 16.878438114107233 -0.995140128973938 0.5615921683936244 0.025568621747782794 -2.7544342315510706 "" 20.182936 20.984692 19.141367
4513492934226799744 287.85598603972596 16.864998994435 0.24512038468026864 0.6093848430666249 -3.12189540417877 -7.279895106478371 "" 20.37345 21.137262 19.272972
4513493410960261632 287.8993744940637 16.850790624830672 0.50492083601219 0.11008922408242518 1.1118271050143038 -1.0971738348451245 "" 17.547018 18.373219 16.592348
4513492659353846528 287.8664306697375 16.84181538156987 "" "" "" "" "" 21.201057 "" ""
4513494446055282944 287.88208637962487 16.88255859674577 0.2722198931840843 0.5828989677549199 -1.9500063109367405 -7.4420254418012 "" 20.081139 21.132847 18.899803
4513494171182320512 287.901714395714 16.863159264838544 "" "" "" "" "" 21.139084 "" ""
4513493410960261760 287.89882767913446 16.849619802110386 0.34944542435099146 0.09802824169198815 -2.1354416394725897 -6.338062170754789 "" 17.456852 18.560106 16.349445
4513494411725997952 287.8642288943562 16.878115345409938 1.282563431699212 0.4659714084019529 -6.227349005348711 -15.670749862157876 "" 19.708052 20.396597 18.119709
4513492655045940864 287.86758230699854 16.840999452158442 0.20979181346810066 0.39074944814391266 -3.9640094917846764 -6.977891260960347 "" 19.629108 20.557219 18.385181
4513494171207776640 287.9013895479998 16.85567412063366 0.36250880770598304 0.23647992144036772 -2.689267480625456 -7.129952482619581 "" 18.983149 19.799921 17.925652
4513492728068175488 287.85779954789706 16.850588832214697 -0.4737957593019591 1.500226985710864 -1.1075150371482065 -1.7276194132508549 "" 20.87464 21.696575 19.934135
4513494441752661376 287.8660826401452 16.879480933734165 -0.038661696005717866 0.15391037987478748 -2.8137284772088327 -5.712154159159322 "" 18.223488 19.519823 16.977043
4513494446059905920 287.8686166781466 16.880853834534467 -0.4169515423942528 1.1987079496551019 -2.128210202886488 -8.0288773168279 "" 20.60646 21.54912 19.659063
4513493376600466432 287.89435017691414 16.843973879458723 1.3784413301353877 0.23733718219108046 -0.5646801460114041 0.09842231239723359 "" 18.827961 20.008602 17.62845
4513492934231764480 287.8558760918335 16.86588763538795 "" "" "" "" "" 21.0028 "" ""
4513493380902802432 287.8890539673662 16.840501385258534 1.368368771734471 0.8634360417606998 0.538955493935311 -1.7755305428260986 "" 20.392927 20.798769 19.004467
4513492659353491712 287.87613014882766 16.83824118567364 -0.995261317464686 2.2943970986209625 1.9250453443043347 -5.793449296182984 "" 20.938044 "" ""
4513493380907980288 287.89845793550495 16.848479419766363 1.0373838298541176 1.276828195042271 -2.0589622438226822 -3.333193436537991 "" 20.68296 20.558191 19.54121
4513492728098782848 287.86106182763046 16.845619475003925 0.14342624072434978 0.10435137456784373 -3.0312843476475586 -7.307956991128447 "" 17.39284 18.866951 16.19051
4513494338673481600 287.8886508257932 16.881078703597645 0.30264476404565493 0.058520196871125245 -3.4509044847593646 -7.416013710577463 "" 16.535582 17.28742 15.660702
4513494269953868928 287.9006397235784 16.868885370232032 0.6087381980047367 0.3099209402761938 -1.5061190374937148 -5.45486487477172 "" 19.240993 20.241598 18.203878
4513494446059904512 287.87163190850674 16.882230447430427 -3.5936180141528453 2.12088388340721 1.2291711848031555 -2.9684406794126432 "" 20.825264 20.65816 19.542086
4513494446055306880 287.880318219273 16.883194833404872 0.6757774109148064 0.4208650887099824 -2.037438566434547 -6.557845668922431 "" 19.636236 20.72013 18.493982
4513491903434060800 287.8861433062774 16.83906233111981 -0.21684467261793364 0.46278510559672936 -0.512737098119309 -4.883677365881273 "" 19.494781 20.243387 18.43425
