m1-67/data/gaia-sources-wr124.ecsv
# %ECSV 1.0
# ---
# datatype:
# - name: source_id
#   datatype: int64
#   description: Unique source identifier (unique within a particular Data Release)
#   meta: !!omap
#   - {ucd: meta.id}
# - name: ra
#   unit: deg
#   datatype: float64
#   description: Right ascension
#   meta: !!omap
#   - {ucd: pos.eq.ra;meta.main}
#   - {utype: Char.SpatialAxis.Coverage.Location.Coord.Position2D.Value2.C1}
# - name: dec
#   unit: deg
#   datatype: float64
#   description: Declination
#   meta: !!omap
#   - {ucd: pos.eq.dec;meta.main}
#   - {utype: Char.SpatialAxis.Coverage.Location.Coord.Position2D.Value2.C2}
# - name: parallax
#   unit: mas
#   datatype: float64
#   description: Parallax
#   meta: !!omap
#   - {ucd: pos.parallax}
# - name: parallax_error
#   unit: mas
#   datatype: float64
#   description: Standard error of parallax
#   meta: !!omap
#   - {ucd: stat.error;pos.parallax}
# - name: pmra
#   unit: mas / yr
#   datatype: float64
#   description: Proper motion in right ascension direction
#   meta: !!omap
#   - {ucd: pos.pm;pos.eq.ra}
# - name: pmdec
#   unit: mas / yr
#   datatype: float64
#   description: Proper motion in declination direction
#   meta: !!omap
#   - {ucd: pos.pm;pos.eq.dec}
# - name: radial_velocity
#   unit: km / s
#   datatype: float64
#   description: Radial velocity
#   meta: !!omap
#   - {ucd: spect.dopplerVeloc.opt}
# - name: phot_g_mean_mag
#   unit: mag
#   datatype: float32
#   description: G-band mean magnitude
#   meta: !!omap
#   - {ucd: phot.mag;stat.mean;em.opt}
# - name: phot_bp_mean_mag
#   unit: mag
#   datatype: float32
#   description: Integrated BP mean magnitude
#   meta: !!omap
#   - {ucd: phot.mag;stat.mean}
# - name: phot_rp_mean_mag
#   unit: mag
#   datatype: float32
#   description: Integrated RP mean magnitude
#   meta: !!omap
#   - {ucd: phot.mag;stat.mean}
# schema: astropy-2.0
source_id ra dec parallax parallax_error pmra pmdec radial_velocity phot_g_mean_mag phot_bp_mean_mag phot_rp_mean_mag
[from data line 845]
4513492624988601472 287.8688368099069 16.830207518983116 0.006050832925896567 0.5313565864548001 -1.3179041650650558 -4.457110286065281 "" 19.916 20.626997 18.530554
4513494549134604288 287.8836585217473 16.89208922710121 0.29280491744063786 0.618847745839092 -2.2513472388998257 -5.234345374401078 "" 20.295277 21.097662 19.291876
4513492693713595392 287.84885405552086 16.84636568066018 "" "" "" "" "" 21.241554 "" ""
4513493518341793792 287.91195979076224 16.85951399764353 -0.844017120513211 0.5088373942974955 -1.1017639362488683 -3.2848187477357436 "" 20.079374 20.708862 19.034016
4513494480421327232 287.854025860339 16.882113098618724 "" "" "" "" "" 21.154852 "" ""
4513494342975816320 287.90593891865484 16.878953242348732 -0.08943972701199661 0.45785960107608265 -2.7771299782615735 -6.925404834717491 "" 19.886549 21.018509 18.715704
4513494343006508800 287.89631365044005 16.88772983572721 0.6069478504110395 0.6528715831162584 0.09788724301609025 -3.8929767721882413 "" 19.613407 21.05568 18.524042
4513494549134582912 287.8853878511911 16.89192235894424 -1.4364787413673001 0.767638452262359 1.7785496520969317 -1.7951006330554315 "" 20.598534 21.861145 19.416948
4513494514775006976 287.8592063886351 16.886683997991295 -0.7466119575618902 0.5190731301964143 0.9080437676142424 -1.5939161589767992 "" 19.802578 20.732605 18.594627
4513492934232730112 287.8451803347252 16.860007450861076 "" "" "" "" "" 20.990585 21.34936 19.579062
4513493380902669440 287.9049800735161 16.840824111665178 0.2692571960651322 0.52617365264972 -3.66571633435309 -3.2349209019860155 "" 20.009256 20.871502 18.883091
4513494549134558464 287.8873608955811 16.891569262260358 1.436075292251207 0.5441283233876556 -1.236972414628029 -3.710866105506927 "" 20.192873 20.053604 18.6807
4513494514774977792 287.87005761637556 16.89160780005741 -0.15440140186546072 0.5208325940638503 -2.5820326806807783 -8.232911787696144 "" 19.96046 20.629599 18.601215
4513493380902647808 287.9008269435484 16.836561175567002 -0.032986708749166385 1.4326231980220847 -0.1350174750804361 -2.9312420975773543 "" 20.795942 "" ""
4513491869074296960 287.87393401892126 16.82884779435539 1.1871078689736598 0.3118894719519208 -3.764801354303473 -4.192903033364631 "" 19.11581 20.321684 17.978567
4513492899867016576 287.845723764892 16.854558332966846 0.4730174412099438 0.7802061389859184 -2.293158764287113 -7.928720875137736 "" 20.438583 20.776358 18.876896
4513494514781801856 287.86254897859993 16.888794515258176 "" "" "" "" "" 21.362123 "" ""
4513491869081185920 287.8770528400855 16.828522548194275 -0.36570102175907987 0.9169081140756882 -0.934146064151702 -7.284991613703051 "" 20.314905 20.998974 18.776386
4513494544831998208 287.8812474457604 16.892660601331237 0.7793004821801842 0.2736216877355755 -0.09388388326992914 -15.37787369755819 "" 19.155365 20.317333 18.04163
4513494514779732864 287.8583120196919 16.88621195807821 -3.122644725834096 2.1209695562385256 -11.212271428358317 -17.970424796875374 "" 20.964367 21.226898 19.651354
4513492693739118848 287.8569443762959 16.83606275049929 -0.02009863813410567 0.1956942744485418 -5.970694968124706 -4.79846923523201 "" 18.535557 19.54828 17.517422
4513494343006496896 287.90259163561774 16.88322655582928 0.32237299015892795 1.1366960995397684 0.25946428896519846 -1.9825545584195716 "" 20.516548 21.706535 19.191582
4513494617884497152 287.87473332042055 16.89260007224644 -0.04417729110300002 0.813722846799446 -4.988688907038098 -4.768702941833948 "" 20.604239 "" ""
4513494514805225984 287.86394613913956 16.88959015144103 0.20460094564515374 0.18584605813644825 -0.035493588862638425 -2.3908245880543064 "" 18.602169 19.567028 17.572065
4513494480419654784 287.8553736571011 16.88388618013412 0.07815379968187992 1.2969055575479131 -0.2310645958267711 -1.6811540230208575 "" 20.8402 20.93036 19.422209
4513492899867054848 287.84518317612975 16.857075110403215 1.7531895152861656 0.40982080517461067 -1.9074836825480765 -2.0475773944164115 "" 19.303804 20.49248 17.960821
4513494514774977664 287.86957065275993 16.89168904821532 -4.052942646024045 1.1479174708182243 -0.8387465468382577 1.241869503474648 "" 20.664888 "" ""
4513492624988640000 287.86558986578234 16.830873759909686 0.4536295017037581 0.37319535748710675 -3.624222327717974 -5.536719428879416 "" 19.534203 20.4832 18.427134
4513494480419656320 287.8515817209483 16.87986327736904 1.9647556164694944 1.3822257076176472 0.8545442940610841 -4.907365548350992 "" 20.687624 21.50089 19.742926
4513492624988669440 287.86339957905216 16.831793437072324 -1.2031946223746044 0.6391164275281748 0.23961229377272536 -4.024252658831875 "" 20.380394 21.370491 19.28794
4513491903441843584 287.8802916078405 16.828313132002673 "" "" "" "" "" 20.315699 "" ""
4513492620686147584 287.8580442459146 16.83498158937572 0.2927091472599146 0.11450216731678017 0.30552483008712494 -1.6374026805131763 "" 17.65396 18.592976 16.648159
4513494338673468800 287.9033555404427 16.88276446579881 0.3839902492822421 0.49776748333731397 -1.4452669672581493 -4.09913897700575 "" 19.777384 20.863615 18.567352
4513493002946438272 287.8468362016114 16.871690144932376 0.5031246207855502 0.4888752807601582 -2.6593079636467305 -5.752534303808413 "" 19.821325 20.443508 18.71695
4513493002976730880 287.84646465686393 16.870664205809113 0.45801638101770503 0.08203284856445278 0.0050392957159033636 0.7143842566838767 "" 17.12789 18.073788 16.148163
4513494480415249152 287.8508062988339 16.879060954319904 "" "" "" "" "" 21.066605 "" ""
4513493518341842304 287.9124076936897 16.863298832957465 1.4221165653020893 0.6231521456415452 -1.2800368553139796 -4.700521580545725 "" 20.399284 20.986256 19.303879
4513493376600398848 287.9009249345976 16.836190553694443 0.9431397190755607 0.4549113246666768 -0.8645360902970273 -9.237727161244676 "" 19.72119 20.262997 18.408499
4513492895564164224 287.8472102713619 16.848427559711748 0.30408566247911045 0.20801284374179346 -0.0711299547685782 -0.8913863085594609 "" 18.686241 19.609951 17.699493
4513493518341782400 287.9125411211065 16.85885991391117 "" "" "" "" "" 21.092426 "" ""
4513494617854144256 287.87765773200823 16.893099070485622 1.406152706869546 1.1460060126375022 2.8347345414276557 -3.3144688811590295 "" 20.671429 20.8877 19.028507
4513494342976017792 287.89663265604776 16.888195098540102 -0.09295425263320996 0.9598641311388268 1.1092693929980693 -4.396833833776341 "" 20.571074 20.256014 19.586847
4513492899872026496 287.84761135561826 16.847369921978718 1.2855754582994072 1.6040957411213796 -0.6649228543965228 -2.516140252808235 "" 20.84842 21.36572 19.507793
4513492624993444864 287.85946117203116 16.83376751124387 0.26735094803103765 0.30468278972334645 -0.7162003187661744 -6.201699748576785 "" 19.128912 20.097721 18.036598
4513492934231429248 287.84469326751605 16.86219346424822 -0.7488249641448372 1.768532471336828 -0.44485584477336654 0.25831480961407816 "" 20.792088 21.00416 19.877785
4513493002946420224 287.84598602707035 16.869710846056176 -1.6695420637981289 0.9444709100548925 -3.2524357816191687 -4.543859728412341 "" 20.570482 20.952837 19.37983
4513492689405665280 287.8519969254063 16.840388868039913 0.4024980237392899 0.3367595710747576 -1.5429123530688784 -2.8603528697798213 "" 19.33262 20.142357 18.244537
4513492624988585088 287.86943594812504 16.829275501287896 "" "" "" "" "" 21.259092 "" ""
4513494269971871488 287.9106693529572 16.87172090416735 -0.13613098102257415 0.27042675119409143 3.295589768759048 -3.6621351626905336 "" 18.5353 19.297731 17.442907
4513492899867006080 287.8455062150231 16.853119819241687 2.650585657147169 1.120203870650661 0.5169217665933774 -1.3731301681631363 "" 20.746931 21.179792 19.686386
4513494544831991168 287.88660159699026 16.892314963904347 0.6059895677425994 0.19429500635858712 -3.559477354375133 -3.200016217674451 "" 17.725727 19.101002 16.395798
4513493415293513472 287.90878763568594 16.845365979002263 0.06618321896112095 0.07169151633184499 -2.1706073245524946 -4.893775170593708 "" 16.707314 18.25325 15.46671
4513491903433912192 287.89029235164605 16.82994244969961 0.35147368436036003 0.9675507549393081 2.6963823733029986 6.465911059257857 "" 20.196352 20.765928 18.792423
4513493380902640768 287.89911539717514 16.834487683750236 -2.088971750288007 1.4876882356366552 -3.920164847954073 -6.030819581682393 "" 20.883307 20.889769 19.258785
4513491903433912064 287.88999584386767 16.829791427255994 0.5853234450709345 0.8966757718935928 0.3323412371275407 1.9765758235082225 "" 20.430819 21.100542 18.973042
4513494617858596992 287.8750863773884 16.89316540326694 0.8530762072728155 0.844797701302467 -5.60917842483278 -7.0234125606816 "" 20.49662 21.004826 19.285088
4513494480420956416 287.8547275260553 16.884015321121495 "" "" "" "" "" 21.147131 "" ""
4513494617854179584 287.87374824513006 16.893072614944312 -0.40173059983945814 1.1685048080323248 -0.3147528840328944 -4.9641544838216465 "" 20.462122 21.176245 19.099152
4513492624988584960 287.8695707587738 16.828979718639445 "" "" "" "" "" 21.095148 "" ""
4513492620694773120 287.8701121824096 16.8288232530527 0.7856635661572802 0.2319177709668825 -0.3427768551899302 -3.652789244201185 "" 18.177313 19.346848 16.883633
4513494480419997568 287.8485956040816 16.876442064020694 "" "" "" "" "" 21.103111 "" ""
4513494549134579200 287.88682837244846 16.892532745046 "" "" "" "" "" 19.716766 "" ""
4513491903465023360 287.88743725977304 16.828845430440317 5.566367648697864 1.1988097106491018 0.37139111748495324 11.783150896985582 "" 20.62111 21.004068 19.296017
4513492620686147328 287.8604515881436 16.832741849248453 0.5788784351066624 0.06160940231492632 6.427508256269102 -8.954608331580351 "" 16.443695 17.278925 15.524065
4513494617884436736 287.8764235014588 16.893421609583587 0.3959200862321495 0.09759468465061655 -1.9142645111785086 -3.6385716770679535 "" 17.49926 18.374325 16.346138
4513493380933769728 287.89822197223464 16.833571978571477 0.33029095035953915 0.44478781829701125 -3.243456592793723 -5.392925265956638 "" 19.849184 21.03768 18.76122
4513493380907969024 287.9029377942662 16.837318127752972 -0.6595041402682397 1.0273633462857552 -0.14710511191249237 -2.6851902968350823 "" 20.693296 20.87891 19.682655
4513491899131580288 287.88687857815694 16.828579095769143 0.15349271292160263 0.19099510795055546 -1.4574235646498535 -4.505087151787557 "" 18.621624 19.436214 17.551891
4513494377335684352 287.9013465792413 16.88547886565905 -1.5839160172123086 0.5860759953438228 -3.2580414382404745 -5.563480077352023 "" 20.299631 21.080803 19.023888
4513494377340754048 287.9036547458493 16.88342928135016 "" "" "" "" "" 21.218449 "" ""
4513494510472251648 287.86975900703885 16.892573807106785 4.207171567119881 0.9649610053319292 -1.7756404315782257 2.0561949387934977 "" 19.791567 20.722933 18.278831
4513492625019541504 287.87142893001584 16.82824253393565 0.20095679372895614 0.04779976552613157 -3.4655362741791276 -5.627026960229239 "" 15.248367 16.659357 14.070506
4513492624988575744 287.87024032679966 16.828494282165135 "" "" "" "" "" 21.091602 "" ""
4513494549134642944 287.8813377547755 16.89363746031037 0.12657558247495224 0.37250500593465724 -2.095953743020006 -0.9475449617567016 "" 19.650072 20.629635 18.483227
4513493376600377472 287.898975105965 16.833792990607396 0.45234825622077335 0.36551642652017385 1.1251185626541291 -7.257617530669184 "" 19.405785 20.324425 18.37932
4513492624988706432 287.85967260552815 16.83290347600878 "" "" "" "" "" 21.101257 "" ""
4513494377335652864 287.9028687614156 16.88430802595454 -0.7044511420858949 0.8696660877990313 -1.9048202264074343 -6.3943082497737995 "" 20.266388 20.585295 18.884626
4513492934226847360 287.8440061716158 16.860561267621158 0.26285164354901264 0.14279053778355683 -1.94335206670821 -5.580912051237354 "" 18.1156 18.910593 17.041483
4513491869074240000 287.8782011009131 16.827452413614225 0.9029248691644355 0.38704280460868473 -2.4298277407986695 -4.8021750387727895 "" 19.011396 19.652596 17.77987
4513494269953945472 287.9086056144061 16.87730334977856 0.3795846603198477 0.44367185716757823 -0.35470618422696293 -1.2808389788520234 "" 19.698835 20.711021 18.61535
4513494514775022336 287.85847706224195 16.887612871032253 -5.375934165541424 2.160280385123146 0.46903383574411894 -4.461780160892487 "" 20.811226 21.283213 19.555714
4513492624993532928 287.8584255493846 16.833652865917188 -0.6608002335792548 0.6352437031201849 -0.6320929942745798 -4.995443205818232 "" 20.243351 21.26661 19.144707
4513493002946412544 287.8448594347002 16.868127830442784 0.1258709250400907 0.6451004212805633 -1.287277730626944 -3.551457052704864 "" 20.356268 20.833862 19.242565
4513492693713245440 287.85537014751065 16.83600413933978 0.30535821591860546 1.1720297798991397 -3.834283517630206 -5.593351884011764 "" 20.788036 21.375853 19.690834
4513491903433891200 287.8932526552889 16.830492455430193 -1.58338229764033 0.6673423989939782 -0.9505699594971495 -2.528296538790179 "" 19.53145 "" ""
4513492895564245504 287.8440684594792 16.857869827153294 0.23649117377638462 0.16439439636632516 -0.7975557181925277 -3.509669212679236 "" 18.258844 19.178337 17.21635
4513494514775021568 287.86092976261875 16.889217006638013 -1.7564601898306083 0.8815803674233325 -2.444738764260908 -3.9207858625126124 "" 20.528414 21.147173 19.458925
4513494549139454336 287.8920525817686 16.8913335656318 "" "" "" "" "" 20.903063 20.742926 19.628838
4513491903465020800 287.8929396430137 16.830257433956593 0.5044625654951209 0.051433018688203075 -0.09034634552251242 -4.174801402037792 "" 15.916138 16.656876 15.036092
4513492620686147712 287.8615038305227 16.83163273682722 0.07163405769639382 0.17605881648732302 -3.5901781064932234 -1.1218947558308352 "" 18.339094 19.266973 17.267431
