m1-67/data/gaia-sources-wr124.ecsv
# %ECSV 1.0
# ---
# datatype:
# - name: source_id
#   datatype: int64
#   description: Unique source identifier (unique within a particular Data Release)
#   meta: !!omap
#   - {ucd: meta.id}
# - name: ra
#   unit: deg
#   datatype: float64
#   description: Right ascension
#   meta: !!omap
#   - {ucd: pos.eq.ra;meta.main}
#   - {utype: Char.SpatialAxis.Coverage.Location.Coord.Position2D.Value2.C1}
# - name: dec
#   unit: deg
#   datatype: float64
#   description: Declination
#   meta: !!omap
#   - {ucd: pos.eq.dec;meta.main}
#   - {utype: Char.SpatialAxis.Coverage.Location.Coord.Position2D.Value2.C2}
# - name: parallax
#   unit: mas
#   datatype: float64
#   description: Parallax
#   meta: !!omap
#   - {ucd: pos.parallax}
# - name: parallax_error
#   unit: mas
#   datatype: float64
#   description: Standard error of parallax
#   meta: !!omap
#   - {ucd: stat.error;pos.parallax}
# - name: pmra
#   unit: mas / yr
#   datatype: float64
#   description: Proper motion in right ascension direction
#   meta: !!omap
#   - {ucd: pos.pm;pos.eq.ra}
# - name: pmdec
#   unit: mas / yr
#   datatype: float64
#   description: Proper motion in declination direction
#   meta: !!omap
#   - {ucd: pos.pm;pos.eq.dec}
# - name: radial_velocity
#   unit: km / s
#   datatype: float64
#   description: Radial velocity
#   meta: !!omap
#   - {ucd: spect.dopplerVeloc.opt}
# - name: phot_g_mean_mag
#   unit: mag
#   datatype: float32
#   description: G-band mean magnitude
#   meta: !!omap
#   - {ucd: phot.mag;stat.mean;em.opt}
# - name: phot_bp_mean_mag
#   unit: mag
#   datatype: float32
#   description: Integrated BP mean magnitude
#   meta: !!omap
#   - {ucd: phot.mag;stat.mean}
# - name: phot_rp_mean_mag
#   unit: mag
#   datatype: float32
#   description: Integrated RP mean magnitude
#   meta: !!omap
#   - {ucd: phot.mag;stat.mean}
# schema: astropy-2.0
source_id ra dec parallax parallax_error pmra pmdec radial_velocity phot_g_mean_mag phot_bp_mean_mag phot_rp_mean_mag
[from data line 106]
4513492728068181504 287.86660194704444 16.85713114128337 1.258892250267275 0.2606187968307054 0.05782782398767728 -0.42830440393509195 "" 18.776745 19.43777 17.5875
4513494239896629632 287.8880441702311 16.86871153047314 -0.15383345563264095 0.4546032189879452 -4.535825362325264 -1.307664694936634 "" 19.741419 20.035763 18.45258
4513494136848044160 287.8857038621528 16.850383483539336 0.32356809342119525 0.031159755444751226 -0.88663351988079 -2.120744197617606 25.807387875719407 14.331614 15.482412 13.262953
4513492659353844480 287.8737610194113 16.849283105081646 1.8106657076493256 2.029270199555375 4.524268743892941 -1.9397723570319423 "" 20.84884 20.167437 19.126596
4513492659348494208 287.87640081832257 16.848502297266762 0.2851639260792984 0.22257223582705626 -1.2243036113041197 -0.3107558228940034 "" 18.66116 19.409208 17.410807
4513492728098790016 287.8670277087574 16.855312702280404 -0.0765305691555166 0.09083908166699417 -3.214290835712002 -7.144022581107052 "" 17.389725 18.651678 16.188673
4513494446085722624 287.8769015876613 16.872834376260137 0.4408718468302759 0.10513739374734687 -2.662884815731457 -6.687412531469373 "" 17.627556 18.596369 16.57205
4513494171176995840 287.8914991960636 16.859218657880607 0.9164792493645784 1.2974244475377585 0.950243480052075 -2.332586214981978 "" 20.527777 "" ""
4513494132514973824 287.8894073544892 16.853618342170464 0.07155988902592551 0.24831327772410958 -1.0241795317409408 -5.389999005807622 "" 18.876188 19.622046 17.782867
4513494136817218688 287.8800259156877 16.848221942219894 0.9539943029077309 1.3791207109503885 -2.068481783974214 -6.424253194989911 "" 20.817724 20.963366 19.195848
4513492728073323648 287.869448262396 16.851585618252372 "" "" "" "" "" 21.036507 "" ""
4513492659379298048 287.8768569895648 16.84808767560432 0.3703899708986423 0.19337246068539976 -1.3173093921297134 -5.129841818406119 "" 18.652306 19.146513 17.495403
4513494136817234304 287.8776977948318 16.847955131714865 0.04758330796440063 0.21851621548375036 -1.7323661967794572 -5.758107390585039 "" 18.875792 19.706123 17.816809
4513494205536977024 287.8654279478049 16.859575174550447 1.6986549119680714 0.9452191262029876 -2.405332871941832 -9.308292677764065 "" 20.598475 20.263983 18.887072
4513492728068201728 287.8656098440793 16.858226897268878 -0.0030981297613450385 0.3013281952725508 -1.7743606565337382 -3.8671811808509866 "" 19.175138 19.61602 17.833164
4513494239896738560 287.88204142804904 16.87293671609967 0.9112196379832755 0.4515866103684669 -2.8322014459689253 -4.400359393642467 "" 19.787943 20.506002 18.627666
4513494239896715264 287.88397812022214 16.872311798613968 0.17261794511225473 0.19193194381822026 -3.399441527876335 -7.394840789999452 "" 18.072147 19.00813 16.977343
4513494239896657280 287.8873229751179 16.870380314293786 0.40706568152215455 0.6943811554556033 -3.629088648011579 -4.117848959841101 "" 20.504076 20.711552 19.177881
4513492728073323776 287.8695317175163 16.8512178689621 "" "" "" "" "" 21.179651 "" ""
4513494411695478400 287.8664428974743 16.865917398556082 -1.0624873834147393 1.2459649003798527 -3.791632672092536 -6.473619147858232 "" 20.366283 "" ""
4513494411725984768 287.8665563556997 16.866161916495333 0.302436705785359 0.3786709923357266 1.2549819446081052 -4.053920543857296 "" 18.579454 19.68525 17.25432
4513492723773295744 287.87223074861254 16.849245470303742 0.16027951446278513 0.19989434129292538 -2.5495143120322017 -6.183453239188724 "" 18.718275 19.503443 17.662905
4513494205541734400 287.8651069481818 16.8603330950832 -1.0200590144876405 2.0319132890528198 -4.679211649947353 -7.882509515699974 "" 20.863514 20.769629 19.010351
4513494136817223168 287.8785529565376 16.847616813320926 -1.168269029271827 1.0187104161756155 0.4328119618853728 -5.893087606176341 "" 20.728468 21.216475 19.505714
4513492659348523648 287.8738634217963 16.848435036244762 0.5158919385591564 0.5007783591125159 -1.2848804412382928 -6.117912887345188 "" 19.894213 20.41256 18.602053
4513494446059899520 287.87499045826837 16.873162936393438 "" "" "" "" "" 21.045704 "" ""
4513494411695493248 287.86756925478693 16.86820920085418 0.642985874676402 0.6977496507583894 -2.258218933789411 -8.070837230407331 "" 20.473896 20.996956 19.24515
4513494171176969472 287.8919272437687 16.857645476701855 "" "" "" "" "" 20.716349 "" ""
4513492659348486784 287.87675989095834 16.847508178994374 0.4157458142420391 0.49675173678715245 -4.356804961734022 -4.466632680109901 "" 19.996918 20.000378 18.761847
4513492728098787840 287.8670794048146 16.853306859007564 0.5891069885017362 0.1951112317938086 2.0909682989081033 -2.1251421706437914 "" 18.706976 19.402 17.649778
4513494171176969600 287.89224357237435 16.857676426999397 0.02628181354668476 0.952628847712621 -4.400474912891738 -5.568859307339958 "" 20.553947 20.269354 18.675932
4513494239927284480 287.8847112057749 16.87267220441728 0.6073438089271055 0.12514603901350602 0.028026232575912413 -4.980250948667555 "" 17.738836 18.635492 16.661385
4513494136822236928 287.88528760289 16.84869647516439 -1.9471465336515983 1.6795497818923102 2.10435808439527 -2.378684123499206 "" 20.80758 20.267038 18.770437
4513494407392810496 287.8666301742369 16.867875743111274 0.5436213116718214 0.41355514946626826 -3.627254359353632 -5.795484723179354 "" 19.65707 20.874578 18.447369
4513494411725987072 287.86876862786346 16.87042812205666 0.011743717636693725 0.20410276210926534 -2.3024155413929037 -8.335690104261992 "" 18.331837 "" ""
4513494136848041984 287.88460697181813 16.848210495774335 0.08352942898287735 0.08487984702580267 -2.311738852397397 -5.543689721147925 "" 16.26341 18.299107 14.896764
4513494446055250176 287.87222540763725 16.872828965672085 "" "" "" "" "" 20.915916 21.565014 19.401329
4513492659348507904 287.8744686397305 16.847529532969666 0.07277928913083541 0.9152240654840245 -3.0679806562729235 -4.858173008882575 "" 20.557343 20.746344 18.9114
4513492659348507776 287.87412285336745 16.847632680922914 "" "" "" "" "" 21.215681 "" ""
4513494239896708864 287.8853501981651 16.872726423797058 0.04536495214513813 0.4336511138965559 -1.7380794908341306 -5.9937723386948 "" 19.448942 19.940327 18.275677
4513494411695468288 287.864785121008 16.864066598416287 -0.06344051520964618 0.975195115454716 -3.6936973326172478 -7.008237930129433 "" 20.614502 20.694859 19.43805
4513494407392880640 287.86909620507913 16.87086495589198 0.4220823939946637 0.14597625959102528 -0.2158447554658362 -1.439727139002057 "" 18.113146 18.87799 17.052622
4513494411695485952 287.8653213311824 16.865788300926873 0.7178136250799775 1.5395554477462328 -4.1506451647109515 -3.413001426831609 "" 20.90792 21.444624 19.610947
4513494411695449216 287.8643827765502 16.862410740698213 -1.3397335392386003 0.6375540123417692 -0.9427665637496341 -6.242985686879535 "" 20.154879 20.744144 19.02417
4513494239896623232 287.88974711934105 16.86941885758777 0.9333429160800922 0.6899644087237651 -0.022116885317819135 -5.929645381147729 "" 20.211113 20.962618 18.698244
4513494411695514880 287.86935799094186 16.87119175585029 -0.23727723594524894 1.07901253618486 -0.8832960270738461 -5.880496891606132 "" 20.507524 "" ""
4513494136817178240 287.884040730906 16.847725658002684 2.982068741075674 0.9673115388476641 -1.1285746741613458 -12.528132010555174 "" 20.529675 "" ""
4513494136822233472 287.89166673255073 16.85441867406858 "" "" "" "" "" 21.072502 "" ""
4513494171177022592 287.8931406813111 16.862342930660667 3.356754614692771 1.0363881676205609 0.3495858543396442 -4.549118730773758 "" 20.4026 20.649515 18.969156
4513494239927272064 287.89139437598396 16.867467219769324 -0.15874037900717755 0.14286813481617056 -3.505947757651958 -12.781889093010188 "" 17.239038 18.206879 16.107122
4513494239896572928 287.8917807140733 16.867119193008698 0.029693016249898063 1.1570927080066102 -7.198872775066672 -18.338179369354066 "" 20.677399 "" ""
4513494171176938880 287.8922331938533 16.85485748845076 "" "" "" "" "" 21.02824 "" ""
4513494171176951936 287.89301543891355 16.856603592203047 -0.6498789554207547 0.5745560549849443 -0.10038085821585113 -5.153853156427548 "" 20.183659 20.60676 18.927645
4513494407400467456 287.8698231360934 16.872185665548407 0.5408674313473756 0.19641228512932352 -3.2518924756847625 -5.8515654332140015 "" 18.730755 19.566168 17.70702
4513492728072974592 287.8703919632738 16.84865663707854 0.3114923114283766 0.8808597232098767 -3.1567366599005453 -4.657335782710343 "" 20.62133 21.05175 19.371786
4513494136817170176 287.88443399631575 16.847357883047017 0.2737294147243125 0.5520872734782442 0.48195809931095945 -1.7648248003636562 "" 20.053171 20.333788 18.296326
4513494446055261696 287.8719919649253 16.87359444462258 1.5004665882037265 0.293477940268531 -0.09137379373862653 -0.8953447442291388 "" 19.060692 20.125973 17.85393
4513494136822235776 287.8859448764086 16.847684473904756 -1.1846461066046123 0.9782253730019627 -1.9011055738895442 -6.422593667413802 "" 20.510365 20.902212 19.195053
4513494239896723200 287.8853165852309 16.87392654585414 0.31407710965358404 0.49888487595776815 -0.48137579642198197 -4.869701754116491 "" 19.797987 20.287575 18.495052
4513494239896691584 287.8870391848096 16.873029264113576 0.6131654802980565 0.6107124290824417 -3.577749732177307 -4.242084308347105 "" 20.173903 20.775993 18.89823
4513494446055262720 287.87345913828335 16.874751537170713 -0.360672157359915 0.38800936099593347 -1.7544854715655862 -3.485063489392199 "" 19.44013 20.209139 18.4249
4513494132523261952 287.88363759445554 16.846408861551538 3.556497769335635 0.35342576105484413 -4.311511898618573 -60.90742300638125 "" 19.407825 20.70321 18.056559
4513494171176957440 287.8940621443788 16.857921905266988 -0.11381992642996737 0.609928085763978 -1.7370784331158546 -6.4729022239368135 "" 20.188543 20.788204 19.102674
4513492929932418176 287.8629589752976 16.860954930900228 -0.5118164981825997 0.19462227635362456 -2.7796087614483826 -5.146001949676627 "" 18.25707 19.503082 17.003355
4513494411695490048 287.86363424770025 16.865005353770933 0.22713349488854032 0.3280200090356721 -3.7686741125442094 -6.416555145488242 "" 19.29685 19.98045 18.28592
4513494239896593152 287.8918405743086 16.868774734606664 -0.29763356625744 0.49588168247734565 0.9523151144166675 -3.6235726810706206 "" 19.812906 20.48663 18.468437
4513494171181970688 287.8943052529477 16.858615426838114 5.021876334732088 1.9752361618504628 -1.4345825433242343 -7.908117603818073 "" 20.897465 21.271872 19.37941
4513494235590532352 287.8849758639455 16.874484312884213 -0.019499974160174533 0.15492272302865698 -2.073203652674258 -4.879934005283457 "" 17.762554 19.204987 16.516275
4513492728068145152 287.8647923768288 16.853277518272826 -1.1470118284168915 1.4787250097628706 12.387740240843565 -0.26014012584679536 "" 20.12261 20.34741 18.672125
4513494136817177472 287.8809415971555 16.845533335160166 0.33818293744793937 0.568821792044987 -4.503370200164556 -5.191364193930187 "" 20.178642 20.553267 19.038702
4513494239901452416 287.89283695289384 16.86764676826754 "" "" "" "" "" 21.118677 "" ""
4513494239927289600 287.8827045845951 16.875443798138093 -0.03175897529882623 0.0764917399345249 -2.8066011792980063 -6.213816332595567 "" 16.517942 18.027805 15.291762
4513494446055260672 287.87492092786056 16.875587274041056 -0.4591497067356246 0.5910793923236755 -0.6180894932812366 -4.8532799883525835 "" 20.006266 20.98754 18.835457
4513492728068145280 287.8646714194357 16.853004757409558 -1.1371475654147614 1.6336185548157764 -1.674943120897605 -7.768998652953363 "" 20.327393 "" ""
4513494235602477312 287.88641650744137 16.8741158253384 0.31291451867650827 0.13567858495247173 -2.3099747054229107 -5.916793639590972 "" 17.957188 18.933569 16.935934
4513494136817161088 287.8915051015343 16.85132871601369 0.5084731664743325 0.50563157078165 -0.4552270027642059 -10.818692137304138 "" 19.717497 20.40396 18.514912
4513494132532681856 287.8900379562518 16.849708038403147 -0.10006269773340037 0.20531997480760417 -1.8446660108203528 -3.8440776895019515 "" 18.547894 19.318659 17.223743
4513494239896699776 287.88728408132357 16.87364609429954 -0.24216371147290194 0.6575938154747168 -2.1306671890697904 -6.40843084128873 "" 20.076485 "" ""
4513494171181971584 287.89474470277514 16.861545175094044 "" "" "" "" "" 20.930332 21.574701 19.805725
4513494239902182016 287.8886105410796 16.87282702877115 3.047909869351883 2.2484567001709257 5.1610600463144385 -2.0730358459957627 "" 20.935085 21.059456 19.297434
4513492659348513920 287.87230964038787 16.846359915787914 -0.21839275063234623 0.5169167422640423 -2.5556106133954315 -6.06371966218772 "" 20.074982 20.951468 18.638235
4513492659379299072 287.87280540958363 16.8461243016851 4.265255924841151 1.2548222722081523 -0.6611965590947226 -3.5022731104105427 "" 20.755407 "" ""
4513492728072985216 287.86271711755677 16.85755343584284 -0.3303681848724528 1.6385944436659376 1.2082692507137616 -4.557465595882525 "" 20.852362 21.072744 19.406235
4513492655043026560 287.8796208020307 16.845047676030852 -0.45316420423131915 0.4992048031305413 -1.533632137633205 -6.092216307529614 "" 19.891142 20.580736 18.732458
4513494411695484288 287.8626789937054 16.863849261664527 -3.761783662741973 1.7743500570382589 2.5114271778756185 -3.6136240217479236 "" 20.754013 21.376184 19.718603
4513494166874632192 287.8938771287091 16.866557431409774 0.024464512880555442 0.2994994504181885 -2.18110338554548 -3.1861888658893682 "" 19.104939 20.336843 17.921904
4513492728068139520 287.8645684959508 16.85248262797143 1.0064638827427796 0.21911395583741208 -1.7985862583387444 -2.7167740832314684 "" 18.726513 19.703321 17.51192
4513494235594187904 287.8924352463195 16.869294618078495 0.2075258860354234 0.07875774823490701 -0.09536539971872149 -3.4250692465623476 "" 16.573948 17.961723 15.386409
4513494171176916992 287.8939250628299 16.854562368270486 0.3416697640919725 0.9027691510251377 -0.4589700779999457 -4.9421304473290535 "" 20.55287 "" ""
4513492728068092032 287.8662241926905 16.850159232274375 2.125561937065926 0.45691627363693654 -6.462782607890972 -8.572028373264422 "" 19.71193 20.36021 18.430092
4513494446055256576 287.877074284469 16.87647572262618 -1.9129451204727987 1.3305130972493446 -2.890784300453123 -8.628856647532277 "" 20.695236 20.763199 19.052292
4513492728073322496 287.86986601537484 16.847065829899723 "" "" "" "" "" 21.12988 "" ""
4513494136817141504 287.88817978862744 16.847504944696965 3.484808507061087 1.2655914546112332 -5.694302301488619 -7.724677120063254 "" 20.495365 21.08331 19.375011
4513494239896706560 287.8875671598408 16.874126791010223 -0.5015081990526552 0.5129007819619839 -1.9049341114631666 -5.501189119866888 "" 19.770575 20.234325 18.473875
4513492659353839616 287.88038398886397 16.84470606269212 "" "" "" "" "" 21.227654 "" ""
4513494411695544192 287.86697337820107 16.872110895796858 1.946860600165694 1.2722455248373692 -5.358633895155697 -7.057170030238892 "" 20.757278 21.200327 19.154219
4513492659354772608 287.878570573017 16.844531936173357 -2.085238854865301 1.37307774491172 -2.1979597902430554 -3.7980007891216045 "" 20.704042 20.871061 19.486546
4513494171177042560 287.89470816784956 16.865478569034185 0.23122872278914797 0.4951287105046428 -1.0523936527326685 -8.60831746602597 "" 19.74079 20.544811 18.49726
4513494235594155136 287.8907215180483 16.871862611865126 0.5277808186598363 0.2789549895069139 -4.007374092243631 -5.7866593357288085 "" 18.997406 19.993752 17.79986
4513494136817162752 287.8936567036716 16.853118902643576 "" "" "" "" "" 20.524797 20.134241 18.909578
4513492728072985856 287.86200651882183 16.85765809248322 "" "" "" "" "" 20.97588 "" 19.658216
4513494136817162880 287.8935729519841 16.852941262735015 -4.421216366962344 2.786937772900532 -22.553696168667834 -14.280085323857303 "" 20.616726 20.359734 19.002766
