m1-67/data/gaia-sources-wr124.ecsv
# %ECSV 1.0
# ---
# datatype:
# - name: source_id
#   datatype: int64
#   description: Unique source identifier (unique within a particular Data Release)
#   meta: !!omap
#   - {ucd: meta.id}
# - name: ra
#   unit: deg
#   datatype: float64
#   description: Right ascension
#   meta: !!omap
#   - {ucd: pos.eq.ra;meta.main}
#   - {utype: Char.SpatialAxis.Coverage.Location.Coord.Position2D.Value2.C1}
# - name: dec
#   unit: deg
#   datatype: float64
#   description: Declination
#   meta: !!omap
#   - {ucd: pos.eq.dec;meta.main}
#   - {utype: Char.SpatialAxis.Coverage.Location.Coord.Position2D.Value2.C2}
# - name: parallax
#   unit: mas
#   datatype: float64
#   description: Parallax
#   meta: !!omap
#   - {ucd: pos.parallax}
# - name: parallax_error
#   unit: mas
#   datatype: float64
#   description: Standard error of parallax
#   meta: !!omap
#   - {ucd: stat.error;pos.parallax}
# - name: pmra
#   unit: mas / yr
#   datatype: float64
#   description: Proper motion in right ascension direction
#   meta: !!omap
#   - {ucd: pos.pm;pos.eq.ra}
# - name: pmdec
#   unit: mas / yr
#   datatype: float64
#   description: Proper motion in declination direction
#   meta: !!omap
#   - {ucd: pos.pm;pos.eq.dec}
# - name: radial_velocity
#   unit: km / s
#   datatype: float64
#   description: Radial velocity
#   meta: !!omap
#   - {ucd: spect.dopplerVeloc.opt}
# - name: phot_g_mean_mag
#   unit: mag
#   datatype: float32
#   description: G-band mean magnitude
#   meta: !!omap
#   - {ucd: phot.mag;stat.mean;em.opt}
# - name: phot_bp_mean_mag
#   unit: mag
#   datatype: float32
#   description: Integrated BP mean magnitude
#   meta: !!omap
#   - {ucd: phot.mag;stat.mean}
# - name: phot_rp_mean_mag
#   unit: mag
#   datatype: float32
#   description: Integrated RP mean magnitude
#   meta: !!omap
#   - {ucd: phot.mag;stat.mean}
# schema: astropy-2.0
source_id ra dec parallax parallax_error pmra pmdec radial_velocity phot_g_mean_mag phot_bp_mean_mag phot_rp_mean_mag
[from data line 209]
4513492728068152704 287.8637299312507 16.852906053980426 0.1872626087502456 0.416004707327498 -1.6803536632243725 -4.04842203863936 "" 19.550434 "" ""
4513494239896718848 287.8871746524473 16.874712681689672 -0.49155546864854865 1.1613108858807024 -2.17045552494626 -5.595130599915262 "" 20.488787 "" ""
4513494171207894528 287.8953710741872 16.857415636362603 "" "" "" "" "" 21.144613 "" ""
4513494446055256704 287.87710278083784 16.876874805007667 "" "" "" "" "" 21.03526 "" ""
4513494136817138176 287.8860058277728 16.84582289718917 -0.19123398595898303 0.2064078313829247 -1.9536512576375316 -4.244366950015891 "" 18.735718 19.859444 17.52016
4513492934257231488 287.861505520829 16.860854746245703 0.20974470628845618 0.15687744311241175 -1.6281385828345303 -7.284283058666554 "" 18.281637 19.183136 17.251677
4513492659348504832 287.87190044663794 16.84550186304506 0.38733873160833115 0.6144264834113047 -2.250853920130136 -6.985866568758714 "" 20.022203 20.771818 18.833374
4513494136817138560 287.8912512641666 16.849444266690902 -1.2443273904346113 0.9571276189534491 -1.7036342612257889 -8.649825634939361 "" 20.407236 20.444365 18.76021
4513492728068059776 287.86702538898595 16.848469885320863 1.481206221890055 0.21954314939500538 -3.318574103475344 -5.636037942659762 "" 18.140816 18.596647 16.37543
4513492728068059648 287.8666947075938 16.84871298621895 0.020929363672651517 0.23308051826327744 -3.1913490557064432 -1.466305561637259 "" 18.232012 18.471315 16.449636
4513494239896708992 287.8879689231453 16.87454597113785 "" "" "" "" "" 20.990593 "" ""
4513494239896771456 287.8835699248107 16.87654383620676 0.0768301532114486 0.845843947813439 0.5381854765234908 -13.088638873911213 "" 20.275852 21.01245 18.856161
4513492934231759744 287.86128919546707 16.860410775675106 "" "" "" "" "" 21.078913 "" ""
4513492728072985600 287.86168941006383 16.85685366297218 0.36994650047335176 1.2636624735527628 -3.830244909877911 -2.8216107960296433 "" 20.752968 21.360016 19.695812
4513494411695497856 287.8616665015979 16.864409842858397 0.04076237527209372 0.5095252929752372 -3.0367638242223625 -7.8993093245846815 "" 19.951473 20.779907 18.892412
4513494446059900672 287.8754132222458 16.87702587205556 -2.289492669494613 1.6607633104120654 -2.420693016362588 -6.283244663590679 "" 20.86231 20.89328 19.42648
4513494166874613888 287.8957313147961 16.864195243125465 0.0843731360554075 0.2030027743076604 -1.5587696474063808 -7.304840332090907 "" 18.324072 19.220982 17.315283
4513494136817138688 287.88452549633644 16.844844110727436 "" "" "" "" "" 21.03295 "" ""
4513494171181969792 287.89606701933434 16.85894837207318 "" "" "" "" "" 20.974155 20.698435 19.216013
4513494411695557504 287.8670201918758 16.873207015441057 -0.4484493463468272 0.8423905458491017 -1.5597889619997392 -8.500601244783093 "" 20.565226 20.917707 19.442287
4513492723765460480 287.86830975168544 16.847016255601716 0.9814625077653799 0.3267810666588675 0.40689992638676764 8.330791372289621 "" 18.570787 19.335928 17.355911
4513494171176916480 287.8954861965029 16.855581737254173 -0.3268889066881312 0.5424943494713326 -3.741092456734528 -9.57187552884671 "" 20.120182 20.732693 18.907368
4513494446085728896 287.8720726539015 16.876288894930433 0.15342267680813543 0.13304801110137254 -2.59893459974355 -5.991019600451935 "" 17.977747 19.254946 16.775738
4513492728068053120 287.8668872275176 16.847968256223417 0.8558715588683051 0.4495220912520279 -2.880256595821767 -4.402526439598888 "" 19.215435 "" ""
4513494239896718336 287.88782781150314 16.875097387983335 -0.28672407940427835 0.5779717994771286 -1.7977183658092004 -3.233951095681031 "" 20.062984 20.706575 18.809547
4513494132514713472 287.88370720162396 16.844354189563262 0.4369982272660425 0.22632798475743932 -1.8518613786503393 -3.2128437672239234 "" 18.814985 19.929697 17.618706
4513494239901453696 287.8930950844511 16.870615645212478 1.4454599955177554 1.159503540691972 -5.210918075041622 -7.238131407811458 "" 20.729233 21.376074 19.570501
4513494446055227136 287.8819747991942 16.877384313958423 -0.5483265973287009 0.6498760024279462 0.2857463854085897 -2.606686003989556 "" 20.27547 21.192497 19.11889
4513492728068026752 287.8680577474001 16.846882589622762 1.956060630663543 1.0736876852120563 -2.4178342271069697 -8.431396347135653 "" 20.053574 "" ""
4513494411700895744 287.8631673096725 16.869240364178015 "" "" "" "" "" 21.146988 "" ""
4513494441752643328 287.87739851792634 16.877779562631307 -4.238504125519781 0.9755106846120116 2.332972468844429 -7.036659919039375 "" 20.023705 20.578033 18.432058
4513492659348396288 287.8821339658634 16.84367783461185 0.4832233823720377 0.4085190351293825 -2.703121247370799 -6.434909145322073 "" 19.409725 20.219973 18.251043
4513492655045972096 287.87012223523277 16.84537079310209 0.6722968850069212 0.13408525534358975 -0.6023014328966129 1.5931508171852256 "" 17.874674 18.85016 16.86705
4513494171176891904 287.8949179351023 16.853078730427217 1.245496656455978 0.3693104979215146 -0.36717900295141404 -10.183081901128663 "" 19.423958 20.192333 18.241121
4513492659348400256 287.8814012233243 16.843481922497816 1.5852671152264668 0.7069070740713476 -3.351435900771797 -3.7208542809985112 "" 20.52629 21.693117 19.40101
4513492728098857088 287.8660495182364 16.848151493773422 0.7415325306958569 0.04166154384694191 2.5656328124391035 5.018567668914324 "" 15.569665 16.406456 14.64803
4513494411700893824 287.86823278897776 16.874818960466072 "" "" "" "" "" 21.18457 "" ""
4513494411725988992 287.86201439193553 16.867617087637303 0.038458361992849924 0.1482144795310624 -3.903175079762846 -6.574654994319605 "" 18.004665 19.319567 16.81029
4513492723765538944 287.8609342693822 16.856648246046934 0.36463287428993235 0.19054028584356017 -1.0624968894176758 -0.19049297352698313 "" 18.664484 19.576645 17.695236
4513494446085730816 287.8689317758003 16.87536598738613 0.21089758706300205 0.4273714113848429 -1.41071288697211 -5.501899265156963 "" 19.742111 20.552687 18.710222
4513494171176912128 287.8961316090304 16.855632546433533 0.12296894715570851 0.7011481688062694 -2.3280054632212153 -4.212747187114698 "" 20.43778 20.747076 19.275328
4513494411700167936 287.8636620676508 16.87056386013772 -12.343868993798873 3.1063003228240365 -3.2201865831327305 -6.7695358980683915 "" 20.65281 21.554153 19.114464
4513494171176949504 287.89685865945086 16.85910312491641 1.32915272499782 0.6332204584660822 -2.7230767975843797 -7.689779791593703 "" 20.301184 20.900496 18.964281
4513494239902740480 287.8885730640625 16.875345109791954 "" "" "" "" "" 21.12698 "" ""
4513492934257233792 287.86023593784665 16.861186024279423 0.02193115560585482 0.400969065480678 -2.71130717698364 -7.0589712129602615 "" 19.52605 20.216623 18.351501
4513494411695573248 287.8669835613554 16.874372647888766 -0.20690606011098586 0.6332009532896256 -2.8267960463427455 -6.399166048437017 "" 20.102104 20.604668 18.977276
4513494239896708736 287.8890904396394 16.875275395196134 0.3452414174148732 0.3525782098664673 -0.8271006112213299 -3.585681651349969 "" 19.30501 20.07378 18.202547
4513494446055268352 287.8777870761432 16.878340884117144 0.5857518059507046 0.6613755113199881 -0.21825028857863055 -4.866225353994969 "" 19.955866 20.835218 18.833021
4513494171181968640 287.89693803386587 16.857512180267317 2.5659922371476465 1.3760069229512533 0.20659596586794374 -2.636217395405225 "" 20.712673 21.040264 19.563833
4513494132532719360 287.89317126000986 16.84945828958725 -0.580011707834246 0.18800930200094895 -2.304530920808651 -5.79201362908648 49.288203953359925 14.410445 15.52997 13.3231125
4513494136817117568 287.8864301135837 16.844400592802227 -0.4106307202717302 0.3789848550362687 -2.5667315538670747 -6.588121694488715 "" 18.904728 19.901838 17.803452
4513494411695569792 287.86506156339414 16.872842806873113 -0.11117389782427786 0.17298411100790245 -1.1500590384758667 -4.634399555674109 "" 18.49305 19.602291 17.288876
4513494411695533440 287.8612202395986 16.867255478066568 -0.5789949848072853 0.33347638634314725 -3.1862459234982 -6.882125363823271 "" 19.151312 20.368237 17.896666
4513494411695575680 287.86631546235924 16.874173029170187 1.3850283411876219 0.6706102751870373 -2.082183351867288 -5.774255134668393 "" 20.34101 21.200047 19.269812
4513494441752629504 287.86945504307556 16.876321776760896 0.2174250074577922 0.1437273988799555 -1.1527897530936568 -7.528865772911035 "" 18.147274 19.013744 17.17792
4513494171176973568 287.8974780470278 16.86162034491355 1.1419137754559967 0.7303918111028972 -1.6550696323198681 -6.500639876715446 "" 20.37208 20.92053 19.353407
4513494171176952832 287.8975792173936 16.85986726285769 3.576251522639549 2.005267195819817 1.1715939042768477 -9.613932659915639 "" 20.855368 20.936565 19.607132
4513494239896733696 287.887881744922 16.87650235290096 0.35768025713558865 1.1786281140189117 -2.9346689890607642 -7.657577105725757 "" 20.564615 21.323124 19.208038
4513494411695557888 287.862140367715 16.869881550970305 1.0157887433531425 0.31601128567764475 -4.79056992927738 -9.806284112919034 "" 19.005314 "" ""
4513494411695582848 287.8674970605902 16.87553463362305 0.39990186498894637 0.31037827609513663 -3.1969614755788585 -4.850592518852439 "" 19.082912 20.18596 18.040318
4513492934226704512 287.8595106271308 16.859424545561552 0.02407617133716086 0.5017517454132047 -2.2911516760280093 -3.036314273962047 "" 19.949282 20.699764 18.891497
4513492934226755840 287.8597394081981 16.86370288392459 0.7425450606911543 0.9639960410215128 -3.1117923328864263 -7.970953782204337 "" 20.65525 21.05376 19.524645
4513492728072984448 287.86171273034097 16.85192769336535 0.7334602849461268 0.8578737988604991 -3.6965210316422974 -3.2517747629421825 "" 20.630138 20.34566 19.463932
4513494411700167808 287.86497752996195 16.87355480626916 3.6237868549423946 1.5678122671445596 -1.952252930631929 -0.9768204378446896 "" 20.787392 "" ""
4513494239896642688 287.8928177377116 16.873073355184548 1.154860068582188 0.3727746224793885 -2.5866471578480215 -5.514435486003707 "" 19.570053 20.636919 18.468935
4513494411695577600 287.8644315675034 16.873033955696894 0.25610584189604574 0.3961353176670508 -0.8364237830208998 0.05813587184356503 "" 19.484018 "" ""
4513492659348387072 287.88094582970376 16.842301587856333 "" "" "" "" "" 21.040356 "" ""
4513494411695527552 287.8602067402962 16.86600436517888 0.30726676323615304 0.4288783801903583 -3.0794124038975323 -6.461466747440262 "" 19.586304 20.356623 18.507996
4513494136848036608 287.8860273376985 16.843471627768288 1.7639850128617087 2.398036194514361 -5.360324149076458 -5.990934828266506 "" 20.552402 21.504547 19.598236
4513492934231760384 287.8593414245612 16.85856589859499 -3.248617661400243 1.8090334723448012 -8.24930559919607 -8.84370312730831 "" 20.848772 19.817156 19.96779
4513494411725991040 287.86186649008727 16.87001326908396 0.14184235412355153 0.18403175772864702 -0.8147920077657309 -4.609532675877799 "" 17.859875 18.635277 16.576021
4513494441752651008 287.88325255537075 16.878699576609517 0.5598490442394327 0.15943332669309906 -2.150771008239247 -3.9429272261815225 "" 18.214468 19.113487 17.236317
4513494171176963712 287.898110226152 16.861197061926497 1.0748535528668366 0.5835012815664369 -5.040446515043884 -3.125127978743013 "" 19.947916 20.463419 18.092709
4513494239896598400 287.89480555764595 16.871051819588285 "" "" "" "" "" 20.947346 21.356752 19.427778
4513494171207784192 287.8981259650735 16.861464570908602 0.46513532766919286 0.6842220063456907 -2.5159000794213444 -7.10847601746575 "" 19.971851 20.573092 18.146473
4513494136817102336 287.88833741836066 16.844400977918298 -0.8144584786441573 0.787470920918423 0.24509154937766053 -2.653778834795363 "" 20.390177 20.552883 19.148722
4513494446085731584 287.87227430020084 16.87832840298383 0.36535817940816384 0.21924616305310013 -2.2366411799506354 -2.9399979395612497 "" 18.850235 19.913054 17.731014
4513494446055312384 287.87292908005116 16.87857503957092 0.06578977171625731 0.2876096761880763 -2.6306370107518515 -5.680227409500495 "" 19.129324 20.154325 18.024607
4513492659353495680 287.87227516073784 16.842813262920444 "" "" "" "" "" 20.732029 21.01174 18.9793
4513492659353495552 287.87244733101625 16.84270006790072 "" "" "" "" "" 20.800816 21.10997 18.812206
4513494171207791360 287.89685987403425 16.867958338258145 0.49870177682408884 0.30037554016223156 -2.297430124107408 -4.797209725149543 "" 19.305607 "" ""
4513492728068149888 287.8614844299328 16.851168608713643 -0.08728797382383595 0.5260372056354141 -4.049570099235543 -4.792269439432676 "" 19.79471 20.79878 18.614883
4513494166892501760 287.89709609730494 16.86752654699659 0.14701071305389807 0.159563158588696 -2.5470996243411443 -4.5807243911640185 "" 18.320503 19.37841 16.972137
4513494171181966720 287.8980207705899 16.856648231920342 0.3707966738872833 1.1573731710374695 -0.1486967948530355 -0.6088780895236812 "" 20.595585 20.589025 18.745087
4513494171177075712 287.8964117917388 16.86902052099073 0.47856288280387876 0.5165462768200447 -2.3061332101942282 -6.805228995145465 "" 20.030746 21.146774 18.875374
4513494441749033344 287.879969010849 16.879555754781883 0.6253327299614009 0.46834632810482735 -1.9019455475456726 1.730522803965512 "" 19.45619 20.59159 18.249664
4513492728072980736 287.86468324024986 16.846989885048465 "" "" "" "" "" 20.844881 21.154829 19.45053
4513494136848035328 287.8934965655082 16.847852825611067 1.5922327531502984 0.9243628163534064 -6.017342603771912 -8.504884719074798 "" 20.541893 20.844814 19.235645
4513494171207776896 287.8968017603162 16.852615998017836 1.7916947549222793 0.4401321283250982 -7.112892642227335 -9.654522578135575 "" 19.477943 20.028461 18.160406
4513494342975929856 287.8900374805143 16.87642518186074 0.11824364904795653 0.22025243437409456 -2.592479506057262 -4.45145425203743 "" 18.757235 19.992819 17.525991
4513493380902847744 287.8922838710815 16.846524338469532 -0.06733471875369561 1.0887227235504107 -3.538627612530751 -7.561286990229418 "" 20.741558 21.01144 19.370998
4513492659348437376 287.87439279809684 16.84176228146532 0.13341090536396094 1.0277839233928385 -0.638762144627468 -5.216808435184454 "" 20.337856 "" ""
4513492659354767488 287.881966537099 16.841588130738877 "" "" "" "" "" 21.013369 "" ""
4513494171207780096 287.89854991337717 16.857412555795833 0.26878393080704766 0.03805554995059952 0.8111522039103101 -1.14727864757343 "" 15.153988 16.449776 14.027934
4513492655045940736 287.8741312216147 16.841775276188745 0.13159490149495878 0.17375206298093662 -1.7729349387894058 -2.8188211594135213 "" 18.48188 19.406895 17.286596
4513494171207788416 287.89833135805793 16.86508620182386 0.11649441333893114 0.12399590354774559 -2.7385259198511744 -6.338032960907745 "" 17.95118 19.053612 16.873451
4513494239927292032 287.88588080915525 16.878843535590864 "" "" "" "" "" 21.150627 "" ""
4513492728068046464 287.86491077096673 16.846095512792377 2.097957236945499 1.3892478678405753 -4.380623975568237 -7.277500528674121 "" 20.718258 21.383564 19.60402
4513494411700169728 287.86469317228193 16.875074965775823 "" "" "" "" "" 21.131523 "" ""
4513492659379288192 287.88081966695506 16.841035362296868 0.41497641863398005 0.24369971469361637 4.198644343353563 -2.4418933425599674 "" 18.900099 19.835892 17.845837
4513494338681692672 287.88842488251663 16.87795741600767 1.159605150144161 0.26652354350567753 9.024704842225846 -7.345417002733726 "" 18.926817 20.281881 17.643732
4513493380902838656 287.8920839719356 16.845641536566387 1.4213503936050795 0.746448048346941 -3.285595069906211 -6.297569413992891 "" 20.453045 20.810513 19.043695
4513494411700510848 287.8663035811034 16.87649372913037 2.632146041060987 1.3636022329866622 -4.974197474833622 -7.307739327530329 "" 20.751305 20.771624 19.444197
4513492728068085120 287.86314491623324 16.847500377291553 -1.5377920130074099 1.7449248402683695 6.351631396065132 1.8933307202581968 "" 20.840548 20.928959 19.342209
