m1-67/data/gaia-sources-wr124.ecsv
# %ECSV 1.0
# ---
# datatype:
# - name: source_id
#   datatype: int64
#   description: Unique source identifier (unique within a particular Data Release)
#   meta: !!omap
#   - {ucd: meta.id}
# - name: ra
#   unit: deg
#   datatype: float64
#   description: Right ascension
#   meta: !!omap
#   - {ucd: pos.eq.ra;meta.main}
#   - {utype: Char.SpatialAxis.Coverage.Location.Coord.Position2D.Value2.C1}
# - name: dec
#   unit: deg
#   datatype: float64
#   description: Declination
#   meta: !!omap
#   - {ucd: pos.eq.dec;meta.main}
#   - {utype: Char.SpatialAxis.Coverage.Location.Coord.Position2D.Value2.C2}
# - name: parallax
#   unit: mas
#   datatype: float64
#   description: Parallax
#   meta: !!omap
#   - {ucd: pos.parallax}
# - name: parallax_error
#   unit: mas
#   datatype: float64
#   description: Standard error of parallax
#   meta: !!omap
#   - {ucd: stat.error;pos.parallax}
# - name: pmra
#   unit: mas / yr
#   datatype: float64
#   description: Proper motion in right ascension direction
#   meta: !!omap
#   - {ucd: pos.pm;pos.eq.ra}
# - name: pmdec
#   unit: mas / yr
#   datatype: float64
#   description: Proper motion in declination direction
#   meta: !!omap
#   - {ucd: pos.pm;pos.eq.dec}
# - name: radial_velocity
#   unit: km / s
#   datatype: float64
#   description: Radial velocity
#   meta: !!omap
#   - {ucd: spect.dopplerVeloc.opt}
# - name: phot_g_mean_mag
#   unit: mag
#   datatype: float32
#   description: G-band mean magnitude
#   meta: !!omap
#   - {ucd: phot.mag;stat.mean;em.opt}
# - name: phot_bp_mean_mag
#   unit: mag
#   datatype: float32
#   description: Integrated BP mean magnitude
#   meta: !!omap
#   - {ucd: phot.mag;stat.mean}
# - name: phot_rp_mean_mag
#   unit: mag
#   datatype: float32
#   description: Integrated RP mean magnitude
#   meta: !!omap
#   - {ucd: phot.mag;stat.mean}
# schema: astropy-2.0
source_id ra dec parallax parallax_error pmra pmdec radial_velocity phot_g_mean_mag phot_bp_mean_mag phot_rp_mean_mag
[from data line 1262]
4513492624988667392 287.857569720054 16.827574946593796 0.11119252776688793 0.5766615191455362 -2.8449274128252853 -8.185526531300168 "" 19.974228 20.875881 18.725449
4513491869105397120 287.86646412050817 16.823681747008017 -1.7074936173799327 0.33114582869174736 1.7674381519382014 -2.8956046381322436 "" 18.489923 19.080471 17.20068
4513493002950910592 287.83829258165787 16.863710772537818 "" "" "" "" "" 21.103167 "" ""
4513506231476683136 287.8491029508905 16.88718461480508 0.2914474100077993 0.08611316676550734 -3.31481986860074 -5.832266736904687 "" 17.269993 18.68664 16.032618
4513493312214283136 287.90066559391295 16.828029165709896 0.10657543637061521 0.14845639264629268 -2.6361316980698604 -2.666753284628195 "" 18.165112 19.07768 17.160786
4513494617884444416 287.86727763749417 16.897882283022795 0.4669945438118728 0.07901872519187908 -1.243104032315979 -4.331446103619086 "" 17.114172 17.92221 16.207792
4513491869079198720 287.86673305410756 16.823503789264244 0.004402202942932736 0.5775086844834372 -4.356434843115538 -7.468481493633256 "" 19.336271 "" ""
4513492899866922368 287.84204243562243 16.84375115595346 0.6221311687235171 0.674874895774939 -5.256209812839285 -7.586402427583305 "" 20.144127 21.02585 18.975002
4513493518372865024 287.9191433530289 16.86415945888271 1.3003615131781028 2.3183015669158555 -1.658778177144661 -1.4353416952084426 "" 20.965824 20.983284 19.662994
4513491830412057344 287.8906582432155 16.823423169435525 0.5317524576044145 0.4389080244398358 -3.7993150784903564 -6.122096244514333 "" 19.461231 20.376114 18.205145
4513492998643608448 287.8411636414789 16.87580136328726 0.45650894372374107 0.3260425923892319 -1.3324611751630127 -4.121917645630236 "" 19.196022 20.131647 18.147594
4513494308646813440 287.9119075092769 16.88312208754696 0.21881112991070698 0.05610075304536268 -1.1134709963717935 -5.229076453129705 "" 15.121726 16.906076 13.832756
4513492899866900864 287.8424358327949 16.842751452143446 0.09031409813221272 0.8634460855681392 -0.3301242494671076 0.07036421758790334 "" 20.663216 21.3178 19.471163
4513492693708427776 287.8438118647285 16.840346421327908 -1.3750677103062805 1.541921408915389 -2.3408931611539496 -6.187878150537893 "" 20.861536 21.639742 19.753849
4513491903433841280 287.88685448485035 16.822377109346295 0.6708978252760771 1.3093031321205981 0.9157524908968705 -2.620699908548142 "" 20.488283 21.085548 19.09083
4513492624988609536 287.8609973715641 16.825371115613976 0.2710009437271384 1.2880697979899882 -2.537594690272911 -5.952241225369405 "" 20.756992 "" ""
4513493514039489920 287.91855762949035 16.852279753924915 0.4396255419931623 0.3578836932138176 -2.8166504474011775 -4.86778410216025 "" 19.445513 20.439886 18.318375
4513491834714328192 287.89381282336495 16.824310399499623 -0.2563561135999218 0.7255336814815134 -3.994732008001846 -7.276356400244533 "" 20.307869 20.761837 19.037796
4513494377339702784 287.9069294664903 16.888849353107798 0.6984679576701758 0.9390219305235419 -1.3860760818717095 -7.297039416912636 "" 20.629066 21.475468 19.455982
4513492624993443200 287.8657684378118 16.823493835149076 -0.6957339024285462 0.6102124573975968 -1.8877012364060928 -6.014130699947498 "" 19.806532 20.804611 18.461836
4513492689405644288 287.8449819626411 16.838408609745585 -0.004813357506142183 0.3202861580319948 -2.0900676499834123 -6.264661862250236 "" 19.323372 20.329828 18.282244
4513493346542829568 287.91168059338764 16.837501650220524 -1.1888524141455987 0.5602993218309859 -0.33592879654713714 -5.174403217883093 "" 19.58482 20.34587 18.288616
4513494308615874432 287.9180120168413 16.87133155359768 0.4712256755724987 0.5120956592108191 -3.141773660456901 -1.3200896805484867 "" 20.101814 21.006554 19.061611
4513492899866958720 287.840660485406 16.846047668710064 -0.5780815897007324 1.1317328352558833 -3.4711365897036326 -6.871981685511287 "" 20.778917 21.383745 19.79144
4513506231445885824 287.8502269705383 16.888816834453817 1.097153510816874 0.36602375677900906 -2.412975515403199 -3.6548369182089706 "" 19.3875 20.26231 18.199198
4513492586326364288 287.8522648748535 16.830660426570155 0.11786591974298391 0.15835320461578353 -1.8888226561089025 -4.391605701021509 "" 18.170252 19.500393 17.00384
4513493312214281728 287.9039101212883 16.829736144457957 0.8950028129754821 0.0556703051361657 -0.047776706613235076 7.180721416274981 "" 16.036953 16.855085 15.141127
4513491869074190720 287.87555449905483 16.82149514141785 0.09296431007934859 0.9771237956441627 -4.6791315044866115 -6.616478233823418 "" 20.324474 21.444996 19.320318
4513494308620204416 287.91590089563766 16.87702236526032 0.05050797871601467 1.0548200420766196 1.399666097417609 -8.900959844260079 "" 20.730412 21.841486 19.389479
4513492899897504384 287.8381431178523 16.854362565645495 0.7542052665378516 0.11451204639948777 -32.82340608294311 -60.83355803262409 "" 17.763062 18.661224 16.783987
4513494373033240960 287.9100372737231 16.88594289983443 0.013990155739739966 0.3984560064862501 -1.9797901652706322 -6.445339117500679 "" 19.782871 20.671032 18.71269
4513493312183084416 287.91127728380286 16.83676378548478 1.119126069138572 0.7016422140777165 -0.874088376600088 -4.451195621552627 "" 20.29648 20.818172 19.137144
4513494510472281984 287.8610903571654 16.896205104097096 0.5296792547708242 0.30828848914094253 -2.1775769897432244 -4.5305220419702605 "" 19.258965 20.156357 18.25025
4513506231445882240 287.8483499381074 16.887226706381846 -0.09703503538845734 0.4922624558011784 -3.3640338681050617 -3.986890265031556 "" 19.992489 19.634827 18.61283
4513491864771778560 287.87213174140254 16.821746604163486 0.46073505112027885 0.27355817639110414 -2.339287468624591 -3.890977360666735 "" 18.826391 19.806488 17.857315
4513491834714329088 287.8912310235285 16.82312465290294 "" "" "" "" "" 21.197174 "" ""
4513494617854299648 287.86625588307606 16.898181755287418 "" "" "" "" "" 20.37652 20.975954 18.8227
4513494304313712000 287.91442598486776 16.880135134439044 0.05137609281474451 0.2647295768854179 -2.5443771453351367 -3.8300838870219907 "" 19.1698 20.13999 18.194157
4513506231445861632 287.84469146580824 16.882924688352755 0.09272180975612433 0.9945551912546235 -1.7350053571396433 -5.550661090130505 "" 20.597599 21.262354 19.392958
4513492968590830848 287.837444193681 16.86264788338181 0.39656562632779463 0.13001814229538328 -0.6401468538060842 -6.379117794524878 "" 17.70055 18.625114 16.530535
4513492521940337152 287.85708876466083 16.826933292451674 0.3512044790231472 0.2401993299251001 -6.225843367966776 -10.540657190670379 "" 18.8819 19.990932 17.842075
4513492590629091840 287.847849287906 16.834303427896455 "" "" "" "" "" 21.031292 "" ""
4513494480420001408 287.8424342555036 16.8796079187372 -1.120506744208462 3.5413266398728838 -1.8796027154567858 -8.843806062842981 "" 20.97659 21.90338 19.702831
4513494617854295552 287.86734484500823 16.898655448461753 0.7815835148708203 0.5728073683269093 -0.8686926588158627 -9.817505620620548 "" 20.070856 20.654793 18.627
4513491834745537536 287.88865187938296 16.82221410355071 0.2544453173666569 0.09075429691211057 -2.186014762948212 -2.574703326380675 "" 17.29638 18.10634 16.373682
4513494583494365184 287.8906060079241 16.898546777850118 -0.6102948495238826 0.4427180810686517 -3.341130022156521 -7.259956601395722 "" 19.890224 19.978296 18.37689
4513493518341655808 287.9193625727579 16.853302052023427 1.4665267836350138 0.7475737701756786 0.020258910075914738 -9.369917704147886 "" 20.478674 20.99464 19.112457
4513493002976732672 287.83769584064447 16.866614031350988 0.12923514696509508 0.06637631966339598 -2.8504397944229676 -6.637072346495842 71.44673326732067 13.640455 15.866241 12.257727
4513493346542927616 287.9184941562126 16.849684666244425 0.9380077505351395 0.6360728367252437 -2.752613148020463 -7.144643064106276 "" 20.420744 20.94548 19.263577
4513493518347281536 287.9201043168579 16.8596661738673 "" "" "" "" "" 20.848978 21.201435 19.698132
4513493518346912128 287.9190849985438 16.851790380266483 -0.22935639296128002 0.7658284444787516 -1.8193365570693167 -6.8483165221534605 "" 20.558048 20.25051 19.356031
4513493307880929792 287.9120340782352 16.83704896405476 "" "" "" "" "" 20.655405 "" ""
4513491869074241792 287.86984551680985 16.8218191244744 0.30645802187373306 0.80109947335912 -1.2583323138634563 -4.759672361919557 "" 20.414505 21.171103 19.551655
4513491834714329216 287.8915785123683 16.822888704184965 1.2982552487883277 0.7606293376795351 -3.249046797424734 -13.159791851984803 "" 20.39176 20.374619 18.745178
4513492590629127808 287.84631824058715 16.835703316460013 -0.06448531122934507 0.7106604842509374 -1.319613590702526 -2.6477959159751663 "" 20.455387 21.189413 19.355097
4513494583500131328 287.89127727785143 16.898518956400594 "" "" "" "" "" 21.204744 "" ""
4513494308615983616 287.91568928199945 16.878685498783696 0.3508115822802929 1.5088282704991995 -3.3326863825328727 -4.726097561665253 "" 20.799915 20.946688 19.334066
4513493346542841856 287.9145309926134 16.840525084126117 -1.143300641142103 0.6121168360538064 -3.0883326315663635 -5.626225265335289 "" 20.194506 20.811216 19.062319
4513494579191775488 287.8934551362632 16.89787272599704 0.2844753486018646 0.09676975980753558 -0.7551674678453728 -6.107702550350345 "" 17.335764 18.303259 16.342642
4513494377366233856 287.91030688711146 16.88652234197188 -0.652912781197161 0.43455570702464935 -0.32194618352530435 -7.166704577031104 "" 19.763693 20.81588 18.542454
4513491834714301312 287.8981699988229 16.82539213349111 -0.27843998639700196 0.3820294012495464 -2.4283956450640956 -6.5327104701143615 "" 19.47853 18.715496 18.46562
4513493002946430848 287.8371794062658 16.86447868660854 -0.8812600870399092 0.49542030419402694 -0.4429047118500553 -4.150254893163631 "" 19.883171 20.883553 18.542912
4513493312214281216 287.90289853438884 16.828179534433175 0.5477559207959041 0.3837865700507302 0.14511682054524008 -1.2725049413642795 "" 19.232426 20.121393 18.017353
4513506231445886080 287.847079578204 16.886665947903275 -0.8546959849435772 0.30050313893410524 0.47868286660293524 0.8969665755817553 "" 18.972937 19.780716 17.75637
4513494308646738304 287.9173962238932 16.875342526233553 0.4047211988156556 0.05537260960727762 -3.268557677944152 -2.453008718804605 "" 16.389904 17.271791 15.452601
4513494377335636480 287.909375654094 16.887636000393858 0.3909722418873834 1.6205528154414865 -5.978380670413791 -10.699675148587078 "" 20.919834 21.467234 19.922794
4513492899866942592 287.8404759562631 16.84446799354997 -2.0833343843539693 1.0651799495042242 1.9659965877100158 -4.591511634877255 "" 20.542141 21.126665 19.09778
4513492964280683776 287.83701938183066 16.857451585641943 0.2732586654677848 0.5518049643578609 -2.51488713183386 -6.443553662090441 "" 19.89595 20.795963 18.816639
4513493342240739328 287.9171542394091 16.845134808029375 -0.10113685586933024 0.26094085868217254 -1.198411240666263 -3.657553298519728 "" 18.98051 19.865381 17.98829
4513494583524692992 287.8905997994355 16.898917990023143 -0.7523255368195414 0.47734943181871997 -4.1214060554266645 -6.766939175032907 "" 19.8564 20.193346 18.310658
4513493518346919296 287.919923719448 16.86681950599614 "" "" "" "" "" 21.158798 "" ""
4513492521909483776 287.8543880302194 16.82803164427656 -0.07673474634557581 1.2011858833339393 -1.2688829161544812 -6.60843922392449 "" 20.664589 21.24667 19.637278
4513494514779732480 287.86376996505226 16.89802387852571 "" "" "" "" "" 21.284178 "" ""
4513493518341750400 287.92046503071475 16.861724803623115 -0.06290886367692415 1.04431328226922 -4.140566827768104 -8.540204487051518 "" 20.659342 21.422462 19.63697
4513491830412075648 287.89881897363637 16.825464767229967 -0.08199338528169431 0.27330648720351763 -2.9156181586535954 -6.123788695155499 "" 19.038385 19.72853 17.942892
4513506231445878784 287.84534355145485 16.884961540660754 0.4180639642731783 0.3674310916402338 -3.9059646475087284 -5.307768727992592 "" 19.16784 20.16834 18.00778
4513492998643549568 287.8375410258216 16.86848049012601 0.4301773532525923 0.16118614933016615 0.4937467700661678 -1.598332370853277 "" 18.35493 19.322872 17.291428
4513492899872998784 287.8371438738961 16.854676414954074 "" "" "" "" "" 21.009304 "" ""
4513491869074113024 287.8830579719346 16.820645258111934 0.13528012498500527 0.43340996943676346 -2.2895606041811014 -5.196859014320128 "" 19.601007 20.542278 18.493725
4513494377335760640 287.9033895435007 16.893140862301713 -0.3844708852099453 0.615607105055162 -2.7103968046745845 -4.703003810497516 "" 20.22863 20.529678 18.955402
4513491869105280512 287.88034136379133 16.820414971013175 0.36293951088483506 0.034921461041452405 -1.7583583904354014 -2.6764684201496767 "" 14.5039425 15.681915 13.429452
4513506261502803968 287.85901650898643 16.896238440725355 -0.06894428229738225 0.4812042926881513 -0.5717151818365785 -3.820540384755645 "" 19.782516 20.340328 18.403591
4513493346542828160 287.9143076592246 16.839200488545394 0.581999824771881 0.6524258854953189 -5.564897572372612 -6.990919878867465 "" 20.251162 21.00997 19.165047
4513491869105277440 287.88449745820867 16.820687742265115 0.16111165569564742 0.8793384681370003 -2.372245946705441 -6.75717203301799 "" 20.514877 21.060274 18.91047
4513493346542832000 287.9148305094686 16.83986520925456 0.08641462159025513 0.5977054517214623 1.3792221848018322 -1.0820740530157258 "" 20.20863 "" ""
4513492590629150720 287.84484398023756 16.836470791193648 -0.9995605580692369 2.986082903965967 2.0123904033146767 -7.002641289986462 "" 20.806318 21.922483 19.581108
4513492899866920192 287.8407874205336 16.84277135682717 "" "" "" "" "" 20.82702 "" ""
4513492521909417600 287.85817655572015 16.825282649558996 -1.453727230125503 1.12388292489744 -6.065258725890395 -6.163984442542958 "" 20.469576 20.59131 18.87809
4513493312214281088 287.9084399901853 16.831943706902507 0.12527070452569342 0.05352319438876696 -2.271003332526548 -3.9988144739643334 "" 15.010261 16.588945 13.783171
4513491834720107776 287.89083215805084 16.821890934704953 "" "" "" "" "" 21.093197 "" ""
4513493514039569024 287.92086879438307 16.86250392161944 0.6969621998854802 0.3733228613347116 -3.004746206881253 -4.135501733901153 "" 19.351486 20.421543 18.242838
4513492899867001472 287.83855969063603 16.847797509213088 0.8621604845445957 0.5012950898181344 -4.181115998762936 -7.574003995303311 "" 19.979456 20.752247 18.748508
4513493312183043200 287.9034771149057 16.82786591563037 0.7665429692828947 0.9051135962592808 -1.7561510017044164 -4.233031082140252 "" 20.457687 21.18241 18.417719
4513492968591173376 287.83649340660224 16.86384746195983 0.4322357559942434 0.6736234776490022 -3.7415404435745985 -2.8995601669147115 "" 20.274176 20.508873 18.92278
4513491864771799552 287.8651465418267 16.822253406665908 0.6302975536347527 0.18219195736074417 -1.2436081653305273 -4.176477140611897 "" 18.287634 19.151808 17.286066
4513494613551543168 287.87272573973877 16.900716809217563 0.6123142180727527 0.4853152398877335 -2.653876781060974 -4.188030418616271 "" 19.802546 20.318186 18.4769
4513491834714294528 287.9006639630179 16.82602998865713 1.3055156340213045 0.4667637527855789 -2.441001750790468 -5.663346195381738 "" 19.582321 20.494408 18.318842
4513493346542850304 287.9165024220934 16.842496933103003 0.7138263281495643 0.32187254290198775 -4.971602572869424 -4.709032415859416 "" 19.141054 20.092346 18.115696
4513494583499576320 287.88944257746783 16.899811194732933 "" "" "" "" "" 21.065025 "" ""
4513494583494405248 287.8880788996105 16.900145955564554 -0.5624151273628554 0.5303167926223178 -2.026522201384238 -3.920679291065259 "" 19.975452 20.663857 18.849796
4513493514039619200 287.9202684571717 16.868214362612214 1.0168254945231423 0.2074705518140873 -2.8964339224902047 -9.127479294493778 "" 18.547247 19.834005 17.301722
