m1-67/data/gaia-sources-wr124.ecsv
# %ECSV 1.0
# ---
# datatype:
# - name: source_id
#   datatype: int64
#   description: Unique source identifier (unique within a particular Data Release)
#   meta: !!omap
#   - {ucd: meta.id}
# - name: ra
#   unit: deg
#   datatype: float64
#   description: Right ascension
#   meta: !!omap
#   - {ucd: pos.eq.ra;meta.main}
#   - {utype: Char.SpatialAxis.Coverage.Location.Coord.Position2D.Value2.C1}
# - name: dec
#   unit: deg
#   datatype: float64
#   description: Declination
#   meta: !!omap
#   - {ucd: pos.eq.dec;meta.main}
#   - {utype: Char.SpatialAxis.Coverage.Location.Coord.Position2D.Value2.C2}
# - name: parallax
#   unit: mas
#   datatype: float64
#   description: Parallax
#   meta: !!omap
#   - {ucd: pos.parallax}
# - name: parallax_error
#   unit: mas
#   datatype: float64
#   description: Standard error of parallax
#   meta: !!omap
#   - {ucd: stat.error;pos.parallax}
# - name: pmra
#   unit: mas / yr
#   datatype: float64
#   description: Proper motion in right ascension direction
#   meta: !!omap
#   - {ucd: pos.pm;pos.eq.ra}
# - name: pmdec
#   unit: mas / yr
#   datatype: float64
#   description: Proper motion in declination direction
#   meta: !!omap
#   - {ucd: pos.pm;pos.eq.dec}
# - name: radial_velocity
#   unit: km / s
#   datatype: float64
#   description: Radial velocity
#   meta: !!omap
#   - {ucd: spect.dopplerVeloc.opt}
# - name: phot_g_mean_mag
#   unit: mag
#   datatype: float32
#   description: G-band mean magnitude
#   meta: !!omap
#   - {ucd: phot.mag;stat.mean;em.opt}
# - name: phot_bp_mean_mag
#   unit: mag
#   datatype: float32
#   description: Integrated BP mean magnitude
#   meta: !!omap
#   - {ucd: phot.mag;stat.mean}
# - name: phot_rp_mean_mag
#   unit: mag
#   datatype: float32
#   description: Integrated RP mean magnitude
#   meta: !!omap
#   - {ucd: phot.mag;stat.mean}
# schema: astropy-2.0
source_id ra dec parallax parallax_error pmra pmdec radial_velocity phot_g_mean_mag phot_bp_mean_mag phot_rp_mean_mag
[from data line 1996]
4513494682270924544 287.92061157882614 16.88957582620784 0.21818779089147053 0.12239238880163576 -3.178977083870874 -7.667487210180164 "" 17.803713 19.236065 16.56852
4513493552701571328 287.92854629082694 16.87374078487426 1.565837735017812 1.1901529275664646 -5.6078458257843895 -2.9839372481629884 "" 20.823832 21.080528 19.922455
4513492968591515392 287.82690667960935 16.86066991394893 "" "" "" "" "" 21.029362 "" ""
4513504753982179712 287.831337910604 16.88067355960369 "" "" "" "" "" 21.175505 "" ""
4513494686573145600 287.922690202769 16.886643855964415 1.5525705444605065 1.3633132318152172 -1.5946067741171048 -6.554088058450626 "" 20.582014 20.984394 19.380886
4513506231446006016 287.8368844699402 16.88991100085666 0.6528643856095139 0.44822893486718357 0.3634217020847059 -3.242468696808764 "" 19.6826 20.137613 18.277094
4513506265805777536 287.8557530201466 16.905066265169012 "" "" "" "" "" 20.6074 "" ""
4513493346548580992 287.92337983133086 16.835613544616805 "" "" "" "" "" 21.217524 "" ""
4513492590659827840 287.8385340969331 16.82923414957113 "" "" "" "" "" 20.831024 "" ""
4513506265805777664 287.8555635697086 16.905017818686694 3.7317213937923457 0.5728817377710379 -0.7353961145916161 4.271618051429907 "" 19.482206 20.423437 18.094042
4513491766026181376 287.8725457972184 16.811360371060747 0.18010794223427426 0.1550123815967399 -2.5755378959326323 -5.583044400403868 "" 18.127129 18.771639 17.337914
4513491761700576896 287.8575134817097 16.81532853439401 -0.8953126290575281 0.3674332037096966 -2.200273730258251 -3.9419479302672733 "" 19.37173 20.657589 18.109512
4513493449653250048 287.9304532742335 16.85884190134106 -0.06543625232680023 0.32577823697337743 0.7001685750652927 -3.9943701311697155 "" 18.92781 20.11832 17.934443
4513494652213953280 287.8918883345022 16.908585075277912 "" "" "" "" "" 21.1222 "" ""
4513492964283701888 287.8270130217826 16.8562464321407 0.42656384939483455 0.292695020963023 0.5105811217306803 -4.296684819361154 "" 19.084768 20.099415 17.983185
4513506227142972288 287.83436989497505 16.886428780507174 0.44745149808476326 0.2912430321609808 0.7903637146231406 -1.7605803370575994 "" 19.186773 20.150888 18.068512
4513492861201465472 287.8273645621373 16.853345057682695 -0.540186312193144 0.4712943489923484 -1.8826050125647296 -8.39799901174804 "" 19.798096 20.59113 18.691267
4513506231476691072 287.8359347445712 16.888757276195733 1.8243316794529427 0.02583325995391041 2.2652539354225807 -8.199791116988377 "" 14.126212 14.727969 13.382709
4513491761710455424 287.8657169292713 16.81255781257984 -0.6625883092190259 0.38855413586172294 -3.466752412150585 -4.923647187293034 "" 19.486937 20.304672 18.19045
4513493346548580736 287.9255086575497 16.839296393582067 "" "" "" "" "" 20.984303 20.66501 19.719515
4513493445338357760 287.9297214637655 16.851823595130472 0.0968250766475369 0.10261929042450005 -2.381885271585367 -4.553008429769429 "" 17.669083 19.061699 16.500582
4513506368884926208 287.8694636858326 16.909514819821215 "" "" "" "" "" 20.763027 "" ""
4513506265805789568 287.8481495538142 16.900831554529876 1.1152923232991496 0.5854233679634205 -7.956256359862197 -10.737786151179463 "" 19.770525 20.502281 18.575127
4513506265805788160 287.85179875352986 16.903152886387378 0.26186583847306505 0.15538556507393533 -0.4554482875018244 1.5621938573448337 "" 18.121515 19.145676 17.122236
4513493101731112576 287.9137212841207 16.82395931537039 -0.12434701188699679 0.3238298380418892 -3.383468870753971 -6.694539506045768 "" 19.342178 20.37964 18.12906
4513492590629102848 287.8386730081169 16.828868001417366 -0.3193470801867652 0.15909304750114567 -2.301722436740029 -6.094419583785455 "" 18.221994 19.638344 16.945162
4513492964283776896 287.8269942830002 16.865932893695533 0.3213895834109537 0.27647343874484864 -3.011798430679129 -7.667562636021985 "" 19.086811 20.162777 18.07356
4513493449653246976 287.93037809177326 16.8558600339526 0.7758722002066042 1.1139290189244935 -0.21240772676330932 -3.387463781422247 "" 20.63756 20.95105 19.284842
4513493140415579648 287.92208420052424 16.83331294529006 0.37293273975452285 0.08264431940860488 -1.3388740003226882 -4.172398690223684 "" 17.05616 17.921055 16.120747
4513494652214058752 287.8813341296683 16.910289303732572 -0.11915105370416251 0.565586713585944 -0.7568284113932277 -4.738855167373532 "" 20.141672 20.626331 18.99261
4513492796787746688 287.83140036027453 16.839888049046785 -1.993315113090648 1.6718363480910456 -1.619431005343429 -5.417972967957123 "" 20.75286 21.222986 19.849222
4513506368884939520 287.8669202323428 16.909123270591742 0.11810288835485669 0.8775564942073484 -1.2017050332327845 -5.194666580862665 "" 20.62538 20.850702 19.190939
4513493548399321600 287.9305882241798 16.863668304467243 0.4707720955156023 0.0873239758311329 -0.8431112155286331 -4.508899703519261 "" 17.404598 18.326046 16.445543
4513493449622127360 287.93054466699647 16.856722815382177 0.17324510510113011 0.8197294490314874 -1.9216588267912336 -1.506611790341646 "" 20.496437 20.978468 19.395073
4513492521940324608 287.85573801270715 16.81587948095497 0.12346459927894886 0.08700606833634184 -2.1197308658365372 -4.7286252081737405 "" 16.921885 18.34093 15.740315
4513506261502871936 287.8510345624275 16.902883968798367 0.3626999369581892 0.15248952917475736 -0.07143174533645033 -3.263039301199164 "" 18.011486 19.209305 16.890257
4513491800354543232 287.87988262713503 16.81076301951615 -0.08024272714059266 0.43397579628406246 -5.0024134831432425 -9.289438658151672 "" 19.765257 20.840904 18.641014
4513506265811230336 287.8491861012714 16.90176211579849 "" "" "" "" "" 21.063072 "" ""
4513491830411991680 287.9008388682146 16.815456810316476 0.4489707761767032 0.2043549034782875 -5.595427428114604 -4.609133254450432 "" 18.621126 19.880205 17.449451
4513506368915642880 287.8694187295063 16.909734698928922 0.2734832318634599 0.15220290561815883 -0.08653964133303116 -4.720158685839964 "" 18.10372 18.915 17.022861
4513494652244185984 287.8795743436282 16.91051516733329 1.028687978849335 0.1380089673158193 1.8743489670579523 -14.679607864903998 "" 16.738049 "" ""
4513491765994953728 287.8651477161064 16.812403364439653 -0.7239245199522244 0.4703051320343205 -1.0690269267694168 -2.1846400590587103 "" 19.937374 20.391882 18.578358
4513506368884990336 287.8579370462642 16.90644657818606 -0.2882265508380703 1.5677424664856172 -5.793049972271829 -12.248916901272622 "" 20.924093 20.669912 19.554346
4513492521909439744 287.8480919023768 16.82014425164129 0.1735695799025316 1.1867158038779115 -4.66185241117888 -8.610362533471418 "" 20.80612 20.993073 19.285559
4513492517615557504 287.8547407503554 16.81623343525182 0.2876995089716654 0.14703971666440263 -3.1201736279406598 -5.242846118495847 "" 18.13945 19.603645 16.895218
4513506231446005888 287.8366953744758 16.890338265127372 "" "" "" "" "" 21.245832 "" ""
4513506265810260992 287.8543241350997 16.90481690374784 "" "" "" "" "" 21.025904 "" ""
4513491761692480512 287.86915508696103 16.811494964988956 "" "" "" "" "" 18.465769 19.064865 16.873602
4513492964283758080 287.8265416951851 16.863651697418078 0.42416487861253654 0.3902770225079216 -1.0364894254669865 -3.6159520537694787 "" 19.546097 20.630943 18.396683
4513494686573166592 287.9224450422589 16.887823215730545 0.6957474101382066 0.7474058555265547 -1.0625700622652994 -3.859931333132183 "" 20.491983 20.903173 19.162546
4513494755292882816 287.91202548082464 16.899084363746503 -0.03886818763826365 0.37878003979608316 -1.3053695829110028 -5.2154939014344714 "" 19.482447 20.35925 18.294203
