m1-67/data/gaia-sources-wr124.ecsv
# %ECSV 1.0
# ---
# datatype:
# - name: source_id
#   datatype: int64
#   description: Unique source identifier (unique within a particular Data Release)
#   meta: !!omap
#   - {ucd: meta.id}
# - name: ra
#   unit: deg
#   datatype: float64
#   description: Right ascension
#   meta: !!omap
#   - {ucd: pos.eq.ra;meta.main}
#   - {utype: Char.SpatialAxis.Coverage.Location.Coord.Position2D.Value2.C1}
# - name: dec
#   unit: deg
#   datatype: float64
#   description: Declination
#   meta: !!omap
#   - {ucd: pos.eq.dec;meta.main}
#   - {utype: Char.SpatialAxis.Coverage.Location.Coord.Position2D.Value2.C2}
# - name: parallax
#   unit: mas
#   datatype: float64
#   description: Parallax
#   meta: !!omap
#   - {ucd: pos.parallax}
# - name: parallax_error
#   unit: mas
#   datatype: float64
#   description: Standard error of parallax
#   meta: !!omap
#   - {ucd: stat.error;pos.parallax}
# - name: pmra
#   unit: mas / yr
#   datatype: float64
#   description: Proper motion in right ascension direction
#   meta: !!omap
#   - {ucd: pos.pm;pos.eq.ra}
# - name: pmdec
#   unit: mas / yr
#   datatype: float64
#   description: Proper motion in declination direction
#   meta: !!omap
#   - {ucd: pos.pm;pos.eq.dec}
# - name: radial_velocity
#   unit: km / s
#   datatype: float64
#   description: Radial velocity
#   meta: !!omap
#   - {ucd: spect.dopplerVeloc.opt}
# - name: phot_g_mean_mag
#   unit: mag
#   datatype: float32
#   description: G-band mean magnitude
#   meta: !!omap
#   - {ucd: phot.mag;stat.mean;em.opt}
# - name: phot_bp_mean_mag
#   unit: mag
#   datatype: float32
#   description: Integrated BP mean magnitude
#   meta: !!omap
#   - {ucd: phot.mag;stat.mean}
# - name: phot_rp_mean_mag
#   unit: mag
#   datatype: float32
#   description: Integrated RP mean magnitude
#   meta: !!omap
#   - {ucd: phot.mag;stat.mean}
# schema: astropy-2.0
source_id ra dec parallax parallax_error pmra pmdec radial_velocity phot_g_mean_mag phot_bp_mean_mag phot_rp_mean_mag
4513494205567536512 287.8786341464625 16.860587010048132 0.11534763855199737 0.036465197602423255 -2.6450373494953894 -5.533669649047716 "" 10.613249 11.333731 9.775511
4513494205541409152 287.8763299934375 16.8603855069347 2.173624225641669 0.5419726429970761 -3.6381262064965876 -0.6918887378478251 "" 19.526731 18.950651 17.497934
4513494205541409024 287.8759851219592 16.860421364343882 -0.15780314942593113 1.4276466368226368 -1.3139180697524377 -8.104829758273143 "" 20.744911 "" ""
4513494205536875136 287.8761794669951 16.85937243449288 "" "" "" "" "" 20.565186 "" ""
4513494205567535744 287.8769076558822 16.85833617504898 -0.043800780138569785 0.8553678268445315 -0.9309168924298081 -6.813603669376809 "" 20.023378 "" ""
4513494205536905728 287.8757331798296 16.861405748622193 0.9090907919457523 1.263092210503373 -5.678737546067778 -4.335532310007983 "" 20.480555 20.188236 18.55814
4513494205536929280 287.87702341787406 16.86401579505902 1.4557298494991422 0.587057440223407 -1.2116205752489253 -6.814646497806852 "" 20.170721 20.024416 18.60707
4513494205567541504 287.8787482535741 16.864770735477478 0.09168252097695402 0.25341405135932904 -4.675252033295484 -11.248843379837924 "" 18.486025 17.876337 16.472136
4513494205567534464 287.8763703825432 16.857034046443392 0.15166955594305376 0.11092067907358734 0.7569845018585697 -9.576482932077901 "" 17.651884 17.97045 16.326998
4513494205543001472 287.88207026055477 16.85737428858783 "" "" "" "" "" 20.755 "" ""
4513494205541723136 287.87547772423835 16.85713241625748 "" "" "" "" "" 20.851774 "" ""
4513494205536915840 287.8800336418754 16.865163114307045 -0.3386071334000936 0.5198401335181728 0.4113474419470919 -2.8702910973242113 "" 19.647335 18.845102 17.618362
4513494239896637056 287.88123762484145 16.864663588039523 -1.0243457630335604 0.9728175673681186 -2.4567974186383843 -4.2849049116062545 "" 20.120419 "" ""
4513494201242057344 287.8755910929453 16.86449042631925 0.6646709696759705 0.31725038380978926 -1.364348176973996 -4.919337317547901 "" 19.081839 19.725332 17.702906
4513494205536833280 287.8838254438682 16.861536935991076 -0.7858358235618608 0.8251334430879046 -0.18507979593860957 -4.064062032530521 "" 19.908909 "" ""
4513494205542068736 287.88004715668046 16.85573111460299 5.890465673055879 1.4131661553733545 2.6445925822681833 -18.536850474059154 "" 20.393488 "" ""
4513494136817307648 287.8830896417095 16.857776051214497 0.15194784616987406 0.4589539531511449 -1.055387848640987 -4.884672854936847 "" 19.817064 19.757185 18.289484
4513494205536795520 287.88408334048023 16.859167227886385 0.6888552379578913 0.5073531130654353 -3.122947102257418 -6.088900130303841 "" 19.664066 19.781519 18.12958
4513494239927273728 287.8838008654243 16.86321153760908 1.355642292397461 0.7606383103116814 -0.7132205836870749 -5.346698818965203 "" 19.753725 18.954859 17.760588
4513494239896588160 287.88402772841386 16.862924950504492 -1.7828286254659402 0.6083028505702415 -3.954857505161584 -7.365886879093188 "" 19.63397 18.988976 17.415874
4513494239896665216 287.880245175437 16.86609431681095 "" "" "" "" "" 20.085398 "" ""
4513494239896665088 287.88014900540713 16.86621841382538 "" "" "" "" "" 19.771046 18.94207 17.52437
4513494205536949632 287.877650813194 16.866332646289155 -0.1779583526079606 0.6908518431200261 -0.490756417113825 -5.211319634177461 "" 19.83298 "" ""
4513494205541724032 287.8739207499067 16.856959614061573 1.4083425287344418 1.9409758908417207 -3.1579866705162933 -8.710666317094919 "" 20.591387 "" ""
4513494205567634432 287.8726060578573 16.85929437279605 2.214160736378838 1.8572878461530522 -4.309001200469521 -8.593925232850626 "" 20.784372 19.985022 18.84669
4513494205567545984 287.87635129807626 16.866404372816344 0.4536812861090686 0.10589730838671395 -0.5808558245547899 -6.979911044071099 "" 17.524893 18.177706 16.387207
4513494205567544704 287.87283903097074 16.863511088262666 0.2325961598464763 0.04930228651376682 -0.1389105519295122 -3.1717895391983344 "" 15.526918 16.817867 14.392481
4513494205567541120 287.8721013287232 16.860039550848203 0.40002348434457885 0.4871872719049716 -1.8187718586515929 -3.062216126880924 "" 19.98914 19.388187 18.187943
4513494205536972928 287.8739862845921 16.865161598595538 -0.46108121937784075 0.9593910460387423 -1.6814645996378887 -1.2569199206255903 "" 20.497274 21.067474 19.006514
4513494239927277824 287.88292601873735 16.865993359367486 0.30291356648849804 0.3273095095452694 -1.7444154407494261 -3.843304675956599 "" 19.101551 18.71256 17.22267
4513494239901809920 287.8799629637164 16.867296643107668 "" "" "" "" "" 20.900005 20.17941 18.714046
4513494136817293824 287.87889783465863 16.85381425860717 0.08127931967412383 0.19557189486407558 -1.879892885935589 -5.351441405448325 "" 18.381987 18.74194 16.837112
4513494205536904704 287.8716722546038 16.85861882816749 -0.4402444912222472 0.7178838388107738 -0.23060998148739414 -6.5008380149268445 "" 20.185415 19.31384 18.228802
4513494136848050944 287.88430506315757 16.85619478738687 0.11682981497330382 0.07733612567087304 -2.819492316367962 -4.796353268893962 "" 16.335407 17.796053 14.986663
4513494205536895360 287.87185188010744 16.85792302528607 -0.4422991280019232 0.842895454108724 -2.533063205189019 -2.6655256839973203 "" 20.005009 "" ""
4513494136821931648 287.88388177460865 16.855620249065304 -0.36626514653124115 0.18805804656835862 -1.3925485688303554 -4.227277724606369 "" 18.218037 18.71379 16.69688
4513494136817282944 287.88467467171074 16.85624132859924 "" "" "" "" "" 20.500755 "" ""
4513494205536988160 287.87360426189093 16.86603163827942 "" "" "" "" "" 20.822088 "" ""
4513494239927273216 287.8855260716683 16.863738217061282 0.7587744753854127 0.7108972341511086 0.21980759956823562 -0.17155763623891965 "" 19.981459 19.4025 18.053926
4513494205542072704 287.8725336836622 16.856212202131267 -0.3301880487081085 0.775148150147045 -2.405726306479727 -3.5623882592298535 "" 20.306763 "" ""
4513494239896621568 287.8843360978446 16.865631179807735 -0.5569692924129388 0.6424960177214263 -2.673781904670944 -6.738709666654341 "" 20.047373 19.388083 18.055939
4513494239896542080 287.88637006082075 16.86135165055138 -1.2377525732715968 1.1360494285419362 -3.068061301514086 -9.626169701146551 "" 20.072083 "" ""
4513494239927281920 287.88022105483014 16.867895787382356 0.31307299535607147 0.08598584087142351 -2.0052299483035076 -7.531741013603957 "" 16.941586 18.27251 15.742401
4513494205541729792 287.87085497604687 16.86109754985504 "" "" "" "" "" 21.015139 "" ""
4513494201234449792 287.8735602621526 16.866312110466172 0.6527100613908368 0.13093116382029313 -3.4717474327680873 -6.973780977890624 "" 17.976204 18.797634 16.902334
4513494205543403136 287.87463264787704 16.867080228882386 4.02286498107179 2.2213813751971725 -6.810196323108303 -5.503463205286847 "" 20.942465 20.785326 19.160954
4513494205541729920 287.87076275927916 16.86077074509943 2.210381257088 1.1777452327461373 0.5808062179632273 -5.8164569282904175 "" 20.549582 20.099752 18.6963
4513494136817288192 287.8788022305865 16.853045551171157 0.6468873844936156 0.5252776248957964 -2.193593520818261 -6.845220951367904 "" 19.974518 19.588812 18.101698
4513494235590706688 287.88268447385565 16.86760893703785 -0.31992454033257595 0.3240715086300212 -0.38661127741132895 -4.554131671587242 "" 19.165415 19.572826 17.66675
4513494205536799744 287.8750922812452 16.853351144790633 -0.019825223893515986 1.3690379925428517 -2.6385776090493946 -6.12465130740842 "" 20.295906 "" ""
4513494205536843136 287.87274131033405 16.854688644295276 -0.4581910181222922 1.622650472024958 -0.2634857535505064 2.282185339662836 "" 20.37191 "" ""
4513494136817267840 287.8859400594328 16.856089502590937 0.047752572739668556 0.33374476366433725 0.3272221928794752 -3.5925268503275976 "" 18.997454 18.866928 17.43771
4513494239896585728 287.88641605634973 16.864397203786233 -4.55149500645409 1.2359766282269156 -1.3262663591683168 -22.03706335009303 "" 19.8001 19.34994 17.890099
4513494239896544640 287.8873468769056 16.862246087817823 0.2873161670547943 0.179728970434588 -3.449885959326422 -4.9131498250508585 "" 18.51715 19.243992 17.384483
4513494239896585600 287.88658076286634 16.864486066397205 "" "" "" "" "" 20.437067 "" ""
4513494205536804608 287.87424973556614 16.853161875945535 -0.10168317436062169 0.543687897963659 -3.8054508548514505 -8.65083536461244 "" 19.822113 19.072649 17.832293
4513494205536954496 287.8697176141957 16.86120741619324 -3.5967927337996555 1.651256449066342 -0.9877885491657385 -11.733014460077039 "" 20.761223 20.869658 19.032696
4513494136817255936 287.88515289651224 16.85469718227645 0.39434128060315493 0.47094608949107913 -0.06230204592888661 -3.3543666834850594 "" 19.758389 19.01875 17.620844
4513494132522613120 287.8871999816651 16.857999501940245 0.6168340703682752 0.228502093629775 -4.958243169775337 -7.768501758191691 "" 18.934338 19.866432 17.745842
4513494136848049536 287.8810120384349 16.85230572933304 0.3698738355419947 0.07489622219121778 -4.87043114167276 -9.037597657122316 "" 16.73887 17.565691 15.695381
4513494136848048000 287.88366711542994 16.853161996584877 0.157789837567397 0.10797412590917996 -2.8249814622516007 -5.14736310307084 "" 14.614993 17.570854 13.087376
4513494136817262592 287.88689996632075 16.85633580793931 -0.08465293657326461 0.616049805484852 -0.6547383344529435 -3.27541089849115 "" 20.059662 20.122292 18.323986
4513494136817250816 287.8858509529827 16.85485044670051 0.18240492910884193 0.23565434119625905 -3.040068083560112 -9.078219858565229 "" 18.651573 19.086409 17.335491
4513494205536863616 287.87115830657456 16.855151999986326 0.14878330157165245 0.48993907384228114 1.0374091680180417 -6.022722945518544 "" 19.635395 19.291714 17.904924
4513494239896633088 287.8852343680023 16.867072601362295 0.021865217322496206 0.36731787612841715 0.16054886246154304 -4.471378552219204 "" 19.306873 19.157097 17.692732
4513494136817247360 287.8841585155329 16.85328172409449 1.7964277390649475 0.6048068682517699 0.7355242452021293 -2.851703295759168 "" 19.427229 "" ""
4513494205536914432 287.8695289636155 16.857886748846965 0.31225036414956586 0.6549994997237127 -4.088811047204338 -0.5880967125168011 "" 20.051357 19.515213 18.017206
4513494239927285632 287.8796356698348 16.86976826793254 0.1416222245941273 0.17635623052883487 -2.734837310237125 -6.409518721863695 "" 18.546053 19.337837 17.508312
4513494205537021312 287.8736299662973 16.86890128717501 -0.13163311689939064 0.4238951708865198 -3.8116509354905332 -10.397419781507562 "" 19.594347 20.356531 18.421328
4513494201234448256 287.8687334956908 16.85838642575915 0.6105391660143092 0.10136911512508015 -2.2422518635690736 -3.8923871571638147 "" 17.443367 18.077341 16.367401
4513494205537004160 287.8692629892074 16.864518046589726 0.4133493398536657 0.6113124321588127 -4.067809715392937 -5.4641496830244884 "" 20.111645 20.685053 18.848806
4513494239896544128 287.8886675121216 16.863117085250636 -0.3080822505459533 0.5340095884879892 -2.9214729727212982 -5.551830008720234 "" 19.923933 20.276728 18.446339
4513494136848047744 287.88090077464693 16.85084442343312 0.4049513676610168 0.08725226800584876 -3.2388309814012124 -4.763500774791858 "" 17.265505 18.093306 16.00081
4513494205541723264 287.8732680302254 16.852024872090052 "" "" "" "" "" 20.87783 "" ""
4513494136817229696 287.88436501111903 16.85217723897065 -1.245663506366907 0.8378621364429396 2.7076372333660075 -1.6829423373699255 "" 20.25218 19.7286 18.050697
4513494239902734848 287.88851072195155 16.864423188628393 "" "" "" "" "" 20.874146 20.268757 18.992487
4513494171177053568 287.8891682710092 16.862481723802944 0.9132135363355407 0.5570956631869839 -2.443914324850523 -5.31682515434208 "" 20.157217 20.798876 18.769829
4513492728068054400 287.8727073540484 16.852060029694826 -0.8009085399778659 0.8938806423779481 3.4738198748707223 -2.324354401849106 "" 20.50276 19.745941 18.329464
4513494239927285120 287.88196376864425 16.87075077701555 -0.4374312576746903 1.0100785770058642 -1.4202647002669537 -5.971904737623797 "" 20.550955 "" ""
4513494136822236800 287.887602706625 16.854306970793594 3.4743583633979656 1.4770287166985685 -0.5321863059624838 -5.6629449425760905 "" 20.78922 21.230944 19.19665
4513494136848047360 287.87894382566594 16.849930312307652 0.6073884105426426 0.24376894832746882 0.04569778801026947 -9.76325633691858 "" 18.35681 18.573757 16.894901
4513494132523261568 287.87654996266036 16.850088896603697 -0.522679384531188 0.5604950036956194 -1.1139361368914553 -3.5605972311520575 "" 19.878534 19.579348 17.92926
4513494239896748160 287.8786043577273 16.8713463683208 6.076577372418501 1.6495952762439547 6.528120046879062 2.5906398332603473 "" 20.598927 20.56401 18.711424
4513494239896597120 287.8882011924626 16.86634264645742 -0.7642817733762308 0.9291952247707587 -2.0593793466616686 -0.2806930398208852 "" 20.085264 19.372671 17.969622
4513494136822587520 287.88834663517224 16.85472682638094 "" "" "" "" "" 21.210302 "" ""
4513494235601820288 287.88392610817914 16.870413343699596 0.3583020487287791 0.45406347626452326 -3.523273812756004 -7.813105790590107 "" 19.742619 20.363415 18.344244
4513494235594187392 287.8819161979657 16.871202774322395 2.5948455247788234 0.18664243964103436 -1.524470970162024 -6.000612142493138 "" 17.038126 18.297834 15.80604
4513492728068156800 287.86799972687544 16.856170879638164 2.6091251680024796 0.7279696794680935 -2.7100261949114484 0.09418414260863193 "" 20.186056 19.665392 18.206867
4513494136817231360 287.88902334188765 16.8554653379647 0.6582645092969646 0.6305380327033094 -3.82058221416675 -5.581395563135252 "" 20.21873 20.66602 18.907593
4513494136817241856 287.8791177204104 16.849425483913276 0.15733359002673045 0.16743514096106138 -1.8902138484530107 -5.073386114179867 "" 18.398346 18.90934 16.842424
4513492659348538240 287.87455813663706 16.850115485678643 "" "" "" "" "" 20.594164 "" ""
4513494411695466240 287.8687959190924 16.86670672678582 "" "" "" "" "" 20.907093 20.991936 19.75759
4513494205536955648 287.86686646036816 16.8593020294185 1.6043322697109468 0.5881855725935344 -4.4000739113723935 -8.080421769679036 "" 20.025549 "" ""
4513492728098788096 287.86853733561037 16.854641181713184 1.6522646514382695 0.20197859281160307 4.43663639496324 -3.804972975783518 "" 17.13851 17.768461 15.977235
4513494239896623616 287.8876653648104 16.86803538186692 0.3133761668833237 0.8442853837856379 -1.5040441643402422 -4.590587496031441 "" 20.41848 20.008852 18.8347
4513492728072980608 287.86818814463527 16.85520634140882 "" "" "" "" "" 20.888401 "" ""
4513494411700163584 287.8673746202795 16.86423744570215 "" "" "" "" "" 20.971323 20.637491 19.560137
4513494205567544448 287.86674444354094 16.859676423004814 0.2504697639575482 0.09182141382891582 -0.9321598958350914 -4.32569776872381 "" 17.317368 18.56792 16.068703
4513494136817217152 287.88219767272204 16.849533958556265 0.22732328950065375 0.3586292716627976 -3.09668208469146 -5.759968000775919 "" 19.499454 19.852736 18.157915
4513492728068131584 287.86836249077123 16.854446439825534 "" "" "" "" "" 18.587238 "" ""
4513494411695485184 287.8703237875077 16.86917673583725 0.48671428001224326 0.7310383109627907 -1.4777210328574624 -5.215544281903948 "" 20.36205 20.760923 19.12435
4513492728068054528 287.8713516748388 16.851143730753886 0.36503174619247675 0.9597761173934696 0.18710726876543804 -4.699815567877442 "" 20.469852 20.480688 18.95467
4513494171182699008 287.89094499645756 16.86020591716412 "" "" "" "" "" 21.0775 "" ""
4513494132523261696 287.87842658529433 16.848808811551304 0.40390030940823096 0.2007951489361407 -2.1304021467739043 -4.792290106876876 "" 18.752405 19.72599 17.432138
4513494136817210496 287.88831741823583 16.853186655449775 0.0413306356920872 1.1549735825044245 -0.6207777143197373 -2.890179116182067 "" 20.73055 21.100552 19.3394
