m1-67/data/wr124-jwst-2022-f335m-TO-f444w-OFFSETS.ecsv
# %ECSV 1.0
# ---
# datatype:
# - {name: 'RA, arcsec', datatype: float64}
# - {name: 'Dec, arcsec', datatype: float64}
# - {name: 'd RA, mas', datatype: float64}
# - {name: 'd Dec, mas', datatype: float64}
# - {name: 'Radius, arcsec', datatype: float64}
# schema: astropy-2.0
"RA, arcsec" "Dec, arcsec" "d RA, mas" "d Dec, mas" "Radius, arcsec"
[from data line 175]
16.75197273980475 9.527025363143823 4.221594306105523 0.04706534946532306 19.271554237997904
-23.132995907379577 44.15549555776767 4.985903534255179 6.212695596553554 49.84820236904593
4.498840844720661 19.886400254189997 2.8983286350703885 3.7259407051229156 20.38893042693134
17.51880455721535 8.48509954994687 8.21485784731177 3.529439317026169 19.465493246094514
51.62755898364242 -21.626475166837714 3.01429112315114 4.8840817579382225 55.97418391530695
-34.466339535202515 53.29065883394983 5.282348006085191 5.61122086130311 63.465131004896335
-28.272630337445847 47.34626209547243 5.331273247239372 6.856788262041576 55.14535471430753
7.902762547114591 14.746691550370016 3.130342612057432 3.4468248417305904 16.730767091012684
23.296924753917985 1.0877155311949047 3.9592291698097 3.5101133482374047 23.3223032324535
55.05565199609319 -26.9979028724882 1.0820004744405471 4.2704252679856145 61.31893311960956
3.766264246578777 16.558759559438467 6.119735545301187 6.262757009445487 16.981674372437904
-39.41872480208931 53.902508221290574 7.896322908002751 7.718952002898487 66.77811184953308
45.785902765998706 -20.553049798757282 2.6176701365020163 5.18848792783017 50.18741616370533
-36.879796000644106 51.330028585992075 5.331486583580743 5.908422887824929 63.20515136926394
16.830797155402653 3.496934735450719 2.6530637255750165 4.94749233286149 17.19023808464839
50.71457946949282 -26.861700661439414 3.4021008563218067 4.105467453319943 57.389193396161794
-4.444662987981746 20.758007841484126 6.448541612687463 6.096634146149999 21.228516635788008
50.39342799897798 -27.457601893459955 2.979754302992679 4.858467508127626 57.388304315776715
43.82948388427146 -22.15325402260189 1.9697006165794444 4.045624502766208 49.10998181608081
56.1315530472098 -33.008770952815475 0.8074581061913165 4.462721392838067 65.11781768768932
16.980252173578684 -0.02653084823339225 2.3893919957882757 2.4618420569772765 16.980272900139344
-13.235478459850269 26.111032598722144 4.339492152804392 4.484062996172887 29.273945967303373
-31.410297848937027 41.83929886366089 5.506492285735014 4.335501863251018 52.31762348214354
-0.6807256258532149 15.093140091345502 2.2021719293408015 5.523025600291265 15.108483219488699
-18.30179928498726 29.980963510823425 7.238250803956605 5.909091705041121 35.12568900035418
-41.1878792812612 49.70698371921716 5.0202983057526795 7.656520975206016 64.55405174980342
28.97780006416186 -11.387909338034099 2.85784137749725 5.1827397660599015 31.135146937108367
-27.090329019082358 37.25904242266192 3.714208397147234 5.373293785341127 46.0664971604091
21.923478108681746 -6.668266617298506 2.750452681410217 5.754261469842151 22.9151624889641
34.72207876573859 -18.375748467286847 1.52737787204025 4.527297978190886 39.284741088057565
-6.292390408847125 16.67864885569072 2.9395922367801703 5.551038280942715 17.82614665656854
-43.485175037467314 48.99125709656102 5.885826662534911 6.913727733843257 65.50651635047707
-14.845402287107328 23.45037084710743 3.9150172511601875 6.475659063884942 27.754384536210207
-25.181472852038212 32.27674019411929 4.779809006744855 5.311762006051524 40.93769079198741
17.702752866354782 -5.043404119849638 5.19372761814018 5.062886133948529 18.40715578522684
-41.05980365510343 45.500675163914636 4.663921458893508 5.842202254673932 61.2879995530535
-33.007512062438984 38.264627064385536 5.258253033457062 5.315205375055203 50.53392449068179
-2.6628005194887137 11.553583941834672 5.226775686807786 4.820354636401951 11.856466948476374
27.41836758920224 -15.219393789032024 -0.23050345905216962 3.502448548593873 31.35915858559091
-33.8988330174804 37.113132372798326 8.840178426158817 7.041211552257674 50.26445525478216
-6.606175509413119 12.413449461648327 5.087478013540097 5.97697499223518 14.061837801151803
36.05798992572975 -25.02739351701498 2.4788958540404886 5.953479415492323 43.89247153403348
-42.227478316600276 42.87276404295332 5.413048334715635 5.916687541353605 60.17668814399648
-41.22492906126624 41.564433375210946 3.7491994959308483 4.885814760761953 58.54141162373984
39.53132416798917 -29.077650630067872 1.2507333759687342 4.511650687291134 49.07377452658146
-29.674326933023902 31.007712743742008 4.607220662276235 4.877126949699569 42.91903915380479
-35.047892671637086 35.50427952036346 6.352887949675367 6.809275893249108 49.888963036520195
-48.09529681191865 46.79778309654995 4.620118728781541 7.049468019038599 67.10581225556692
24.120248491175694 -16.111829233122243 2.274026441843473 5.288284611903669 29.00650663791075
43.29258670857716 -33.291195536472294 1.2056374946621546 3.853245273836594 54.61274345695876
-11.544137310711024 14.12878085224687 6.170864578799714 5.753290200959078 18.24526114937788
-18.386623564058734 19.673018525139 3.189361655187595 3.652971100326697 26.927598908013504
29.853970775988227 -22.533717901756333 1.6082891145039178 6.917274587918497 37.4035828500492
7.1465907919825735 -3.211450400900031 5.570520267388601 4.566547307904238 7.834996721313619
-47.79835746975904 44.21509805478573 2.621842023005484 9.173730082140885 65.11265497437711
14.29689073131569 -10.040461844164192 3.99536713462813 7.043770992954277 17.470316495936984
-17.067575262853364 16.57342296460206 5.651763296411086 5.277876622014031 23.79034412298966
19.749260146518957 -15.575622428044364 -0.5350409489580275 4.186294126106852 25.152202480444192
32.29276344456722 -26.57319618838867 2.6739256312916684 4.512510856854739 41.82053706957985
-49.976435026451554 44.93415043976485 8.12879541156378 7.241282900523311 67.2065613923121
-2.094870828386094 3.0069728240600915 96.15233701928808 -270.4911020926422 3.664746833286209
-2.026301881396871 2.4004121034226205 116.48651423580246 84.02399513256093 3.1413178095625023
1.375947784379929 -0.6689635470853864 57.7215053044067 265.5673588852497 1.5299491928826103
23.79320078001998 -20.609824440305093 3.294577164771874 5.859740890403899 31.478266549132126
10.76665894486464 -11.512385270061442 4.301503788344499 5.76916269039694 15.762485823090806
50.118673007558435 -45.78674324136234 3.452976879239866 5.698268191430434 67.884513693794
-3.552407829895476 0.7690442675330843 -3.691955122162962 -213.31454204173068 3.63469812708129
-0.8768425087660332 -1.975873045612983 198.82293879258322 176.40385311764896 2.1616954173776186
-0.3487047064852568 -2.096200061030072 51.859086591768616 -214.06813840092485 2.1250058042513618
21.402558598384072 -21.118787652034822 1.0868219994154775 5.78592499344026 30.06780179615707
42.390609942018045 -40.05557627597697 2.01165537444928 5.2239238475415375 58.32163388884127
1.6011176814941148 -4.706935818509807 4.644791514050871 3.343020315258543 4.9718027544639645
38.21704285841021 -39.09419139708632 3.1434510150049326 6.421123965472485 54.67081624004143
-39.181577063018345 27.510242546174805 3.779368829289598 5.141447539357986 47.87493516432517
-11.06167811689988 3.0409068623553077 5.066753255885753 5.350586346231671 11.472045907282721
27.87773805474843 -31.97910902932591 1.838133019387348 5.097580277063754 42.42442323870412
-34.952167302882295 22.116464573349212 5.358035004284604 5.227004125695002 41.36172143056271
-9.002177261464476 -0.6526739350750256 5.82817171477986 7.264829647302105 9.025806263833378
-10.18686246404322 -0.5129246693165356 5.244913844372988 5.806119421590352 10.19976757462157
-52.646159590602174 36.01888706459456 6.421641379380289 5.3747452899922195 63.7885437742713
31.03264611162902 -37.42387838308232 2.652192941864328 4.945877482555288 48.616579346508615
17.980943866299423 -26.225030673899315 0.5311887578167015 7.645744581667625 31.797273065960006
45.9540947236819 -50.57255137209691 2.09911967911201 5.9706233583807595 68.33272811652648
17.46234259401416 -26.88157347594904 18.536714963870143 18.131712384874408 32.055458188759445
15.940986324331705 -25.7396583593015 -80.0827069513683 264.8670111486213 30.27614665261169
-9.512842508328726 -4.293831597030522 3.4537333805319617 4.972371195174187 10.4370092629625
-7.793435457029061 -6.204197224403333 4.699086803729233 3.0196949377160425 9.961410512833538
16.65198681311139 -27.843079652756547 -130.96287366908888 58.02893152542084 32.44265321599851
15.703614334047785 -27.327622673035133 -187.86688666251328 -197.02492342479704 31.518287749656437
14.8272561938759 -26.52725174683928 240.88630903109402 91.46201752386621 30.389843867091123
18.674045232298386 -30.20573142951616 2.9079376670795978 4.599269532561392 35.51205674185223
-7.003089835730027 -8.043079435282397 4.362002239768087 5.562565462224771 10.664632859402174
3.80760820583408 -17.402104720308248 2.297226620117513 6.700116340648748 17.813790413937635
45.26152041064841 -53.74398999988942 1.8951687398625765 5.459639196311356 70.26394270634871
-33.35630769069286 14.247360517581837 5.112909727500858 5.0417810760987 36.271621726869945
43.09699294074469 -52.314315282169325 2.0296143166637353 4.045906813888624 67.78007335610361
-17.28867551201696 0.06831939436505749 4.311938708626735 5.4098946735323326 17.288810499754977
-15.715141066319235 -1.4178018565702086 4.750802718266472 5.616002952488879 15.778967673116119
3.141137772957539 -18.087221127011627 2.0181504195142876 7.905016982213405 18.357949628994746
40.449046178695234 -50.725182945075474 2.0645011059760163 4.485297992833482 64.87811255421109
38.6414301811289 -49.41660991495456 2.333831309707674 4.57127542380484 62.730865077453835
-57.893265671524674 33.52693670986355 15.289417011604735 0.31952095578804524 66.90056551135008
-42.665442229804576 20.158832112762436 4.4324608946043735 5.68770332513391 47.18811785840988
-58.81105895755247 34.04000075292705 7.956481134219837 6.093241065532499 67.95191149302437
-43.06110525136777 19.289531831753628 5.887947362252089 5.224533788873909 47.18415855297418
31.813326449909084 -47.0377074465195 2.944039518607951 4.537527519879565 56.78585778249027
-29.011406059605516 4.826069239919821 5.541237862236104 5.292357169684433 29.410076941455188
-39.848234772798556 13.221816229277579 5.358777410630573 5.618275250164396 41.98449995813096
-46.92470019036723 18.799186870849027 4.942510839980523 5.705733955778665 50.55034034369706
-23.57383354958771 -1.8830947338362085 5.069195219614644 5.210236154903241 23.648925429802972
-11.938552741533089 -12.370565399606097 5.263624536130846 5.54695218926567 17.191856493603257
-21.83064200844619 -4.575767172677561 5.9214413739471405 6.242514777558535 22.305034759947524
21.85940947393364 -42.72894597432184 1.399300623188923 4.601964976320621 47.99579773053229
-28.169210878947972 0.7549583868614731 4.011498691694794 6.5127014983048 28.17932582064961
-62.28981950616076 30.392095686004684 4.521279562144892 6.1218666301655125 69.30873730058728
-0.1568753349837285 -24.309183464460123 3.335362683313044 6.7640421997804 24.30968964382003
-31.79879049848361 2.3306097666607712 2.2550702965030727 6.173297371081123 31.884084101696757
24.11256815175324 -46.378798870745165 3.6232653086405566 4.288136615468115 52.2724489360255
-0.4908058390268874 -27.087111519341185 2.6510740252718348 6.132617799360838 27.09155774096402
-17.303091681484652 -12.980016798837468 3.8379251894969197 8.3844005613174 21.630483522986047
-25.047062731846907 -7.005100718477097 4.22691173044417 5.458042551500152 26.008206153614143
-52.74355775516604 15.994635000019715 4.663046072284084 5.261849488918668 55.11543547747091
-48.77333823113115 12.613723189938714 4.289168431934549 4.1539562549440685 50.37801635596794
11.199445878675526 -39.724369561374715 4.794878359053438 5.001425195789457 41.272910286168674
32.3673505580601 -58.186039341247394 1.8712496735361044 5.158948401548335 66.5827344631008
-24.428130307397854 -9.495454264138646 1.5807994468087312 2.9768982844775804 26.20872376846274
17.55060631019713 -46.232821739481416 1.8657258172041915 4.951136786709906 49.45197248536669
18.916563210910976 -47.53925503526641 2.363149106800446 5.431764957571859 51.16460814553078
24.328300368882267 -53.07693077223192 0.6718700487041384 6.632470961489306 58.38687152072612
-22.07963101970849 -15.663400465792298 5.206521718674058 6.547649854250161 27.07124339919158
25.77538574154254 -58.20440596288803 1.7079481123652553 1.6403093627539918 63.65629085944084
-64.54294224439468 19.599087450077818 4.578074076986408 4.215895894571583 67.45306227226246
-56.01351133951866 11.847746993196587 4.172822025459307 4.515044557958418 57.25279519767849
-50.16228074189913 6.655602139882398 3.5135157491523445 4.9862657434556334 50.6018917453408
16.153144061168355 -51.355773237832054 3.2479876313757843 5.587347011014212 53.8362285317819
-13.279294398953407 -25.97361132532903 4.73010542915458 6.413996044731406 29.171358283064286
-32.451026139391345 -9.614032128441904 5.255738385148148 6.385042941488407 33.84521695161905
9.317233694338693 -45.98920876437432 1.9279086433148718 4.207359383767618 46.923535299992245
-59.52211607171147 13.851935396414746 4.647279758667043 5.460428925494319 61.11266980379986
-0.05696293504363125 -38.05146129126478 -2.871834899551496 1.7559065615851328 38.05150392792046
-70.09809821479215 22.820012426815424 2.7266810681432214 5.1358583149940396 73.719036350472
34.18883133603707 -68.42307194643844 2.639880794597999 5.035498462825312 76.48916864397219
0.5982486516552042 -40.106655097658006 1.9603998070355282 5.847604878439163 40.11111672050787
-21.36995857638575 -21.142417585443297 4.791009118866799 6.9548809003333885 30.061220023694037
19.213257521435892 -56.63747977945655 2.3402166409028333 6.370790649505277 59.80763639433525
24.395705998779256 -61.54887602977247 2.0088480069708115 5.236283546644799 66.20736057300044
-41.61113693758713 -4.541969371489744 6.257549367676673 3.532302869639197 41.85828714501285
-16.18119413708557 -26.678543979164356 2.9370364371825644 5.714291626176814 31.202175422400074
3.708406095690765 -44.458585203228125 2.659022498587405 5.254560317871907 44.61298100139251
-10.48291924044538 -32.2145885911959 4.434213213572795 6.432867998244944 33.8772979000299
-38.157189445961215 -8.530914232290533 4.407925085647396 6.452709743591961 39.09920207921
-47.66196428192713 -0.8204821601972606 4.795266044496894 6.5179139719722885 47.669025899111055
-26.80720805286353 -19.494089909982527 4.241613526403769 8.422136258696735 33.145828438281164
-1.790177869323763 -42.32111112021163 4.037901720338613 3.5455214444564187 42.358956351727244
-46.56413075641789 -3.5627526549668778 4.813782406908157 5.788459530393711 46.70022997110837
-0.5192804861061774 -43.659673824388655 2.7418845800649345 5.250772819212801 43.662761830536056
16.4057151028988 -58.354067640650435 1.038568987576552 1.9282958822084497 60.61637312694288
28.52802510671187 -69.65932352792974 2.0376100555663164 5.211948627882611 75.27462746452893
-12.620182519777021 -33.93532877548225 3.4373154361440026 6.457888542818703 36.206015308171565
-8.251001928810117 -37.70322373249347 2.816982143876338 3.4560165786044825 38.5954934143138
-19.151165714089974 -28.790699602533714 3.872863354945081 6.057538647144372 34.578483619511715
-66.15210332653895 11.29938156241891 5.130329065713609 6.222069079227499 67.11018398005591
-55.59944737627568 2.0070596657943613 4.306371640006698 4.651520906201472 55.635661557620445
-55.07382999127023 1.4201535845571036 4.320698127969439 3.9457409933665715 55.09213724351621
-9.211321105145977 -38.62033741012879 4.164166354538091 5.3166759554010525 39.70363833684066
23.893369581589823 -67.86233601680516 1.993078098054757 6.037914692187502 71.94574163232882
-9.382262597849591 -39.315726643635635 3.2929327505737964 4.409304100368408 40.419713159587694
-19.554474776263056 -30.758780704473015 4.636934274310228 5.066799708522987 36.44832055613704
-1.3451125231599008 -46.609338311292355 2.5882353433413976 5.883194743358221 46.62874376911503
6.842010076611754 -54.129351231940305 3.9238016658460215 5.013707355514027 54.56005650295009
-45.93219349149487 -8.404287941624094 -2.0651135548577004 6.973758899445265 46.694736893781524
