m1-67/data/wr124-jwst-nircam-2022-f444w_BGSUB-sources-fwhm5.0-thresh30.ecsv
# %ECSV 1.0
# ---
# datatype:
# - {name: id, datatype: int64, format: '%.8g'}
# - {name: xcentroid, datatype: float64, format: '%.8g'}
# - {name: ycentroid, datatype: float64, format: '%.8g'}
# - {name: sharpness, datatype: float64, format: '%.8g'}
# - {name: roundness1, datatype: float64, format: '%.8g'}
# - {name: roundness2, datatype: float64, format: '%.8g'}
# - {name: npix, datatype: int64, format: '%.8g'}
# - {name: sky, datatype: float64, format: '%.8g'}
# - {name: peak, datatype: float64, format: '%.8g'}
# - {name: flux, datatype: float64, format: '%.8g'}
# - {name: mag, datatype: float64, format: '%.8g'}
# meta:
#   version: {Python: 3.9.9, astropy: '5.3', bottleneck: 1.3.4, gwcs: 0.18.3, matplotlib: 3.5.3, numpy: 1.22.3, photutils: 1.3.0, scipy: 1.8.0,
#     skimage: 0.19.2, sklearn: 0.24.2}
# schema: astropy-2.0
id xcentroid ycentroid sharpness roundness1 roundness2 npix sky peak flux mag
[from data line 388]
389 1722.5182353498124 1763.6615384282634 0.6598359148582124 0.1313388280265971 -0.016276024322015595 49 0.0 48.78228007221194 2.379218618012402 -0.9410858741497388
390 151.33163527007144 1765.0164540001003 0.6843577690395418 0.08306741697242025 -0.020187956583927566 49 0.0 30.367139833040845 1.4434289106736018 -0.39848849901009514
391 1854.5962193326664 1767.3193195180404 0.6959180597606033 -0.11788725747404914 -0.0003990400464595557 49 0.0 22.248060284071453 1.0520595061932332 -0.055100762283082666
392 707.8352623036867 1769.488393829483 0.6925335803255819 -0.03151177142238684 0.09448935165178748 49 0.0 32.97907223392852 1.5660169787871931 -0.48699116594212605
393 2105.5172026473074 1770.3532192494627 0.6727627267798035 -0.13281909128969724 -0.00505781092145005 49 0.0 32.707054285252795 1.566207490800956 -0.4871232419111679
394 2216.0620106905076 1787.8479490343502 0.7541758640856085 0.00869708219448817 0.02326723863027614 49 0.0 71.05573350289819 3.162625217784538 -1.2501193238520067
395 1321.9013031954742 1791.1675169163473 0.7155511074747436 0.016913357581973505 0.041583486660629346 49 0.0 30.47805062167543 1.4272167325441618 -0.3862248217158392
396 1152.7848274038986 1797.544730403831 0.68240764079671 0.12503014307060586 0.06823568396496921 49 0.0 38.11926846610397 1.827669362918538 -0.6547440796327532
397 1698.4903824133883 1823.847679326198 0.6961145510908686 -0.10920327508640429 -0.06116476306709159 49 0.0 30.69715830534447 1.4503621933307969 -0.40369117614352606
398 1358.0051206312899 1824.6137836350833 0.6987426370964431 0.032401130626496806 0.08069213353582003 49 0.0 65.63688018907632 3.0707891723764225 -1.2181250015305076
399 1948.973497311851 1828.633696024436 0.6813193647771868 0.05095763443676229 0.0670100085139523 49 0.0 53.35282394884516 2.5715442045628008 -1.0254849854894514
400 556.0210620805861 1831.7727473183988 0.7174440636726976 -0.018981642616698477 0.016636774923689306 49 0.0 29.911124813958626 1.391287053574885 -0.3585418597069881
401 2163.834088628956 1833.4852809700396 0.5602873440926608 0.19396818830217455 -0.1947633538834281 49 0.0 21.145101388380407 1.0966799476125204 -0.10019975657100894
402 1880.029966307333 1834.8500367796078 0.7202513569907929 0.011582547061570343 0.01771196847757882 49 0.0 24.583556265973147 1.143839992375002 -0.14591319206743836
403 2006.0074965433887 1837.9686161471934 0.7502524641854255 -0.004807906856134292 -0.0009090196043198318 49 0.0 158.90723463889177 7.20228721810566 -2.1436760912382553
404 1416.6382401773153 1841.6009489646506 0.6764259087973529 0.1816454038498184 0.04535747051461338 49 0.0 37.77507354703872 1.8137133326203254 -0.6464216137845323
405 729.6382502307295 1842.926261871742 0.6968393865444454 -0.10414528364131852 -0.045657029870546595 49 0.0 30.43759835568494 1.4355932068699873 -0.39257848653483285
406 1057.4811619173518 1847.2774391457708 0.6799171351131522 -0.16966779481343872 -0.055532909084394275 49 0.0 22.3348352340028 1.0735504327396355 -0.07705612832577009
407 111.12341064013809 1848.4500656259384 0.725042649251812 0.0805449765717238 0.061283469204048424 49 0.0 45.19991080685987 2.0721612083441174 -0.7910588482076647
408 1260.1028287997897 1848.281642704814 0.6970712276654543 0.05425145843048503 0.0381755181628928 49 0.0 115.81643371396119 5.555231781155533 -1.8617554593519283
409 1689.9385814015918 1848.0476846978468 0.8032172275892389 -0.16208436840289994 0.2858816473064226 49 0.0 35.497480604257575 1.4185890322159043 -0.379641494472587
410 1688.9661806030026 1851.883625928508 0.7853314924393939 -0.1474762815449633 0.3194082025559268 49 0.0 32.959548498836895 1.3302238364896841 -0.30981181439708705
411 523.1809888583816 1852.8265279656782 0.7237312614637987 -0.05319136257313154 -0.009258240628771239 49 0.0 26.85530413312814 1.2493345094022918 -0.24169684080533416
412 2053.677341393784 1854.8054490943105 0.7184498744146788 0.20660869824294859 -0.00582512557628288 49 0.0 35.24767154080539 1.6113835732425454 -0.5179973301205139
413 127.99625361316234 1857.0649896168873 0.7391498401667826 0.01617838702245527 0.02041236208863748 49 0.0 39.29904390487181 1.8063675819291338 -0.642015326405142
414 577.5937218137763 1857.9859937533547 0.6703483212847037 -0.03433310452402144 -0.036051420932547096 49 0.0 41.447154580970526 2.0074940192020168 -0.7566356502174805
415 895.3772074416139 1857.4996044696218 0.7251372983623704 -0.19085769356022095 0.01924482672011938 49 0.0 97.82454141110159 4.4335462742582035 -1.6168781142169113
416 1074.8006996259394 1859.845188250817 0.7156275257962503 0.04349912333830484 0.0058678303047022574 49 0.0 40.74172997798934 1.9122077410249643 -0.7038376799441695
417 353.4712547430076 1865.6976307842444 0.6708394678105055 -0.17564147682654552 -0.03562629718106324 49 0.0 45.05745740657449 2.161150054664027 -0.8367123055122723
418 510.7687322254231 1866.123784279073 0.7295293241488706 -0.03683733456271585 -0.00845428650187171 49 0.0 25.539204904401064 1.186252878862656 -0.18544319851492397
419 238.44391164688417 1871.1379687005262 0.6976952410290084 0.023329977991012052 -0.08218546567926523 49 0.0 25.601124625924182 1.2057738763014842 -0.20316467605626476
420 2214.3823116958883 1871.9709050769748 0.6544039377558785 -0.04777825135057456 -0.09230729102844455 49 0.0 420.8087349624169 20.990713723503323 -3.3050680141441053
421 1922.7593811310526 1893.0337543898952 0.740913309849617 -0.012405844079241201 -0.02777955350208436 49 0.0 100.29878125292788 4.579707036391879 -1.652094242745565
422 540.0026737811364 1898.6279390812192 0.7165986847534276 0.03313763789123725 0.08777578692626374 49 0.0 29.822063306017963 1.3894888658201945 -0.357137677653531
423 2001.124600086809 1902.7576992344502 0.7145237930271591 -0.01486457288481424 0.03971814580288012 49 0.0 24.48780413419314 1.1424346347563112 -0.1445784024307802
424 378.8594082300435 1908.9344144371191 0.7153461126747765 -0.002821221133112178 -0.01308039246920645 49 0.0 28.227230136652445 1.3272299304817066 -0.30736541735178763
425 169.0369469075094 1911.0487488763954 0.7229397418105216 0.0019633876539467657 0.010296142134592094 49 0.0 24.29605719878343 1.1281252692669446 -0.1308933181137078
426 1083.5495096978152 1916.7545900957678 0.6862384339274974 0.10629021716672625 -0.033520847008047465 49 0.0 27.84320737493126 1.3317496229363825 -0.31105645623336103
427 953.8103730535323 1919.6548416091682 0.703631522360512 0.08493549425657106 0.032941513594009375 49 0.0 22.172549981816925 1.0464971327341863 -0.04934510691507921
428 433.13596710456426 1924.0510234078517 0.708606795129144 -0.04744421783785712 -0.01657983368139976 49 0.0 23.41367459549632 1.0996868853786392 -0.10317261446413917
429 516.1006414207246 1934.0977937302703 0.829693041590549 0.034197402625223486 -0.0022921664968560016 49 0.0 122.03764108833741 5.110024871060846 -1.7710575347488164
430 174.16276051790203 1935.9784306679117 0.7246683965051812 -0.03224666578895597 -0.006352269397325366 49 0.0 22.014564170883116 1.0195346774618061 -0.02100500508967337
431 1206.3060693200573 1939.8550209893979 0.706555082093253 -0.07261779013787414 -0.022263207323203547 49 0.0 34.08437859216136 1.6006418326059315 -0.5107354073671604
432 801.6753908576345 1940.8881818876514 0.6821419458195591 0.02457584646724601 -0.034797829854634046 49 0.0 48.583823825861714 2.343228563530693 -0.9245366316917041
433 1833.2028207536562 1948.2690457482104 0.7185421639024764 -0.14989889576577722 -0.0015007783214354144 49 0.0 27.484812261418362 1.2477307921121927 -0.2403022323724649
434 807.4812944995815 1957.9345537246713 0.6495274608844243 0.006025267461847772 -0.0924816397638164 49 0.0 45.57442546903315 2.2614296776144176 -0.8859577182118523
435 42.023753866341934 1959.3745194202902 0.7062652042773849 0.0304111916751355 0.052908017020021215 49 0.0 41.85179322592681 1.9656579201840205 -0.733769851513937
436 1400.8288692183548 1962.128341230621 0.6993861710907227 -0.007689741206744167 0.018822988091544906 49 0.0 33.372149405346676 1.5900983833884004 -0.5035599901106276
437 257.8812062185201 1968.7604933068806 0.7702218432512473 0.03404635203562845 0.02962138023104954 49 0.0 203.72022221154094 8.989941643176088 -2.384392181466313
438 1371.5888746786497 1969.7686381596038 0.7001824673623951 0.09416730960649837 -0.01840169098319553 49 0.0 75.28032777089261 3.533349544462775 -1.3704665077693103
439 825.0164679305003 1971.166166894069 0.7235406848377843 0.029644248575866616 0.03991070652132293 49 0.0 37.01498801752331 1.7046469027134479 -0.5790860842976047
440 822.2907695248432 1983.395202275593 0.7491057868976869 0.11305093605861301 0.026669427324015303 49 0.0 154.16261271146413 6.81357598486806 -2.0834377588142523
441 1423.1744204736112 1983.3208420239043 0.6885863448576904 0.10913457712255224 0.06312134908578945 49 0.0 22.645595688444363 1.0808573764905878 -0.08442097704422771
442 772.0146431948646 1995.34428136898 0.6721817473420895 0.03807400575330601 0.06348475552834118 49 0.0 66.03831908980882 3.2239606497681157 -1.2709743308995816
443 886.2888996648702 2001.881788671564 0.7118538588724517 -0.06488545133607919 -0.02549493151743895 49 0.0 26.319988131822797 1.2314889227114358 -0.22607627424427176
444 1305.662787328517 2004.1533799056276 0.6927721318586761 -0.055004103683308374 -0.017191430578060884 49 0.0 22.459927868335672 1.0681895120608063 -0.0716207739150396
445 1184.2802843544018 2005.605350305117 0.6819665262682354 -0.10693462915438345 0.028507864111384472 49 0.0 37.84962530942995 1.8104706027914106 -0.6444786935686787
446 1915.094405544403 2008.6824938254522 0.756986954854003 -0.01690101754052405 0.03880223735898995 49 0.0 110.8629964388876 4.969352174964138 -1.7407494400545185
447 1934.882765251843 2016.252109053399 0.6757455599139579 -0.0012260409139166909 0.02427317633190381 49 0.0 60.817539407294056 2.952381130900418 -1.1754310525612537
448 520.6349543449152 2019.1066847890804 0.6847151903956712 -0.04602996003182522 -0.011557358953780563 49 0.0 33.943228072960075 1.6398753935225856 -0.5370271232267052
449 1386.8704390422897 2021.4359547452375 0.601452619252395 0.009370375501098925 0.08531485952830367 49 0.0 48.397947595820426 2.531993554361037 -1.0086564894326093
450 269.75572240254127 2023.1641025133638 0.7089724697396698 -0.024805152463275863 0.00857969109554651 49 0.0 65.92695691561727 3.102548197407484 -1.2292963422323382
451 978.0855333930638 2024.7678301688545 0.7087176362824875 -0.03462730615480431 0.01160256278390116 49 0.0 58.64175867556819 2.7401272102275436 -1.094426813453736
452 1244.3969086344518 2026.8266954536336 0.7188510909792584 -0.09056426954261157 -0.0408487197803964 49 0.0 27.18793347252597 1.2578491078249712 -0.24907136515503414
453 1861.100885109207 2027.1430086463092 0.7217138206440744 0.021611016443704292 -0.009276135492689574 49 0.0 23.666436347534496 1.1046195604853388 -0.10803182349026476
454 1793.828594875608 2042.992477904673 0.7807656957555831 -0.0016106942087584083 -0.012516257245929504 49 0.0 149.10478770258564 6.581405338251309 -2.0457965978193347
455 2073.474894399504 2050.930110279922 0.6879793802261737 -0.07768780927473867 -0.08377133931027397 49 0.0 33.58907877418798 1.5942748848240256 -0.5064080113920953
456 1881.8619739854569 2062.489730964357 0.7579577489789876 -0.014538190568030983 0.07130167101120158 49 0.0 175.16060823202133 7.810840860671938 -2.231744473775433
457 1074.4440977731276 2068.5202949924746 0.6230661839481781 -0.22036707999604255 0.011883473989837372 49 0.0 433.5820814540255 21.712524489078156 -3.34177580321653
458 1051.4168773059657 2069.7175908223853 0.7193119515763388 -0.11215512063505746 -0.03024567440110471 49 0.0 194.5651536065208 8.842358049411164 -2.366420241516021
459 2075.6462139310693 2073.251269623916 0.7211478351350069 -0.10575150060880786 -0.030984926367099697 49 0.0 176.58691344023265 8.223003983490136 -2.2875762516139018
460 1181.3781887931057 2083.8732144453397 0.7115623223319891 -0.07698986235081917 -0.05843800213334945 49 0.0 132.56494676365796 6.185329789467446 -1.9784071507485714
461 1318.0627487571226 2090.2311189427555 0.7444518076056289 0.019201597915864323 -0.004028517986205321 49 0.0 220.54878032605305 10.02164438782255 -2.5023474699867982
462 1812.1228613097899 2091.700940720423 0.7198040869579857 -0.0747314048674002 0.03834193390354292 49 0.0 35.06760640417162 1.6311649781646858 -0.5312447209377421
463 1629.8881550333465 2092.942882770247 0.7048073658951113 0.0347299731395588 0.016790351798482914 49 0.0 43.92005465878928 2.070840804527528 -0.7903667846881891
464 1087.4633444723931 2094.9730042900337 0.7527107314730879 -0.07250599644343156 -0.10335554814013995 49 0.0 96.48375085673607 4.283357828504466 -1.5794608913694608
465 40.64263343718662 2096.352618688523 0.6700170418358606 -0.14728269891559106 -0.04086588189136501 49 0.0 29.644439842604697 1.4379942356561457 -0.3943928628436106
466 1176.6169970300118 2099.8299381817037 0.6392856300747132 -0.06633309222617456 -0.06257651282600422 49 0.0 49.849365844897264 2.4772638147461614 -0.9849306474573041
467 1618.5148665862177 2101.813683545968 0.7204493182246653 0.0942951791419158 -0.05768430277292111 49 0.0 144.1732963486942 6.643682336803813 -2.0560221469441133
468 725.664244654752 2110.0665565295426 0.6814199786552632 -0.04981463397096019 -0.0394758703501655 49 0.0 38.739203135843674 1.8849686422093215 -0.6882603245127088
469 1514.514227552247 2122.785180247844 0.6779596367962563 0.08872607954211531 -0.07640734333233032 49 0.0 44.320560973893215 2.1379359025680893 -0.824986701225079
470 1503.2213277366118 2124.028384769831 0.7145448030154234 -0.014477552890892132 -0.040082394718642916 49 0.0 34.100990354676554 1.5922603882623394 -0.5050352275028094
471 238.24018795133046 2137.6387680598027 0.7121904188082518 -0.077841879550817 0.030077266019425522 49 0.0 24.963536720104315 1.1586497340127204 -0.1598804156719609
472 744.6392241129333 2151.06868232152 0.771449628707993 -0.08496046822419799 -0.0444940767418116 49 0.0 94.10350844879473 4.1335200292378955 -1.5408001159270277
473 2099.953698392685 2159.754261470245 0.7137249608138712 -0.002197303541145123 0.014417922663073433 49 0.0 203.5097644721249 9.502626022238946 -2.444609094635513
474 2200.2764209026886 2171.2162954231676 0.690375552657471 -0.17219292324720314 -0.05710567331144723 49 0.0 30.578487541915692 1.4238482175732348 -0.3836592397834882
475 1400.5562451390751 2180.950583673237 0.6737617434137787 0.009152673537175214 -0.07631541077574566 49 0.0 45.63014242498277 2.218065399668632 -0.8649358679418635
476 1833.703505252286 2182.754612693801 0.7054078182973034 0.09181738963974792 0.01786082244567782 49 0.0 30.786373944564712 1.4478476774344915 -0.40180718447085734
477 1871.886507001291 2187.1629537327026 0.7122259236760046 -0.01629314061009826 -0.018041706837268627 49 0.0 41.46978762165658 1.9368361601866102 -0.7177322116631257
478 1173.3877563166773 2193.6324187421856 0.696413330700311 -0.17303916674617714 -0.030427157812669536 49 0.0 23.339834936374835 1.0946479634547648 -0.09818618353270082
479 456.8980480388294 2198.765276666377 0.7133727347299857 0.04350060811564051 0.044141387372931384 49 0.0 73.43657678034734 3.42303943015956 -1.3360297545654707
480 495.11336354227967 2201.0853471457353 0.718834210010425 0.023698702150996558 0.042964635901513476 49 0.0 59.73887194590801 2.796960343863958 -1.116715772146955
481 222.11674774751333 2216.026933104309 0.711314874598522 0.010826581534668502 0.02355225839667495 49 0.0 47.62246550830776 2.2382685433654324 -0.8747804779396507
482 1033.274004801851 2216.2528165173003 0.7017325355099363 0.07019876279330105 -0.014496262424313138 49 0.0 29.18398768054635 1.3836400935671131 -0.35255784505477594
483 679.0659755710724 2230.0802208365753 0.5601025631312998 -0.02193641464297825 -0.0026968148615430197 49 0.0 479.9702522692598 26.2185767192163 -3.546522780573596
