m1-67/data/wr124-jwst-nircam-2022-f210m_BGSUB-sources-fwhm5.0-thresh30.ecsv
# %ECSV 1.0
# ---
# datatype:
# - {name: id, datatype: int64, format: '%.8g'}
# - {name: xcentroid, datatype: float64, format: '%.8g'}
# - {name: ycentroid, datatype: float64, format: '%.8g'}
# - {name: sharpness, datatype: float64, format: '%.8g'}
# - {name: roundness1, datatype: float64, format: '%.8g'}
# - {name: roundness2, datatype: float64, format: '%.8g'}
# - {name: npix, datatype: int64, format: '%.8g'}
# - {name: sky, datatype: float64, format: '%.8g'}
# - {name: peak, datatype: float64, format: '%.8g'}
# - {name: flux, datatype: float64, format: '%.8g'}
# - {name: mag, datatype: float64, format: '%.8g'}
# meta:
#   version: {Python: 3.9.9, astropy: '5.3', bottleneck: 1.3.4, gwcs: 0.18.3, matplotlib: 3.5.3, numpy: 1.22.3, photutils: 1.3.0, scipy: 1.8.0,
#     skimage: 0.19.2, sklearn: 0.24.2}
# schema: astropy-2.0
id xcentroid ycentroid sharpness roundness1 roundness2 npix sky peak flux mag
[from data line 2129]
2130 3200.9312616983357 2612.80571357485 0.5724745697548473 0.9490617392278431 -0.9821010192644131 49 0.0 23.496967536022225 1.1055176079424858 -0.10891416030212016
2131 4379.47260825604 2613.2040659525883 0.7204476634619005 0.034338785113865004 -0.08818587957646504 49 0.0 205.4435281329487 9.51286680221823 -2.4457785396523803
2132 3284.1702798379 2614.560769768388 0.5233981036848439 -0.4326003200879052 0.43078467181201924 49 0.0 155.06362450779287 6.223649076491531 -1.985112741911059
2133 3474.7367334380783 2614.0839610144576 0.7366709806390693 -0.040294474234054085 -0.02791311985019683 49 0.0 37.06188581895721 1.7179026747052024 -0.5874963896638893
2134 3889.6031950240003 2613.8009979634003 0.707108016291842 0.02848313856292676 -0.04316171464557224 49 0.0 23.30689651452845 1.106509904427284 -0.10988826418251309
2135 4060.714096111227 2614.5073619195277 0.6978952449101499 0.1560905861771746 0.0679125941469486 49 0.0 164.1907090930013 7.80080881458406 -2.2303490854120978
2136 3295.347817355691 2615.293034166807 0.4350868865801244 0.0925973255653251 0.4645943822337081 49 0.0 31.610188391035603 2.2220985938707796 -0.8669083113817065
2137 1112.515925627173 2617.2218868243003 0.6879952902669173 -0.14729866908352884 -0.06594036090915474 49 0.0 90.27626459639757 4.325552156882128 -1.5901038826126297
2138 2314.8828008958044 2616.936092451033 0.7431151318867654 0.01900800855108664 0.026471341350036467 49 0.0 120.42596231458143 5.550536507736967 -1.8608374087474322
2139 3270.4791264617725 2615.734402628169 0.5013514705913904 0.5058322528539101 0.29606895307069286 49 0.0 18.674327585454414 1.6230624993220741 -0.5258381088509962
2140 23.207360544173323 2617.646435158184 0.7336124246077462 -0.09680418704939955 0.04269438717025661 49 0.0 66.68723324154669 3.0361490202160955 -1.205807709452922
2141 4518.2748420957405 2617.8881544632723 0.7656800005265323 -0.08677413900854915 -0.034556487459177464 49 0.0 473.6145543771038 21.35752359597049 -3.323877237118591
2142 3277.3711982611044 2619.4341810202422 0.32318402329459595 0.43993756640124365 0.3104520362732247 49 0.0 67.29235969415402 3.7977435706277545 -1.4488140929317526
2143 3290.6792337918755 2619.3584303439693 0.4537747919547439 0.23918112168582442 0.1274285944324414 49 0.0 92.53408796911044 4.790179863151377 -1.7008795518597932
2144 3301.649836677979 2617.9566818639473 0.4765131847139959 -0.478427639885278 0.2489279426181467 49 0.0 14.216807605536857 2.008546532282443 -0.7572047438652729
2145 3224.238755370927 2620.0613243554008 0.43425980761156907 0.29620173862434834 -0.9214159656352403 49 0.0 54.37325359838094 2.0132561135524694 -0.7597475664160929
2146 2521.492665037739 2621.282281438235 0.6987756848552779 -0.17405272723510454 -0.07646852959939256 49 0.0 67.79897368169549 3.2353027188947627 -1.274787306789045
2147 3217.7449818553473 2621.8649589730026 0.5775608245683698 0.6964719496300623 -0.8854343698581155 49 0.0 45.22943548590113 1.9723841602268468 -0.73747876537973
2148 4076.6400976924833 2622.2286541517205 0.7169922486352905 -0.07765230582612836 0.008897194638134305 49 0.0 87.8295270489662 4.105822323675515 -1.5335003791981787
2149 4318.595443284752 2621.889414139686 0.7096115087576028 -0.0023219684276735222 -0.0779996633399836 49 0.0 155.34659351654025 7.308435686884407 -2.159561073976027
2150 3229.863650399369 2623.140206958372 0.527992605298437 0.8938149890066248 -0.6295041695229293 49 0.0 160.90717761329586 6.514979781428901 -2.034782680655858
2151 3242.014560929743 2623.149524077536 0.44931113184528854 0.9804423069968429 -0.5160803227197118 49 0.0 61.33700665781869 3.169326796867371 -1.2524175566052738
2152 3262.400327025206 2621.7150039810927 0.6028444858941016 0.4302630595310757 0.44498353662709783 49 0.0 7.77756511161666 1.4457613444411677 -0.4002415219079889
2153 1811.2150938794614 2624.4056756479517 0.7229721158139643 0.14070168972075422 0.09687998001458067 49 0.0 35.1184838169825 1.6265657479999958 -0.5281790568659089
2154 3219.3318501794874 2622.592152484759 0.5533696459917099 0.7839581609037302 -0.6735980114486778 49 0.0 44.795691003896025 2.0751049678670612 -0.7926001752858554
2155 3278.3993388089293 2624.9548079074098 0.7041082805987957 0.2008383619223442 -0.03367343809882494 49 0.0 121.73213795867987 4.43494136689072 -1.6172197063020333
2156 4610.3938797065175 2624.297622733492 0.7439482510341209 0.12567077054003564 -0.02653588063508697 49 0.0 52.74646916333001 2.390138295908831 -0.9460575760235252
2157 3064.472515422457 2625.2480292008195 0.6774271327502931 -0.16228048229659225 -0.07206518020190172 49 0.0 55.72903174489108 2.6967241017790804 -1.077091291601203
2158 3276.257051749958 2625.711636589873 0.6634744689911651 0.16996185348925616 0.018654928792930698 49 0.0 114.95491739620809 5.4780828021535495 -1.8465714810063387
2159 3289.029967559448 2625.613545769158 0.39242539142698557 -0.3840134799936775 -0.13742353813476044 49 0.0 128.2293834071914 8.676469697493792 -2.345857635876204
2160 3299.697117397271 2627.400213118833 0.7340508351068479 -0.39373503634065343 0.5225798667148795 49 0.0 12.580775613197162 2.0140254888732865 -0.7601624063669509
2161 929.7306164434608 2626.511162854288 0.6828142859771366 0.15135112874125806 0.0835473484038485 49 0.0 24.77614968546039 1.195664109856034 -0.19402298315267236
2162 3254.2633913369777 2626.4701832437145 0.5532069110299661 0.6595042368083236 0.27413603574026174 49 0.0 53.453599178572674 2.817032033074947 -1.1244794636736901
2163 3713.986308374746 2627.73862014712 0.7488871931209438 -0.03262782895451056 0.021411743715703542 49 0.0 27.833848113613545 1.2676908499948454 -0.2575333891656466
2164 3294.924865989461 2630.2450573425635 0.6109590078134863 -0.30455481971059667 0.4653641277453558 49 0.0 179.25250561463454 8.40398150310859 -2.3112127196671555
2165 700.1228982330091 2630.2160304835766 0.7473589515435434 0.016180542930903097 0.008251494905438044 49 0.0 165.84947826489537 7.541223899709804 -2.193604588068197
2166 3243.083565500666 2631.386844780496 0.594880692654875 0.736478300298177 -0.8028154161568698 49 0.0 196.6694772198317 6.808770313494166 -2.082671709926494
2167 132.857600907097 2632.3921619683706 0.7506887540892402 -0.04015692122316072 0.043991882558020036 49 0.0 34.59728663147207 1.5614861231662112 -0.4838453225857006
2168 3268.9914347432264 2633.2320329163 0.5506543887034991 0.07233777822330736 0.4266436551561516 49 0.0 260.25920534727436 11.774690082489041 -2.677373712594445
2169 293.19332557625785 2634.122732746996 0.7466255264040679 -0.01798693280073011 -0.04404285635426307 49 0.0 27.42916211222024 1.2484032647788577 -0.24088723936482317
2170 3225.1175041505253 2633.3694308478543 0.5888142959336168 0.5213389076133634 -0.7881457180139457 49 0.0 14.805210689330558 1.3694911936311154 -0.3413981097850839
2171 3236.945585829808 2633.108488437547 0.5022605501966559 0.7080959292650795 -0.7169764048001012 49 0.0 89.64168424551995 4.376286327717184 -1.6027643222071475
2172 3248.5564040911827 2633.988308072256 0.6084719759206365 0.3785441739671076 -0.0023127489971523736 49 0.0 633.0704524213368 28.050069530704608 -3.6198348553141324
2173 3307.818755875847 2634.7565411539517 0.6176694099972904 -0.990138611822348 -0.15473668190364287 49 0.0 266.08295129823154 11.978556977459538 -2.6960112574718686
2174 3256.860612061555 2635.4736942965314 0.8156545296321341 0.17701415016681055 -0.0038356648663552687 49 0.0 207.06833409691438 7.10591537333002 -2.129050077572745
2175 3300.411549564866 2635.6892244109777 0.7153834152788172 -0.35806029597824357 -0.37568435228195607 49 0.0 252.34332714082163 11.658387068941702 -2.6665961754759997
2176 3320.1026940800516 2634.2119136024126 0.6361658458171354 -0.6329203602364726 -0.22629579434372318 49 0.0 332.49534710155467 13.893343145815244 -2.857016905755074
2177 3274.1091360608475 2637.7202460519748 0.32541896368745876 -0.3168904680222435 0.6111469273539116 49 0.0 187.89667833444673 7.980878381112177 -2.255126731846903
2178 3257.8207489778833 2641.2508157818297 0.5823973619344578 0.12844284539460293 0.37059761808914593 49 0.0 271.486861171597 9.720377133556626 -2.4692077877902796
2179 3332.055308925433 2639.392394329113 0.3673743718225714 -0.6730725185170836 0.33966499170174874 49 0.0 6.616879478025517 1.231207726740638 -0.2258283308790002
2180 1589.5367789480047 2640.986870608376 0.723574582735772 -0.025384734973808203 -0.07207257758621194 49 0.0 23.27743419568031 1.0683223794772474 -0.07175581548931788
2181 4522.85962403012 2641.163047667103 0.7594117254226469 -0.050038546835426065 -0.034246071300669395 49 0.0 29.964992038764347 1.346742335775312 -0.3232112817071101
2182 3262.729459236174 2642.4607930142092 0.7203179367930199 -0.02244621122154444 0.022950073799588168 49 0.0 899.5000470740484 32.43128391623932 -3.777410355547719
2183 3306.1494102754473 2642.3862711814827 0.6357122105228452 -0.45088936269878077 -0.2581080147144931 49 0.0 1141.3084065482576 48.170032014482494 -4.206942337381916
2184 4281.96946751915 2642.1172186271992 0.7906163113514729 -0.00945782111659734 0.021560499145041705 49 0.0 75.1242787435724 3.3020451901052272 -1.296957531250191
2185 800.0864258318486 2642.7534728360893 0.7265266288360751 -0.04363045712918583 0.016079461392486068 49 0.0 83.37176224798253 3.8777564054196185 -1.471451309751992
2186 3318.6389386615792 2643.436062359259 0.5790684182480758 -0.6930008436307966 -0.2889242161489726 49 0.0 117.04902805953114 6.794410511503193 -2.0803794574148906
2187 3243.351050537101 2644.142731010417 0.5777673569272895 0.1764601341431085 -0.8666359903885704 49 0.0 33.85142930457751 2.8426583238643697 -1.1343116559287345
2188 3266.9158464579837 2644.5089859464542 0.8137889553743436 0.27603473909667636 0.2975301523984296 49 0.0 2140.6319096627985 81.03566217199233 -4.771690463124249
2189 575.108029362058 2644.892813379216 0.7491443507696763 -0.0765550995581935 -0.03500278340032934 49 0.0 40.41428962622948 1.8273059954120847 -0.6545281978715864
2190 3255.1847367037235 2644.420157916543 0.5838660427025194 0.5630770436731625 -0.20536937129040247 49 0.0 398.7516298802042 18.474822719495876 -3.166450699221409
2191 3301.205087572808 2644.780402659401 0.9133216076916324 0.9334225102395352 0.3662111313272227 49 0.0 2140.874270607005 64.70747956439013 -4.527386209623695
2192 3251.2913631428632 2645.325687651089 0.5763799981726221 0.17810171923886362 -0.8877446396760451 49 0.0 60.91869422827765 3.7633472008567255 -1.4389357188399623
2193 3324.667108174092 2646.4580133186096 0.5212521379395286 -0.854461649880685 -0.20024530502849147 49 0.0 3.87571363977699 1.8585532722080929 -0.6729375347717699
2194 3407.640584717261 2647.1405392673087 0.7378842688465446 -0.0808398494132561 -0.06969482787267102 49 0.0 112.16409998989468 5.143006222835774 -1.7780426245017353
2195 2178.9959735269335 2647.664447502743 0.7210819513642226 0.008316918315994426 0.03016821395708634 49 0.0 585.4666279624333 27.447763495597727 -3.596267407384996
2196 976.3038500675412 2651.3342916103747 0.724057758168397 0.1085387617065593 0.01964676404662571 49 0.0 243.5740680065944 11.207823595286957 -2.623803216963843
2197 1497.675400736195 2651.5337805632425 0.6913086978686727 0.1709835545760691 0.05040581918575451 49 0.0 27.333394198145065 1.3109892610860026 -0.2939978354986803
2198 3298.017107421074 2652.8308174785047 0.834900909362065 -0.6220716923980246 -0.42096405357561834 49 0.0 1833.5422999810817 52.974894817279974 -4.3101752577081305
2199 3505.631592381684 2651.9602162012034 0.7163239937675216 -0.015070335332606863 -0.02857956657121649 49 0.0 48.02231197795137 2.2245451976919934 -0.8681030851211682
2200 3972.7514710315986 2652.2818681648164 0.7134794233827587 -0.059781933782306076 0.013765687146154351 49 0.0 149.86803780512795 7.0277956991764805 -2.1170478197324636
2201 3304.7753793748007 2653.7109326456316 0.7180605415871198 0.05655927999779054 -0.44559611821167866 49 0.0 611.9081820324373 20.529494830686964 -3.2809456570426088
2202 3231.8715160755632 2654.526233181789 0.2282999388908296 0.2569067692811112 -0.8034679234539144 49 0.0 62.18893735337304 2.604078392721659 -1.0391351350456686
2203 1727.164770738409 2655.1756518579105 0.7376297244280914 0.06004788389990475 0.011163973961047055 49 0.0 64.47799373086058 2.96643385225048 -1.1805866713997617
2204 3256.32680257012 2654.921005280853 0.5862438331284096 -0.1453348605297508 -0.6247763094952751 49 0.0 436.2004036154144 18.119376744220126 -3.145358137711641
2205 3261.2741651523493 2654.8940128124614 0.9354452025383015 0.18535776435808948 -0.2939482634731806 49 0.0 1554.3123609963798 53.172620854557984 -4.314220167553394
2206 3240.6654076327527 2655.4689158316214 0.6032242599654405 -0.07070579764262626 -0.9782341851207249 49 0.0 155.2283269176874 5.741087472736859 -1.8974854098608827
2207 2261.4732398615884 2658.465742993468 0.6672859211660443 -0.2308435050780186 -0.011247380362156063 49 0.0 238.0587684812067 11.481217395206453 -2.6499698508145233
2208 675.0406222827146 2659.847566870559 0.7307446903182073 -0.0205827370412904 0.023277233783588647 49 0.0 211.55581901866503 9.80003440219402 -2.4780690006232793
2209 4122.325635147507 2661.8017498522036 0.7101799852552099 -0.09960229783479872 0.016149022699605095 49 0.0 67.92512083791777 3.186738645361289 -1.2583661176333951
2210 3243.506950189096 2664.6958015651167 0.37790865217092817 -0.6469285117791094 -0.03413725538722606 49 0.0 5.6908851763356765 1.5661819170088882 -0.48710551334148733
2211 3266.9534998823224 2664.7750588206404 0.9106921810079258 -0.9545581461764095 -0.07712517091709736 49 0.0 1283.9588866041934 41.36115956893656 -4.04148176448764
2212 3312.8404981441977 2665.1460482848283 0.6502316677856393 0.5132125058601532 -0.6601659532275066 49 0.0 174.54817238814465 8.673376853058747 -2.3454705415921597
2213 2552.199862887774 2666.1763467467085 0.729510342859695 -0.003793209013687065 -0.021211316804099888 49 0.0 28.026055975811943 1.3290158454855592 -0.3088253973641993
2214 3251.2370711010444 2665.949816763535 0.4573292824925364 -0.013710946499100096 -0.5357470836393137 49 0.0 69.64006731421036 4.232971979258082 -1.5666134840282386
2215 4316.995073289346 2666.352650541367 0.6815951467058695 -0.005182051484621093 0.04315063150364145 49 0.0 25.476130831993974 1.2414476751249894 -0.2348210487853103
2216 1272.950887405891 2667.155972179243 0.754592974949703 -0.011802098927898845 0.011527185424815635 49 0.0 41.69177763638006 1.8916722670379615 -0.6921147422338985
2217 3298.6872683869774 2666.306272593706 0.7902180256629227 -0.21108027319401237 -0.0419647102328795 49 0.0 1731.3441308228764 64.0635775125599 -4.516527968452246
2218 3262.022213080168 2667.3800349093153 0.6607138946971214 -0.05321062113475981 0.00528061432128418 49 0.0 751.7097186336462 31.201980848246652 -3.7354554148662507
2219 3277.1701329476778 2666.7245702423224 0.7192471869890433 -0.47050429051803194 -0.7908298991205085 49 0.0 1499.190344872059 45.15026810452752 -4.136650833798295
2220 3305.931438014529 2667.920562467652 0.6387642251990062 0.2155313277828836 0.042461423029169186 49 0.0 972.4611611370519 44.05954500538821 -4.110100019901744
2221 3329.351646538805 2668.5092588970606 0.4616007032248894 -0.36753833760773813 -0.7992061119953918 49 0.0 10.766454529592046 1.3692046222849072 -0.34117089149734875
2222 3259.87304626578 2670.121805810557 0.8071689295981844 0.2089865887807797 -0.22755686681138024 49 0.0 251.09477403892646 5.970497987048163 -1.9400263906405835
2223 3295.5510896293167 2671.706060422507 0.7164270332657678 0.09466843733169622 0.5394791214268615 49 0.0 852.8314389819652 35.243699331695815 -3.8677037189173817
2224 249.87210864436534 2672.6829248258514 0.7146871859125682 0.027975685192604082 0.021485853394115784 49 0.0 36.42153081228419 1.7090255458289993 -0.5818713860728372
2225 4538.408020379507 2673.2802462546492 0.7251964316526286 0.1236593963978141 0.0374130188715016 49 0.0 43.498800613104734 1.9810509845409694 -0.7422391318295511
