m1-67/data/wr124-jwst-nircam-2022-f470n_BGSUB-sources-fwhm5.0-thresh30.ecsv
# %ECSV 1.0
# ---
# datatype:
# - {name: id, datatype: int64, format: '%.8g'}
# - {name: xcentroid, datatype: float64, format: '%.8g'}
# - {name: ycentroid, datatype: float64, format: '%.8g'}
# - {name: sharpness, datatype: float64, format: '%.8g'}
# - {name: roundness1, datatype: float64, format: '%.8g'}
# - {name: roundness2, datatype: float64, format: '%.8g'}
# - {name: npix, datatype: int64, format: '%.8g'}
# - {name: sky, datatype: float64, format: '%.8g'}
# - {name: peak, datatype: float64, format: '%.8g'}
# - {name: flux, datatype: float64, format: '%.8g'}
# - {name: mag, datatype: float64, format: '%.8g'}
# meta:
#   version: {Python: 3.9.9, astropy: '5.3', bottleneck: 1.3.4, gwcs: 0.18.3, matplotlib: 3.5.3, numpy: 1.22.3, photutils: 1.3.0, scipy: 1.8.0,
#     skimage: 0.19.2, sklearn: 0.24.2}
# schema: astropy-2.0
id xcentroid ycentroid sharpness roundness1 roundness2 npix sky peak flux mag
[from data line 389]
390 709.9948172596291 1422.5059430630324 0.6327014295596444 -0.5526741341071465 -0.08522513039907689 49 0.0 45.22288338547452 2.1357934530535423 -0.8238981272859691
391 152.28746641878902 1422.8593733556413 0.6505340428533578 -0.05083844309608359 -0.0009992335722697645 49 0.0 534.6309749740883 26.482885917021395 -3.55741327419495
392 1886.326294651469 1422.8294525936722 0.6579372878673192 -0.0846913047565737 -0.04059644773436578 49 0.0 29.122264432786363 1.4370801003328482 -0.39370243906042424
393 1815.027296553164 1439.4945660204983 0.9742946141384508 0.3761051410248695 0.04065974109352475 49 0.0 38.37129106834897 1.1204770129787964 -0.12350737810615305
394 1820.0970885620436 1447.514504068895 0.8261435631901808 0.5824026126236793 0.08343897850761924 49 0.0 38.056702498377376 1.1467771249866838 -0.14869755348534386
395 1802.473011919483 1447.758087524344 0.8238587736434257 0.10668924903863276 0.34090804116222573 49 0.0 48.730891340756145 1.4808426794570104 -0.4262723068823144
396 1390.9168680151463 1448.2779793010993 0.6666141082371554 -0.022402838865313447 0.021461538194709213 49 0.0 53.267479953301596 2.6250894986730264 -1.0478602866094513
397 1811.4723343707635 1448.1524073321518 0.6436220605916919 0.03481818996502436 -0.09306240660632757 49 0.0 5332.6701363795855 266.49652777164977 -6.06422888725792
398 887.9387372527214 1463.8220399048282 0.657001658205907 0.0132844394684827 0.007087957724082617 49 0.0 36.76055757819584 1.8256442036216658 -0.6535403565171822
399 133.1761101821789 1466.8664518809371 0.6630419061007865 -0.043085405044285555 -0.01172914814740722 49 0.0 191.43769121357073 9.472091862232253 -2.4411147531839954
400 1559.7775194880464 1467.6607101734735 0.6466555735929416 0.08515986200655709 0.01708609580997543 49 0.0 728.935603418543 36.194009356860796 -3.896591735824856
401 399.6897651735848 1476.255435235351 0.6438837860203935 -0.06323755562389997 0.03311189155348727 49 0.0 27.002897639289063 1.3533065005740188 -0.32849041986273525
402 316.9514537084305 1477.1389153891255 0.6792567919306427 0.02494042907382243 0.055254277993669436 49 0.0 62.962510204226106 3.081169853730467 -1.2217891001453165
403 1662.5009677003984 1477.709439530133 0.6344556749251126 0.12458569735041079 -0.036864857213165104 49 0.0 55.39854906285883 2.7816799705716955 -1.1107679084880115
404 2108.068161286439 1478.0795768521443 0.6582152538141011 -0.025485740443257642 -0.002510884763393766 49 0.0 28.81055076636173 1.4323069395614414 -0.39009024023972244
405 921.289253094271 1487.2031466395315 0.6672339071840622 0.045401362544318084 -0.02032746498233131 49 0.0 57.47798901724576 2.7591110600662114 -1.101922955260275
406 1806.2550920127592 1489.4151465963325 0.6451289170288945 0.14920074265818406 0.04461745440008131 49 0.0 46.5765288739104 2.30111711280928 -0.9048468054205656
407 1836.2427353241405 1490.8498075342445 0.6521905052392578 -0.061514375400481554 0.00607210761586994 49 0.0 75.98750564376789 3.763586223744601 -1.4390046754225652
408 1958.634442162814 1500.7339691624359 0.6415895085063993 0.0968629064319057 -0.0065397299484430274 49 0.0 262.63236630829044 13.107331580084113 -2.7937857151137377
409 1013.6581822442762 1536.4581746831218 0.6408419388040419 0.16623039442821141 0.04366853653605348 49 0.0 27.182225129031757 1.3476804048867153 -0.323967284558924
410 2029.4528311145118 1547.0081882165553 0.6428536417917816 -0.05032342067658555 -0.08158378229794461 49 0.0 161.94353064935916 8.038711578400767 -2.2629661171353064
411 138.2406133828342 1556.9612104615917 0.6611235814775717 -0.032233723471235196 -0.03641914044435135 49 0.0 65.84460494424243 3.2683186605971573 -1.285810983934987
412 321.0344233140081 1560.8930071554998 0.6692433229203703 0.030659953831936745 0.037007605689799335 49 0.0 27.936213277880142 1.3582569944898597 -0.33245487539365876
413 445.12015653671517 1562.0244136445106 0.6486258373875429 0.03654511705403079 -0.011224816091838844 49 0.0 38.041872557130894 1.9039660988281017 -0.6991480281582173
414 1842.9545126842688 1565.2529795164426 0.6570181441427262 0.013408624786995917 0.03976536540779848 49 0.0 152.13720480696867 7.5361114897051795 -2.192868287030254
415 1226.362073361001 1568.1549611088371 0.6536725610308671 0.029272189427988347 -0.033648912670928406 49 0.0 32.936636865219036 1.633145177288079 -0.5325619818855287
416 826.5318126345026 1572.1445241180406 0.6481682459690179 -0.10217660211737288 -0.05395682723874112 49 0.0 38.538948578083705 1.908714992417572 -0.7018527119466604
417 258.1569766832279 1573.4333909621114 0.6682566241490892 0.11941584930841949 0.07557083583192346 49 0.0 43.190596953042075 2.1179138885660564 -0.8147707458016001
418 1510.2023400680894 1575.2512580986497 0.6315091388342808 0.37086262171810036 0.09137779071986016 49 0.0 34.28522133617566 1.5879094382283072 -0.5020643252036924
419 38.226162192396565 1576.3406215606728 0.6499467964167895 0.1298132555919005 0.01956665339736989 49 0.0 27.073250327223814 1.3445143743928187 -0.3214136242192584
420 1514.015076943807 1577.4692221089638 0.6518766521088551 0.143732982141874 0.03735250840843384 49 0.0 126.64250814727994 6.149557250663563 -1.9721096225623507
421 775.3557661644651 1579.12978433276 0.6548271518833536 0.01266113648514126 -0.058109926396424774 49 0.0 267.63915587598933 13.214658198359201 -2.802639836095307
422 1539.5489458738195 1592.756753299541 0.6322616268248467 0.08434410229324721 -0.05773088122581406 49 0.0 112.19631904232708 5.649064984642233 -1.8799414267988634
423 645.0986924443359 1594.8939592528661 0.6628066235396862 -0.01471567655197469 0.0066177262674741 49 0.0 1073.799552881211 53.24203918316508 -4.315636701766009
424 1079.1851574745199 1594.6627437656157 0.6618196414899323 -0.04264282773675513 0.05321505505720144 49 0.0 25.3456056764199 1.2188192550791503 -0.21484826662636075
425 72.01951226562144 1600.1209904358614 0.6398823117759181 0.0019082055510479012 -0.02555884410722265 49 0.0 2343.230431857759 118.94644548565957 -5.18837867101877
426 2047.7620743146922 1601.3708939039072 0.6532328392029689 -0.08174708634573773 0.04371194057798915 49 0.0 25.71469530270528 1.2671155291473135 -0.25704053362497603
427 664.1033761715598 1606.9307369173368 0.6592387301106671 -0.04791861625453463 0.012929872306339686 49 0.0 44.92724348122247 2.208091658207159 -0.8600427426467403
428 1198.9493395595607 1606.8802122950813 0.6742394676129154 -0.009199447390246866 0.0007902307472696643 49 0.0 44.39906669277717 2.1394038360293517 -0.8257319254368749
429 1622.1754595714594 1612.4062770970543 0.6618604241172277 0.07279674888579228 0.017915258973702653 49 0.0 23.591651514195863 1.1473186601769416 -0.149210142695382
430 1324.8148514673715 1613.7420581802257 0.6546016422043953 0.0006252709246035616 0.015865233362516454 49 0.0 20.077383976182613 1.0011527632064219 -0.0012508759053060311
431 552.918865583347 1625.3591091671017 0.6455151815918214 -0.0417788962051844 0.05862801310982237 49 0.0 22.235145967141175 1.098223638369897 -0.1017269682729571
432 996.9708189123907 1631.556208050153 0.6431031010838113 0.06174911313223258 0.10575602784875612 49 0.0 48.522459925287784 2.389991203470345 -0.9459907562497173
433 1534.125628266776 1644.1049159504264 0.6644304851728356 0.020216013703969336 0.023897532676099658 49 0.0 306.7993754745168 15.144118141028144 -2.9506099723768835
434 1918.8923545522707 1646.4361178689376 0.6450129363538128 -0.005052494332860942 0.0791723766873514 49 0.0 216.04256898471738 10.75011736884 -2.578533014666572
435 594.6311643923332 1646.810091728786 0.6500112687529281 0.04496357575760861 -0.06252147324486727 49 0.0 28.100548209315477 1.4039973530316967 -0.3684157225385767
436 2181.682309786052 1655.363476482287 0.6365041985709002 -0.15767313355511772 -0.02308245027129555 49 0.0 28.377227326364768 1.4355138205497358 -0.39251844516315404
437 1408.7123462578038 1656.1672856576824 0.6531971877820216 -0.0740858764308838 -0.01678849956234095 49 0.0 107.32225636264178 5.351426312339693 -1.8211738742221555
438 205.41929198872742 1673.0409591663265 0.6506319972358885 -0.015608046780759156 -0.017479606197130165 49 0.0 24.706930200829735 1.2237637506910946 -0.21924396185579678
439 428.50421646774925 1674.2991093844144 0.6058619123439335 -0.1576374191344459 -0.13635935932976592 49 0.0 28.334758239257035 1.4074042514192446 -0.37104714647323594
440 440.93302178020696 1675.8477422818205 0.6527028855817842 0.02368440467252286 0.025852293182767647 49 0.0 453.85903132191436 22.653242747106315 -3.3878259470390244
441 2107.4531984396945 1682.1033614420005 0.6434382301894362 -0.16251659444400535 -0.1080302594179875 49 0.0 30.58509154405225 1.5127039366181128 -0.4493848427367367
442 1411.9826187058654 1687.230034626172 0.6861830748485884 -0.006482952985637102 0.04711426591135835 49 0.0 21.632829988456088 1.0433614044704531 -0.04608691867068401
443 1201.1102330023746 1690.852785462431 0.6645934270270265 -0.010211390941266496 0.028696328482156728 49 0.0 24.052786198890125 1.1826547290107838 -0.1821449317900831
444 1584.1063641106512 1690.772814177695 0.657440586006971 -0.07140604978140323 -0.02000349679087012 49 0.0 23.691720071792016 1.1691190756972099 -0.16964686662270548
445 1760.4505470477445 1695.4599737684694 0.6320891431918554 0.2206878502480325 0.03858369265454417 49 0.0 30.51815314946021 1.5206602735203223 -0.45508050091955576
446 652.5838593042271 1698.1740697335865 0.639786828576525 -0.08977925963405707 -0.0282046134626738 49 0.0 96.5123710629337 4.839831571430697 -1.7120756206032754
447 827.8851105836152 1700.8456491833501 0.6566930213014035 0.0244045102951868 0.014680806750671453 49 0.0 47.86136527283947 2.3899041791888367 -0.9459512217387821
448 1536.2253833443842 1707.1100844447612 0.6773656887969031 0.04352493153823123 0.046635625833988704 49 0.0 88.90178915645116 4.35008425987867 -1.596244172987712
449 2144.9691596254384 1708.0460129047633 0.6453016275859776 -0.012245220146230555 0.005525251157422159 49 0.0 57.86332882973697 2.9221044237964326 -1.1642393293620865
450 734.5986638288026 1709.2792676384586 0.5739156470331082 -0.46359375422549465 0.010342753423524014 49 0.0 90.53224265366822 4.676238606916628 -1.6747416577554195
451 1176.476039574692 1708.900338230818 0.6437084962397109 -0.07207585632008938 -0.07973458134062585 49 0.0 26.66012776138222 1.3300892532674113 -0.3097019612541154
452 1325.6040759390812 1726.6550199869175 0.650581158633333 0.1418351475966161 0.0040385180394360105 49 0.0 25.63490155138913 1.2677615733138383 -0.2575939597109783
453 1461.9109032238798 1729.5259254927837 0.6317667661237116 0.07238364043182358 0.059751124506917656 49 0.0 118.32620566048921 5.949241220573528 -1.936153945946695
454 1496.5128188736865 1731.4187945507247 0.6165190069699362 -0.20037870395666796 -0.029729762389072496 49 0.0 91.05796663523077 4.621639465772474 -1.661990157848682
455 2056.1369240648405 1731.1585415677484 0.6661266294435128 0.0028201456430778193 -0.009482922398419443 49 0.0 26.23693859372689 1.2914788965885438 -0.27771828494537737
456 385.0410794472896 1732.3318318669374 0.6585345764946017 0.04003138611164655 0.03748577316834148 49 0.0 152.4428951620191 7.550028156498578 -2.1948714281422292
457 1879.5595461848602 1732.2793490549673 0.644743710008516 -0.01318614108947662 -0.05146877269225695 49 0.0 55.593055429864734 2.7141277471798486 -1.0840757123896354
458 2081.2630460446303 1742.4191187688243 0.6375686542523675 0.1474367271028072 0.048608703649891026 49 0.0 28.246960475872008 1.4082331562516128 -0.37168641345438114
459 907.8069879187453 1747.00933259 0.6524706461997246 -0.0075258627294713994 0.010016119309139258 49 0.0 327.60026792571114 16.374257532567604 -3.035404041610807
460 616.0834506854796 1759.7810852081323 0.6697880635364063 -0.015979388749725362 0.03700319981835232 49 0.0 26.595899508492735 1.3094979796006714 -0.2927620817428438
461 1514.0078501522794 1760.1798957934877 0.6773749009105965 0.024024780741720868 0.048111064160698894 49 0.0 67.42864613292377 3.2992567400862054 -1.2960402814855558
462 907.8879692516501 1762.7332874366004 0.6552841846727245 0.0567934710249575 0.04768407894427705 49 0.0 121.07687900423538 6.0098781838783495 -1.947164173099361
463 1724.5578533143134 1763.1203059639172 0.6374366184245233 -0.09065577251102806 -0.030606423351901807 49 0.0 42.433561905436164 2.13719260853836 -0.8246091587746507
464 153.9925208818483 1764.5104462724848 0.6309674921195443 0.1740550122513513 0.1540366243199933 49 0.0 22.830564834119876 1.1446799817595128 -0.14671021978634788
465 320.14275020399356 1763.663414373486 0.6672694717438306 -0.035519318271701045 0.05703269362232958 49 0.0 56.42988653599452 2.754589352267239 -1.1001421610211513
466 710.2265199283803 1768.9526419944602 0.6747010477020137 -0.04578016859265019 -0.024257267265395874 49 0.0 27.482525550064206 1.3412568010441 -0.31877984283750765
467 2107.3768574911146 1769.8041678375591 0.6396139712517759 -0.1457754394573292 -0.013005862324948316 49 0.0 27.189465552296003 1.3483430629471966 -0.3245010127483941
468 820.3736419154562 1773.1536918898703 0.6448467423326244 0.03801065711650361 -0.04265610994640298 49 0.0 876.9010717480962 43.6751814244738 -4.10058679423955
469 2217.9601394965543 1787.2138827564543 0.6599615558179899 0.04866085561498907 0.05314618329014366 49 0.0 54.29130443239333 2.6546380799215945 -1.0600132997894685
470 1324.086906698007 1790.6305820159407 0.6469283739149582 0.01409774316526866 0.10595887809386555 49 0.0 22.756395573972505 1.1355000691047274 -0.13796791246556486
471 1155.0312355160765 1797.0126041650751 0.6632817928752894 -0.00039504342024745265 0.0035419399693652613 49 0.0 33.78811842124447 1.6795990258099986 -0.5630140351733515
472 1700.5046111780778 1823.2806284418089 0.6343799960973275 -0.15277295786131384 -0.04942915507371662 49 0.0 23.91922586652722 1.208679818288073 -0.20577817653820007
473 1360.197802592655 1824.0268060019016 0.6594432388037447 -0.014705189274321708 -0.0203043751507361 49 0.0 61.7759335596833 3.0448652175851083 -1.2089201828536216
474 1950.9371613512355 1828.058342552808 0.6682575498513843 0.0029977702171854388 0.018211736874482135 49 0.0 45.65692644875022 2.2462779719129036 -0.8786587455728035
475 558.4646257725541 1831.2280699960452 0.6433740905259736 -0.1681564315700845 -0.0856156086267459 49 0.0 22.10318266926982 1.0998240693117474 -0.10330804962781692
476 2007.972662840929 1837.3875113898596 0.6476317073642543 0.01651466149153226 0.06011676380327253 49 0.0 134.64948648446716 6.684883301185943 -2.062734575332568
477 1418.7979742614136 1841.0194574449033 0.6699601504438157 0.024053111875419943 0.037652838308324166 49 0.0 33.063456409443404 1.6286434705817892 -0.529565056219783
478 732.036388116251 1842.3671286588722 0.6463504181963614 -0.07631087607794652 0.04945513061970481 49 0.0 22.655790901614974 1.1149707053976634 -0.11815864233650844
479 1692.0081949677897 1847.4663823260464 0.7057402149603595 -0.02008744720453329 0.20378368218821744 49 0.0 27.497775277197352 1.2390231852259515 -0.2326985829730111
480 113.81903494404031 1847.9205282638732 0.647752092844165 0.03196614206160229 0.006189931786998873 49 0.0 35.77980174123753 1.8122742914076275 -0.6455598241764039
481 1262.3714248447827 1847.7425710698903 0.6487034383813866 -0.13380813196737232 -0.0384689281248271 49 0.0 100.21135157865197 4.9580626831685555 -1.73828003277481
482 525.6861091250123 1852.2589001420195 0.6631080733271427 -0.0897722544418223 0.018630462346624774 49 0.0 20.778010122590985 1.0199542101491286 -0.021451687429447013
483 1690.9656457059502 1851.3229711046495 0.6690514061743303 0.02973947209565167 0.23190785426156735 49 0.0 24.066393360645996 1.1148291144248064 -0.1180207551196042
484 2055.5512998252884 1854.2206108933124 0.655066640662482 0.036013411313041206 -0.026707286519615653 49 0.0 27.09302348373285 1.3063480569672263 -0.2901472591190873
485 130.67966667348392 1856.5069338627095 0.6189166188973185 0.18258901919983164 0.053870793571578465 49 0.0 27.33045045110793 1.3958121994221624 -0.36206747436894293
