m1-67/data/wr124-jwst-2022-f210m-TO-gaia-OFFSETS.ecsv
# %ECSV 1.0
# ---
# datatype:
# - {name: 'RA, arcsec', datatype: float64}
# - {name: 'Dec, arcsec', datatype: float64}
# - {name: 'd RA, mas', datatype: float64}
# - {name: 'd Dec, mas', datatype: float64}
# - {name: 'Radius, arcsec', datatype: float64}
# schema: astropy-2.0
"RA, arcsec" "Dec, arcsec" "d RA, mas" "d Dec, mas" "Radius, arcsec"
20.57980639843349 76.06243926849992 1005.2610730169039 -208.92024797123483 78.7973545220394
-0.568196390658124 93.87699709902908 973.3671403073934 -221.4987973679573 93.8787166052399
7.940377851400049 85.63742965643883 997.5539500056583 -208.65579891261157 86.0047612342519
35.622596864839004 61.54536137697377 1007.9117243540844 -200.64740675590417 71.11118672025566
57.815560471709816 42.278338855036516 1008.3454062898212 -204.2825144413419 71.62469491869346
29.24650343020412 66.52968353181483 1005.7138816455158 -175.70392448525575 72.6743195638785
32.75783383657316 62.63216900446031 931.5055501338732 -185.62204627412387 70.68142782151915
38.2358469240638 57.130191767935074 1009.0978071433796 -199.40189456704996 68.74473626434927
10.845349809581931 79.2059506489633 1007.9990704375083 -195.85492909478876 79.9450075046535
19.852273763662456 71.2425169963992 990.2509815522412 -196.3741909061335 73.95680486540817
-0.3825800710427013 88.04925264558618 1029.337209140781 -156.10437887212044 88.05008381001143
23.9122885237561 65.84538371192825 1012.7773457974484 -209.17444317982608 70.05292341644738
81.72934188621167 16.160547554639468 1037.857523672482 -175.02296299019986 83.3117555255557
47.80166830414111 45.0530593965964 1022.0131106229078 -188.24087070770972 65.6869668756489
4.763390839560693 81.49383172617046 998.8975202423076 -193.35379842315783 81.63292534586263
-3.0585416696016376 87.97675391985621 997.5480639057776 -208.97152746914205 88.02990348088704
10.615999294222036 75.69242644812826 1023.6697434791464 -209.0825594740778 76.43325753597779
54.64975142207222 37.77253649079271 1022.6039955308606 -184.7306595306978 66.4331228383603
30.804861201648283 57.398503890388405 1013.6516661830856 -190.2752114685754 65.14236484822202
34.983873369688375 53.001293071027604 998.7733334849138 -209.91015644158497 63.50597165793297
60.188194918204424 30.454219050060598 1018.3856408982347 -178.62091260769913 67.45426776081541
83.9403366130659 10.056190978847164 1020.8093855525126 -189.93935543202645 84.54056471397311
33.18418248174786 53.22127060233594 1016.1050032052814 -179.00525402232313 62.71916443223644
67.11003858218884 23.440524727564025 1022.6631102730847 -189.0757100386764 71.08597230549668
86.18632599243948 7.008603696258017 1016.2721022953095 -178.78263885540298 86.47082346656042
82.38852583158781 9.546151310950401 1177.8393366473383 -187.76510884276024 82.93972623973968
61.726899581135264 26.644883504798063 1023.7176027484168 -193.00538866730898 67.23213463579714
62.309694551708596 25.01228543984714 1254.890824377604 -114.80237530413396 67.14247864818871
30.62249811429011 52.36185119958237 1010.4506019785252 -211.50446443438204 60.65888913968483
14.865056900909542 65.32626791953194 1005.9122519366008 -208.56876083408167 66.99620279967706
48.755081384655966 36.203210690794315 1024.7122991837814 -186.08044599359488 60.72668606749621
93.93878637676856 -2.609352078299664 1018.4277822796396 -186.80203057753658 93.97501957290665
-14.686488471627822 89.9174668989489 1003.9262230633824 -197.81448623930677 91.10896653726184
31.297823995557547 49.9686397052141 821.3642652301172 196.63685252864798 58.961162825121086
68.2113430025933 18.09156187595568 1023.5419892689306 -182.78016826468834 70.56976628420217
78.44868469050719 9.335959073940934 1028.3280348599246 -159.02325640434435 79.00225476084405
40.577535043593514 40.692621092027316 1024.8953564435792 -186.94760916947823 57.46673594524518
28.417793801487313 50.59840117286744 965.1090061546887 166.9072012131014 58.032483917206925
89.83111090924895 -2.0702218830983683 1018.8943454690678 -196.63530721417268 89.8549626095106
29.72469537047764 48.849015004317295 1010.4715657318748 -192.85718296518937 57.182023095109734
-13.234154247928593 85.52617590144803 1005.2880316565698 -193.04243938007653 86.54403268246831
-3.4392831921160156 76.55804681122024 1026.1768413623422 -182.32474478869935 76.63526081304269
66.56463150441475 16.211682196469546 1256.4535650038551 -99.03892112915378 68.51035540588455
33.3587671476091 44.16792630800451 971.0845571796804 -190.7441755505431 55.34991457045814
77.18738786770116 6.149600502266529 1022.2526644914424 -168.78970719534456 77.43197292086872
-2.0757835449493336 73.4646359753898 1214.7703145081746 -122.3754665184697 73.49395632390498
28.746856833759335 47.11701871352149 1013.180279121483 -191.41105632036871 55.194159255335414
3.553570741043781 68.45723065177329 1005.8396833911128 -257.443149701219 68.54940038439184
46.68420615963377 31.330183708533756 822.7427243626174 -68.89664142221632 56.22273116110969
-18.73991385651736 87.31267531730035 996.374213869515 -218.91837257126787 89.30110649615581
15.964693519280127 57.553530928175064 999.7807177533589 -196.47232175306488 59.726713913033606
87.2352424325808 -3.560971871672414 1025.7788080528803 -171.5337153147269 87.30789221026554
25.75900962220457 48.80725220465773 1012.1611421411005 -190.73246076106258 55.18762933943399
10.469166908860268 60.59360335345725 1000.1182452834216 -210.93157302472594 61.491367036110965
83.72787863258947 -2.160598711923821 1029.5244667403908 -173.6304014687584 83.75575112704156
70.35417226737998 8.749041950527221 1020.8440937906822 -212.30821049739393 70.89608795630106
27.897098086718447 44.90445239099589 1019.362355308317 -199.46876061362363 52.8645241528264
20.569781037101563 50.08757720998457 1238.331153977953 -144.67856110315375 54.14684916381263
-8.171814264265569 74.80443836953097 1013.6660134070474 -202.0198979786116 75.24946873715724
44.448252154523566 29.60878758153116 1010.1139794792226 -219.2304729901955 53.407184985464134
21.991681581051225 48.14747984994909 990.2789628370784 -212.49845275616096 52.932162867986946
47.859839281204096 25.510815638418954 1031.442743451762 -181.70595913525614 54.23436105351993
51.45647275984661 21.61075256531785 1018.6388681127563 -202.9931677829844 55.81033242726647
13.123836040560857 53.478875393103195 859.6626168517323 -82.0147416239514 55.065644297272904
54.32568962604274 17.707202932481284 1012.784035961788 -183.12512048788744 57.13865225738289
37.23454551323162 31.88484071562355 1011.5358300008328 -176.87378133515168 49.02095915015793
22.08453570592892 43.80833703412233 1013.3687812440916 -193.7920036801288 49.06013762427036
57.845169199858695 13.08389387396786 1018.6071487588656 -179.49929912774795 59.30642354911195
42.665357463979696 24.753428844763405 1256.1250246679194 -71.03885994288385 49.32610828313066
78.29939711403016 -5.3133378028495315 1034.4583922468416 -173.0761830116706 78.47946958079484
-16.470753398795804 75.62392262629973 989.6190913318053 -238.49429426465127 77.39679178595497
44.23155663121673 23.576907325149147 1020.9861261580197 -147.31408412055004 50.12286057804181
-3.9492104463790834 64.03532804134966 992.0525593690066 -209.07277161601786 64.15699104550363
19.896464915412608 43.62277010165252 1000.1000290711914 -203.4823471893465 47.945963141532324
28.882037839485747 35.38315120453774 1012.5042300301299 -214.3458557846017 45.67427602870435
66.15989165898813 2.8101040916716196 954.9016290038778 264.6278690333431 66.21954355826846
66.01211933661138 2.3154180157512116 1048.4991229933914 -203.73260426312007 66.05271424938665
63.865247023454394 3.8206394166777367 1017.2217190511727 -185.340141065548 63.9794268687586
-5.303512023083214 62.00477980588783 1007.7880275763214 -199.27265507481798 62.23118155481216
17.349424197903485 42.30666673423567 1021.6769436731254 -184.90954014078724 45.725885075518185
-25.171243263267147 78.02300174535308 1010.5010827589178 -193.8644469285697 81.98280465167618
31.355967027599586 29.37867931777557 1023.4272501444789 -217.38622398933785 42.968633443991166
82.21780156021211 -15.241021724317658 1028.4414919399562 -185.64073514218774 83.61851244966194
17.355067536642576 38.822273476643545 1140.9030264309079 140.63131100998334 42.52490192275226
10.680349690830168 44.56929410057855 1018.7434036299047 -197.97130414815956 45.831123097390176
-6.326628822027194 58.75924624203912 1012.0848541441114 -210.85778743590393 59.098859972932324
30.062632129141644 26.935318895695264 1011.851589758752 -208.21916473260882 40.36425707735658
64.21017720159328 -2.493429956269399 1021.4517214907574 -182.3337352231786 64.25857179407824
-6.42632589167767 57.31025359208169 1013.6018147059235 -198.56077446625935 57.66942717064084
17.165911345137406 35.47116962070755 1026.1893030122246 -183.85476734666344 39.40650179433612
54.23326721848075 3.4338373912811635 1232.2381382480153 -69.9848182654095 54.3418670286414
-12.140262618332018 59.300377652992324 1005.2824849575654 -208.06895533828984 60.530329275233804
74.90097902242579 -15.258728218561291 1035.0143449204977 -181.738155083708 76.43942330449434
77.33315271227606 -17.59464475001107 1027.7952577013523 -175.06641651830782 79.30944469475419
48.922363571805434 6.430674304831984 1016.698901649444 -195.3045302192512 49.34319840365326
31.894221276024258 20.856851085337823 1026.5423493299982 -223.51544007478708 38.108392573428105
61.720927935070485 -5.2448848562025585 1028.4450775866046 -182.005723167274 61.94337544484354
-26.959558485208408 70.4552517518029 1004.9275339902714 -210.38059932499635 75.4371278937091
-20.698649915622926 64.88035993738104 1006.0921904806129 -210.84168559157908 68.10209394582765
72.41485156191433 -14.953757946112011 1025.6129537607987 -192.02359866837776 73.94271833161397
10.058987723152612 38.0800176476109 1208.7920524558604 49.105593157566055 39.38617748534587
67.74785869153959 -11.423163156179204 828.9700627991783 -89.20330308266442 68.70415569021615
10.424942280224654 36.701696507831 1006.7446287968614 -199.7583933678258 38.153557461317696
58.99037439046547 -5.781221004859761 1031.6287539978937 -203.02195852527205 59.27298529792077
75.53967304574422 -20.261564107954033 1032.0791470550482 -176.3184465377207 78.20980223483808
-22.953869822090084 64.00711812746438 1005.6203427857073 -225.41925825677376 67.99846537882834
68.75927102413515 -15.682170437673046 1256.8710109815154 -122.40754212745453 70.52494461045544
-13.833361638772157 54.12723739230146 1002.3557471856951 -213.84924166628275 55.86698235597894
65.73823710208212 -14.066639726913934 1015.7926136511123 -197.48951952761516 67.22637996952426
32.96980497412398 13.931037698561095 1017.6775344034144 -207.69900220726154 35.79220375643197
61.99689748619802 -10.957271011066627 1026.4711381468835 -196.9952485366524 62.9577404480473
21.697198520281887 23.468540970765417 1002.3465268237986 -207.76919142077193 31.961552479395944
52.93868651000571 -6.978722957568127 1013.638657189078 -204.620513253202 53.396695613704985
-7.245880986046045 44.11307453921955 1238.107171062977 -110.22003553081917 44.704207137207376
-1.0852011917217137 38.8832185118184 943.5105556546832 -237.2307715627965 38.89835913570408
33.49555318807178 9.211425319197703 1032.3386339827991 -190.03309349911504 34.73906214972847
56.59812511985177 -11.323612649108014 1026.6235644322621 -178.68204522864843 57.71977102606068
35.22750455507726 6.926991253421488 1025.7239365422029 -192.8128073802848 35.90209303834975
26.309490241376075 14.156041924689058 1028.9325391042605 -206.6333103068385 29.876124223978003
-23.453284737695792 56.50406764512188 810.129290374884 -64.58100499435558 61.17815142413411
12.908609531834871 25.397687914267273 1006.18247295008 -206.3311439051809 28.489906117707154
25.73748773904985 13.81158837510635 1033.5056367606583 -182.10702581218362 29.209215113912926
2.3921066283147425 33.159342912591846 1019.153890963482 -194.51312203164866 33.24551392996341
52.09161531700015 -9.494975314823066 1023.328406683936 -185.11116630702563 52.94989084649387
-18.870613463065204 51.126439291511055 1003.70239767771 -221.58283566181166 54.497824174938124
18.601844518798455 18.255768912457516 1003.1943286732042 -184.2063757049332 26.063417219985325
41.35075822182694 -1.264958671454914 1024.1770158727666 -193.42230415508087 41.370101836313864
-13.5904127074995 45.40031626949478 998.7757704450173 -214.54855236524594 47.39080113219021
59.21101400972591 -17.731053904997328 1034.5762802122701 -190.14224180781855 61.80885409067175
43.281943235119165 -4.803638171027102 1002.5806585578617 -208.756189439322 43.54769281544324
13.726411990661267 19.576062995603163 1020.6570158300862 -200.76981481361355 23.908923605612937
22.678779710299132 11.475291906158294 1026.1397851766492 -218.27157924082167 25.41671444052455
28.94928319981376 6.089932418465875 1028.8924884923056 -204.33952755952345 29.58290510424295
56.98877375990692 -17.934733350228154 1033.169993911543 -169.56554907787506 59.74424647465949
4.366217106889156 26.18734350548172 1061.7966262453508 36.56617178929688 26.548838234412447
45.81537581995901 -10.371925695988853 1034.1101221810356 -192.33397255372972 46.97473259541289
-32.65852028731182 56.75671716375375 997.8082698703197 -198.4761799544579 65.48208811299745
65.76154871249483 -27.84555863558446 1047.7999365495855 -159.0138168551886 71.41397901332527
44.743805373548625 -10.446552949820388 1015.8386733933162 -229.19910908513313 45.94712815973413
3.5180530371777596 24.25633098784344 1020.8203577867947 -189.34567520198368 24.510126276855782
48.48708033515607 -14.235910483500238 1021.9985133883289 -190.36938432639445 50.53373232800093
-23.916596131081207 46.97940782929127 995.1497390805775 -239.92593242695403 52.71686941197737
25.59090307736002 2.865388515966077 1022.055592481438 -199.9043647519095 25.75082079505369
53.32352904979468 -21.206440133403124 1036.2028869859673 -191.4986623874425 57.3856414397247
-23.13370001495167 44.198354087795 1016.3756227131793 -214.6234466458132 49.88649689303533
4.107949437139008 20.335592887831233 1071.8905859568933 -150.22960784564557 20.74636321440258
61.50771049458174 -28.61633762161336 1047.7774686100806 -164.22916120863957 67.83872938731857
16.751750208289984 9.566477772516821 1009.5567311124425 -205.6751980999001 19.29089504953583
-34.46660468580245 53.33134117398936 1003.0893086610042 -213.85276330746495 63.49943908031899
4.495680553201101 19.92733435362278 1015.4824796775005 -188.71796127609414 20.428161885372536
17.520314395461966 8.524255443929233 1022.6090986342056 -195.1470752554735 19.483951016532753
51.625168527827334 -21.580909298336667 1018.4235738676767 -193.54595372449904 55.9543891214295
7.900055253987005 14.789118275283837 1030.308978354573 -201.0944343270506 16.76689870755233
-39.41808725563892 53.9432511645939 1012.044701924934 -218.3674954751617 66.81062725105373
55.0538433920306 -26.95128363799702 1010.9902845957026 -163.99916902629678 61.296797181666285
-43.53852726729925 57.377118469904616 1021.1928533095249 -199.23981118249424 72.02594693311787
3.7649408841227894 16.602108427696372 1017.4814150674016 -215.82548126156624 17.023653664111873
-36.88050968224557 51.371490738538824 1008.8970910230078 -223.1726960636311 63.23924435819103
45.78489826799849 -20.507703061466312 1029.5277489508312 -204.7374628913115 50.1679458156143
16.8283239088239 3.541139500286031 1017.8186691027354 -208.90085106971557 17.19686467103145
-4.443987464731396 20.79978906618455 1017.1964980401367 -203.18688924924527 21.269232466563125
50.7150626398003 -26.81735637401597 1004.3342629027153 -153.64359547040155 57.36887803467953
50.39285193759824 -27.411650098055542 1038.0332830364403 -198.87742647648602 57.36582669629226
43.82828652199334 -22.108303583155998 1034.5867475818156 -183.9975242700805 49.08865224705055
28.425748991278127 -9.21927819921103 1047.0036936123518 -182.860122733965 29.883411714465055
-31.409832896808005 41.879598605476886 1016.5223040199535 -211.41675390898692 52.34957849308116
-0.6816870881345822 15.135767922395305 1035.7372256211097 -162.0588074351037 15.151111110605694
-41.18922553378562 49.75006349502037 1013.9436678043253 -208.2235796452955 64.58808779437331
-18.30090213724662 30.02077788518093 1021.9557457722224 -176.83695335917284 35.159211047806856
-8.910864753740125 21.051052334238896 1007.062264041205 -196.1908468697207 22.859359456530832
-43.48465300078358 49.03288498502323 1007.7282003008622 -209.52966463040295 65.53730861826432
