m1-67/data/wr124-jwst-nircam-2022-f470n_BGSUB-sources-fwhm5.0-thresh30.ecsv
# %ECSV 1.0
# ---
# datatype:
# - {name: id, datatype: int64, format: '%.8g'}
# - {name: xcentroid, datatype: float64, format: '%.8g'}
# - {name: ycentroid, datatype: float64, format: '%.8g'}
# - {name: sharpness, datatype: float64, format: '%.8g'}
# - {name: roundness1, datatype: float64, format: '%.8g'}
# - {name: roundness2, datatype: float64, format: '%.8g'}
# - {name: npix, datatype: int64, format: '%.8g'}
# - {name: sky, datatype: float64, format: '%.8g'}
# - {name: peak, datatype: float64, format: '%.8g'}
# - {name: flux, datatype: float64, format: '%.8g'}
# - {name: mag, datatype: float64, format: '%.8g'}
# meta:
#   version: {Python: 3.9.9, astropy: '5.3', bottleneck: 1.3.4, gwcs: 0.18.3, matplotlib: 3.5.3, numpy: 1.22.3, photutils: 1.3.0, scipy: 1.8.0,
#     skimage: 0.19.2, sklearn: 0.24.2}
# schema: astropy-2.0
id xcentroid ycentroid sharpness roundness1 roundness2 npix sky peak flux mag
[from data line 292]
293 1061.6236502103195 1151.9778346496958 0.696305344402597 0.3573046066260201 0.04681321175678619 49 0.0 138.88218773314523 6.235639535843723 -1.9872025048589248
294 1075.077578755188 1151.3024831833477 0.9219589808160676 -0.7589254002189941 0.20202395088138808 49 0.0 79.74196244830951 2.7447384223466518 -1.0962524046205833
295 1101.124390681274 1150.5964495081655 0.7077930684868227 0.2747071138639528 0.7075444554948704 49 0.0 172.53160410012146 7.318180568682107 -2.16100780264648
296 1127.065355038423 1151.0382450843365 0.9658590922921487 0.4314924629382859 -0.23654582445685857 49 0.0 55.08294417063213 1.9621285934901556 -0.7318186666479045
297 1140.3672625414704 1151.9613898588077 0.7657775040667194 -0.41354746094749023 0.049626051590062975 49 0.0 140.37187733232344 5.93184078795759 -1.932973714859423
298 1153.7800795856922 1152.3077015305214 0.8839900309547613 0.36481539171639427 0.05828088087705484 49 0.0 26.884509747836194 1.2022075196524147 -0.19994860024215053
299 1048.3162831445552 1152.8484923897936 0.7434029853952525 0.2285890775157629 0.6707102007533746 49 0.0 36.16851818282864 1.5682316682625037 -0.4885255489580382
300 1056.298734974775 1154.9175542338012 0.6829494161283118 0.6823999090999406 -0.045280846515745966 49 0.0 77.63612798187282 3.324775384619759 -1.3044057763419943
301 1070.4894296614625 1154.4740937787406 0.765097286086756 0.7803293170153631 0.4851811067683514 49 0.0 42.99760353008754 1.7179824760305058 -0.5875468239387757
302 1084.0083168394883 1155.057920984167 0.7427115762018844 0.5187103567059058 -0.5889956354045354 49 0.0 27.537296063006675 1.7092474674159264 -0.5820123627010637
303 1145.885752396934 1154.9614303822573 0.6658818875169527 -0.3147494395569855 0.0660521638708986 49 0.0 93.30550657318697 4.243056173342888 -1.569196953451043
304 1503.7262490160874 1154.7721721117339 0.6406495779104735 0.06430725101520929 0.005785295321959154 49 0.0 592.3234417193382 29.673379031251525 -3.6809175101356066
305 1101.0687448356337 1156.6573396635722 0.7586243885010907 -0.1500003741485994 -0.01888305575743429 49 0.0 89.10799810259464 3.7211082228027976 -1.426680752507876
306 2039.1404778039898 1156.755966784378 0.6673140441792778 -0.03968934790849141 0.0009654253103465238 49 0.0 32.582545845605466 1.5818809186612288 -0.49793446858234003
307 1182.8789205316273 1158.7143987083805 0.6449576084134354 0.18857718795466893 0.10770772614821639 49 0.0 23.211676992354512 1.1473334917128077 -0.14922417805620908
308 1041.3190786493192 1163.8079778858169 0.7444258545963599 0.33671620743176717 0.09259765166990921 49 0.0 82.64666736867397 3.559952147867076 -1.3786104007910724
309 1054.5817721803805 1163.6288815263729 0.8024423793639031 -0.36652461430254696 -0.012864690144663935 49 0.0 28.094297908754104 1.1911221687007991 -0.18989076909651528
310 1094.8089014215773 1162.6696615460005 0.4699191709818469 -0.6635247562596654 0.5980919979596054 49 0.0 44.43428292025475 2.5703502270325687 -1.0249807570682787
311 1107.4698353494862 1162.1712022748363 0.5765317526905971 0.9257063251872929 0.8804887572329898 49 0.0 42.403107383026494 2.2962762785127064 -0.9025603484863581
312 1147.5961087179148 1163.3911301739365 0.6314902758221628 0.06329166646320371 -0.16427012248026834 49 0.0 21.123995141998996 1.057684301910273 -0.06089014656832949
313 1160.8494663949696 1163.8391143391336 0.799059187471915 -0.44553645132873154 -0.0067113294350334635 49 0.0 87.32518846239643 3.469049152127651 -1.350526133250714
314 1036.1349252097182 1166.7778669934846 0.6982445341292476 0.5547125068305658 0.09007849651919286 49 0.0 41.61581026239871 1.796733925402147 -0.636209420255281
315 1165.9961942826592 1166.6527057224994 0.6612346062727906 -0.20372199739319138 0.051191739293062165 49 0.0 41.70325025543462 1.8296376560262257 -0.6559127249140196
316 1094.1034856757437 1168.4116484758163 0.8769739141661089 0.20959119232411308 -0.04836194818580413 49 0.0 31.555767108213132 1.180976304213262 -0.18060295941764443
317 1107.744078758295 1168.5356801144037 0.8311983483707305 -0.3746311005792645 -0.3045259884633872 49 0.0 32.5487866823467 1.3848467264171538 -0.35350427184983096
318 1101.1065838200077 1174.6165468248555 0.9166257505739824 0.25723214674706396 0.3024951445947158 49 0.0 69.78567945013259 2.5156339517755653 -1.0016186186725167
319 1021.0419579869653 1175.6326190316797 0.738507633772768 0.3929711054624481 0.1011229830917376 49 0.0 41.44047038611257 1.842500966831206 -0.663519311055467
320 1181.1266573715495 1175.5646139399455 0.7484581350515258 -0.6680311478914095 -0.08071248706889407 49 0.0 36.87343898382564 1.571988613752644 -0.4911234900690563
321 1094.6209942779533 1186.4344729890531 0.832753943989524 -0.06604211419665182 0.08641126372157924 49 0.0 36.80712220947103 1.4034980322359636 -0.36802952017879575
322 1107.507169417365 1186.4744489906075 0.7954744116693165 0.4981530895613606 0.20284707725451737 49 0.0 31.9430015146255 1.3561869959091608 -0.3307989393371581
323 1979.2031126374147 1188.6964131738885 0.6502361587535411 -0.06306186843191385 0.026021325682003684 49 0.0 282.3023530006608 13.992705265363925 -2.8647542162224267
324 359.25823742681 1198.1160431446797 0.6535890995239346 0.011552472187258307 -0.041295942724451876 49 0.0 27.666279169950506 1.3744837047049001 -0.34534898849765705
325 950.7169949534626 1197.9976648118177 0.6334917055350759 0.09043589372109648 -0.0768272936345574 49 0.0 25.3476887251838 1.2695483663463214 -0.25912312741425186
326 1101.0954054219317 1198.1296483233107 0.6835041890733773 0.12564690508693793 0.23352419577058264 49 0.0 34.20788969330438 1.5611619397856051 -0.48361988723245325
327 752.6404212589323 1210.8841974721165 0.6502809822709649 0.004219331207504719 -0.043550847217197715 49 0.0 3255.8738980448807 162.27499244707914 -5.5256289939734415
328 1781.356864374197 1211.2852163436464 0.635219603647939 0.10562597595091597 -0.008930169535865947 49 0.0 20.021083053475706 1.0023599834080676 -0.00255930066165913
329 466.06833697945706 1218.5568971589892 0.6522478410922518 0.04489375834783885 0.10945887655119756 49 0.0 27.46630409340019 1.3616690459876224 -0.3351789125415605
330 1013.7786351926031 1220.6059240909526 0.6346620207625019 0.10992598729771022 0.06317302615467704 49 0.0 58.686543951956594 2.950912774404296 -1.1748909311077793
331 1101.1443291688327 1221.7285295502675 0.7860886034390304 0.05013323634223291 0.05240685760561852 49 0.0 29.40193411738206 1.234122763397586 -0.22839590737576826
332 998.0839080337599 1231.3304929063554 0.6529160886123033 0.08959323873155285 0.03745140636768391 49 0.0 20.432902325436682 1.020907545122235 -0.02246603381344474
333 109.58417170923882 1236.5955589435198 0.6352714726612436 0.17777358612419064 0.031846640131981956 49 0.0 35.7687194133756 1.792861988648234 -0.6338671490652494
334 1602.9553244573874 1245.5506286840364 0.6366750872472038 0.24300236408302245 0.0462669988069219 49 0.0 45.84957279523803 2.189759211055088 -0.8509909046124186
335 2191.3015980503087 1245.3932677616342 0.6269322461018827 0.18102926257523858 0.013938704130268507 49 0.0 23.743740433540964 1.1768604094216673 -0.17681238265423926
336 332.9534418285458 1245.963013216804 0.669099293948403 0.026624251617284964 0.0396802474877965 49 0.0 117.50790394056736 5.805841838840435 -1.909663001812493
337 1547.5181067427422 1245.7702178447933 0.7587886417751529 -0.38716359547777807 0.12124626094238974 49 0.0 35.23048258799586 1.463249556288049 -0.41329600272980105
338 1626.3451817470616 1245.650967589365 0.791798544956999 0.7779178378551319 0.13090593389540764 49 0.0 30.46550454890224 1.211379171045952 -0.20820025488173738
339 1562.8759337082995 1254.6763608336087 0.7531629859789015 -0.26547166295459096 0.09517965749442789 49 0.0 57.27299679083051 2.3911390934997367 -0.9465120998277108
340 1611.1200925985386 1254.5003509560843 0.6853196077516478 0.35796657615772176 0.024648148584812395 49 0.0 65.03845630712144 2.7953479256865106 -1.116089676174918
341 1567.9794752045077 1257.3868388026324 0.8656252880290226 -0.22205740578795333 0.26632721898614026 49 0.0 99.38515229996896 3.6649446454269485 -1.410168548829516
342 1605.762323545276 1257.382959684579 0.8274907710444216 0.6167503078280098 0.17137884328776867 49 0.0 108.00773968821561 3.959766877669197 -1.4941740464286382
343 1590.449077740448 1259.9318092448902 0.8400725885283561 0.833891296916498 -0.16550846634517408 49 0.0 345.1463562662348 10.748802956005237 -2.578400253989951
344 1591.3442710455347 1261.5332677684528 0.9364983711222079 0.9740584081155671 -0.2122525352018808 49 0.0 282.87931378848947 7.561057353980743 -2.196456330978482
345 1602.893220528883 1266.3974152280812 0.7236162884389726 -0.21539906849801432 -0.09501101289428493 49 0.0 79.97740404619542 2.676379825586167 -1.0688693688255133
346 1570.800099656707 1267.5865244295107 0.8173939297472841 0.07823852892477662 0.11482227901150974 49 0.0 90.15194866367585 2.7267538806983547 -1.0891148497327279
347 1610.3813613334953 1267.3398208736494 0.9519288195082122 0.03116387528428277 -0.3904782085233198 49 0.0 34.744233604941684 1.0912962336694243 -0.09485664087265822
348 1578.170642106747 1268.2458593978506 0.8628497202297393 -0.018705878930503343 0.18826311618092392 49 0.0 441.8689188766144 12.337464962456417 -2.7280648307832007
349 1595.4195796383642 1267.7888114723341 0.8572610487120814 0.47914878345138046 -0.10541387146299658 49 0.0 398.2711639620523 10.57642858346428 -2.560847603004788
350 1555.7828416875984 1268.7018853381662 0.6271681741931462 0.25011681214114745 -0.028618285976916465 49 0.0 20.600689879420408 1.0011195951517686 -0.0012149050168987646
351 1561.566849096372 1268.8016980932016 0.781565122061032 0.1684276846989325 -0.0256274011346002 49 0.0 59.11821198201439 2.5163103044530684 -1.0019104901862614
352 1612.0064317697856 1268.8171843098437 0.8248051415316023 0.1609481329582881 -0.12572363660665695 49 0.0 40.00610693107397 1.484789093586403 -0.4291619220175189
353 1045.5860524824561 1269.5600501825047 0.6231691989947018 0.20225799401970218 0.011320801709843507 49 0.0 32.98031616560106 1.6649975287515537 -0.5535339831188195
354 1582.330947057351 1276.444833443074 0.45710028640712147 0.7526475614207186 -0.32588364968081107 49 0.0 235.33235052778062 8.136955686125667 -2.27615487708394
355 1603.4821094185213 1280.8244684963256 0.7683372364119823 -0.3708309158202087 0.3671727274319371 49 0.0 66.30504437842237 2.5839718740459765 -1.0307194553769767
356 1562.8287133252404 1282.6687983687098 0.7344306330067231 0.5404653005647072 0.11511923855306402 49 0.0 52.3195470558081 2.2880175949174775 -0.8986483996754874
357 1611.1705769121318 1282.6285127933343 0.6752314078876333 -0.26103394914559425 0.2051830896120967 49 0.0 62.563286587531394 2.761488753309435 -1.1028581970401068
358 1652.7676024398395 1285.9682972494454 0.6485227763015752 -0.0004395405640518315 -0.016521123062412713 49 0.0 31.99137447756934 1.6210027087820253 -0.5244593514459378
359 1599.726269332753 1287.5050273818104 0.8570092367342231 -0.23389709770934375 0.2520066071524899 49 0.0 32.66777220760235 1.2018724566672834 -0.19964595638689592
360 1114.6908116442391 1288.288289289909 0.640708753008889 -0.07916427954182256 0.014854457635189902 49 0.0 30.356864512522176 1.5057462805330866 -0.44437949764414897
361 1341.4866519119728 1287.638973941234 0.6244145710961139 0.1501084733430205 -0.0649799300354073 49 0.0 33.43363537077401 1.7222064192770414 -0.5902130091709004
362 1576.5999110495636 1289.1997413860202 0.8453745425750664 -0.03573849157608773 -0.5156456954446806 49 0.0 30.13884375190436 1.0560532017340643 -0.05921449397347485
363 1547.4156227530384 1291.3679683043067 0.7490787449839597 0.5688535081006775 0.2380231728217528 49 0.0 28.367765814464924 1.2202728170595616 -0.21614234246125857
364 1626.2278433576719 1291.239008605483 0.741055373418298 -0.42190376029825905 0.02490230376248099 49 0.0 27.72984067869369 1.1726037861418968 -0.17287823028858207
365 2216.05578251781 1290.5852380329495 0.656765381230545 0.01062601184484633 0.13095917441721416 49 0.0 29.27267915517438 1.4505117841168156 -0.40380315352254037
366 567.1311380076826 1296.0820791635329 0.6672090151996278 0.00845360636626033 -0.016252494130694874 49 0.0 39.46174556991088 1.9340570319094283 -0.7161731912733025
367 2175.3017575286285 1296.0492690503331 0.6611514075446588 0.09872806822473308 0.018132353146629903 49 0.0 21.018189816491557 1.0385782698021664 -0.041098079000815406
368 907.0814871744428 1298.3747285784582 0.6606291394491978 0.0655261156307628 0.06752165575134213 49 0.0 25.727530176170575 1.2641126947248866 -0.2544644817715527
369 941.381948681134 1299.7597766240872 0.6478311633815137 -0.13155165771164945 -0.026125212234075382 49 0.0 20.856127999438577 1.0302390892029487 -0.03234505951050644
370 1340.6363748225253 1302.7812156526124 0.657782665736618 0.07003670395975659 -0.058323712371483365 49 0.0 21.94410233895464 1.1079994541974698 -0.11134886614554573
371 1778.6076715545573 1306.020607706224 0.7642438684041154 0.8839561793739527 -0.13100914412780484 49 0.0 47.014745464177345 1.63496944894994 -0.5337741046063263
372 1766.1494088709862 1314.5062265829397 0.9226757899936731 -0.010818687844265791 0.2934281799522123 49 0.0 67.67454777314163 1.909139462643769 -0.7020941369143995
373 1783.5172749436942 1313.9744515917528 0.9343529800008081 0.44525153816707513 -0.2784304856193691 49 0.0 57.864351508275476 1.456865176059881 -0.4085484058448231
374 1775.0798017978277 1314.8020218826578 0.6926349437234857 -0.030737432715347453 0.013431122759059473 49 0.0 7501.318566100427 359.6360620397144 -6.389658083901638
375 72.74017765424276 1321.1044536638205 0.6424778665415751 -0.030555430647520594 -0.01106967360339976 49 0.0 227.52329435015952 11.45251438598627 -2.647252114960192
376 394.1846894642762 1322.3457828567275 0.6464452399278655 0.07355050434665732 0.003080647002307611 49 0.0 393.48591699558796 19.571934374762463 -3.229084377222317
377 56.49419802682635 1324.4669493574274 0.613526885131345 -0.21424886259890072 0.006827600681160636 49 0.0 168.43394952102022 8.585308137049191 -2.334389717821716
378 1770.3115185569281 1322.7723730538753 0.4748238451940647 0.7225898742564909 -0.335165159166742 49 0.0 36.89765218138611 1.282737003842937 -0.27034405814726303
379 1778.9080128995647 1323.3191269880538 0.9591014517454688 -0.9745517582186989 -0.1993003460408112 49 0.0 55.69592561328873 1.6224024350944095 -0.525396473736272
380 398.4833204557747 1336.8928373566837 0.6682661370841559 -0.0166572786822634 -0.08218531237194189 49 0.0 30.835645107673596 1.487670350287507 -0.4312667686971212
381 1985.3431543475456 1350.4708687980674 0.6311647282610436 0.19248724574695295 0.05003750418645835 49 0.0 27.52503431790613 1.371049993434652 -0.34263322755902836
382 1141.647582733843 1363.7083382443282 0.6368177319098531 0.08405348270985119 -0.02885363593722969 49 0.0 229.92822080998747 11.492477662519805 -2.6510341707548424
383 500.14041993474365 1376.0241457742636 0.6594951964329905 0.033969087764746095 0.02464029750820656 49 0.0 20.51221719542082 1.014301041033569 -0.015417178065600926
384 357.3319226984239 1382.9632096148446 0.6444105795576672 -0.023700424508831437 0.020792334654668967 49 0.0 20.62848010426589 1.0304375105168113 -0.032554149287088954
385 852.221893477778 1387.1794322833068 0.6668135014559865 0.030567636095980406 -0.010181191503282195 49 0.0 38.22330795957665 1.886361866074637 -0.6890625207972283
386 1509.7553079384127 1401.2293644267645 0.6549337612885938 -0.03314179769041119 0.02618697793827847 49 0.0 571.3639300068452 28.333434366490618 -3.6307480490804993
387 769.7468078341466 1403.477379056535 0.632410730035193 -0.07600173883977199 0.06726392915729619 49 0.0 28.183716374722174 1.4164906295606985 -0.3780342647487255
388 52.80198719484297 1404.3587484246736 0.646497822702255 -0.007134055645160682 0.09944898804326971 49 0.0 21.513249113764257 1.077077256080215 -0.08061713820318334
