m1-67/data/wr124-jwst-nircam-2022-f090w_BGSUB-sources-fwhm5.0-thresh30.ecsv
# %ECSV 1.0
# ---
# datatype:
# - {name: id, datatype: int64, format: '%.8g'}
# - {name: xcentroid, datatype: float64, format: '%.8g'}
# - {name: ycentroid, datatype: float64, format: '%.8g'}
# - {name: sharpness, datatype: float64, format: '%.8g'}
# - {name: roundness1, datatype: float64, format: '%.8g'}
# - {name: roundness2, datatype: float64, format: '%.8g'}
# - {name: npix, datatype: int64, format: '%.8g'}
# - {name: sky, datatype: float64, format: '%.8g'}
# - {name: peak, datatype: float64, format: '%.8g'}
# - {name: flux, datatype: float64, format: '%.8g'}
# - {name: mag, datatype: float64, format: '%.8g'}
# meta:
#   version: {Python: 3.9.9, astropy: '5.3', bottleneck: 1.3.4, gwcs: 0.18.3, matplotlib: 3.5.3, numpy: 1.22.3, photutils: 1.3.0, scipy: 1.8.0,
#     skimage: 0.19.2, sklearn: 0.24.2}
# schema: astropy-2.0
id xcentroid ycentroid sharpness roundness1 roundness2 npix sky peak flux mag
[from data line 195]
196 798.6116476258835 1485.497503864849 0.9574425486086832 -0.21068721204814553 -0.06629736158447364 49 0.0 657.9085079364954 24.46921957469888 -3.471550295283154
197 1064.5121383420387 1486.8814754533405 0.8788670176287868 -0.14882050094650912 -0.20828572063288847 49 0.0 80.23359536586035 3.266460071385271 -1.2851933845534949
198 127.44029597256291 1501.1280234497979 0.6811395129920425 -0.06137192632177802 -0.15033575886755438 49 0.0 65.02597120342455 3.2011492535569754 -1.2632648089819019
199 1047.0742845005539 1509.0467047100494 0.8007099793801709 -0.11740307604079914 -0.16505989169349763 49 0.0 142.4587496090062 6.0482654207368585 -1.9540771034849027
200 2675.3708286946817 1526.8774267995304 0.9473079992276171 -0.16776098654325863 -0.16496056601929937 49 0.0 26.76083952485781 1.0173024505402959 -0.01862522663522598
201 1162.0390785477175 1536.5013387946694 0.9004299790114544 0.0094354954214564 0.015848916535669288 49 0.0 39.8730704643359 1.5425335774790496 -0.4705865660503167
202 3965.461830454701 1547.5306127533531 0.8714100497693396 -0.27128747375815826 -0.04841094095945527 49 0.0 124.7507029856108 5.019884225271806 -1.751734252571011
203 3275.457318603008 1552.0366176169753 0.798699221480172 -0.12831420625633727 -0.19528726563042084 49 0.0 24.553579386023156 1.0572476475809411 -0.060441818742774205
204 154.00281254836597 1557.9349419780488 0.9112846307305655 -0.13745196672502447 -0.13702320232586115 49 0.0 32.287955693479994 1.2538700729997643 -0.24563134222830144
205 1875.8085563884144 1572.9499164557787 0.6629890548448468 -0.811292551839362 -0.3674848013910562 49 0.0 50.742201669925926 1.629479632368631 -0.5301223409608775
206 1890.3102279213583 1572.9937629007443 0.677321077927767 0.6266855427444851 -0.2013354424641979 49 0.0 38.66109919683503 1.0798998903781032 -0.08345874271845546
207 1330.681481554441 1577.3852779043104 0.8309698995887835 -0.25293485893175677 -0.12789816930604792 49 0.0 26.948176914170467 1.127333221387703 -0.1301307635401632
208 3722.5125078846836 1580.4115375681695 0.9790510281868233 -0.2858197132175129 -0.07298513757178211 49 0.0 30.03510928782463 1.094597946285275 -0.09813657243004456
209 368.4297859189184 1589.1574486372356 0.6535017001403793 -0.05583477818889558 -0.22160094799796815 49 0.0 20.64075234570087 1.0415526235952677 -0.04420304302983808
210 1779.4703092557404 1593.0410293425268 0.9981930891763908 -0.09219262933854844 -0.18833246823956176 49 0.0 157.7783178176344 5.751078295893645 -1.8993732004423656
211 1388.4239928200755 1595.0092694548896 0.9590799055347098 -0.09392313684364988 -0.1916958326710812 49 0.0 26.851417483946005 1.0147903057932905 -0.015940774476839586
212 1788.3585623183158 1598.9442370389238 0.9316885945239923 -0.1497581909590396 -0.21095114349293984 49 0.0 53.182172629144816 2.0231780548958724 -0.7650852640895414
213 3178.240537662389 1600.3941156322528 0.8900089827618932 0.03964701226212496 -0.0253777928618841 49 0.0 158.97632816974073 6.289976900591214 -1.9966226263460054
214 4395.081754239232 1600.4838267293549 0.9130015268204213 -0.04314020961086965 0.062222104683987506 49 0.0 56.21411134728522 2.1898321354231602 -0.8510270616966615
215 3805.2728662157983 1604.590808615109 0.9557749037118749 -0.15922662218615272 -0.00959149528573948 49 0.0 461.11218237698733 17.32937015894116 -3.0969569460999753
216 3222.4501425666276 1607.9420911226393 0.80786545029096 -0.13116597354173637 -0.14928993784781958 49 0.0 47.193052908693545 2.0395299319025906 -0.7738252083871837
217 3984.7171629075383 1609.6325336914413 0.9595221617720765 0.046064825675076575 -0.033960960392390306 49 0.0 141.44328708666666 5.285222401944189 -1.8076581678053436
218 1721.5114933450243 1616.2487897749063 0.8167123097426553 0.030318697319146312 -0.14236033322114494 49 0.0 26.340605338920696 1.138210944818662 -0.14055689346256336
219 2092.5447088392975 1619.7004371048238 0.7350550440810725 -0.2477606404774527 -0.16475878313473363 49 0.0 60.18494623514505 2.815770627553116 -1.123993185794154
220 592.4047155337054 1623.6602290854498 0.808076634714549 -0.20327151030883403 -0.15770043275457765 49 0.0 82.7643136940721 3.5633647950424403 -1.3796507124620336
221 4236.751996913417 1629.6724352705787 0.8592305490719989 -0.14679086280512746 0.1118599552464342 49 0.0 53.70906419699411 2.1448662389332767 -0.8285005332546194
222 2837.416217157524 1656.2813181503973 0.7874414053835594 0.01941168889488602 -0.15126968305370359 49 0.0 28.783311045796758 1.259696953877266 -0.25066519793577297
223 3756.5237620403927 1658.3622785832897 0.9504638089601143 -0.2588817303171767 -0.0963259796838918 49 0.0 61.21126037483083 2.2825802291364243 -0.8960651281214163
224 4069.9249775878034 1667.506598565262 0.9554863069353007 0.02241282438734884 0.05257633742969461 49 0.0 430.5466856175258 16.084624918557335 -3.016027344832599
225 4466.280035897667 1679.1737748922008 0.8960486642204222 -0.08907765816005489 -0.0799025324562538 49 0.0 123.4558012373724 4.788132751982787 -1.7004154570167762
226 2892.8990506541277 1686.1907358559254 0.7104340676834361 -0.8716348542325176 -0.643598488775266 49 0.0 204.2349337955841 8.706255018469635 -2.3495784602616023
227 86.39407273924732 1686.7247391148433 0.6964395416966462 -0.1995816990872005 -0.21025998910808325 49 0.0 21.281923544599106 1.004773907932804 -0.005170871844829561
228 1174.3404443225072 1689.7082267862866 0.8852714903258775 -0.14757548398595016 -0.13928078322448884 49 0.0 58.499474204868925 2.3212430350575914 -0.9143015340983558
229 2538.417031645501 1715.3147415779101 0.9545723732410952 0.02972051465127386 -0.13536994869713886 49 0.0 707.8843161345947 26.730557696593884 -3.5675200495313213
230 336.3245806851895 1719.5146564753027 0.6621950143372739 0.06482532085290878 -0.09910014386706348 49 0.0 21.43275272581491 1.0665195521027422 -0.06992205404049534
231 948.486148017709 1723.545580472132 0.7916221704293748 -0.2520447960924132 -0.1340669554158301 49 0.0 83.18791980323734 3.599672955540981 -1.3906576129905448
232 3491.273305205443 1734.5906564169002 0.841779874351825 -0.1652736282416181 -0.020038725989454238 49 0.0 55.172485409698425 2.2748011173663607 -0.8923585822564677
233 1690.4201423673412 1735.6103188684888 0.4127951053635008 0.4631171542518285 -0.25416150657513137 49 0.0 26.452302530271144 1.7205261530886629 -0.5891531963966807
234 1856.9044089567074 1748.392962636255 0.9441715097923394 -0.08090251077044705 -0.028899485059605785 49 0.0 45.77428881939777 1.7235948507612868 -0.5910879699093279
235 2445.14950428997 1754.5244944980288 0.9426422147502025 0.055525082476904485 0.013337051576984007 49 0.0 28.097427238368414 1.070496694459018 -0.07396332648290456
236 379.1685279913455 1766.6047863561887 0.9919288255249539 -0.14378950064887422 -0.1257585547503828 49 0.0 597.4875908942824 21.670162982129952 -3.339655444194043
237 4496.835731591002 1768.5492184124314 0.9398022739821142 0.08524696213955298 0.07211794376389902 49 0.0 88.66652531702795 3.382776475658257 -1.3231832544497375
238 4197.147637072547 1773.4904242596494 0.882387247479935 0.026519191632036036 0.03239846495658907 49 0.0 63.13252421317512 2.5201739828040903 -1.0035763094573615
239 757.5448512061706 1780.8656113618372 0.8095032446658631 -0.19799171256026385 -0.24339222854844822 49 0.0 96.20587663698852 4.128091479532502 -1.5393732819984485
240 3242.0349140487688 1828.54797389122 0.793293925850959 -0.06012008944969346 0.018553314057125327 49 0.0 37.3212342541254 1.6090252769522433 -0.516407166733981
241 2669.120107941152 1857.56680605802 0.8275705804392215 -0.08749141940144849 -0.01782811414764906 49 0.0 372.44490358722896 15.71380211576745 -2.9907031994099693
242 4169.631710500798 1857.4908322832569 0.9759699495460934 0.10173908002845711 -0.0004282890805936969 49 0.0 38.38438601350826 1.421442673777673 -0.381823373636236
243 4611.444891564077 1886.1441471193393 0.9572098221298845 -0.026144692525314463 -0.08218430298620344 49 0.0 47.35515008506746 1.7778615048162176 -0.6247448161681998
244 1518.951167701946 1887.48826701862 0.9782669342147151 0.04481728004324862 0.041184687494446204 49 0.0 36.22022143914797 1.3372544516086893 -0.31553513074904704
245 1848.5079438649757 1889.0565432060928 0.9523374830438074 -0.07794723465669681 -0.18401709536588576 49 0.0 43.29813368022998 1.643646164285072 -0.5395208264440314
246 1491.107420822191 1893.4625577117015 0.8706127884468676 0.033470622328053874 0.001028152451458342 49 0.0 33.396361602973485 1.3627574405120464 -0.336046404770805
247 131.20025488781695 1894.010803362073 0.6809126569072766 -0.2675941655768528 -0.2887185513654055 49 0.0 83.783172281174 3.9938146693858956 -1.503469769557475
248 1320.0382035709056 1899.3960256031708 0.900884856117174 -0.0335333923006406 0.0057617537090711365 49 0.0 27.715669270258022 1.0916826524738181 -0.0952410228684484
249 1791.8212542410408 1900.7048345808566 0.8617100131818229 -0.09975796108390557 0.05405589734622309 49 0.0 422.13136989389415 16.99349316585467 -3.075706652988007
250 2649.0671137114305 1910.7175330055982 0.9772961458710425 -0.05344277434132694 -0.05916756696263302 49 0.0 143.708471344604 5.318075615167784 -1.8143862701612345
251 2748.1146798761947 1938.482448886521 0.9851487911201566 -0.0457260869753872 0.0404738406679486 49 0.0 122.92136865803887 4.52241312567142 -1.6384255823321705
252 4246.537904517351 1947.6521547558302 0.9556432925987965 0.07788844056032536 -0.08972356940830631 49 0.0 34.959374217602715 1.3076275139440092 -0.29121012511410227
253 2718.4868053209884 1954.4273160275957 0.7228531377232114 0.10354577961494534 -0.13597179661664638 49 0.0 49.80509454281102 2.3122253055222495 -0.910075374736336
254 3315.395566033262 1957.2173073786794 0.9785808601842739 0.020213791921514707 -0.08665581252849175 49 0.0 43.579473322761814 1.6161789175769568 -0.5212235931620353
255 1467.4875343318997 1960.9951576124413 0.7271125741079348 -0.1388725789445673 -0.23095120221402693 49 0.0 103.2487040840015 4.823102278712353 -1.7083161791720156
256 376.51146474880545 1962.2986445712095 0.7305607138746563 0.0038341114500849162 -0.1904909579962319 49 0.0 100.76474466116588 4.696081174869373 -1.679338988429572
257 1574.5248393812824 1965.1165588614383 0.834844204538838 -0.0657216899372076 -0.18976658241715927 49 0.0 132.0282007772582 5.567812331599684 -1.8642114713534967
258 3979.8508902249255 1973.4981577045135 0.9574997880840171 -0.10326648145105399 0.05275927466179032 49 0.0 97.3322955044764 3.632890226025537 -1.4006306877811758
259 3128.103771634963 1974.4072424239155 0.9335296007388943 0.01667339902141356 0.01727004100908754 49 0.0 57.3814560229039 2.1914308683752273 -0.8518194370109656
260 898.1573279892785 1991.3445901174166 0.9529050408908885 -0.03612442034640888 -0.09199317396764535 49 0.0 132.09465785230853 4.977182232601791 -1.7424588553081766
261 295.23893971827215 1995.9187801408468 0.7272538200505679 -0.24743762024291466 -0.26852096712954954 49 0.0 290.25214153469943 13.259928492498227 -2.8063529550819215
262 3977.5054938432627 2004.425938255747 0.8778411141358107 0.1260484160870788 -0.057015305545895345 49 0.0 26.00624705319327 1.044512979478181 -0.04728460260682772
263 2221.4794550921147 2038.9862984377157 0.8798809941390975 -0.12398845412076707 -0.19535979424394162 49 0.0 45.258519107430246 1.8265344190902062 -0.654069651101714
264 2501.3864747876796 2054.8732641540205 0.9474679655111575 -0.1256798237969153 -0.1277488458598728 49 0.0 168.57204948952338 6.461356187223154 -2.0258092062924806
265 4536.321891488164 2061.175662045338 0.8956547217019952 -0.06877284776988823 -0.10588922069529617 49 0.0 71.43460473075409 2.840089149823687 -1.1333299316922596
266 2064.5085849376087 2066.2628753083313 0.8654319981662733 0.017481486007786807 -0.1681847788303231 49 0.0 44.4693085889659 1.8272274806852695 -0.6544815455248063
267 1050.4141582300963 2069.523229958458 0.7750991778359689 0.15202862667114816 -0.04758353720219029 49 0.0 145.23127355642913 6.45714478042356 -2.025101310382775
268 647.7098579470479 2071.4532032978905 0.9934346286635497 -0.2253426791984099 -0.010553162536150976 49 0.0 80.42045487983157 2.880099784971315 -1.148518836856143
269 3322.4671590276057 2077.839103751823 0.7539915034613952 -0.17888033909326806 -0.1446777191780569 49 0.0 445.3494288953316 20.29676264524693 -3.2685669325384845
270 2249.5583290027075 2092.7883716088863 0.6367312308494213 -0.20953430366159262 -0.17253169943450655 49 0.0 31.217964080342018 1.6065340459380693 -0.5147248340658082
271 388.32293993740205 2093.592886543812 0.8621925451303843 -0.2355182435819988 -0.14609877797766033 49 0.0 285.78966480535263 11.540248934222308 -2.6555379426716974
272 735.5575440473614 2094.023910176743 0.8436455074810377 -0.18998559307715415 -0.31457620259288754 49 0.0 312.9959107840447 12.981096240137552 -2.783278424331006
273 4569.239928191695 2095.6434795617242 0.7786525429966816 -0.18212450325417015 -0.028902294732703518 49 0.0 30.294861646300063 1.3076397478245347 -0.2912202829799583
274 680.2379261844237 2101.50141902043 0.837579311352151 -0.13038411776717823 -0.050289640499593884 49 0.0 32.44673912555346 1.3527459955537946 -0.32804064248186043
275 4032.5559071130333 2102.48911961108 0.9104812835094818 0.1506539840157053 -0.03924718701075761 49 0.0 94.55175832321129 3.685678139484867 -1.416293516878762
276 4410.89962050155 2103.5054682578543 0.9428802579033145 -0.0822065189241524 0.010525667246137385 49 0.0 34.9166442391297 1.3359950618914826 -0.31451213225517277
277 1773.5299518384181 2110.4407661861687 0.9919526524138391 -0.231348291484649 -0.05994555672934732 49 0.0 41.23033441013957 1.504650253286063 -0.4435889064361761
278 2011.5410200726487 2112.9859240755054 0.7115006416379931 -0.1464699752358411 -0.2277900403084269 49 0.0 21.858344996268315 1.047097884847526 -0.04996820577800394
279 3685.3597945659417 2140.622236280418 0.9642016569282692 -0.2093469528318535 -0.08351523457918308 49 0.0 76.25445809581345 2.8402719226203192 -1.1333998015614761
280 3907.9676342284097 2149.5210399264124 0.9769055840658516 -0.010220228708395878 0.05232850659353709 49 0.0 90.68603322149022 3.340921412227078 -1.3096656498574197
281 2489.051461019609 2152.1020670719267 0.8483752849770497 -0.034112459657518746 -0.00908451114659 49 0.0 33.89334600701218 1.3927571596399035 -0.35968849920387685
282 3504.4017232141746 2151.8262694314712 0.8509172573814142 -0.13330584585618532 -0.052916089766482995 49 0.0 33.39283470520101 1.40050660358032 -0.3657129023058445
283 416.85193495122445 2181.2469918400257 0.7318872584877515 -0.18688298361013095 -0.1257307900203923 49 0.0 107.52219921356559 4.860687439582784 -1.7167442380243698
284 2891.3732570714105 2183.855543164518 0.8320035226497587 -0.16219356415216965 -0.18376057122201372 49 0.0 27.601618420083845 1.1611590079016905 -0.16222923910918585
285 2932.616424725662 2188.505435240306 0.8308737869821442 -0.17936080603867086 -0.0022441072263857894 49 0.0 42.96022771335668 1.7784941472847788 -0.6251311008411763
286 4367.304719169173 2191.1939761572803 0.565359537815287 -0.7801662780057076 0.9129217971959508 49 0.0 53.782918542429684 1.6384889878788649 -0.5361088171957205
287 4388.189746681836 2190.802444458764 0.931179818283716 -0.10784996491171724 -0.044834411248069216 49 0.0 36.13796208225783 1.0215358492036495 -0.023134030304513012
288 468.7148069897948 2190.9794957378354 0.7617859154706649 0.14357628099814643 0.11622139209691212 49 0.0 224.94551248045465 9.912894016514592 -2.490501157383434
289 1145.3381524512115 2191.238413441291 0.9220824407553134 -0.06363553844927171 -0.18506808136170572 49 0.0 90.06632133874817 3.4550866528545505 -1.3461473596551787
290 4487.419912262644 2191.2700867447397 0.7842244873968159 -0.04680123670657192 -0.12863588063452466 49 0.0 102.00361039107011 4.408887891390975 -1.6108226394624463
291 3096.2721796720166 2192.963244189695 0.8730398695625456 -0.09687398184872872 -0.10157187261312851 49 0.0 34.81481362440687 1.4135231262159569 -0.37575729560437815
