m1-67/data/wr124-jwst-2022-f470n-TO-gaia-OFFSETS.ecsv
# %ECSV 1.0
# ---
# datatype:
# - {name: 'RA, arcsec', datatype: float64}
# - {name: 'Dec, arcsec', datatype: float64}
# - {name: 'd RA, mas', datatype: float64}
# - {name: 'd Dec, mas', datatype: float64}
# - {name: 'Radius, arcsec', datatype: float64}
# schema: astropy-2.0
"RA, arcsec" "Dec, arcsec" "d RA, mas" "d Dec, mas" "Radius, arcsec"
[from data line 172]
-47.7829564855124 44.18570161260012 986.0171815492566 -150.85837724369495 65.08138844992345
14.289599187652277 -10.043173392015154 1021.8415479805018 -163.8311902215613 17.465908981999462
-17.059432444619205 16.55977548598039 1007.7191470057585 -178.74571800849964 23.774995244023234
32.27732428757406 -26.57062089068455 1046.1756496368512 -157.593052560248 41.80697970347567
-49.95307530767696 44.90351440732305 985.8368104931881 -180.37957229812827 67.16870773955974
18.456338999875715 -15.739987066009185 1042.7544909820795 -159.46702653153594 24.256620569523175
23.782412648731615 -20.609511542209127 1042.9547052949017 -129.40375174563113 31.46990809518774
10.760405448828703 -11.51420736404258 1038.9885169200354 -139.20759677220354 15.759546203082515
50.09514938393536 -45.77429028966284 1073.9353363221426 -154.6328520351806 67.85874742529519
21.388793918497303 -21.116373272068493 1031.5400323918443 -174.37339801626553 30.05630921886977
17.009461616773557 -17.80113007655542 1031.318958531866 -166.69969005763028 24.621170073300217
42.3701037352034 -40.04765304492319 1062.4763176612385 -152.6069534256951 58.30128799936463
38.20039303168134 -39.08560197135311 1051.7394636526371 -165.32667956611579 54.65303552208916
-39.168619018223524 27.49045803964422 1009.8003141888742 -137.14678950391192 47.85296218553904
-11.05778253063688 3.0250399774258394 1024.209754310498 -165.1940685650604 11.464092696417595
-21.00348867692999 10.607905829939433 999.1238753101475 -168.6029829824608 23.530282665306096
-34.93875682126301 22.099948804467175 1005.6608543055104 -155.7745150082248 41.34155851804194
-8.996507932922542 -0.6584130156467188 1019.053436980721 -154.64152791534624 9.020568867068734
-10.186035405122514 -0.5186868225593269 1020.4140468509007 -165.26428212126405 10.199232975826959
-52.62510694653274 35.99194954864527 1006.2499266217458 -160.95734313391193 63.75595882213848
17.968924538802938 -26.220403115978588 1025.556922250735 -166.09190190861474 31.786660518310345
45.93346935278345 -50.55519129811115 1057.6319253479428 -156.5791728917359 68.30600948470074
-42.39823764919714 26.305120546621783 1004.1125924406771 -152.06364028911034 49.89559011568214
-9.510459641972394 -4.300699765182576 1014.3583269440584 -159.40858833529612 10.437665498529569
18.663746113379318 -30.201973924598768 1042.306440090363 -160.64881621320237 35.503445543218234
-7.001485733856472 -8.049803691942781 1014.1582310125805 -140.86909572813448 10.668652301630885
3.8026479937503934 -17.40241075298563 1026.57622803842 -166.50501201283237 17.813029830579044
45.240005837782896 -53.72688051614771 1062.558012152229 -163.02325178800177 70.23699717320316
-33.34381422411596 14.234598724454617 1019.4646222603817 -169.75314268901997 36.255120274023604
23.283016393945047 -36.63269443095368 1036.1438958808096 -187.30553015146313 43.40568105644136
-57.87239711006225 33.50049790260757 1010.9761379641577 -125.39270934776022 66.86925809024534
-42.648812001009354 20.142050232755018 999.9964848373062 -158.7535050353784 47.1659129763619
-58.783521082164526 34.01287502854311 978.613896765215 -163.50658129937148 67.9144902594603
-43.04641291145678 19.27292690160811 1006.6636213284927 -169.8697143627333 47.16396262501662
31.798901766026077 -47.0271127633199 1051.3988965720887 -155.2824248523627 56.76900096765341
-8.840941072068816 -12.74905210693318 1002.497885534142 -129.2622694587638 15.514527661652995
-39.834719483587286 13.20745342731119 1004.548907852774 -152.42209368449895 41.96715025123531
-46.90803243141353 18.786276825429386 1004.2861879268559 -147.7158991692718 50.53006726149541
-23.565455372363036 -1.889678479863064 1019.1493176857756 -168.4694540924077 23.641099205687283
7.099028573728822 -29.76214690824696 1054.6851623902262 -138.1293857085713 30.597084745592962
-28.158958192327255 0.7481763494000432 1001.0415126307792 -173.85044963798396 28.168895866264073
-0.15818550279726323 -24.305346891969513 1027.6184227018541 -164.26106104872275 24.305861642648647
-31.785643177180006 2.3161266176417663 1027.0177890375867 -169.6250225026804 31.86991613819072
-58.30234737070651 25.373942255352713 1006.2458800325205 -150.86839963204056 63.58459433988508
24.09988339900518 -46.36884233183552 1050.0350826379283 -167.56386429198497 52.25776410504063
-0.49472945250058514 -27.081055241927686 1034.7731053488867 -155.89930846667863 27.085573840071984
19.495132977609845 -44.475170131641185 1045.0018126077741 -167.7048112914994 48.56028173479101
-25.039216925431926 -7.009462168726484 1014.4594734568267 -163.2348007963131 26.001825780051632
-61.03126400163774 24.073453533562887 999.0983997082858 -151.934893478793 65.60751735704835
6.72753496033947 -34.98856546970954 1042.890435821523 -172.415855762044 35.62947431324588
-48.75507780674395 12.600543505045536 1003.5717685677811 -159.98181857325898 50.35703829257774
-52.723329961358715 15.98177962301431 1007.110827302012 -161.4027940061416 55.09234789486563
11.193165148841079 -39.71616287044044 1045.7098451471782 -162.43321751175702 41.263307400800464
32.35106750623171 -58.16866918343505 1042.890802748191 -187.98041227068984 66.55963953943693
-24.4217817000066 -9.5003710873281 1015.7993028193338 -177.23869066241605 26.20458875411244
17.540004609675496 -46.22010438074358 1049.2102437342055 -168.23972697749207 49.436320711836444
18.905650499638206 -47.5289891741212 1038.5914269416837 -183.30822740631535 51.15103543824995
24.31271910221756 -53.06252157346901 1047.455632476422 -175.55323744286807 58.367281012900804
-22.070318461918202 -15.662631568090195 1013.1602105401723 -174.02189039506806 27.063203500535543
25.763435416049784 -58.19150139277464 1058.8250369125046 -166.81583039851225 63.639652899544814
-64.51818506614492 19.582639317366915 993.9678132351789 -164.80546532420766 67.42459458055923
-55.99455423210372 11.83288193072267 986.9905649376971 -174.17544419606787 57.231173279887344
-50.14484941416567 6.645188796381021 1006.7628084261681 -165.61392554557384 50.58324283829863
16.14623159295138 -51.34229837906957 1054.1129205277623 213.4525623418995 53.82130054279897
-13.274119126783694 -25.969274453049966 1031.9803677489565 -167.41380602617448 29.165141063898705
-32.438994900027424 -9.616260250669434 1029.8731301710038 -191.6097821680542 33.83431469039704
-59.50131744554743 13.838461184826878 1005.7008316947453 -161.36480724468123 61.089358978466926
-70.07264531256641 22.799738116413167 969.5852842637509 -179.36091358412955 73.6885585370595
0.009694866677117721 -38.31325470403622 1018.2152211143157 -138.5599595311895 38.31325593064093
-35.159873399587724 -7.830837396598567 1010.2185537086403 -178.06065503297097 36.02136464944182
0.59054942954006 -40.09615300705315 1036.5091414486235 -173.04359253067724 40.10050167502325
-42.001877203379216 -3.1906835733097982 999.6460102463296 -173.83654369695566 42.12289342058131
-21.36465539437759 -21.139611144987633 1022.6752001186301 -181.8730288674915 30.055476337622114
-69.45068589550124 20.27153471324465 999.577200906205 -151.7695178995421 72.34868952134988
24.384279786198594 -61.53232781861773 1050.3242305763786 -170.31434844943743 66.18776661762335
-41.59679070286822 -4.54896826729033 1014.858651788829 -163.393619660816 41.84478592114461
-16.178984302532086 -26.6753106908287 1033.9406060422687 -142.68255395850352 31.198264888503687
3.703955702457956 -44.448485661363165 1052.2751347521323 -153.45118787982966 44.602546622616856
-47.64270073265882 -0.824525480766042 999.0283832524178 -175.60365173321298 47.64983499820869
-26.797887558668222 -19.491237114491405 1001.9605955654577 -161.97436030766173 33.13661267719092
-1.7916463973721766 -42.31181728570717 1037.430678129144 -177.39771360021282 42.34973292462771
16.395899401219463 -58.341951801206136 1044.4570880301394 -183.70722157656243 60.602053182889826
-46.54805913449715 -3.5696762637398907 1010.127590250512 -159.04252464224902 46.684734095744986
28.514236535815797 -69.63886025015647 1053.152942749762 -180.15241481440648 75.25046518970507
-8.250316263060954 -37.69616218539986 1030.3180570799016 -184.69898983555134 38.58844854600186
-66.12856396024493 11.287111618494388 993.5243094234205 -154.45574972410247 67.08491526250148
-55.053152525675294 1.4095779191843487 1009.3502852072689 -170.53898925820084 55.071194946909486
23.880554624820448 -67.83837287299183 1057.2157708728357 -175.85055019085954 71.91888279640831
-19.550584701387344 -30.75506645484893 1023.0794864658727 -156.05218874451353 36.443099099448276
-1.3474170651257578 -46.5973667839862 1028.6066225121651 -183.0428824197884 46.61684377903268
6.838477772439038 -54.11617168721254 1072.8208035441678 -164.72626948592256 54.54653806843068
-45.91930062026533 -8.408214341114288 1007.7307861107417 -174.34538856451323 46.68276166515294
-37.69957319802104 -15.788089583466451 1021.4452563302493 -196.6385568148796 40.87201474388113
-4.298645651854782 -45.392678842063106 1033.395490412925 -169.7723581309891 45.595763472067645
24.589949060914154 -70.62334661757062 1061.6243237503816 -166.7863514885137 74.78183374761947
-42.48144937318299 -12.329214484554441 987.7230536972545 -198.29009917414723 44.23441045723577
-21.467894362453066 -30.593464273608184 1008.6385441857017 -191.02923879420106 37.374196195186904
-15.115958841835955 -37.607191981840245 1033.2486728283066 -177.8306668466772 40.531384110761024
-8.757481125707992 -43.38318182057139 1023.5507046975113 -209.4306415310168 44.25826408042427
-7.191524342521345 -44.90475169956558 1029.303132656395 -180.51708622218624 45.47696941034811
-60.04609567170061 1.0379472726060943 994.7610751658099 -159.15091884270973 60.05506589704949
10.975134294760347 -60.79383821459467 1044.6141941353426 -166.8076281589164 61.77656784058918
20.14049950002277 -69.6209664706522 1061.6436515397559 -175.15501565505872 72.475641956564
-35.811688636914994 -21.288465319714295 985.5173812176228 -203.27736646027998 41.66144253545
-7.550129041832247 -46.995310618558534 1053.3370665881948 -176.1420428940005 47.597937641230686
-36.45840409968782 -22.03901333744744 1029.791116465434 -153.76574380783237 42.602034380095496
2.333486003864473 -55.846343785272 1026.9931504306142 -182.95746141286403 55.89507376306647
-64.42635847737786 2.2341866947348694 1001.1143618731643 -162.38884688470114 64.46508556321047
20.248389447788956 -72.0027294637843 1043.1297686250357 -168.58120355414627 74.79565701836472
-41.048192327977695 -18.9133656391885 1020.9598043557023 -160.60727055227008 45.19590123535007
24.782962707797424 -77.40531107826081 1051.820336732285 -170.78463158249264 81.27593367577606
-17.83498232868846 -40.58451952536223 1005.7806485352114 -197.00749609448644 44.3304614871157
-26.132506103093267 -33.89327361898314 1002.2680223247884 -189.73297607439434 42.79791894109478
-1.298592875964606 -57.70996373308107 1040.4754846732924 -176.00374132465902 57.724572388948154
-17.500740640111623 -43.66555174151361 1024.2869377202524 -169.03174255307758 47.04206975958854
10.404211891722065 -68.29840695228965 1038.7777136158486 -185.18180940986122 69.08632291092883
-55.8968000250329 -10.836805681494699 1018.7522555078466 -169.46885523989877 56.9375851924652
12.728535968235168 -71.10151550779145 1053.615845661389 -177.33828003284657 72.23185674607043
-15.419133231966825 -46.89756362675913 1027.8706085620931 -196.88198388538015 49.36730841003779
-77.71685474698953 6.766761705353147 985.1276353241234 -153.27835334897867 78.01088753223925
-23.13063736777816 -40.745044249136775 1028.9543482222577 -171.8085689740406 46.85280150575891
-58.324555535451175 -10.480004297725202 998.3102448655204 -149.30264123314777 59.25862186681078
14.293004737757954 -73.86993975613164 1034.8583680024976 -189.67193443512 75.2400024938554
-77.27089712235649 5.66114580696184 978.9602377013581 -181.59250910853487 77.47799760207471
-40.837661086345484 -26.096073159897358 988.1187220441734 -198.9482583554198 48.46359033811447
-32.413039833549284 -33.625315920415126 1012.2983670672386 -190.52298782038068 46.70403636399784
-66.91993059095375 -4.07180854865267 995.2089184921471 -197.476406475969 67.04369272771669
21.220544692936286 -81.33139251332508 1060.9122239891753 -228.04769011936975 84.05419026964086
6.495392560577158 -70.2739148242969 995.9707367506007 -199.6889180845192 70.57345979627627
-59.42127503470737 -13.351848752648985 1002.2482744693449 -173.30956182828263 60.90287174603136
-67.50312659620323 -7.175506948316997 995.1533774198541 -184.84950777293548 67.88342948295761
-62.01898434259751 -14.050866005982488 998.1973343514732 -213.56148952826376 63.59073241001846
-29.474398767335316 -42.86508133562359 1037.1772333418678 -171.3259283860816 52.020720565053864
-48.73985652790792 -26.180192712627317 1010.6286093546503 -219.93529611839372 55.326088711057075
-49.16710161174601 -27.231118360001577 1021.0550568336898 -150.91801348745554 56.20442753006364
-85.58546961616311 4.352578085261443 1006.9924180755443 -159.27174988090255 85.69607659804772
-21.156813294609538 -51.969484845026884 1034.7662712809795 -183.63921430880245 56.110944515051514
-75.72301066081648 -5.015902306275864 991.628734621002 -192.71400336513844 75.88895583902625
-22.85907224218351 -51.12161731739929 1028.8743828411823 -183.24093838540796 55.99961544708347
-49.51377686656181 -29.054685534897658 1012.9893703813709 -206.99170056694456 57.40896127685793
-52.40021963344351 -27.54279301060067 1010.3599557082032 -194.33448452789239 59.19787536846126
1.3488672519438374 -75.45079540442423 1052.6375314120796 -186.2515017559848 75.4628515889818
1.9739027853856812 -76.6289918688637 1057.0729495202404 -165.52653035309206 76.65441074629543
-24.27275936020388 -54.20963778713368 1032.576403300681 -184.16139222824572 59.39572090988603
-77.40982673730733 -8.092196667342087 999.2517345969057 -179.82572855363748 77.83164471680688
-43.82761874937244 -37.46233986495419 1030.831179368502 -163.9517819433699 57.65663060122403
-31.262814478112958 -48.57144556463051 1013.2045175854738 -191.78778799838406 57.762867616402424
-5.8298899566340445 -72.06660005343961 1024.3245426817573 -210.4407521926149 72.30202250827391
7.123940786437943 -84.00715046691154 1055.6093276352158 -178.78833277853815 84.30867013003026
-2.455601743198263 -76.63210882556824 1114.1589482377353 -159.58592074551103 76.67144241956615
-41.06004994911574 -43.524510406424 1023.3773166622382 -183.60288327413707 59.835697396443365
-42.20225911925271 -42.63079047115603 1026.2884690992573 -202.08971465502435 59.98678975906522
6.303576971043602 -85.15435999944158 1046.0453433142422 -199.05666701722652 85.38735332170441
-36.61324909173433 -48.67598267725197 1001.537458779661 -265.4513777451239 60.90879471596856
-30.38535700375594 -54.63271010376978 1018.2894100411461 -232.69545678915586 62.514021722630964
-6.976090038013412 -75.13388786334757 1038.0420138422319 -197.02652296645746 75.45705358366885
-15.684369836029498 -67.65500701125015 1031.3491170451339 -201.53795460386092 69.44925789398906
-41.53242035027873 -45.31755384197971 1019.6101055312179 -196.3955467990644 61.47050185749196
-91.32225482820934 -2.091621187960619 989.4284990119517 -168.67331077528306 91.34620466006383
-37.501169471356704 -49.23680785176937 1021.1484247454222 -185.77535580089085 61.891848675139634
-16.586838642476017 -67.60631263071932 1032.5337221780007 -203.42993484020064 69.61132604553663
-59.34758170867766 -31.072066131084593 1007.3817316399683 -186.58925759891162 66.98961652132186
-44.3861971970842 -44.595667400677286 987.1250393345649 -258.44673117386174 62.91985395578136
-22.39839038436024 -64.30271477861818 1042.1928555147977 -177.6111739908489 68.092048019214
-22.98754970991965 -63.89507589930989 1038.140054428751 -177.72834540394746 67.90440448849704
-83.63921122208919 -12.225192832123048 1008.1605298887472 -175.30553821824157 84.52794203956458
-60.1459371752754 -33.80468583707762 1018.9124728750403 -186.6042082949028 68.99485858271895
3.8806114819895132 -90.27109723957619 1053.8037523842047 -189.39476199114347 90.35446940439802
