m1-67/data/wr124-hst-1997-f675w_BGSUB-sources-fwhm2.0-thresh1.ecsv
# %ECSV 1.0
# ---
# datatype:
# - {name: id, datatype: int64, format: '%.8g'}
# - {name: xcentroid, datatype: float64, format: '%.8g'}
# - {name: ycentroid, datatype: float64, format: '%.8g'}
# - {name: sharpness, datatype: float64, format: '%.8g'}
# - {name: roundness1, datatype: float64, format: '%.8g'}
# - {name: roundness2, datatype: float64, format: '%.8g'}
# - {name: npix, datatype: int64, format: '%.8g'}
# - {name: sky, datatype: float64, format: '%.8g'}
# - {name: peak, datatype: float64, format: '%.8g'}
# - {name: flux, datatype: float64, format: '%.8g'}
# - {name: mag, datatype: float64, format: '%.8g'}
# meta:
#   version: {Python: 3.9.9, astropy: '5.3', bottleneck: 1.3.4, gwcs: 0.18.3, matplotlib: 3.5.3, numpy: 1.22.3, photutils: 1.3.0, scipy: 1.8.0,
#     skimage: 0.19.2, sklearn: 0.24.2}
# schema: astropy-2.0
id xcentroid ycentroid sharpness roundness1 roundness2 npix sky peak flux mag
[from data line 586]
587 1437.7516409062887 948.5566748808486 0.8177256602535734 0.4292726332268067 0.2499952457869049 25 0.0 2.4096698297697667 2.187683830439159 -0.8499613921683546
588 1481.0667024753711 949.2103218635824 0.9128175761675379 0.5695947527134495 0.1273949267809184 25 0.0 2.074629421991287 1.8344064524438777 -0.6587389233406884
589 1524.219754870089 948.5528613510334 0.8629587015507695 -0.20876388155513298 0.1381817294394444 25 0.0 4.633415660123901 4.17372439030749 -1.5513094181720832
590 543.8363369632673 949.6389506264695 0.7502313391525477 0.024904331204699225 0.10717937715305859 25 0.0 5.871996942557346 5.362005405172136 -1.8233181185946088
591 1269.06995855078 951.7904429468871 0.886878335459987 -0.8094366056481972 -0.19044972487115475 25 0.0 5.982772949562546 5.065328118092553 -1.7615189575386416
592 1460.8697200159877 951.6335532457405 0.9299470926627375 -0.47111579591636693 -0.10464270013110644 25 0.0 4.579528609853084 3.8619080494767384 -1.4670048229609396
593 1570.9069738830049 952.214899724722 0.9743898754596728 0.17051447628258323 0.42191568308594746 25 0.0 1.5536080576234805 1.3567317872618718 -0.33123500082731233
594 473.4410333564034 953.2242913695762 0.6257735461354194 -0.026305059822855102 -0.32520405239472705 25 0.0 1.2226225929418189 1.31564357933304 -0.2978456265111969
595 608.8326488133135 953.6422666645383 0.7256830432822439 0.15228439472689304 0.10500131795681733 25 0.0 1.9959803980607564 1.8498547060505675 -0.6678440469014707
596 716.5547522181545 953.8889179935632 0.9204461192781748 0.1542822030755025 -0.08672225663865879 25 0.0 6.460746124714783 5.131403899868651 -1.7755904997940728
597 1232.9946225933295 954.3606265214474 0.515016795400089 0.4946111718269012 0.1863177063444769 25 0.0 2.271599873293173 1.5664259291224074 -0.48727465853909663
598 1403.0148989919685 955.3612299821433 0.9655826628899358 0.014892844537906938 -0.00480956316559576 25 0.0 1.4994783194364312 1.135571909977842 -0.13803660270318516
599 705.3220484875934 955.8770596002199 0.6984140688566873 -0.13384154427064335 -0.06022317671396681 25 0.0 6.181029970916007 5.827414390725178 -1.9136897552847307
600 792.0974673632944 956.4169062269351 0.9628426513997544 0.14573845511643072 0.4074392894434015 25 0.0 3.351188932654433 2.701361327513038 -1.0789566956128473
601 1496.3842972141167 956.2803158141684 0.770987705586431 -0.05973156147621998 -0.14316201469090006 25 0.0 1.3128978505589415 1.3855431301561512 -0.3540501233780483
602 497.46316654194976 957.3931859423162 0.8934414372037975 0.4196864026978626 -0.001804908249717292 25 0.0 1.607191309083717 1.084359201570703 -0.08793292280128653
603 1520.9872437350157 956.5935014813774 0.9838989666640675 -0.4214108907913671 -0.26481867747845766 25 0.0 1.6047796510280112 1.2027686458547981 -0.20045524563278605
604 1227.59318557614 957.2447063707251 0.7615537613938312 0.7886997122270446 0.5951681359416089 25 0.0 2.7792814584047987 1.832989665594124 -0.6579000410360683
605 1477.7526286478774 958.084507474713 0.9300609645269167 -0.41026001701381515 -0.13985001604177208 25 0.0 1.9111400133688639 1.7147762438432708 -0.585518645635028
606 1021.0587036552555 959.227869356666 0.9135828539680069 0.1489683081779824 0.06027574384081414 25 0.0 16.993781559105603 14.040120537860247 -2.8684270908346887
607 356.3217256377461 959.9108738913395 0.9305294491928899 -0.24262904503968222 -0.3554917263821394 25 0.0 1.6303187270783799 1.4009447742259213 -0.366052538925234
608 418.7353313127357 960.1235517962402 0.9760823427114134 -0.09440642607701144 0.008918632696649184 25 0.0 4.429943031421826 3.4536032288788485 -1.34568110420885
609 516.0870165655327 960.7207162545845 0.8966700785560375 0.8079219780766447 0.46821143510349217 25 0.0 3.669486812886036 3.232471591144629 -1.2738367918367322
610 1066.6216070585958 959.9545942416034 0.7943785689351573 0.029409625657637606 -0.4061735495884758 25 0.0 1.412759424159457 1.2274228600712977 -0.2224855187938664
611 1228.0869837804203 959.8438533771928 0.941002255499667 0.9055543442334316 0.06553589642080634 25 0.0 2.0609365975150586 1.3444095654295558 -0.3213289844982383
612 1437.803483767925 959.9909978140239 0.8961444550735513 -0.45113360743432135 -0.07799011534175429 25 0.0 2.0665970181143627 1.534472195708272 -0.46489755880153505
613 935.747145012747 960.8418004534217 0.902733470484752 -0.33057749826411437 -0.12614465302095687 25 0.0 2.221536761652139 1.854302430050772 -0.6704514186295927
614 1120.8500639954664 961.25142107458 0.9925206455477655 0.21105959824568687 0.11389077861676812 25 0.0 3.2396220450988653 2.6248736013011067 -1.047770987851013
615 1551.053958729631 961.2995437138404 0.8963381047504104 0.3253306112573444 0.363508240264196 25 0.0 1.4431573531554047 1.2455783288683901 -0.23842760893799614
616 1666.1288385509274 961.2932036613903 0.8938555096909219 0.5654830281440184 0.5460340414313007 25 0.0 5.848304724514581 4.868210925363406 -1.7184234666934102
617 661.7673832692223 962.4616927438007 0.7905746011442838 0.007047375687648659 0.13599817872351883 25 0.0 1.2773880015495502 1.2452096890234552 -0.2381062282133342
618 715.9588618910017 961.9561546287497 0.9561573611010646 0.47289175512572895 0.2690434908734523 25 0.0 2.037882016682747 1.7711638750319743 -0.6206468641970132
619 787.9189725299469 962.6956961721762 0.8628977402735023 -0.5781179972478588 0.26234820588602853 25 0.0 6.430669673750998 5.817231711672573 -1.9117909073455834
620 1200.339289468878 961.5317305838936 0.9744685583703084 -0.6986404073401982 -0.08810023003740416 25 0.0 1.8752760235642638 1.4207026651071484 -0.381257987895692
621 1003.0985724718507 963.4973194810838 0.995280633440575 0.3484765690553386 0.3040245650499797 25 0.0 1.5210566577963507 1.132779615201988 -0.1353635628059995
622 1501.4781978061797 963.3851402636498 0.8038861565617451 0.0719782861676724 -0.04268090808780268 25 0.0 1.3743100084740791 1.4114417176424987 -0.3741573740627415
623 642.9804119648218 964.8062637309937 0.5901240460554456 -0.0019627624782556316 0.07471633234782739 25 0.0 8.3147521526448 8.810656257592882 -2.3625206445933005
624 1154.1707194743174 965.4422703619738 0.6235259965832011 0.2832063429710359 0.1757131693653297 25 0.0 1.2547295136550083 1.462091098166576 -0.4124360823728243
625 878.8387108590034 967.8472752467444 0.8555418098724102 0.04080430589923276 0.00787031573366341 25 0.0 36.49707552587853 31.424475558923227 -3.743170096263623
626 1007.2033812684482 967.8748330975241 0.9650254769689058 0.06776834551360697 -0.012153120975888266 25 0.0 4.712591486813212 4.117906302871742 -1.5366911515958068
627 1241.6226325324722 968.4370121615839 0.5946237253427588 -0.4012631670471111 -0.0895756299388079 25 0.0 1.2497934342661592 1.5036987038855345 -0.44290206346421246
628 556.3584513892107 968.7266877396117 0.9282159010940636 0.12987393750328655 -0.35155535529054605 25 0.0 1.9159693152229988 1.6220007576490458 -0.5251276318437046
629 967.6721257854512 968.5920535184873 0.5202438980392552 0.47426580705289156 0.6199575906201023 25 0.0 2.9774907005996814 3.4456073615986553 -1.3431644665826812
630 1378.2975464143353 968.7318075893996 0.87898406295274 -0.02110008679862994 -0.0774664180976852 25 0.0 1.7210389475189454 1.3980963145983538 -0.3638427272683735
631 1576.9353525499653 969.2292571422366 0.9666682751065504 0.036423007638448024 0.10613543608188998 25 0.0 7.15100630330751 6.20097452956953 -1.981149868727753
632 1594.584312159385 969.172622934793 0.9734894873827202 -0.5229338296281653 -0.006376481310586102 25 0.0 1.9649707360783006 1.6229426605301014 -0.5257579405771761
633 904.2922217904012 970.4256405129967 0.7640724112925582 0.37832176611522084 0.09742401909303874 25 0.0 1.1850237704961457 1.0854617096943115 -0.089036270162944
634 470.12629224063727 971.0193280884826 0.9679201995472422 -0.3051811455395844 -0.06889356991808677 25 0.0 1.7957350391243583 1.5581316749329943 -0.48151039085164277
635 1507.8482917047481 971.0062111801595 0.8914172084676439 -0.638803126561253 -0.31949382536144105 25 0.0 1.7812436537646206 1.655214956921794 -0.5471360051628834
636 893.0141683537859 972.0535808647583 0.6442333470681786 -0.030810106157757707 -0.016521810198359074 25 0.0 1.291489781404756 1.4355548967019112 -0.3925495122465046
637 1187.3836722888902 973.2891293158867 0.6047218529694085 -0.2638925188029031 -0.28075092873034696 25 0.0 0.8145391267695138 1.4769865905956086 -0.42344138104092854
638 488.9929922102827 973.728809776574 0.99519426526639 -0.020205971786170042 0.14287783283718822 25 0.0 2.6081934773760254 2.2222835400340775 -0.86699867388407
639 1585.1253460584646 974.0454774081418 0.9695882738936656 0.1878182464972103 0.06051234194472443 25 0.0 1.3162565048095223 1.2282880208572298 -0.22325054079574919
640 327.8710289180017 976.0104626646327 0.8753134525305539 0.18512917239884166 -0.03028167604395273 25 0.0 1.347387919624199 1.229096413979758 -0.22396487893513406
641 348.4197122174368 975.4701571975196 0.7393316686603417 0.8366875858764236 0.06833030163373707 25 0.0 2.0956245367659943 1.9209173092442051 -0.708771674892522
642 900.1544502786496 975.571608135952 0.7651269672357537 0.12077658212849234 0.06912119064629622 25 0.0 1.3394029852116658 1.1482223976807842 -0.15006503533592547
643 1623.198257038466 975.874276000395 0.9968106613426875 -0.12663037556657059 -0.07369618689185735 25 0.0 51.21166546872429 43.037908950323356 -4.084627906100006
644 356.29519570658385 978.5725355024967 0.637938063744778 0.6139178846651661 0.22085650038678492 25 0.0 1.332197207158565 1.2020184583268714 -0.19977784197868848
645 1462.0668048144978 977.7451575436252 0.9637973828554027 0.3112183212166618 -0.16898396746052646 25 0.0 1.5852101289355336 1.1021899354911975 -0.10564110250526575
646 1474.0072868887733 979.3786884816116 0.9274251061541791 0.4412550735352589 -0.16475858319076683 25 0.0 6.600679915077569 5.7737488737724085 -1.903644726352799
647 1485.2224223370192 978.8047179280379 0.8876742553355919 -0.9523204378282621 -0.47050657263459583 25 0.0 2.1106248494976576 1.8932001966354932 -0.692991352258887
648 363.7572576335154 980.0395681838673 0.9775587226891301 -0.10911252666894236 -0.010756284385443517 25 0.0 1.763041966636287 1.4973779424645297 -0.43832857836362316
649 432.622906737039 979.5382734024457 0.8063474852918292 -0.7975190695340997 -0.5401824324008431 25 0.0 2.0232618151806476 1.7485211709901889 -0.6066772377220413
650 1596.115091497055 980.5662493227302 0.6842126138936971 0.8930922858927252 0.777175938946302 25 0.0 1.6893600339246861 1.8177948755437152 -0.6488621869762418
651 480.5784012619498 980.4692453908178 0.7668465775902844 0.6428321381042222 0.22135755927853445 25 0.0 2.1932923490040372 2.0357072734293817 -0.771788320858454
652 1203.0880951434358 981.1283359883449 0.9409372205743745 0.456932590662538 0.09065554910691861 25 0.0 3.0293401829738817 3.090155195835002 -1.2249507284991465
653 1515.7212693628599 981.2363049451184 0.9424590571972877 -0.302848148724405 -0.056581552924457094 25 0.0 146.39345605816303 122.75086834870574 -5.222561432592757
654 1402.7484678718502 981.8712822396596 0.8722580149306375 -0.919976512196006 0.06387216868501044 25 0.0 2.5986582203723945 2.265952013552412 -0.888126771243357
655 1413.123283636205 982.9832613330549 0.9810163694482594 -0.4666623483176802 -0.1883960187408879 25 0.0 1.9029589223562766 1.4401118388756255 -0.39599055162786195
656 1445.2122809930722 982.78509500931 0.9950011268878173 0.43406523820917076 -0.3425164354855238 25 0.0 1.7573611380116287 1.4959464432755525 -0.4372901138240329
657 543.6824884811351 984.3503059986758 0.9392371009033649 -0.43995622019511954 -0.04482736303669947 25 0.0 1.5410650134766823 1.2179932238678532 -0.21411218041992056
658 320.42226669310855 984.3968393849642 0.7554830531238308 -0.35637068797421173 0.11091733017038401 25 0.0 3.5824881165314633 3.3475084132459965 -1.3118041929791378
659 1199.9488474262535 984.9436341252859 0.9822566272406246 0.05845231454780805 -0.1098126595440871 25 0.0 7.338665423474735 6.606996687803213 -2.0500102227234027
660 432.4678898539822 985.4964512967888 0.6104109721589646 0.022456295220073492 0.1242792696368436 25 0.0 1.475612172725513 1.643427243211259 -0.5393762050701172
661 933.5874090066488 985.5432958081037 0.8042160444224143 -0.6800982696011205 -0.03541780432737271 25 0.0 1.9528135420439638 1.765306734814294 -0.6170504452206562
662 1255.5377782337466 985.6055510579037 0.9723441729445895 0.3116492089262475 -0.08214934671124943 25 0.0 4.526026879774139 3.478092136474111 -1.353352706265845
663 1350.0089035971168 985.9302657036627 0.8746183194248518 -0.12192005091683288 -0.05184390429085191 25 0.0 1.3317381689090948 1.178910315588724 -0.17870191959435514
664 412.2512217637559 987.3342062548976 0.461555673451821 -0.4178308785368861 -0.04410159431941227 25 0.0 1.4244028220132097 1.7932317162055151 -0.6340910286564134
665 826.5842744801976 986.5167781318432 0.7197226029802357 -0.4139529684184691 -0.1604245482323737 25 0.0 1.2495762337766432 1.2712723538032413 -0.2605965063669117
666 1402.518294144753 987.1264556755299 0.4438940778053782 0.3469057491818699 -0.1480038949737394 25 0.0 1.5966552253795254 2.0180243420932453 -0.7623160013491258
667 480.75362526524003 987.6913638802016 0.9401362519909062 0.13089120491741796 0.07614374292407025 25 0.0 3.9407095420608846 3.0958484034612925 -1.226949215337081
668 1461.877337216962 988.4901299651627 0.8313980654178494 0.41987500664064525 0.5309993252233461 25 0.0 3.842207016390983 3.659780550748565 -1.408637612081467
669 1567.5105534921406 987.8527467758637 0.7739870894101444 0.09043691521426112 -0.2664794586109109 25 0.0 1.6728840265181397 1.6346634205181112 -0.5335708609013864
670 634.8361213911634 989.17957512699 0.980323219196105 -0.1550879578301329 -0.01639979807114171 25 0.0 6.67001044884778 5.290237530188065 -1.808687930434866
671 1229.0579871717766 988.9530625951318 0.9166176726947679 -0.3482488587541892 -0.4458578527771775 25 0.0 2.3979252743442494 2.0321381670122904 -0.7698830817795419
672 1414.4434858947866 989.9324300142938 0.8381677818255043 -0.3278617272236711 -0.3050568568968671 25 0.0 12.968031733679652 11.984272021993956 -2.696529145479216
673 347.98855914412303 991.2612251909527 0.6590072594329915 0.047496847275869274 -0.07294080267826666 25 0.0 4.805573782518792 5.123731048979806 -1.773965812532563
674 487.3799550025739 990.9542563013673 0.7142255145172621 -0.03243247590883491 0.0011441274819783856 25 0.0 1.6010951897647436 1.4663162845865483 -0.41556914444495197
675 505.94243102263954 991.891443514449 0.8134312007613613 -0.16855295706413173 -0.07559284973320646 25 0.0 1.9793466631559025 1.740328836642717 -0.601578290887979
676 942.4658119725015 992.4676628071152 0.6934339866643745 0.6929013340689962 -0.919476097551024 25 0.0 2.8605731817903077 2.407572885879693 -0.9539486091240528
677 1064.7420532549136 991.9372198294271 0.9424281183689308 0.22314505551926894 0.04528702043021457 25 0.0 1.574912113048922 1.3294057653578386 -0.30914389471886833
678 1619.5435140997408 992.1627322024535 0.5278741196171055 0.3155398799433645 -0.3097524098985059 25 0.0 1.646680822651229 1.8472462719482032 -0.6663119968820462
679 291.41032453863795 993.2977792393259 0.8311674220007544 -0.1819097855515128 -0.013310313365929702 25 0.0 3.782722616474145 3.368401774177934 -1.3185597185756948
680 944.108141362992 992.8497432187589 0.6338009538119781 0.05712034426317988 -0.7977189432744951 25 0.0 3.659159407372769 3.1963303233225977 -1.2616291373239177
681 327.14927831654467 993.5932496206088 0.6829156848984278 0.28852553551732596 0.6268474838651007 25 0.0 1.0511192105184666 1.098253888632453 -0.10175687416077886
682 602.0367883965314 994.1339664785013 0.9025943928835587 0.2663073761653806 0.3418339532805352 25 0.0 1.2587504597173307 1.1649642746287294 -0.16578151819156495
