m1-67/data/wr124-hst-2008-f656n_BGSUB-sources-fwhm6.0-thresh1.ecsv
# %ECSV 1.0
# ---
# datatype:
# - {name: id, datatype: int64, format: '%.8g'}
# - {name: xcentroid, datatype: float64, format: '%.8g'}
# - {name: ycentroid, datatype: float64, format: '%.8g'}
# - {name: sharpness, datatype: float64, format: '%.8g'}
# - {name: roundness1, datatype: float64, format: '%.8g'}
# - {name: roundness2, datatype: float64, format: '%.8g'}
# - {name: npix, datatype: int64, format: '%.8g'}
# - {name: sky, datatype: float64, format: '%.8g'}
# - {name: peak, datatype: float64, format: '%.8g'}
# - {name: flux, datatype: float64, format: '%.8g'}
# - {name: mag, datatype: float64, format: '%.8g'}
# meta:
#   version: {Python: 3.9.9, astropy: '5.3', bottleneck: 1.3.4, gwcs: 0.18.3, matplotlib: 3.5.3, numpy: 1.22.3, photutils: 1.3.0, scipy: 1.8.0,
#     skimage: 0.19.2, sklearn: 0.24.2}
# schema: astropy-2.0
id xcentroid ycentroid sharpness roundness1 roundness2 npix sky peak flux mag
1 639.0950143913414 277.4235056524072 0.5960715314315709 -0.23144392908303238 0.172971545971717 49 0.0 1.9784815893610932 2.609265359494652 -1.0412956215757199
2 632.220618726862 280.84144452916104 0.7038076796865699 0.3692254555577802 -0.49079667376452973 49 0.0 1.9444588184107194 2.5834222349661045 -1.0304884828448926
3 640.922258818874 284.25887738470453 0.6324270270118053 0.9439569347079145 0.37397942138142326 49 0.0 1.7664828719041632 2.0550605712781125 -0.7820615672141268
4 635.823324237654 287.7333952140624 0.809692979692852 0.4427642837728231 0.9692008611506819 49 0.0 2.6889999260935626 2.218902498405251 -0.8653455479021276
5 615.2886965592274 290.02409734018823 0.8170416268922548 -0.8559015600532829 0.08472106163748133 49 0.0 1.5845138289902698 1.639777778006014 -0.5369624915751395
6 627.7535601420035 293.13376936166514 0.8336051898571651 -0.19062026035171395 0.6337334028304512 49 0.0 1.9380210623708118 1.9452657815056904 -0.7224473683388062
7 631.3359406729998 295.47681792896554 0.42888267220347753 -0.8429963811812456 0.3911898098751404 49 0.0 1.3242123208839107 2.102125102834489 -0.8066463960882592
8 655.5991705630216 297.75996307695897 0.6129122800918586 0.5054720255881556 -0.21965749967184658 49 0.0 1.73166263598198 2.0585662274557763 -0.7839121088121752
9 636.5246770736509 303.52261128301996 0.6855120692741711 -0.6866377919958345 -0.31753689200889457 49 0.0 2.185961102770221 2.8248370597881802 -1.1274835055428785
10 637.1704789446671 307.7359614891755 0.6895367713443524 0.5514332683725264 0.46623386945334705 49 0.0 1.512917712186695 1.7488365706200144 -0.6068730660148824
11 664.4534526178345 309.4852180413433 0.8164000691489005 0.16783982248853999 0.71901727631074 49 0.0 2.3228701642249696 2.3437531640937554 -0.9247796784368512
12 656.4779223209802 309.8382019188608 0.4404083830169577 0.46744905313433444 0.21979148584927222 49 0.0 1.3900946847551559 2.0683185066181817 -0.7890435447293096
13 642.38608324351 312.8028087347028 0.3302910200355389 -0.5872587555541249 0.8489336129523694 49 0.0 1.7410489508341482 5.457021010318666 -1.8423890647070376
14 660.1550712843737 312.72082214485573 0.9260544544164946 -0.8298420620152555 -0.10900138343334291 49 0.0 1.927126375846617 1.6707357977463362 -0.5572694451213602
15 648.9407406878349 320.4363444932389 0.3528270458458045 -0.9754278604517114 0.11354890929848996 49 0.0 1.481854044047253 5.7734210563410056 -1.9035830795153355
16 662.3596834486881 332.14413908088403 0.8073183041470042 -0.7579672039973373 -0.022593360954418416 49 0.0 1.4960107574196555 1.7812079421400253 -0.6267865572942378
17 678.2071994214666 339.64074210125636 0.8371002290283749 0.03014401599875782 -0.9189264746958209 49 0.0 2.1488746189566896 2.413350505871902 -0.9565510044314942
18 689.414318319421 338.63829620427157 0.8480325492250688 -0.15858575082270457 -0.8790498595119314 49 0.0 1.9473398347420359 2.0712329821373 -0.790572382875391
19 679.345167235914 342.65060042622787 0.6192007880725477 0.35647739500191467 -0.1698978092615992 49 0.0 1.8681908170573107 2.211111258320663 -0.8615264897112114
20 667.856877102187 344.2943646588757 0.4660636129568077 0.6768322881943695 0.39966081480630655 49 0.0 1.430853590805695 1.9160464328023532 -0.7060150735284139
21 674.4447593945491 343.9362246276684 0.5753456750210236 0.9525744907375756 -0.08629156459744913 49 0.0 1.3484564021479 1.6451015829712594 -0.5404818006416738
22 672.2535404711036 347.6542152665659 0.835355862459761 0.6652129143571488 -0.7501941588782278 49 0.0 1.4915118136111132 1.4451807142948858 -0.39980539336091975
23 689.8285634595338 353.90419332523214 0.835362725687807 0.848638490204847 -0.10337178690569651 49 0.0 1.5051749012748208 1.8224487034984254 -0.6516382826655676
24 688.1343688384073 360.25314736256905 0.7038056293306478 -0.1773590502275901 -0.29928027317901673 49 0.0 2.0512516264014016 2.4172951206847806 -0.9583241885560163
25 1597.8272202693624 359.84296253504243 0.4757512027695661 0.8009431176717885 -0.45854073229802544 49 0.0 0.629051541831059 1.0509408059825285 -0.05394563793186979
26 687.2112622938321 364.63300193687985 0.8295372113842393 0.28625892974895595 -0.14175778278974005 49 0.0 2.840693133369568 2.6542324123993697 -1.0598473707401657
27 1597.9208796216774 364.2303606838608 0.5448113643807843 -0.06817603926742803 -0.39564107330835796 49 0.0 0.6497984693525114 1.1401774713403687 -0.14243113892246848
28 698.008942529781 378.24971502765226 0.24579197045484877 -0.24610273272114952 0.7204452614153365 49 0.0 1.4198810132427504 4.224187760648109 -1.5643580347051957
29 726.6440921802044 378.1162743518137 0.5155792736019643 0.26226922045655604 0.43994908875699024 49 0.0 1.7617726848476523 2.865954124054729 -1.1431730856790088
30 726.6326967672857 388.20918750162275 0.6509720121128221 -0.020880973586713186 -0.28702115289253854 49 0.0 1.8541391022263698 2.351111624334023 -0.9281831218143655
31 715.0038956346644 393.3604627434476 0.7417419004799751 -0.8441265668457425 0.3717388942845933 49 0.0 1.6117988880467182 1.78326853135974 -0.6280418645377185
32 706.1505550204547 392.0249776508847 0.8198470165072469 -0.9034472252638606 0.3734493384386496 49 0.0 1.036571082023222 1.0463222189202204 -0.04916361942947541
33 720.4664495695444 393.2079026620394 0.7327512361041206 0.8323031027157126 -0.4395780184458915 49 0.0 1.5694058761408902 2.0411819061315124 -0.774704274784831
34 733.6746546584728 394.8083154099948 0.881029450768203 -0.3998363899639442 -0.468297408299282 49 0.0 1.756295969300848 1.7906513302148204 -0.6325275741908654
35 740.2404061979754 401.032546580137 0.2174216025679726 -0.012286858930535063 0.5772439470293863 49 0.0 0.14383502965854378 1.8722826009679818 -0.6809285036039964
36 740.7974835081936 406.0744119896143 0.8168679364960669 0.03546774060167854 -0.5941752651058887 49 0.0 1.6467394686218795 1.7659477191646067 -0.6174446053881159
37 1546.5252720447693 405.86140121950365 0.23949993801824968 -0.7280685846251781 0.42936051298861194 49 0.0 0.49634387859781237 1.2305135369181044 -0.22521598938087498
38 746.3144921865533 409.21318411757403 0.5073668487613205 -0.43490085962908986 -0.40525467881960536 49 0.0 1.7852331858358172 2.5017130434630572 -0.99559373223075
39 1538.4989820454778 410.4278660489605 0.5770267510294926 -0.017599386936827038 0.37043822672985466 49 0.0 0.5947104771665723 1.0746595431345936 -0.07817724910204533
40 756.083588116329 413.6070645709118 0.6980884215353061 0.7745232587705894 -0.29416059031800407 49 0.0 2.32619186363643 2.526809586084399 -1.0064312895755945
41 750.6883174917184 419.026091595673 0.5201712031152523 -0.4479445461100751 -0.9880854440758379 49 0.0 1.4650590360050577 2.6426075823664013 -1.0550816919136683
42 759.8852857156467 428.7592361486907 0.49966193921818375 -0.008586874613002381 0.9123483855297202 49 0.0 1.6647368033481698 2.6653655140525108 -1.0643919357058547
43 753.9823844712453 429.07499849438955 0.9990495207476499 -0.9164454810729277 -0.8828402740537352 49 0.0 1.548834724492975 1.2276476529703457 -0.22268434468375792
44 771.4658351574741 434.9394002749028 0.5573555789416423 0.18945483778393404 -0.5649151100568106 49 0.0 1.8271671395596711 2.1739297198097476 -0.8431137495686738
45 776.9877562517837 443.5657924604537 0.7873096292809227 0.45826082127214707 0.23049227515614779 49 0.0 1.841402266522041 1.7625096085811771 -0.6153287332258381
46 755.3700753983923 445.4806260830888 0.5372816142068919 -0.43136568905419326 -0.4615557824391885 49 0.0 0.8256957243422889 1.5085715659479724 -0.4464147943303154
47 767.5999581157998 448.38233525174434 0.6418805104515019 -0.21421301502813997 0.03064139630025153 49 0.0 1.5246026897456457 1.9250534716857786 -0.7111069932288918
48 1490.2472158543376 448.97522548296536 0.5253240093934686 -0.11237688552949453 0.2129481751647606 49 0.0 1.0288695921181081 1.6061358908808945 -0.5144557174921189
49 778.8470509935373 473.0759948935759 0.720063020091524 -0.6445229762305381 -0.24488310047005538 49 0.0 1.0937713308995782 1.359737519761988 -0.3336377034240793
50 1461.16025330065 472.6824911591814 0.40558249450496675 -0.053397064731019475 -0.682048528901443 49 0.0 0.6260894478489201 1.6475042407657041 -0.5420663529128789
51 786.0543605987668 481.3084116045028 0.34013383666341407 0.139480945857342 0.047512159598799904 49 0.0 0.7547963407789561 1.5814592033207018 -0.4976449824073676
52 803.7299033350405 483.4693434360892 0.6062423334294273 0.9401643123010472 0.20397047313577354 49 0.0 1.5583255277849346 1.6456423386937267 -0.5408386306382179
53 811.7128107010511 484.38046028847134 0.5650359360628 0.4284109904555429 0.7918869053343593 49 0.0 1.9751777353776703 2.183380136548252 -0.8478233874094392
54 821.2735884785224 492.2701252818261 0.859941905817 -0.32543502111699146 -0.991079880493495 49 0.0 1.8094695301436585 1.6200259380191473 -0.5238049200732557
55 794.6141262582325 495.41027875702287 0.5683470701583522 -0.5777449634252608 -0.057027553279777696 49 0.0 0.8491309607004521 1.2566900571784496 -0.24807044748652862
56 828.7404881780215 502.57699727820085 0.9070707653447226 -0.5062026516133588 -0.5349359330837731 49 0.0 1.5352789340821882 1.7507077542029348 -0.6080341382955938
57 804.7227742813603 504.70751880672583 0.6225946579202972 0.29320125040360995 0.9347616494954849 49 0.0 1.2618787071177073 1.5243271070331972 -0.45769543183954686
58 812.3381124564781 507.08548714185173 0.5277006916285034 0.7934052665858305 0.8207059802009566 49 0.0 1.2313417014693542 1.8874606059006411 -0.6896947400662947
59 823.8111560834764 522.4416670870331 0.813662974820222 0.5247139937752365 -0.1606907609193279 49 0.0 1.5437231416407022 1.3226405809966613 -0.3036046087744129
60 852.1649778235596 542.1386242768142 0.8309306676066323 -0.9270538116739306 0.23792486263644225 49 0.0 1.3544304168217647 1.3213166872205369 -0.30251729957966783
61 867.3271024928365 542.6688686783224 0.7712259338992186 -0.09086545557725759 -0.08196780983932944 49 0.0 1.512548861006966 1.7016060891395854 -0.5771475775137587
62 845.6886195654149 543.9101046084094 0.7218517600797939 -0.24493542469242124 -0.215096491490495 49 0.0 1.4186423640315167 1.724800054437833 -0.5918468930344255
63 874.0137171756536 548.6866320837281 0.6721634960882286 0.15316181862622066 -0.11770010673883805 49 0.0 1.8388115879589013 2.625116313608687 -1.0478713772019028
64 865.8751194829922 556.8537031890174 0.6212552882575959 0.23888698747691028 -0.39787567214975644 49 0.0 1.5466728642596574 2.07129172638344 -0.7906031760555637
65 849.6446167051979 560.2471102548709 0.4632194220936915 -0.1298799197217888 -0.1408041732258351 49 0.0 0.7273218710080883 1.4273418135123037 -0.38631997123443107
66 858.4107340496777 563.6457718784205 0.7833020721658825 -0.9050776321296772 -0.019230924840632345 49 0.0 1.2351177088411036 1.2080118416870984 -0.2051779788298289
67 1344.6834931408353 573.5124810410045 0.39823877391845136 -0.8301435867886644 -0.40406887832970306 49 0.0 0.4766633001647934 1.1696241241683947 -0.17011579319735334
68 1333.915612378478 585.8327543429314 0.8234507339483549 0.36918121054972425 0.7497597619482554 49 0.0 1.6256147853091618 1.6433418453019415 -0.5393197851638319
69 150.32888601275292 766.3386515862837 0.5846951406254748 0.11645801375139644 0.07970330193564783 49 0.0 32.21597302123004 36.370735741752775 -3.9018802161610755
70 1159.4269102695541 804.7435405136428 0.47695109553782555 0.3663930588858798 0.33788050340331005 49 0.0 1.3318389855464114 1.0930665375869493 -0.096616498257883
71 1060.7452050280228 964.5947801879009 0.98173444418641 0.03641007112649616 0.6617592368758717 49 0.0 8.844731307343773 5.4640479105769835 -1.8437862468191157
72 1060.348610363082 976.1721218787586 0.2807904502660668 -0.253892865609839 0.43917535761750576 49 0.0 54.88361111520309 41.15018320902374 -4.035929432800911
73 1058.883146507459 988.6427591136209 0.9425255668627733 0.10095656540823968 0.9375571223555537 49 0.0 6.134939831052915 4.121735707600905 -1.5377003516681376
74 1057.3001998378281 1005.7360659885597 0.7883131225751566 0.1509303310158256 0.8738271969685828 49 0.0 1.4290872361372025 1.1614299708274296 -0.1624825721462847
75 1259.4619412206757 1081.5943621839012 0.9894570181495863 -0.0913774761704864 -0.013172623944419032 49 0.0 10.378460693797118 7.85688886308061 -2.238126525062761
76 1093.698006063723 1137.8200257107374 0.4604681156158313 -0.10511400258024378 0.15629216745862187 49 0.0 1.0597430123410563 1.1031920120701917 -0.1066277714111507
77 1073.40446579461 1151.037187127587 0.5999695636952566 0.5280021427430327 0.10419684358121832 49 0.0 1.4889759451101496 1.1512376098570258 -0.1529124228880944
78 1743.5880998717719 1178.734598586901 0.7055586846605051 0.19440215658032933 -0.03825975666401072 49 0.0 2.144061932182063 2.1581932812173186 -0.8352258404493383
79 584.2735043211225 1289.6100281295712 0.9928020128139823 -0.10769925345194858 0.08002960457160116 49 0.0 3.433954328762378 2.599832598281028 -1.0373634622507286
80 946.5772726012017 1358.5391044615424 0.9608913255759367 0.10136174341730912 0.01766322671430404 49 0.0 2.161889119749126 1.6769399371763514 -0.5612937694847822
81 1543.9187354373048 1438.4242685110844 0.4625402775164574 0.2207796500121775 0.4035297553798213 49 0.0 24.455009620544267 36.73089354798298 -3.9125787337571976
