m1-67/data/wr124-hst-1997-f555w_BGSUB-sources-fwhm2.0-thresh10.ecsv
# %ECSV 1.0
# ---
# datatype:
# - {name: id, datatype: int64, format: '%.8g'}
# - {name: xcentroid, datatype: float64, format: '%.8g'}
# - {name: ycentroid, datatype: float64, format: '%.8g'}
# - {name: sharpness, datatype: float64, format: '%.8g'}
# - {name: roundness1, datatype: float64, format: '%.8g'}
# - {name: roundness2, datatype: float64, format: '%.8g'}
# - {name: npix, datatype: int64, format: '%.8g'}
# - {name: sky, datatype: float64, format: '%.8g'}
# - {name: peak, datatype: float64, format: '%.8g'}
# - {name: flux, datatype: float64, format: '%.8g'}
# - {name: mag, datatype: float64, format: '%.8g'}
# meta:
#   version: {Python: 3.9.9, astropy: '5.3', bottleneck: 1.3.4, gwcs: 0.18.3, matplotlib: 3.5.3, numpy: 1.22.3, photutils: 1.3.0, scipy: 1.8.0,
#     skimage: 0.19.2, sklearn: 0.24.2}
# schema: astropy-2.0
id xcentroid ycentroid sharpness roundness1 roundness2 npix sky peak flux mag
1 1423.7370387763758 80.16436258876239 0.7283172661295616 -0.23734789352974645 -0.17556883464026288 25 0.0 16.907819836170624 1.5513241876318076 -0.4767564097298341
2 1466.6166234222053 125.46871790023762 0.6966697577409745 -0.2670569159122594 0.14864701018513 25 0.0 18.15253613348691 1.8478553212583573 -0.6666699122875231
3 1384.5934525292646 129.8207043549998 0.9690012521260426 -0.4111552542270047 -0.2407314862744277 25 0.0 26.101741529315824 2.1820052181404956 -0.8471394621098559
4 1480.9159502548312 140.03975276950268 0.9430759793447955 -0.7844704272180922 -0.10992918099624156 25 0.0 14.124102093222591 1.1700792692415403 -0.17053821211759496
5 1259.6225114642857 179.91105725782356 0.8136377187299382 -0.36391122249520375 -0.3022213898969865 25 0.0 415.5040220415923 37.025684518585045 -3.921257740899806
6 1388.777840699699 180.4697349118294 0.8659086758176157 0.05530068593062172 0.3558373121041911 25 0.0 23.64763310687863 2.072062802409284 -0.7910072858954178
7 1227.0077125719858 182.61451510209795 0.9935957352538363 -0.03185241841573053 0.33908714772971477 25 0.0 12.557117340250354 1.0053107120557265 -0.0057507754759307
8 1183.9491581088662 205.05049341989343 0.9186311067246447 0.17534411216772094 0.058080261619986605 25 0.0 24.489055411842084 2.20478351992413 -0.858414885056356
9 1357.3854023421088 213.57019835510917 0.9358785711101573 -0.5744881814837107 -0.043353902366325726 25 0.0 81.49836674210096 6.306923422023494 -1.9995438946727182
10 1509.5285489434254 221.05832714255686 0.8974992687643192 -0.42588616743216196 -0.36257474167692055 25 0.0 13.513639270377872 1.2466940783785014 -0.23939974161175764
11 1487.3465861708905 256.37292232243277 0.8306735146927053 -0.3186091163617964 0.024343280867577467 25 0.0 53.701458354984375 4.861004679654611 -1.716815097917376
12 1252.1926358253777 301.76428402590506 0.9695619006696473 0.17387666370742935 0.10835606031310757 25 0.0 13.851171180597266 1.2083109102981509 -0.20544674228050427
13 1150.0395356635338 304.4372346573738 0.7955823122394962 0.03803708840686762 0.27454883133214547 25 0.0 19.2061340830711 1.7507002150548747 -0.6080294627330352
14 1531.9726253140816 326.60651936566546 0.807067083444165 -0.21906120845936958 0.2850439279197364 25 0.0 11.369880305008873 1.071982487551839 -0.07546922640091538
15 1545.094575956608 335.0530301772657 0.9038823537323945 -0.1438583709429853 0.09575701824808865 25 0.0 15.37134772265578 1.3501079854150715 -0.32592126493074886
16 1222.793725859127 337.5369306657822 0.9074089339831553 0.32766118867838906 0.13379334443858337 25 0.0 40.33418936229645 3.3211091185725667 -1.3032078625998569
17 1036.518316296347 348.1757532965891 0.5531492560404486 -0.16847813223719377 -0.23387434306493357 25 0.0 29.24790077966633 3.233303623969342 -1.2741162225735794
18 1502.9633743672448 351.60706066700226 0.9968955363857585 0.15169481222203846 0.15929198144703072 25 0.0 14.488177962005894 1.0990085927689026 -0.10250272008859411
19 1246.6524016069584 353.8948067901589 0.9954683180167845 -0.09919514618208118 -0.232410266656811 25 0.0 23.743283232691933 2.061217138385168 -0.7853093620720052
20 1390.0795245867193 354.2826042381459 0.7835345173612657 -0.10080958074650322 -0.3777254869657788 25 0.0 22.984838990618098 2.107097548550091 -0.8092116045830924
21 1427.9620178466462 354.632021500733 0.8706091976383221 -0.09195856863682728 0.34999707952072795 25 0.0 15.184970686229972 1.332847817033619 -0.31195141255272624
22 1100.6382261363426 355.5982459605327 0.7498389227290722 0.2035715557671633 0.044079196383377615 25 0.0 19.365171740007057 1.7977949035438823 -0.636850362347672
23 1272.9464634631122 362.5512236182022 0.8337632793582881 0.08607155785049211 0.327163311354848 25 0.0 20.750804211657876 1.987780241242641 -0.7459209233786448
24 1438.5437210539853 369.1038636912203 0.7658429821231991 -0.5882280958228567 -0.3246910868667325 25 0.0 19.719044426636184 1.9401089636930626 -0.7195653054978608
25 1511.7488153826926 375.350711349514 0.6898936656696925 -0.4275103582471619 -0.8951195632634665 25 0.0 19.122293495050933 1.533264771813792 -0.4640428936732666
26 1537.9906974873886 376.83634697093294 0.8427618501493349 -0.14221965639309742 -0.30943267297349053 25 0.0 30.973641821641017 2.7691123755879943 -1.1058514513966862
27 1329.9187964937344 382.41061450213687 0.9712605295624853 -0.09663282547681164 0.13940448287686633 25 0.0 35.8399635156962 2.87651082590295 -1.1471650321379907
28 1254.9075190575702 384.3949606848746 0.7948050705735471 0.3665364542750821 0.2036421874420323 25 0.0 15.042441400550546 1.485667112705147 -0.42980377438446127
29 1613.4640805138515 386.37910563852694 0.9675688967280743 0.08601228545743411 -0.6815405316893041 25 0.0 27.093310939050276 2.010937101805801 -0.7584962173100314
30 1268.6530418535276 392.3596033248877 0.7903829543690761 -0.013412011667722804 0.0983454237031004 25 0.0 24.135419910672745 2.362111185932647 -0.9332508406244527
31 1110.7904568376332 397.1226179725012 0.8569786966082427 -0.5334124892199849 -0.2606317966371895 25 0.0 13.534416093605287 1.2014107965208243 -0.19922882607917622
32 991.9223470980469 409.552372101148 0.7088690272625428 -0.5181877415699472 0.28899566469346316 25 0.0 76.57785267941266 7.330870258390657 -2.1628888335955208
33 1351.1715263098572 411.3284898094888 0.9088445728683723 -0.04781615107040587 0.05385118892736123 25 0.0 11.606048171840674 1.0437667143950415 -0.0465086078433108
34 1293.8909198189124 420.9164386389226 0.7184635255773351 -0.8594174354724387 -0.15667764132862722 25 0.0 27.018523298079547 2.5945015124586477 -1.0351348205049555
35 1409.623333399371 425.74825159280675 0.9233123546795904 -0.08077136496166934 0.2508693712062787 25 0.0 17.873378727161636 1.4843464249449805 -0.4288381770275952
36 1494.4976279820794 426.9165734722091 0.893575990329519 -0.4099481559089633 -0.21065608248515952 25 0.0 17.67067996824097 1.591319424777213 -0.5043934102951976
37 1133.060247223404 442.5616796455005 0.9884850047865376 0.30599398328940414 0.4240181274662832 25 0.0 46.339362180317245 3.8242960272782183 -1.4563787558442671
38 1576.5469767902946 445.30923811051724 0.7897729835296434 0.19926987116787476 -0.10881553266895654 25 0.0 13.47060889320225 1.2099689224541434 -0.20693553946880078
39 1659.1563194842595 456.4176882721279 0.9655066024367788 0.31864203604717706 0.24255068589097012 25 0.0 14.383036626434647 1.2584723266497915 -0.24960917502793767
40 1590.4826038870392 456.544911886645 0.803285821906113 0.2730568003625828 -0.08947372231968888 25 0.0 11.643444781624192 1.1012694650338921 -0.10473399420202083
41 1275.683516873741 464.94860482416976 0.9507533648001758 -0.031553360003198645 -0.4929807478961126 25 0.0 14.70709114008492 1.2416835022575887 -0.23502727716263436
42 999.9381592479822 475.247774468851 0.897731290840057 -0.16076137796524495 0.07104729561026533 25 0.0 18.65156183300798 1.5734599079636324 -0.49213920372527753
43 1644.5877058990714 474.76988493163753 0.9065987533121471 -0.49613349166087384 -0.16250717060555686 25 0.0 126.6288128264249 10.085654559279835 -2.5092602229704974
44 905.8631895045435 477.44653028714237 0.8229314822696273 -0.03143799622170938 0.22315615340870731 25 0.0 14.764390063350417 1.2851229160097055 -0.27236166973601467
45 1162.4235975330146 478.053901855229 0.9720155639334449 -0.2780429125297499 -0.362912878827851 25 0.0 38.18873004490337 3.3735324683382832 -1.3202122358742718
46 1715.4989325291087 503.50994711553545 0.7546922072338582 -0.5526724810663101 -0.03185603559724511 25 0.0 19.157535300895184 1.6263648465290075 -0.5280449464109946
47 1118.3528502885868 506.16957973461126 0.851526146888896 -0.5489648548598559 -0.38252318797146506 25 0.0 15.28615945393485 1.4226280524265063 -0.3827284204608814
48 1468.2052335373357 511.1639888544031 0.8026292644023617 -0.11955347638585917 -0.07933888506141513 25 0.0 56.71445027576931 5.180419748499689 -1.7859123757490434
49 1329.1156949168594 512.9217968779476 0.8724818813851767 -0.5666600814272388 0.03543046062628162 25 0.0 15.491936996870596 1.361413524886125 -0.33497515191031335
50 1394.7376796951767 520.4501499729859 0.7680394261747981 -0.04478092084534244 0.08085769689869399 25 0.0 11.379410731428012 1.124511143527925 -0.12740940876373702
51 1806.3400117898611 521.1213373527826 0.8452286460719194 -0.6238703063864218 -0.2942362706825941 25 0.0 12.755569115595277 1.1638770231107203 -0.16476773642490505
52 955.5026126914864 521.4542695480511 0.657188900391947 -0.43167949216374646 0.04661540433980226 25 0.0 11.89550381602882 1.208899512832344 -0.2059755064196142
53 1779.6990908747641 521.6169069345616 0.5676698391851422 0.29432351321038586 0.12332212417064012 25 0.0 34.75380894486655 3.646512112328795 -1.4046941511569915
54 1109.7037835520687 523.9751298427094 0.7605135567641587 -0.3793343638722377 -0.4512211028817053 25 0.0 12.38978626782847 1.2249400462203544 -0.22028708250065504
55 1188.0719557890404 524.1457207761847 0.9743447445724134 -0.1905508493529275 -0.11722870193142433 25 0.0 19.59333958753505 1.6920727021728739 -0.5710475478718423
56 920.811864214055 528.2557322505589 0.9902588169552653 -0.15433658497671243 0.08940746247286485 25 0.0 20.5158763730248 1.6089993326320413 -0.516389659914631
57 1264.587554887882 545.6791546580565 0.7272661869961666 -0.07068154750101263 -0.14164255878152684 25 0.0 9.679238690910609 1.0018398550450316 -0.001995761840117513
58 1623.1625687289543 550.3842729894291 0.8645575331760381 0.2690990923232755 0.1206344360225384 25 0.0 17.68352454682435 1.6320105074294697 -0.5318073763999177
59 908.6816311751779 551.359436457799 0.8113077406051128 0.6652994514264335 0.1778379152208225 25 0.0 11.010161211069477 1.003342605951273 -0.0036231363088629082
60 1673.6343326357182 565.1468906967673 0.7389594905725951 -0.35134603059473957 0.031546932074217264 25 0.0 19.157109508559074 1.901770633164138 -0.6978953420214923
61 905.5305171329562 566.1468873425349 0.7804569306137539 -0.2739786915440822 -0.2969782636442155 25 0.0 14.84916675444756 1.42524408843783 -0.38472312083284754
62 1578.8480325393407 567.6666699944411 0.6656576660310474 0.12100046644773575 -0.08587997776476433 25 0.0 11.536313252722808 1.2510570993486585 -0.24319282932174793
63 1530.7714530449628 569.4209913396289 0.9268435996308519 0.3737305590824148 0.11841008844702097 25 0.0 26.073517473224882 1.9908252974011769 -0.7475828767089152
64 1419.0301893976246 574.4006001050503 0.9205676686299963 -0.2078064813345507 0.11855282679400352 25 0.0 15.878396216117688 1.3895524824465264 -0.35718738607149914
65 1829.2733670003959 576.6762680922823 0.8227076829669734 0.7163318913318196 0.7145113879800847 25 0.0 20.99763529912551 1.6242506770242202 -0.5266326411528842
66 1826.8891669064556 586.1810281402977 0.9699602086254303 0.29383856784386947 0.2861285250871453 25 0.0 19.889298271635354 1.647884046719943 -0.5423166233157274
67 1772.5689876137249 598.2603236963356 0.8561799865115469 0.2917153958141191 -0.10345070838036484 25 0.0 74.63352783189569 6.710619891475824 -2.066906599607502
68 1172.3333935324886 605.4151566767963 0.9027696757547985 0.5375049082284357 0.09561929964316195 25 0.0 49.556546293672795 4.3056630619187635 -1.5851001031550456
69 1206.8527658494693 605.6268044237398 0.5595832295031704 -0.05929179724992042 0.2415745233562537 25 0.0 16.2060418283612 1.793851263766456 -0.6344660772560293
70 1579.2477607682383 605.4201634582923 0.6700303764078195 -0.2779518272701683 0.19949348858110016 25 0.0 11.939196587371459 1.1784533666195063 -0.17828100359436355
71 1135.1641266708534 606.7256042333978 0.9482407438507567 -0.7579133556874754 -0.08001506640957813 25 0.0 16.2056920309133 1.3310127453604084 -0.31045553540568344
72 1235.9146101283254 609.9572087841835 0.8374373785423005 0.026379480217459117 -0.008950809563854144 25 0.0 29.617541626933793 2.633791977278264 -1.051453676101413
73 1608.824013150135 610.3479898583573 0.656414197211966 -0.3012657932819311 -0.18667408017762857 25 0.0 232.83017033820116 21.65892765795762 -3.339092376826633
74 968.8068144335133 614.4304018494669 0.9635655885461075 0.4176395088523863 0.23479587590358347 25 0.0 78.1005183067501 5.8548992002585205 -1.9187985563141499
75 1175.017845956334 620.2079136405789 0.689594135942276 0.3273159436054005 0.38628098117616555 25 0.0 10.813119647065085 1.1650440006023015 -0.16585581953797712
76 1090.9311389502343 620.6914870020918 0.8538358831446989 0.29176606382448156 -0.8650601286971785 25 0.0 21.148503243459675 1.7097217973012686 -0.582313621409724
77 1072.0755939720977 622.7752703338215 0.6836242319509069 0.22668311824858126 0.05623772376315163 25 0.0 10.357255485269954 1.060001625002611 -0.06326632761741163
78 1251.7137132823864 624.0141561280976 0.672454510191118 -0.09277939159411086 -0.033766427654168235 25 0.0 21.765212212717334 2.183983925804132 -0.8481235940558146
79 1574.5039012253185 623.8918952313028 0.7349505902973696 -0.2526262065818511 -0.20319955652443372 25 0.0 25.248127765008025 2.3841449664912333 -0.9433316472102398
80 901.5487243408779 629.7586732092944 0.890886751263463 0.08391939177295608 -0.17176225207970391 25 0.0 24.714978311871462 2.2583994205366276 -0.8845018842674356
81 1202.3007337844613 631.8615057685199 0.8371971966028148 0.07193964777469827 -0.021224646162170967 25 0.0 30.676861649724863 2.901481313573865 -1.1565494448010114
82 1585.5730613960923 632.3327263166952 0.5942441221124561 -0.2113762227912661 -0.09101593813378966 25 0.0 24.73853288672808 2.5824417249573326 -1.0300763251741936
83 893.9187530062384 636.7957958475013 0.8168984195547441 -0.9656179194687303 0.1530367382353717 25 0.0 23.93728562598579 2.0770628692821638 -0.7936241052870743
84 1264.6469817504355 639.8975760853991 0.9633165166603762 -0.8209022812094368 -0.12775628103322864 25 0.0 36.91099412866675 3.1146813511514697 -1.2335340564484574
85 815.3936153949555 643.3750002469544 0.6450195332235152 -0.10809161283834114 -0.12703325877853064 25 0.0 11.469096021364106 1.2607373687451664 -0.25156156420413417
86 1261.9120262883196 643.4893733035053 0.9379416478784162 -0.23309576946043017 0.3777368775475166 25 0.0 25.518252569507332 2.035392162100421 -0.771620244502431
87 1547.881162819152 644.4023693892592 0.7390715950520256 0.263506644876787 0.4982615054169873 25 0.0 27.664278100820376 2.84133807770562 -1.1338072787341502
88 1395.0317656426184 651.9517244883922 0.8146637954744952 -0.025110397031913954 -0.00780014590869966 25 0.0 26.221623223789884 2.3873453312109265 -0.9447881113960066
89 1569.901252372026 653.5168786605569 0.9233792736162545 0.14725794485189977 0.3371760568068669 25 0.0 19.998389057041432 1.7905744583229803 -0.6324809630018257
90 674.00800293909 655.8285666423959 0.5724574840647002 -0.28685929402552396 0.3710928195783189 25 0.0 95.64235562014694 9.23350672948201 -2.4134166751083925
91 1461.054870776149 655.1881580137872 0.8309878481009981 0.06580635606414378 0.18573268422315575 25 0.0 11.574108512324624 1.0932334286255636 -0.09678225743642714
92 1157.9186073633343 658.1860005636323 0.9621392282882085 -0.03453071724570938 0.04708287254181314 25 0.0 44.591622432180976 3.6664269168883554 -1.4106075814986907
93 673.5206571764617 658.9631576235203 0.8280606643894823 -0.7340991460689761 -0.5320821384903951 25 0.0 536.0735083212929 44.355239784815836 -4.117362328469821
94 715.6768430925714 660.0363055107025 0.7553690122275528 -0.6766306834901847 -0.5734429459712516 25 0.0 12.550605854827005 1.2201284260328953 -0.2160138631253949
95 1539.2037147159447 660.8972730087693 0.7809861599100937 0.35139215643042865 -0.1982311229285991 25 0.0 23.876564540452097 2.236307554070917 -0.8738288270283041
96 1051.6713909455286 662.1052791975203 0.9748163005081036 -0.22426526848263742 -0.03816972977122562 25 0.0 14.481845410699655 1.1576264799548497 -0.15892113107294034
97 781.3836943889333 668.2502665122877 0.9434390853600977 0.09399578598145246 -0.15310784443696182 25 0.0 19.669929973926447 1.5345409178867933 -0.4649461830038705
