m1-67/data/wr124-jwst-2022-f470n-TO-gaia-OFFSETS.ecsv
# %ECSV 1.0
# ---
# datatype:
# - {name: 'RA, arcsec', datatype: float64}
# - {name: 'Dec, arcsec', datatype: float64}
# - {name: 'd RA, mas', datatype: float64}
# - {name: 'd Dec, mas', datatype: float64}
# - {name: 'Radius, arcsec', datatype: float64}
# schema: astropy-2.0
"RA, arcsec" "Dec, arcsec" "d RA, mas" "d Dec, mas" "Radius, arcsec"
7.9403033512240935 85.54868765656242 997.6294856803585 -119.91379980674382 85.91639176231466
35.60617560515462 61.4625223676907 1024.337322457979 -117.8092324252286 71.03127029348853
29.231548700142266 66.44430826239117 1020.6722820990553 -90.3292754036706 72.59014747421661
32.74626877134766 62.55089450968071 943.0745288736058 -104.34809225281798 70.60405434210364
38.219417746264924 57.048809846978656 1025.5315596602402 -118.02087203736504 68.66797332508357
10.838210945286919 79.11945793782161 1015.1393138367239 -109.36232108698938 79.85834605794145
19.845208549520112 71.15839867727236 997.3186503830087 -112.25606754781948 73.87387893609
-0.37819097709132865 87.96017351644717 1024.9480651526271 -67.02525882566663 87.96098654204572
81.6959756828322 16.09398743723682 1071.2317252685189 -108.4668004824996 83.2661327363527
23.899291433582746 65.75827663929984 1025.7774984822152 -122.06780769072161 69.9666138829838
47.783522003 44.97692192203695 1040.1647622956073 -112.10464318288446 65.62155472404413
4.763460733062553 81.40364236890278 998.8282580431277 -103.16444076731341 81.5428939141929
54.629400606750906 37.697668365711785 1042.9608258906626 -109.8641377289283 66.37383202471862
-3.055224159604568 87.88618457506202 994.2301465059833 -118.40220244631644 87.9392735543359
10.6554888074842 75.59458513972206 984.1817527670845 -111.24069223491858 76.3418675373696
30.796056109606493 57.32024854726191 1022.4603016768399 -112.0202537405267 65.06925495970431
34.97253614037883 52.92670933933894 1010.1143987892043 -135.32699080343548 63.43748748757758
60.16894883873515 30.388195595167545 1037.637562408511 -112.5991307505376 67.40730531410932
67.08621943745106 23.37668672787752 1046.488554234749 -125.24002283822203 71.04245421935879
82.49438772349247 9.478809662992074 1071.9855791610867 -120.41081270555293 83.03717139756094
61.70586831212623 26.579490017364073 1044.7548067032087 -127.61377674890848 67.18692918026447
62.52176398060383 25.029639471802316 1042.819767837693 -132.1373157732833 67.34577792369811
30.612059715677894 52.28918321984097 1020.8922722970829 -138.83693882516906 60.590897515754044
48.73954513920043 36.13399617450296 1040.253505645083 -116.86701916867105 60.672966926112544
14.861777403842213 65.24872401914335 1009.1934433334299 -131.0249272361939 66.91986555847441
91.1343823115526 -1.7909376911832489 1056.8322684565962 -143.03769918645125 91.15197801981432
31.104236341159837 50.3042471009692 1014.936518511392 -138.97915715218414 59.14381434756921
68.18848852033855 18.029918141119982 1046.402653816443 -121.13868925741527 70.53189280756493
89.7964706632238 -2.1211814535316966 1053.541324856691 -145.6802558338645 89.82152055081667
40.563326357175626 40.62187969270887 1039.1082629793564 -116.20703545330018 57.4066244753695
28.363559251974785 50.89211813295848 1019.3312989205176 -126.81194209112155 58.262330584854006
29.71420899037317 48.77557373377111 1020.9611552032928 -119.41635477360346 57.11384063894254
66.77232489597418 16.230767150348957 1048.7582723404846 -118.10388096505221 68.71667312315569
-13.224594175464727 85.4378834151329 995.7262414637528 -104.75015300702218 86.45531680332118
-3.435667801565611 76.47750601885168 1022.5610434207287 -101.78397613319774 76.55463891603893
77.15789447123147 6.090897134401668 1051.7527233785552 -110.08963913090517 77.39793088579928
33.345268356114964 44.09791316105039 984.5867826887028 -120.73167083777355 55.28591909308684
87.19807612749983 -3.6144390452714017 1062.9519725487569 -118.07124798167055 87.2729548552733
28.735501307343867 47.04573461682256 1024.5388183919626 -120.12742223773535 55.12739941903191
-1.856909309093177 73.46194378346503 995.8960457300777 -119.68426296787595 73.48540873182182
46.48699341440241 31.400425710444644 1019.9506887330917 -139.15187586631694 56.09837140969341
3.552137286593107 68.37718122663547 1007.2735561573065 -177.39372991730764 68.46938433593145
15.959650631092062 57.47840368006261 1004.8253690915489 -121.34518450046555 59.65297420314561
25.749324657794528 48.73460590860957 1021.8488577155885 -118.08651680437433 55.118867196858346
83.69629428876392 -2.2143661987488614 1061.1154305865632 -119.86675142617383 83.72558208268202
70.32646111168474 8.690615270344352 1048.561295457036 -153.8843525504858 70.86139938885172
10.465880847763092 60.516984059640784 1003.4054855990886 -134.31232494378955 61.41530768832476
27.88630555331398 44.83331208587853 1030.1578067251264 -128.32888161933082 52.7984080987471
44.4321884233157 29.54296430343645 1026.1820131884042 -153.40821995753828 53.35734339727621
20.788849457599127 50.070609020063124 1019.2632117775817 -127.70407799639155 54.214777883205684
-8.16723962320679 74.72282988206001 1009.0903917014679 -120.41147222537167 75.16784622247889
21.984067367471205 48.07467301652227 997.8955305594565 -139.69185424856818 52.86277891784012
47.840100213198596 25.44504822495368 1051.1864397277425 -115.93990346576435 54.186028235811925
51.43646459426503 21.547398443284113 1038.6518277817129 -139.64052818352377 55.76737630561029
54.30516658985264 17.645148274293117 1033.312029175839 -121.07206955752395 57.09993317666047
12.96445283940104 53.51741771018814 1019.0450976044004 -120.559893530932 55.06533421328765
37.221202230122614 31.81952683356585 1024.8826886133393 -111.56060929189783 48.96835889001851
57.82204697508668 13.02414970479893 1041.7344554745102 -119.7570600899196 59.27071441687251
22.076638106047717 43.73848675765522 1021.2686491511032 -123.9419716861571 48.99421564446255
78.26709862642404 -5.365764461371707 1066.7629168970277 -120.6531900517919 78.45081359849316
42.88440529945219 24.76562381750995 1037.0763998717546 -83.22043402134857 49.52179653575657
44.214492559638735 23.5133640801296 1038.0543295844095 -83.77192221523651 50.07793560244899
-16.463181870185437 75.54120653169805 982.045559360824 -155.7783938893088 77.31435978804869
19.890165466526497 43.55099760047419 1006.4015774217191 -131.71002088626403 47.87805414178706
66.07044599756968 3.2009723557033314 1044.3093096645819 -126.24895110444473 66.14794069355851
-3.94574485567951 63.95759325308831 988.5865170125081 -131.33800850765178 64.0791903561229
28.87279120208293 35.31702775920265 1021.7536755520919 -148.22278903001657 45.617217291223255
65.98652864289618 2.260651306283786 1074.0951342644066 -148.9683368200225 66.02524143458518
63.838662216233146 3.764290819904596 1043.8118189345064 -128.99399849424097 63.949547914737025
-5.301957120472139 61.92803384169394 1006.2325266109987 -122.5267053018557 62.15458248560912
17.343893498810356 42.234663874783124 1027.2094792055148 -112.90681335992916 45.65717326021015
31.34549566540259 29.31353378061827 1033.9016161237175 -152.24115343752555 42.91646950309332
17.487522294636417 39.12309220885058 1008.4405682210793 -160.1842396784289 42.853585337986566
10.676207226862191 44.49899904614727 1022.8869714856813 -127.67630851367328 45.761799736156355
64.18535260530683 -2.5458744453198694 1046.2812703273776 -129.89155033962257 64.23582307057983
30.052550989610214 26.8729686406279 1021.9354856095199 -145.8693399139997 40.315161657062404
-6.4143089354978144 57.241877251257684 1001.5842110970333 -130.1845648274953 57.60013775427841
54.41111310271878 3.4916715204687696 1054.3876125700122 -127.80505075544188 54.52303181962391
17.160826326814796 35.40575171141737 1031.2759722436124 -118.43697862865915 39.345409027938764
74.86798696469656 -15.307745161466471 1068.0118031939096 -132.7247915706311 76.41689946466799
77.30035098886081 -17.641430854822353 1060.6023030423517 -128.2839880136686 79.28785739975868
48.90115375616953 6.374418418253588 1037.9127654645629 -139.05013606052745 49.31486640055757
-12.134451222076327 59.22568203668019 999.4697552577704 -133.37345127346416 60.455986594591096
31.881562632577534 20.796252114300515 1039.203835679601 -162.9170430026404 38.064657288087695
61.69512669104896 -5.29723779722857 1054.2510741971403 -129.6550822566096 61.922123549443576
72.38445425991955 -15.001162665742891 1056.015305822512 -144.62206638357983 73.92255468114915
67.54339489692079 -11.34360340341606 1033.42598720474 -168.78309794801098 68.48932418833584
10.250142136798496 38.25772977578586 1017.6349792302912 -128.60399560577298 39.60706124189241
-26.949177857605253 70.37127956012783 994.5435783534714 -126.40883414310514 75.35499416727748
-20.68874298043519 64.8017055119061 996.1828614072442 -132.18757599247064 68.02415092651557
10.420998684717242 36.633656517172 1010.6892672927122 -131.7184572553955 38.08703194349644
58.96671997518093 -5.8320604115782295 1055.2875810289258 -152.18456558367726 59.254425930524334
75.50848141747142 -20.30692139686979 1063.2758151799517 -130.96457113113118 78.19144329263005
68.9639188749489 -15.652791609871146 1052.220148100187 -151.76601089145592 70.71797496146418
-22.944056298358273 63.92844261015623 995.8041636503125 -146.7440864227988 67.92109743755394
65.71018840504242 -14.115619932609906 1043.8460475895163 -148.51198024944 67.20922242939486
61.97081107737217 -11.006327697716062 1052.5620212131225 -147.94089804233684 62.94061225747945
32.956494111549674 13.873793462853197 1030.9911730484328 -150.455391226695 35.757693543423805
21.68751919401433 23.40713163001772 1012.0278129388129 -146.360144887865 31.909909086660218
-13.82750918814055 54.053633348297375 996.5017993521221 -140.24532521551134 55.794222676944784
52.91567906780534 -7.03101557065768 1036.650171987235 -152.3296548829033 53.38074812213892
33.48273937174933 9.155120005438837 1045.1552239821394 -133.72839081366837 34.71181437804718
-7.018477266477994 44.12991333466123 1010.7035934829607 -127.06159019681233 44.68454177132091
-1.0849567007633056 38.81800519361729 943.2659606498552 -172.01745409478414 38.833164411894664
35.21285102271971 6.871421591462618 1040.3803481950388 -137.24388159567872 35.877030414673044
26.2974282002618 14.098487117509693 1040.9968077816704 -149.07895099167314 29.838265161985355
12.903937411305364 25.33616419760019 1010.8557614107508 -144.8075089296159 28.43295299690842
25.72864622954969 13.756236545420805 1042.3492411860818 -126.7555169646285 29.175285426516695
-23.64293384494771 56.56942112623109 999.7806788803645 -129.92767122104573 61.31139953819399
52.07015392055698 -9.543775060525656 1044.793542443342 -136.31303043434852 52.93755349267528
2.3906403381651002 33.09408725398012 1020.6204107280128 -129.25746634538382 33.18032206521358
-18.862995382981232 51.05404898754714 996.0823089432834 -149.19275415919734 54.427277219939455
41.33319842145134 -1.3166322189552564 1041.7399594766182 -141.74979675054712 41.354163177698894
18.593141953266024 18.197851244802337 1011.8984788466403 -126.28893299350679 26.016662290298783
59.18570588098902 -17.77810700820123 1059.8885076165102 -143.09130115592012 61.798129913167884
-13.58623194999647 45.331892088141544 994.5936456517251 -146.12446063728655 47.324054516882676
43.26526857815921 -4.853347131595117 1019.2584806389895 -159.04826444552157 43.53663334683158
56.96450362405761 -17.98033383548482 1057.443952295236 -123.96705849186267 59.73480618326037
13.721461841581226 19.517067704333474 1025.6083558311598 -141.77461592402622 23.857796341800057
28.937603581539022 6.035395414189331 1040.574429133997 -149.8030022827868 29.56029260029766
22.67079047590776 11.41904178204044 1034.1308958987463 -162.02170925064917 25.384232418916437
4.409450120027768 26.347737085138764 1018.5625765544125 -123.8271952231004 26.714162905885228
45.79618146640418 -10.419884100030707 1053.307708177837 -144.37683103797627 46.96662878872735
65.73205485924173 -27.88896894370531 1077.2979887675685 -115.60631202104314 71.40376459569309
44.72283605832285 -10.495116883626988 1036.8111868353008 -180.63652203246247 45.93777902529693
-32.644835086925646 56.681142462823516 984.11944068199 -122.90215565652309 65.40976335312214
48.46596888694327 -14.282332019367272 1043.1132731297243 -143.94932026126628 50.526578592918064
-23.90661889181359 46.90966470746649 985.1700465476313 -170.18317575118675 52.65019525086168
53.29974510627163 -21.25070177434494 1059.9903032525006 -147.2388479774267 57.37991934687518
25.5644827076972 2.818930703340828 1048.4777149798535 -153.44750488529183 25.7194312997008
61.48013776352866 -28.655757305962034 1075.3537667641383 -124.81192524917336 67.8303747732516
16.744162067831287 9.51173337299249 1017.1462207487823 -150.93097404804368 19.25720734983257
-23.125371360520585 44.12828385431327 1008.0445848045435 -144.55350864577113 49.82056029727678
4.488467325768954 19.87284817937349 1022.6960684476142 -134.23182381731314 20.373424690817288
17.51266533574381 8.46967933222294 1030.2595648967517 -140.5711489022173 19.453249470998664
51.60525134352488 -21.625965366556713 1038.3441799459888 -148.49136604150527 55.9534121792673
-34.452544625343286 53.26005281122024 989.025635074719 -142.56513318737348 63.43194014242413
7.896985024215943 14.731067326365034 1033.3798826244126 -143.04351640315252 16.714266868169364
55.031907420554155 -26.99425461627068 1032.9297356045975 -121.02993197755434 61.29600802131806
3.7635900941177174 16.54566777066905 1018.8325176156001 -159.3848297177755 16.968315542321875
-39.402317652575185 53.87085379102413 996.2709024597444 -145.97105856019508 66.74287594388035
-36.86560912459979 51.299213762572634 993.9926135275622 -150.89654950655432 63.171848482993354
16.82087229513965 3.487161393958615 1025.271619186846 -154.92291777101374 17.178534260339088
50.69143597202488 -26.85930729557598 1027.964060252994 -111.69439892127927 57.3676220073695
-4.443091301324084 20.740440404045486 1016.2999469013226 -143.83823431539534 21.21100960349281
28.41258130118494 -9.267481393627648 1060.1733995681898 -134.65745779068888 29.885799086441473
-31.3978641409013 41.81327995344622 1004.5504849066149 -145.09867206749738 52.28935111063288
-0.683093604465638 15.07989764207007 1037.1436860989163 -106.18852356137396 15.09536120027395
-18.293990589935678 29.95869729841297 1015.042527986586 -114.75656280187428 35.10261575964847
-41.17215469537149 49.67707347831302 996.8684087291073 -135.23462133157076 64.52098820424973
-8.906681623248149 20.99192510343395 1002.8783584986578 -137.06367701100316 22.80328697384604
34.70488898852911 -18.375479810788416 1050.3570885750162 -149.35760663389198 39.269422898690735
-43.46931777725806 48.96127427592435 992.3883983447761 -137.91995794957703 65.47356666051469
-14.840334966240748 23.433822509258388 1015.588588710319 -145.7757028931334 27.737692376215637
17.693885578617763 -5.0490179671587 1041.006427233179 -149.67057542058083 18.400167641564636
-41.04610643844935 45.475223829353176 996.7648684341942 -129.66940612252307 61.25992824669479
-32.994508047463995 38.240477654255685 998.5846906759531 -150.29576189706486 50.507144841492575
27.404529938149643 -15.221286050336587 1034.8323930090005 -170.19258486625094 31.347979341463773
-33.884037152010656 37.09101313142853 986.1918432707076 -177.26740030437594 50.23814503406868
-6.604374395229708 12.401523805214255 1016.0482651387937 -145.56852260822137 14.050464540057463
36.0396711893216 -25.02571386761472 1038.9913724118826 -148.23906394104387 43.876465760755856
-41.20922008163064 41.53830968477464 998.3719879659172 -138.77612781173139 58.51180195691886
-29.664220200703873 30.9859539435305 995.2125263172628 -149.99742292020545 42.8963319560084
-35.033452820827904 35.48161094115433 1007.0039043688207 -140.40878901168762 49.86268664459367
-48.07677719807468 46.77051370821932 990.5195875550223 -172.45194042712708 67.07352248590752
24.109137920459638 -16.112910384788815 1023.0665153713235 -165.3922357559494 28.997869079625307
-18.53759385500291 20.66119713511189 1018.2690310157274 -138.28595786614164 27.75837624642175
43.271464144605716 -33.28723991335878 1035.2598108115915 -128.94584264707535 54.59358876288568
-11.536541712375275 14.113280709869052 1013.6180408397578 -148.58715891357915 18.228452673442717
-18.38126872607677 19.654747706304384 1013.5036101436804 -141.5406489897759 26.91059542922164
29.83850158861972 -22.530123878527405 1022.360591497668 -165.06614950936557 37.3890713377725
