m1-67/data/wr124-jwst-miri-2022-f1130w_BGSUB-sources-fwhm5.0-thresh30.ecsv
# %ECSV 1.0
# ---
# datatype:
# - {name: id, datatype: int64, format: '%.8g'}
# - {name: xcentroid, datatype: float64, format: '%.8g'}
# - {name: ycentroid, datatype: float64, format: '%.8g'}
# - {name: sharpness, datatype: float64, format: '%.8g'}
# - {name: roundness1, datatype: float64, format: '%.8g'}
# - {name: roundness2, datatype: float64, format: '%.8g'}
# - {name: npix, datatype: int64, format: '%.8g'}
# - {name: sky, datatype: float64, format: '%.8g'}
# - {name: peak, datatype: float64, format: '%.8g'}
# - {name: flux, datatype: float64, format: '%.8g'}
# - {name: mag, datatype: float64, format: '%.8g'}
# meta:
#   version: {Python: 3.9.9, astropy: '5.3', bottleneck: 1.3.4, gwcs: 0.18.3, matplotlib: 3.5.3, numpy: 1.22.3, photutils: 1.3.0, scipy: 1.8.0,
#     skimage: 0.19.2, sklearn: 0.24.2}
# schema: astropy-2.0
id xcentroid ycentroid sharpness roundness1 roundness2 npix sky peak flux mag
1 587.6256093403612 104.52568140798354 0.49811583132940146 0.21496108298733288 0.0746844016598041 49 0.0 25.739291922168693 1.3596563118755507 -0.33357285783870116
2 1165.4925410516134 108.8075968418792 0.47812656729801434 0.1322463210736299 -0.01901697860221101 49 0.0 78.47440179388133 4.256332089946481 -1.5725887634458102
3 880.2002767786079 131.64430993200693 0.5002252568873854 -0.013629519523643574 0.04273494107575862 49 0.0 38.7203131194605 2.077926226525056 -0.7940753113952612
4 806.3275736015515 153.99354308404017 0.49422092089297376 0.042042544003095136 0.02085593897165161 49 0.0 121.81782521139404 6.596598295141423 -2.0483000954841364
5 877.4151485822473 274.47432126638915 0.4878593019467952 0.2311102012069031 0.05985531749391885 49 0.0 51.83927509715143 2.783307599676979 -1.1114030135536048
6 1560.8543940717364 277.8802380848068 0.4742511365149022 0.11564171125688211 0.059134504689302696 49 0.0 216.7103699404856 11.857702886099053 -2.6850014104886606
7 1595.9512793025144 299.0300613862704 0.5069909564899402 0.06269617629893616 0.058149076422490446 49 0.0 18.495892951875202 1.0155297095476272 -0.016731583270963288
8 537.6953897190201 348.0979805719403 0.49562564693591743 0.035745462274156856 0.036851669378264576 49 0.0 23.82005327594483 1.296418748914297 -0.28186325802003426
9 1714.0786195092173 385.46353571491215 0.5056654479240403 0.051765505968193334 0.04332393611450649 49 0.0 28.350245545948866 1.4926371348615701 -0.4348856052450584
10 907.3829638030207 390.3296699920175 0.4934178502692853 0.15617810982164906 -0.013177176993053305 49 0.0 59.57476274216478 3.226373805830827 -1.2717867076981144
11 1140.220256252279 441.612433795108 0.467509529241397 0.03159780470164444 0.676119311616178 49 0.0 50.26385199663067 1.356494326821736 -0.33104495444940574
12 1138.4883504718205 447.2534971615026 0.48290637482650944 -0.2835688161593314 0.18484046660041661 49 0.0 42.70877187526168 1.6366587264994403 -0.5348953261266308
13 926.1421277220811 464.23066543025914 0.4252567256407529 0.6264136510466561 -0.5318940104251906 49 0.0 118.29499896369776 3.240446817034561 -1.2765122452645017
14 1151.2855931790452 471.0780166450671 0.4627875103537131 0.21662104638089855 0.4771265798917421 49 0.0 84.07021113595796 3.10498939033953 -1.2301503013580923
15 1111.810330703626 478.41590153753754 0.45100625030393154 -0.37366215042669 0.4779849551386534 49 0.0 45.53583216480658 1.899118506454301 -0.6963801647300618
16 1104.7705027027466 480.96269634596285 0.49190624997028815 0.2585365101475137 0.5659540707924945 49 0.0 27.562661450788994 1.1165466789989225 -0.11969221038583036
17 904.0794351221534 485.73364425234536 0.42969923185718767 0.7953381975565226 -0.3814428164947129 49 0.0 115.6393717906337 3.4105136145490893 -1.3320494688650595
18 1063.7222366690714 486.6407536565116 0.4642160460464454 0.17570689420504568 0.29112030449285764 49 0.0 52.2191618775553 1.858010507436562 -0.6726204142258854
19 1011.024529817536 488.3715626568096 0.4543226063678215 -0.2550347564276109 0.35258990616997843 49 0.0 92.92525704616577 3.4382053191745383 -1.3408295196806872
20 910.7206189890096 489.57144633478214 0.4617670686574676 0.8483988684739491 -0.46145506901093425 49 0.0 126.83796062337834 3.934121004205272 -1.4871192841352454
21 1096.4700698932315 491.7557356231653 0.47855283755372713 -0.4666183837818613 0.047284480034480054 49 0.0 40.785167835088004 2.018448740918362 -0.762544312135254
22 937.6314454856866 495.74743809057196 0.5144152984450627 0.4085476264435064 0.6309636498242235 49 0.0 46.41868562928027 1.0379118354368992 -0.040401160733318155
23 933.8923390942148 496.1688923394496 0.503151760180488 0.25606393386045767 0.10851523309257824 49 0.0 57.85976035315581 1.3984609310788672 -0.3641258448885115
24 918.6742474024102 497.5191827376289 0.48752559906750176 0.3787983444410013 -0.05366456103604506 49 0.0 62.18251711578631 2.054059482748292 -0.7815325400412978
25 937.8687066964588 496.60705102746226 0.5182521913844712 0.5233966939581799 0.43764452334726056 49 0.0 47.840083824934204 1.0933879546620935 -0.09693571291253275
26 925.2998939279777 498.801418192464 0.49904551693999194 0.7185085929355157 -0.5815526915911678 49 0.0 39.24909670359857 1.3167518341890112 -0.29875982996721095
27 1021.2454093652121 500.048810412756 0.43515385032567 0.3268141085591443 0.13352940042369016 49 0.0 196.26221043739844 7.022317635450541 -2.1162011742600813
28 1027.9970172254175 500.4280745451702 0.4083435837667311 0.18092845875659663 0.7595084221841176 49 0.0 200.61328041211877 4.581237853112847 -1.6524571012000848
29 931.9771759119802 504.4567678090778 0.47144355946301086 0.6209846818928593 0.1771984268453821 49 0.0 58.748367154355115 2.440857396758832 -0.9688560179716488
30 898.278579676624 507.46725548447955 0.449381450774615 0.6070118147406846 -0.5291440372254991 49 0.0 93.60942640587493 2.875794608254773 -1.146894662824667
31 920.1672788467476 506.7265159692051 0.4485772580419886 0.8492224414481716 -0.7266885562822508 49 0.0 43.56299838715119 1.4943741890472955 -0.43614839445283665
32 1132.9557190216415 508.02871136403877 0.4921549252792647 -0.49171780034507656 0.12728431031453072 49 0.0 114.9005638573334 4.793483953083675 -1.7016281946073255
33 904.310322759244 510.53318781319274 0.4360481585747534 0.745552765028044 -0.20843208964987747 49 0.0 109.56634485623472 3.612291301324832 -1.3944569132515074
34 926.1441313729122 512.4266928793668 0.45073595314175124 0.8714408876646424 -0.025390812962983764 49 0.0 32.41927985716137 1.2977696521437965 -0.28299403532007333
35 1112.2909072195012 513.5275599338362 0.47790191875198335 -0.5095798654607118 -0.13806951309768867 49 0.0 27.887197025340775 1.2075806354549794 -0.20479035034751492
36 1022.1262065518064 526.1816501828393 0.38532740849618835 0.8305779286000549 0.6976524687004291 49 0.0 102.8790990018691 3.925545316397132 -1.4847499880228932
37 1138.9387368755245 526.340627982105 0.4579536923627524 -0.4416113499598092 0.17067244583701843 49 0.0 28.930999723636802 1.3070765510998432 -0.2907525587499094
38 1094.4238057875627 527.658595292546 0.45972650728062214 -0.14099911800535572 -0.1574217416178724 49 0.0 50.56322628253849 2.2066395202215356 -0.8593284799754994
39 1025.0936894392473 531.1091496705833 0.4287254432754514 0.5220720811741315 0.43401330284169976 49 0.0 112.06791533392376 4.0371851406139605 -1.5151966652667683
40 1111.3678372956958 531.1830748913461 0.44693745660960693 -0.16512145467448 -0.7003092003186258 49 0.0 66.35618628832225 2.356402172719576 -0.9306235362629358
41 962.0125765172288 533.7535229184505 0.45031692275165364 0.843245196167466 0.9181253705401046 49 0.0 119.93816723090657 3.851970782835832 -1.464207460863007
42 1100.7950788952833 549.205438847302 0.4646851807823931 -0.7220958819533881 0.051468184725242415 49 0.0 42.62477794399217 1.4204792421039376 -0.38108722906927106
43 1094.0171599110101 552.2971043101775 0.48058918073641593 -0.3719275241867084 -0.14400872740413564 49 0.0 64.53130283893755 2.715226474225431 -1.0845151487204303
44 1030.4250513240574 554.401268021897 0.481980185741671 0.1752573646074327 0.8031376161774364 49 0.0 34.04448455350642 1.2094802081367388 -0.2064969149664729
45 1031.3858834968196 557.5688282879696 0.4821775856895065 0.055553646583116616 0.032289800967302086 49 0.0 51.58158990962438 2.2099998369323997 -0.8609806041003767
46 1024.0119242137755 561.971495190958 0.5393678628657144 0.3293003372666514 0.3478529200597982 49 0.0 42.692800093905106 1.2704129803588358 -0.2598623062005785
47 1037.413927063025 562.0463007402167 0.45962978396675774 -0.5275663937188401 -0.03773658153763948 49 0.0 29.86908544325457 1.4607111643629291 -0.41141087158705336
48 1010.7937501909776 570.1110853469246 0.4950709370489649 0.4969687019165249 -0.14157581783073417 49 0.0 123.93585765584618 4.454345207830545 -1.6219596786053758
49 1019.1545477440895 570.8315786778579 0.42302160334131916 0.5741368585232173 0.5199801262395262 49 0.0 376.6283430394843 15.054284861080298 -2.944150324021908
50 1126.0280591663254 571.0902272396955 0.45158647456320794 -0.0815131967192547 -0.6024360501773377 49 0.0 94.68960290832058 3.718139676771581 -1.425814251453962
51 942.4037527929289 573.6295575905546 0.44489122836549666 0.23414011873552248 -0.8507337089790449 49 0.0 45.361827633268476 1.1658871659796768 -0.16664130409442224
52 1042.2212629833489 575.2096893121311 0.4978008861179172 -0.46534368636328904 -0.41286066111823233 49 0.0 77.33299954215163 3.175925338462829 -1.2546757105567785
53 1037.676082651111 576.8432785072187 0.5109264592896686 -0.21880472352780614 -0.01711027124444735 49 0.0 64.24787157436855 2.7695744442123016 -1.1060326079242095
54 957.3799623512862 578.4899939091738 0.461084274158317 0.16862962761788564 -0.21303555663249382 49 0.0 70.63827885748944 2.7153339943802988 -1.0845581418978643
55 1055.3159197624418 580.380161672613 0.5006362361603052 0.47344281097927043 0.0449540475600772 49 0.0 21.866274098388075 1.137704703622433 -0.14007388399380105
56 1602.023155141035 582.979940703127 0.443308739022305 0.20571537235422283 0.15620619048295986 49 0.0 265.257823567287 14.899696249992134 -2.932943537088246
57 1048.7703989000584 585.1912082482829 0.5421672503661815 0.14079625545267352 0.017357427965462652 49 0.0 22.691478250868307 1.5313051268854523 -0.46265434140818634
58 1027.7543120488913 588.9172421642886 0.5139377197025367 0.7463909243824265 0.27146282500001695 49 0.0 348.6852424415368 11.104374163860658 -2.613735217467667
59 996.6886547877574 589.252429639627 0.6198683972681484 0.08315804976628778 0.17645559218297435 49 0.0 20.461960715820453 1.5141873401607264 -0.45044902701965284
60 1030.1776021953497 593.2316636000595 0.42569119560609786 0.5960367373818444 0.6659112595274648 49 0.0 233.57614075165867 6.848154498112696 -2.088933874251934
61 1250.3152295755135 596.4034693827779 0.5028917309645548 0.2052228385180378 0.105829702736594 49 0.0 202.25428822617795 10.489568660622803 -2.551894075068538
62 1046.6697960224749 597.4395054765331 0.5457388052459023 0.14150932704306518 -0.36269320609465455 49 0.0 23.053928831351783 1.2945292521173994 -0.28027967128341624
63 1036.263646465375 600.3387364934985 0.5245800091765661 0.3239754886634823 0.5600732832552991 49 0.0 112.09978557945607 4.207161324994789 -1.5599729137551879
64 1001.1471363602182 602.2786562056501 0.5346300458824411 -0.24782294883797057 0.15506650969405245 49 0.0 17.069810063560077 1.4076539084140647 -0.3712397262519599
65 1011.5435939259162 602.842992550126 0.5534751169792554 0.4891397996700888 0.7105548345241608 49 0.0 106.94776366927937 4.95705171952868 -1.7380586253790442
66 1044.0882338805727 601.1886750523355 0.6360996175008394 -0.2745499348760962 -0.35324699780492114 49 0.0 49.820067151835076 2.2638041696330307 -0.8870971387484045
67 1299.16124764813 603.6345805516615 0.4938977067923562 0.07149181635738769 0.0028567321389629044 49 0.0 23.584015010934348 1.0812810701064213 -0.08484649975305114
68 1036.8208944664989 603.0842527547591 0.5764638761135312 0.5540758745776904 0.605879430961281 49 0.0 124.42379247393923 4.873611857296963 -1.7196273456945623
69 1003.4303743806039 604.5729770052912 0.7710542994640943 -0.744479145177785 -0.6542808701794497 49 0.0 36.22822280637637 1.5253714387000497 -0.4584390258228827
70 1011.9008434215392 604.2466434383157 0.670634791409439 0.7619487989508514 0.7660762014462826 49 0.0 123.96781569315691 5.008233055331345 -1.7492113258101272
71 997.0471573491899 609.8349350871439 0.4341461378672472 -0.8478112162383735 -0.20826317364012453 49 0.0 76.90650236026129 2.522951395709376 -1.004772209945799
72 1280.1262000157312 611.1990246565999 0.43601333135038023 -0.1828774089899503 -0.502832495137077 49 0.0 25.62608585437081 1.0454728324559637 -0.048281879427123434
73 1051.423603744268 616.2349601854492 0.7143779463212873 -0.11780343357070017 0.0719982308888295 49 0.0 25.900108986137276 1.1629495794985167 -0.16390221498051577
74 1020.4584889321189 615.2734618529555 0.6661417676325451 0.7889222668067557 -0.18881347295340725 49 0.0 96.68926310346424 4.181532257845865 -1.5533386285944535
75 1017.4344810049423 616.4830777283182 0.6425415171405792 -0.8341247410434982 0.6090709986898561 49 0.0 63.345726554587245 3.1713235082643787 -1.2531013671993039
76 1252.531628694814 619.1413841727638 0.43613768072512504 0.0579148621738199 0.043467442960898064 49 0.0 21.477636451827625 1.2686559289192814 -0.2583596335798474
77 999.1166812232169 618.8263026977658 0.5876276892750045 -0.05720635758363329 0.2477367233583222 49 0.0 20.688433817719073 1.2386403725309219 -0.23236307849772372
78 985.7150087775851 645.4006070727925 0.4784647565435853 -0.24176576716530013 0.16640532163875632 49 0.0 49.55458965417843 1.8741105255100812 -0.6819879994686379
79 825.7655362111003 647.4457565382287 0.48544622778867574 -0.042164367457150416 0.057263668910770796 49 0.0 164.45461766687254 8.727869574955085 -2.352270619357299
80 1061.6959069365319 655.2238638748368 0.4787015800424498 0.5764521857074361 0.23941376779614718 49 0.0 95.45794419293436 3.662845219961299 -1.4095464179165154
81 992.0464173847863 656.0009497129383 0.45806939912472977 -0.538668819342532 -0.08429255027936619 49 0.0 48.00431318120849 1.6753445018871458 -0.5602603118423224
82 1044.257137902662 660.9661643695995 0.4827466428016031 0.25251205430596113 0.3820117136025765 49 0.0 122.91004405909923 4.803503774592669 -1.7038953407659132
83 1075.7837857503546 660.4936724805034 0.4406763590340614 0.9222511678133437 0.06263030410812423 49 0.0 50.15270392413469 1.546302376489556 -0.47323605836763977
84 1114.7773975522239 670.5851347343319 0.4266616888129218 0.9430784907116337 -0.6808264972750624 49 0.0 90.40244039416743 2.0228110773494303 -0.7648883081430102
85 1119.797809021427 673.0637110727206 0.4499651975158604 0.3574832330826823 -0.025325794919922245 49 0.0 155.5477596733602 5.012970818170058 -1.7502379411932152
86 1298.9323832890502 679.9025067869231 0.6269370020357907 -0.5416000836428045 0.01369034603443337 49 0.0 94.33685246343035 3.0902086511034472 -1.224969510021311
87 1296.9136655050036 681.6500310422537 0.6531232468261078 -0.42480071548434867 0.9087712624054386 49 0.0 122.66886327267073 4.114496087819912 -1.5357916343021052
88 1299.2411100755735 684.2818114235915 0.39886035646315415 -0.033383404814524266 -0.15902531468057376 49 0.0 1779.645045066708 112.75320373875692 -5.130322226625471
89 1026.7701463329938 687.5806489874844 0.46307028293874214 0.01681419700251656 0.5591756162715124 49 0.0 42.485544581206 1.3503759217453066 -0.326136713854173
90 1302.8702446760285 684.5856811323296 0.5803772878526335 -0.5933724316411242 0.36967598408591734 49 0.0 104.54628582532932 3.691561421928066 -1.4180252470340318
91 866.9882573579445 688.6224795935993 0.4868609428391085 -0.8270098867606637 -0.1295951840093112 49 0.0 46.191653294846546 1.5877609336160285 -0.5019627801342345
92 1070.058426374431 688.3618308717922 0.46899487781635535 0.85385148018626 0.16182817144167638 49 0.0 85.85441484204634 3.1729604493067782 -1.2536616467221353
93 1293.245807884851 687.2786365518725 0.5615907258647586 0.9052279420814274 0.07737296775417053 49 0.0 90.40945358867046 2.9978412124405542 -1.1920215642866911
94 1095.9446328574845 689.8968009726942 0.48949664983632607 0.29723746174848187 -0.5597819353620732 49 0.0 119.92089687450556 3.816276953375513 -1.454099711567429
95 1299.6063480737382 687.2675917533724 0.9133044284515696 -0.5498022976844558 0.449008709355897 49 0.0 119.44364248689247 2.5338282928500138 -1.009442952972358
96 1053.0459877607416 691.5315680284994 0.4603119219695238 0.2596840514071837 0.24084661796146623 49 0.0 102.24246898480374 4.593547953725543 -1.6553706362343013
97 1100.099960381146 693.0633089987983 0.45908907868780596 -0.019409225163360074 -0.48830011843565135 49 0.0 147.31463174003824 3.1857575645727705 -1.2580318075278378
98 1065.2717274027984 695.2658444575901 0.4883153836595839 0.47238910139493645 0.17073517536337396 49 0.0 64.91041796083319 2.861692354924955 -1.1415573582030116
