m1-67/data/wr124-SHIFT-GAIA-hst-1997-f656n-TO-f675w-OFFSETS.ecsv
# %ECSV 1.0
# ---
# datatype:
# - {name: 'RA, arcsec', datatype: float64}
# - {name: 'Dec, arcsec', datatype: float64}
# - {name: 'd RA, mas', datatype: float64}
# - {name: 'd Dec, mas', datatype: float64}
# - {name: 'Radius, arcsec', datatype: float64}
# schema: astropy-2.0
"RA, arcsec" "Dec, arcsec" "d RA, mas" "d Dec, mas" "Radius, arcsec"
-18.3171045917778 -84.72225937223351 -14.964786815320819 -9.074047073636146 86.67974120226755
-4.874218470138488 -72.35099544187578 5.326606114022008 1.3872300365062067 72.51499531924237
-29.3990443527061 -54.969450427479764 -21.36005450094922 -13.307678120233694 62.337342489767856
-60.54713805816546 -53.909415265221575 -27.143660789876716 -26.140070821337172 81.0689885086066
-43.47833346960594 -45.02018939946575 -15.743197538995048 2.0357176916863824 62.587402125625
20.532626032958454 -44.634385306050305 -11.294554993587777 -15.303351989825073 49.130612421192154
-40.019381604249745 -43.69065546604545 -19.00338756941732 -18.852059567655882 59.24883336472806
50.008688974976394 -40.49648759932834 -2.6203581606632826 -28.756704698773994 64.3493158375337
24.332228487265915 -36.90861619210493 13.445642670367999 39.25942775182616 44.20750259919055
7.789210039736706 -35.17703523148877 -22.594890128787036 -4.675018440893792 36.02909380115205
8.204280907565956 -29.843844234449108 -5.7844411310980615 2.5272866093415574 30.951013932173055
17.313515673862884 -26.808966575672052 -10.341043956435279 0.040337331314342396 31.91361013987916
-34.892764590601175 -21.553982082529604 -19.74120026824885 -15.25884221095742 41.01315837574558
-39.984803398764655 -19.03825967913387 -25.361012794990767 12.800200451000622 44.28588748025354
19.50523584958425 -15.900946572429342 10.550853263674721 -13.733600977029967 25.165339789049
69.992682856356 -15.849925450374238 4.606508357972 12.798873625365262 71.76486452700048
-7.881438017250265 -12.800482796136196 -11.892778673981688 -3.5880750600616733 15.032279433039617
68.53169593052222 -11.589814715758807 2.3899605568320275 -14.660166358737778 69.50479945538414
-34.13058571753885 -8.021716740235677 -29.310355419217522 -5.455077048115142 35.06058784860289
-41.008926065093 -3.353644336405517 -9.675244409812823 -7.4734043929808065 41.14582539215436
1.2987797551733906 -0.10279239127926142 16.418982238573577 -33.76426759667672 1.3028411754351985
-1.2492099993209944 0.0017868946842188604 -34.50094915031897 2.420864750988814 1.2492112773196908
-59.03220618761035 0.9355164358840005 -26.350557430240375 -0.06227270858597924 59.03961854855572
-53.99041730169779 1.2559916489672975 -25.660529140676555 3.0823125774572264 54.00502453832062
-20.029009328140884 10.402927155080077 -45.493107345412575 23.618949268151287 22.56949507018836
67.82142290186637 16.119180148929225 7.2332141678907895 -1.1785333941610057 69.71064024773737
-17.483686461900916 20.57892598037026 -11.258454161109144 2.8384183356351627 27.003175475992613
-7.9338300477812895 20.882772336672932 3.162693124016771 27.995484748475327 22.33911008692644
43.96375995494408 24.788068689300694 -21.995574210293295 16.047235648738162 50.47039260224028
5.443350094238214 26.277313959584955 -17.855083140198676 13.473981744629505 26.8351875160296
47.45862909160715 31.228015151342106 14.955582311700535 -22.43429135082344 56.81118189531423
-32.901508152970585 36.86183614545927 -36.98208139484484 -2.22388799337271 49.40955566722496
11.285189684005452 38.1560630407009 -30.95775806647211 1.4961822182135573 39.78995666646987
18.411331462753406 42.16377119024522 -6.96856573047247 18.453323549038014 46.00826797972118
20.874265822543027 43.402512609457986 -6.887605092722379 15.231406232297479 48.16132336234057
26.79862938810073 48.620533674444204 -32.17698102820066 26.053299813983905 55.51686967552858
21.822192049281764 49.937180500597385 -10.015132162003589 4.815176329525073 54.49706462632385
14.011117247440954 53.40825203359975 -6.74287328529812 13.944041270695974 55.215512199166845
-22.621544372926618 56.460024733896546 -7.874311044752125 9.234892919631884 60.823257475966955
-31.6490534841357 56.61194955020353 -18.697199264765143 -16.52654274186318 64.85811740381351
15.877899113317552 65.08629885506711 3.570663530746783 13.621886620981728 66.99502944650331
-0.8541354399952754 73.3194075867785 10.674497921044278 23.987687188113345 73.32438254901996
-36.83993168940136 76.51973726318084 -14.851471417662584 18.246278030589043 84.92614847878166
