m1-67/data/wr124-jwst-nircam-2022-f444w_BGSUB-sources-fwhm5.0-thresh30.ecsv
# %ECSV 1.0
# ---
# datatype:
# - {name: id, datatype: int64, format: '%.8g'}
# - {name: xcentroid, datatype: float64, format: '%.8g'}
# - {name: ycentroid, datatype: float64, format: '%.8g'}
# - {name: sharpness, datatype: float64, format: '%.8g'}
# - {name: roundness1, datatype: float64, format: '%.8g'}
# - {name: roundness2, datatype: float64, format: '%.8g'}
# - {name: npix, datatype: int64, format: '%.8g'}
# - {name: sky, datatype: float64, format: '%.8g'}
# - {name: peak, datatype: float64, format: '%.8g'}
# - {name: flux, datatype: float64, format: '%.8g'}
# - {name: mag, datatype: float64, format: '%.8g'}
# meta:
#   version: {Python: 3.9.9, astropy: '5.3', bottleneck: 1.3.4, gwcs: 0.18.3, matplotlib: 3.5.3, numpy: 1.22.3, photutils: 1.3.0, scipy: 1.8.0,
#     skimage: 0.19.2, sklearn: 0.24.2}
# schema: astropy-2.0
id xcentroid ycentroid sharpness roundness1 roundness2 npix sky peak flux mag
[from data line 195]
196 1999.3873004145669 912.3663701233813 0.6904640322136497 0.14697765226371204 0.0059080091431572305 49 0.0 36.796440095519344 1.7504048558544998 -0.6078462736133022
197 842.8669536188369 917.1649163874293 0.7084422359882063 -0.08013442397890157 0.029709870493432013 49 0.0 67.18847868272863 3.154847765323021 -1.2474460188748706
198 2001.740602255565 922.84163825694 0.7318051528424371 0.021928969765345502 -0.0018871902746006686 49 0.0 23.033636954353177 1.0634538878648525 -0.06679665830487755
199 1867.8860928730078 927.7773495564899 0.7205101869924475 0.033722281416201476 0.019815227818409935 49 0.0 24.46277205038902 1.1382966392834986 -0.14063863409344396
200 2128.256941604903 929.5145238184931 0.6784852058384511 -0.0701717922019078 0.1476393487079851 49 0.0 36.11514396503904 1.7191182134857712 -0.5882643538749354
201 1549.1705460211706 933.9875546972734 0.7735384095052857 0.002431467446210939 -0.01487610332298946 49 0.0 175.26760486913798 7.752240139501558 -2.2235680432482496
202 1315.923573375707 942.7539900975986 0.7219029342106874 0.027327823003944957 0.047258999369679346 49 0.0 25.855735326228253 1.2150422055205232 -0.21147840945788074
203 681.8448203822422 944.7470190391037 0.7037307370822666 0.05411548007011443 0.0322240722231062 49 0.0 26.854106734745788 1.2755693618878183 -0.26426019826241254
204 300.3919381263485 945.8847523760869 0.7898465652239782 -0.10765362635036375 -0.06998221774011434 49 0.0 110.51506284455621 4.760299210560637 -1.6940856283408534
205 946.9143535266094 945.7971128100376 0.7549899105720645 0.020069621118892173 0.007147581776828577 49 0.0 121.23063837897028 5.314024219885715 -1.8135588236890097
206 580.8894554062986 951.1771445181645 0.70383975809915 -0.011882328693852057 0.025286876702099767 49 0.0 65.07090417712175 3.0671197701142114 -1.2168268384597112
207 101.31897562374607 953.5744426347858 0.6526950492540308 -0.1354537679688559 0.037317520171803974 49 0.0 50.374767033216706 2.4827891741776917 -0.9873496076071249
208 1577.9168061648147 953.6753814476476 0.7181792476655063 0.05162125023784309 0.03820313020457493 49 0.0 29.56633947007369 1.3632231322489008 -0.33641736734400196
209 399.80397443815156 955.6945045798554 0.6994189561714125 0.05298874630339286 0.022571988596805946 49 0.0 24.495272543732096 1.1616897776770894 -0.16272541946767427
210 786.7768900458397 960.7396124856624 0.7722523216195586 0.06682831272512885 0.0084975724784612 49 0.0 313.9122229663998 13.960683188586259 -2.8622666792732145
211 1444.282571727899 970.6946225910507 0.7069421620818883 -0.0983421699632786 -0.005738646492897074 49 0.0 21.608375209041462 1.0192123319372708 -0.02066167439907502
212 1719.4922787302733 977.475316225325 0.6452513147828082 -0.23565870706997025 -0.0009439153249536876 49 0.0 30.361754230342775 1.490075675340688 -0.4330208128902627
213 863.2277526678524 985.2943429811828 0.6880638722527652 0.12573638265930692 -0.03669525294009241 49 0.0 24.238838768692762 1.1224565793058803 -0.1254238747839752
214 81.29775743047738 986.0834909051445 0.7061348119426706 0.013048746677854111 -0.03919621366223975 49 0.0 44.3289480775672 2.083775357143698 -0.7971272443284028
215 690.2772033227058 993.3538709915831 0.6977882261080028 0.13662621727497284 0.017407496608104978 49 0.0 26.653624164833108 1.2607211942773817 -0.251547634801903
216 474.5908546972712 995.4282468484847 0.6705916547232026 -0.15435836654780064 0.017588374792733823 49 0.0 21.357977624392827 1.0392256909942565 -0.0417746862881161
217 1376.8632065342808 995.2155193666979 0.7135666840913825 -0.03024764435538349 0.0028449969005388772 49 0.0 75.6624611518273 3.5525470796261125 -1.376349605159112
218 146.70401505810003 1002.6143440958301 0.6631475745213946 0.12377483310962835 0.020242270126840833 49 0.0 43.14847916555449 2.116667681896786 -0.8141316971891289
219 318.51474707172923 1005.310066199979 0.6511736798430257 -0.16395482116109686 -0.03958924537082345 49 0.0 39.00459319760934 1.930323638141574 -0.7140753223584163
220 960.1211440940232 1008.7990662936708 0.722367632442279 -0.032164269386202975 -0.030480523010805463 49 0.0 23.18366728901735 1.0809768802619706 -0.0845410136020002
221 1599.1620388216882 1015.8424114345621 0.7429432104845415 -0.047498648418507684 -0.009355862464356376 49 0.0 114.54536089836837 5.237552475031568 -1.7978209679800239
222 319.8712384664957 1028.3245710455665 0.7609009172023941 -0.039734376079495426 0.022000979014738204 49 0.0 152.70355032198276 6.801043178429517 -2.081438830254014
223 903.9441234332445 1039.591232648149 0.68150382043535 0.04242581576292327 0.04887344134758475 49 0.0 46.78076717475626 2.283880801460435 -0.8966835845093301
224 1804.8017410490727 1043.1454884899595 0.7025220009469582 -0.020137332431850136 -0.010457209829307241 49 0.0 113.02680874042083 5.403539938150752 -1.8316959143335831
225 160.12279983211027 1046.2308566462416 0.7174039226727069 0.03844306761328314 0.012921722199028844 49 0.0 23.356414873755153 1.0870143156940377 -0.09058815917154453
226 185.7492479306996 1051.4727962391728 0.6571301576795895 -0.025152055232084046 0.11843643660398212 49 0.0 33.04627352496518 1.6082631457558683 -0.5158927748987215
227 1888.588660374848 1055.4584468616313 0.6693340563676637 -0.16553038871402662 0.017059514234019694 49 0.0 23.343272391864698 1.125637922816235 -0.12849679020761215
228 434.03970062713614 1057.449086155163 0.676255745570632 0.056552517481105714 0.04051652540681093 49 0.0 35.84401328248709 1.7293243740439357 -0.5946911567598249
229 48.95828942840642 1060.396602735413 0.705718668188631 0.03013201002044573 0.05682351221504392 49 0.0 35.64122190031552 1.6661683111035224 -0.5542971758872829
230 322.8568657232427 1059.58641325159 0.589339289243742 0.07398531421329813 0.0510796128717028 49 0.0 475.32769215311015 25.352059616635476 -3.510033118621571
231 1568.9959191171633 1060.8496905691916 0.7416836332436156 0.008522956240994486 -0.008795368471291679 49 0.0 90.10465497293276 4.10267749421261 -1.5326684475545227
232 674.9098329657762 1065.0341860350431 0.7860034459416596 0.009456537830960015 0.003376422233847546 49 0.0 181.72376298850588 7.954905803893619 -2.251587603548134
233 1977.5298136411384 1066.703509350283 0.7061684771862254 0.11158595557087822 -0.0645052477775386 49 0.0 74.00842097009405 3.4476436745481336 -1.3438059342286972
234 826.9754822974196 1070.5126991550153 0.7370994595610953 0.04990082246510534 0.08227379514102208 49 0.0 128.33471603985723 5.829855011934287 -1.9141443850536788
235 687.2765801567048 1075.5158145467735 0.6655134313022277 0.17456654194110854 0.03571056958496905 49 0.0 29.270307614830482 1.4172709884038663 -0.37863224297298836
236 1704.5309520218843 1077.950980304546 0.6677961201189012 -0.01736106191880249 -0.08280739220219073 49 0.0 52.8811985807479 2.568863758161939 -1.0243526792650408
237 1231.4240352589677 1083.3034533058365 0.6711962876969668 0.14454609524685258 0.0020942111463363835 49 0.0 20.678886815528905 1.0287589586172383 -0.03078407537728386
238 79.38282541193642 1088.2119307373896 0.6841315513195115 0.07427154305813927 -0.07309586876205455 49 0.0 357.8684674071561 17.24418829376322 -3.091606890954493
239 1388.1386389851402 1090.5139999778369 0.6949475015263202 -0.06982765423606235 0.0650410208207699 49 0.0 60.329082319660166 2.8408119791076465 -1.13360622656516
240 735.3814341695926 1098.8257962678954 0.659133654341712 -0.19051301998398043 0.02098232648424152 49 0.0 53.73688588449675 2.5588300366435197 -1.0201036000254633
241 1511.0650846025337 1100.0273949914285 0.7362213490404741 0.13383532874399728 0.017926225530912797 49 0.0 24.496157102766887 1.0732433000441464 -0.07674546495430574
242 1775.859629738876 1100.9043286196115 0.7252846603403289 0.01283257565256006 -0.010310106097114172 49 0.0 30.39587413665161 1.4157385680262626 -0.37745765855030755
243 45.90360782310759 1102.2701687416795 0.6833863113496428 -0.0029082983360297758 0.018653043549960703 49 0.0 69.41945124335591 3.361770814514102 -1.3164202562620528
244 1059.9479706150432 1107.530466314653 0.5305331073035691 0.995708574812046 -0.7885547185042254 49 0.0 75.95348277043949 2.631827702903118 -1.0506436351058097
245 1063.638919783147 1109.620894426874 0.5158044307263616 0.8582861203561885 -0.32326248879871355 49 0.0 75.33893853561156 2.459348361011957 -0.9770501247643083
246 1075.54588745126 1110.3354935256716 0.5279634080942847 0.6923895412272122 0.05895094553792412 49 0.0 68.81772902262207 2.4545801652833044 -0.9749430512360313
247 1122.3085524390413 1110.1951562283116 0.6078945282238725 -0.5181956358910957 -0.1788752599306824 49 0.0 53.23086311194631 1.985029269620692 -0.7444172872453608
248 1133.7566355356782 1109.3429119850098 0.6417313358807398 -0.5975102711788386 -0.4074309916413259 49 0.0 59.90249219129744 1.7631947609426057 -0.6157507168387428
249 1611.9646791167759 1118.0813587195482 0.7444397092324745 -0.012544148970407067 -0.009278476449543717 49 0.0 158.46086477607525 7.287298203714585 -2.1564163541598234
250 1126.4439277081128 1140.0001369700537 0.5407028810117201 0.670054627083082 -0.8797898418346997 49 0.0 44.73508712139387 1.9953400464382565 -0.750042297308987
251 1361.2390410736216 1144.9362915293345 0.7226976343178483 -0.03989075666838469 -0.04213600235035328 49 0.0 31.148731009197775 1.4533927046838238 -0.4059574397953139
252 2189.4715064969296 1145.0887638038719 0.6479856840253753 -0.019335085303546717 -0.10645824010156414 49 0.0 41.80095540028404 2.066886864554445 -0.7882917631158533
253 1064.03358666065 1149.8646556627425 0.5510898789710964 -0.9848004411972611 -0.2765263231540934 49 0.0 64.45325206423352 2.001252476750093 -0.753254706026364
254 1132.9155420297939 1150.2031386976962 0.7584179036308378 0.2520451403963669 -0.47660851895991074 49 0.0 65.30520898770895 1.6653253829678256 -0.553747754097235
255 1588.6275045165946 1149.1123215469422 0.6977125089473325 0.0241897836178659 -0.07516428840292327 49 0.0 56.2987096688698 2.60872958063579 -1.0410726568110815
256 1123.0294717033275 1148.0614279300478 0.6563189702632676 0.8894809145711652 -0.27399425134562677 49 0.0 41.497215468414126 1.168095303155839 -0.16869569415452962
257 1137.3059442930075 1152.2042436297304 0.5663129343122654 0.8202868954796735 -0.8806118237346251 49 0.0 73.15298149309858 2.5584693553305686 -1.019950548687051
258 2037.2256471988464 1157.0481407809352 0.7121007271199961 -0.003817101803274072 -0.028956459984697206 49 0.0 40.91122219605169 1.913895120153248 -0.7047953377991611
259 1180.6324084343287 1159.0224647335915 0.6639482843474154 -0.014046863154656667 -0.014633814881541191 49 0.0 27.078584584588885 1.3617977260790006 -0.3352815116520603
260 1154.029445223894 1161.6747637934445 0.5585435257102577 0.9170931145920147 -0.8172897863818753 49 0.0 32.323141361897335 1.0936582306525544 -0.09720406429128693
261 1977.2500129017678 1189.0104107543323 0.7007553278290761 -0.021893951203712427 -0.05746172649964656 49 0.0 357.5309914120203 17.186115894613025 -3.0879443403304876
262 356.6758172386088 1198.4017760720592 0.6788441063671994 -0.13060119728296926 -0.009570382681842677 49 0.0 33.45701616126865 1.6066982766831615 -0.5148358196704163
263 948.2971566210499 1198.222073900265 0.7014743253267693 0.0813600711537045 0.008187925418387601 49 0.0 32.295286482775744 1.5437021061489593 -0.47140874171925584
264 1779.3353385126306 1211.6270144706918 0.6973512169589496 -0.10881798433927431 0.010985411500943112 49 0.0 25.80421809482611 1.2131229579027396 -0.20976205417047036
265 463.53250708771475 1218.869386045913 0.6865764846348548 0.040559724016104214 -0.052068906749881606 49 0.0 34.43325231378583 1.6548607063233478 -0.5469036100511767
266 1011.4322027016468 1220.939430112603 0.7244700846036869 -0.06797296535254958 -0.07905156212211714 49 0.0 68.88341098036243 3.127379220214649 -1.2379513654522687
267 995.8033772074491 1231.636740785868 0.7019402697030815 0.11818895174615875 0.03679646429087005 49 0.0 25.22690126641521 1.203599751829306 -0.2012052238017664
268 106.85935248968482 1236.8487993141391 0.7176705439654558 0.04144598961079589 0.017207854949723288 49 0.0 50.271633995347 2.3528063719570262 -0.9289654691823633
269 1873.8550526642255 1243.9140461648612 0.7111555831901876 -0.0031057150444630463 -0.008833586829485013 49 0.0 24.66329562928794 1.1560874422265528 -0.1574767094333136
270 330.2472503141454 1246.2294437858834 0.7472817394611816 0.0794905068813952 0.0038746291123245586 49 0.0 123.46774621555132 5.554383736818826 -1.861589701600924
271 1600.861242545128 1245.8766647112711 0.7204885522743201 0.06873345276691413 -0.03352476106180646 49 0.0 56.363412216248236 2.5781447201001733 -1.0282682303488015
272 2189.4794971661768 1245.7878697083795 0.6694234701114146 -0.08705208330297635 -0.09491309900175719 49 0.0 29.87338825044167 1.430629275257788 -0.3888177696391041
273 1567.7389177501054 1259.0881390146676 0.7030951963192105 0.32780907662283304 -0.025821431394345312 49 0.0 79.72079270049207 2.6882962538789434 -1.0736928171442717
274 1601.6022153973802 1258.8270336008948 0.7069083015093256 -0.1421267029544279 -0.1524988020159232 49 0.0 88.70498340024211 2.640408505278265 -1.0541778075756567
275 1043.2624854110677 1269.898096332959 0.6935628050357211 -0.048637565639832535 -0.03377343545067027 49 0.0 44.97447952411061 2.1459300930078533 -0.8290389251146186
276 1083.7883976978562 1274.8561167641926 0.7016134337017719 -0.005170216822066047 -0.04843874719332993 49 0.0 21.336345113869825 1.0167574304829172 -0.018043387301686475
277 1568.2649341207084 1278.8531029702224 0.5909118309998767 -0.2877047370863193 0.5156264459665576 49 0.0 55.32253796172661 1.8409974625898498 -0.6626329748124729
278 1599.717665873574 1279.862116018038 0.5852058058155041 -0.2017781185928188 -0.3166266143588148 49 0.0 71.68408664179996 2.6496642417575353 -1.0579771120208945
279 1650.7039189991651 1286.3137253703662 0.6944755254669644 -0.08204709691582367 -0.0006116422200168905 49 0.0 38.16030124190273 1.8554441372457646 -0.6711197084189278
280 1339.2874777604711 1287.971489364775 0.6914602178634934 -0.041002107247517655 -0.05942021099149332 49 0.0 45.87252818480268 2.2268145580008594 -0.8692101297087423
281 1584.9707821409163 1287.2218564868417 0.7861264689840946 0.24852560888332975 0.9119334665881624 49 0.0 49.276061986016956 1.4690547654450163 -0.41759496579836347
282 1112.3827246805774 1288.6036643014957 0.6679805179369687 -0.1570568362359451 -0.037256153046273895 49 0.0 34.84493865389294 1.6664838956163714 -0.5545028028240478
283 2214.2444362848764 1290.9759088016374 0.7347295842749976 -0.0012924878066883842 0.023370495741606354 49 0.0 39.11120095968766 1.8037963604114526 -0.6404687657453967
284 564.6441303484669 1296.4350913515068 0.6529652493894804 -0.15739544793790605 0.014054203279003516 49 0.0 43.30816152425522 2.136804360489603 -0.824411903153191
285 2173.4517264468072 1296.4366002214829 0.6714801067084674 0.24842128328596857 0.05136356174580685 49 0.0 24.18037239694524 1.163052078443442 -0.16399790434956402
286 904.7304768150965 1298.7074807307158 0.6998460995569824 0.09286666094920486 -0.00809479994093674 49 0.0 33.140764294194284 1.5580202939731067 -0.48143277567630544
287 939.0567584485901 1300.0901434393154 0.7136358535785762 0.007775624791611096 -0.000354299988596915 49 0.0 28.586959391699885 1.3428837064715504 -0.3200960111496106
288 1338.4341227929924 1303.106601520485 0.6806856696108595 -0.07731258270170535 -0.10115967273484418 49 0.0 27.071542910933303 1.3356286000086384 -0.31421427523134315
289 2125.1901756860752 1305.0055538869233 0.7324355770326335 -0.01784158799389549 -0.02587437430729684 49 0.0 24.600775653518255 1.133404812159614 -0.13596263054384533
290 2089.9177564978836 1308.176806310875 0.7090421235995623 0.009161977395627428 0.021834636618826283 49 0.0 25.715473069700572 1.212184236613057 -0.20892158023497406
