m1-67/data/wr124-jwst-2022-f150w-TO-f210m-OFFSETS.ecsv
# %ECSV 1.0
# ---
# datatype:
# - {name: 'RA, arcsec', datatype: float64}
# - {name: 'Dec, arcsec', datatype: float64}
# - {name: 'd RA, mas', datatype: float64}
# - {name: 'd Dec, mas', datatype: float64}
# - {name: 'Radius, arcsec', datatype: float64}
# schema: astropy-2.0
"RA, arcsec" "Dec, arcsec" "d RA, mas" "d Dec, mas" "Radius, arcsec"
[from data line 859]
-29.50794235330314 42.31246883068552 3.3927218318493844 -2.4441335948939824 51.585498623721854
46.61626930408284 -23.299855496433214 3.073790940199175 -2.3849616714058337 52.11487139718377
50.71292204428894 -26.813704930394515 2.1403234087882446 -3.651603123402651 57.365278870390966
40.031844783133636 -17.660456181949254 4.039151143995241 -0.5842162351434897 43.75431756281919
51.6839281075904 -27.693465524281486 2.23574424756433 -2.2419644240048777 58.63579488104627
-38.29641179043241 49.63706702302796 4.070602522051655 -3.1013658531209334 62.693329392815166
-23.61962122083457 37.005061501547026 2.97119808674413 -2.9283407141723545 43.90058174286736
-16.250072334200205 30.614205415909627 2.1689130204311398 -3.106277867420996 34.65969449047346
6.454749091874416 11.038367551234645 3.8825668494283287 -2.0977206154465047 12.787077226486044
-4.049008401860233 19.91905542677565 3.3456756840287842 -3.114285125020411 20.32641724657421
41.65575405524591 -19.539030717518997 3.0955311408244515 -1.1475151351355606 46.01060271400917
39.727742792879845 -17.963581954199398 3.113050437509732 -2.0788935917206186 43.600273164977374
15.060161550988296 3.2160908267941952 2.6141304844747966 -2.328905853111306 15.399730716212291
8.645799614085083 8.69849385451203 5.3784872634638345 -2.2758899631813323 12.2643241256755
-29.04961001156776 40.92693615569793 3.137058206961827 -3.275766823691401 50.18858370030594
50.39014225639423 -27.40948137705531 2.7095206029093237 -2.1689216079287794 57.36241008745276
15.252702898705323 2.7271969424837557 3.368051279329439 -1.7085565766480344 15.494597409011027
25.963124005992807 -6.481248931477046 4.06408935164163 -2.4936184202943763 26.759865389058255
28.43910327354366 -8.63382525753427 2.5523209969615133 -4.187428923844983 29.720792942099457
25.649405537649997 -6.439226207092278 3.641764393006569 -3.0656730183801733 26.44533301685337
43.82589015110716 -22.106634656016478 2.3962633907998527 -1.66908144154674 49.08576103108181
-7.2648654426486665 21.733468333564957 2.2945084137645395 -1.43341424001369 22.91553873488175
2.548901844323037 13.206744499506518 1.9582784890185163 -1.8083930380106015 13.450464708651012
56.12864518729627 -32.961504242070596 1.7527241952597228 -2.592229606043678 65.09136306492195
-30.415534402950467 41.38786532571761 2.910355631615084 -2.558272064126018 51.362049382886866
1.7497329695409947 13.545627380076064 2.2641383047109667 -1.4492926948999123 13.658169225064293
-11.480366675431112 24.784877944222398 1.8945895417717529 -2.631229108275688 27.314629652977267
-13.239425030292857 26.156661712805473 2.392207195064592 -2.1860783748136923 29.3164344037586
15.152084810800547 1.676565726890192 3.78733377915064 -2.1043603770217407 15.244557938745992
31.937501048050855 -12.766196695267832 3.741474847153764 -1.4593721614798356 34.39447266584542
61.48692330803228 -38.18284951108793 2.4040252177167183 -1.3142571341108955 72.37797794561008
-6.558070084919233 20.235433172650122 3.0717979995468827 -2.2287394715394084 21.271601697673493
0.665774652280998 14.003767261267285 2.395355554899348 -1.6784588401196088 14.019584637025304
16.97437438994647 0.0193835936001277 3.649905546869186 -3.1905409476134983 16.974385457447728
-18.970802599902846 30.87814954748886 2.3214015022736794 -2.611043840123079 36.240191336065564
24.81314504541137 -6.831401118625667 3.1725192021663013 -2.087016185138337 25.736359650584582
17.49496978353778 -0.5539596805870761 3.645587753055818 -2.772249937369811 17.50373785948745
26.34525190206705 -8.445340300143425 3.6010734743393997 -2.2330953594923066 27.66579241920024
22.845705558815844 -5.457352157447403 3.921081238193659 -2.5772963254976986 23.488485581867103
-15.578372142718587 27.497922558883054 2.3779726276765896 -1.3262976645518716 31.604136157043524
15.953253175138117 0.2657014439932501 3.5842612607597957 -1.7678563164510568 15.955465650669115
20.71637142772935 -4.071603810537548 3.6404846268582784 -2.465570633952575 21.112697664426857
-28.20414634521968 37.83043874203672 3.0135004321684407 -3.1693016614505587 47.1870316671479
16.11074865994648 -0.2725701599002195 3.8495491690523718 -2.4844680064591276 16.11305423806393
28.97308748816559 -11.340485474679776 3.6841155841174538 -2.771725893913831 31.113444177045817
46.12767922887806 -26.447175433031873 2.5327108278008534 -0.5620176109941996 53.171570108205984
11.583733387461464 3.157818399056238 5.054506785801373 -2.1798648279213224 12.006443945886383
23.91232805683766 -7.535625220547912 3.9821288314663286 -2.7522396251691212 25.071599077649413
51.59552019023326 -31.389032754252234 1.7427063754628578 -2.3518884127451516 60.393452131808715
-3.3949632681193846 15.825176899807374 3.3728796514024877 -2.4579018268101454 16.18524017364503
-24.31677520727528 33.66181830662386 2.824938941339621 -3.112245411130972 41.52617924800011
39.43288495196867 -21.223152732877107 3.607473656180478 -2.239760917910453 44.781409335426964
35.07060258264926 -17.59108930551696 2.9650571213818133 -2.129799270130528 39.235106543648705
57.65199684690725 -36.98781404719215 5.040839531407462 -6.799943241263941 68.49708820681839
33.917671390028275 -16.7781662872976 3.6196831656750135 -1.6140949041083477 37.84065662693336
-10.796499623128435 21.571961703548077 2.3451136213570254 -2.1194698959192855 24.12289235202816
21.918052036974366 -6.621947354035252 4.1782813725089465 -2.9810360843404142 22.896532307201284
37.49941512451683 -20.027486653519382 2.2542982690152433 -2.1745614069288286 42.51242585325543
4.833116973716212 7.806307143986842 3.9539505838603812 -1.8979195672565827 9.181364326600018
23.152046020128406 -8.021432367873164 3.3343714112854665 -2.2115887731528283 24.502257281380988
54.388166656940605 -35.12208894118231 2.8470905060018437 -2.1925796143269967 64.74282798362506
55.725852966224615 -36.36808326315097 2.5531427861356653 -2.1794804171769675 66.5432801781822
-6.29320767444812 16.72269094324212 1.9221742787908118 -1.5605325974285433 17.86764828201311
45.20985463159041 -27.769276377816375 3.421251136358853 -2.173305743023915 53.05717344542844
31.14755008666994 -15.756226418362852 2.9445681077126817 -2.3881737390230815 34.90599583828925
-34.58047815465851 40.66102780728241 3.445497569545357 -2.44747370782604 53.37722956705526
2.6515900759516278 8.644454434316092 3.401670943289956 -1.940919595339153 9.041986639798083
12.345265711597978 0.28375810549596625 3.1702087645512655 -3.4024534131749147 12.348526396061656
44.16141399100152 -27.10602093220929 2.3563840593596415 -2.224867941353397 51.81666570932087
-25.920365152020242 33.02929093645856 2.546084218025528 -2.5948301980289736 41.985704515159625
-14.84977712425542 23.494578387976592 3.0739437404071825 -2.066270439639761 27.794083782629023
15.909866186447708 -2.91646041896607 2.741109690077892 -3.06949274878042 16.174967803029507
-0.5392056198566769 11.142518192713124 3.103229546208747 -2.0293737636798443 11.155557107340174
14.518088747799075 -1.8150727968413198 3.5224406209495775 -2.514927425488155 14.631110352306564
-3.514765099803793 13.539011025383086 2.9165098675237533 -2.6838170660232668 13.987794437806965
-2.090507694600387 12.317944803113154 2.741535916210754 -2.6693791123411597 12.4940780607789
-35.33688429581452 40.85041768477227 3.5992594742379302 -2.557984566155029 54.01344277510242
-37.742644276173685 42.59097267129812 3.146438044384025 -2.7882838946632993 56.907803768854606
8.820475049951082 2.4540662039637633 2.612389638403222 -2.413734986798243 9.15550222748369
-22.29867692655827 29.108379365465556 3.2529365833656936 -2.570199731948011 36.667816115147644
-1.5613281780178987 11.27917429873483 2.695715169953385 -0.9385723751079984 11.386725540641857
27.731046228530957 -13.993747420671749 3.2421565372783068 -2.081359325642976 31.061807587789918
53.32262111322559 -36.00348288863263 2.6428994603183975 -1.6938496167398567 64.33935555806333
58.10104561604056 -40.11645291780134 2.9938512643184985 -1.8256507251677787 70.60496621215994
-45.12042870329993 48.493068440239554 3.194507833373303 -1.3657302285648651 66.23768365211446
-43.80126878422764 47.3871490450949 2.9616818340594224 -0.9777354863450441 64.52978388286994
22.788554251366683 -9.922540113435312 2.8276672236898244 -3.509783428028075 24.855080099843825
-34.71450797813513 39.3249526585442 2.8623228146656436 -2.078146559575921 52.455208999235005
25.70944227515938 -12.78687295431322 4.53214547175868 -2.405532850252385 28.7137517786849
-2.4719237399101903 11.387421570697853 2.4545669121766593 -2.336785008145927 11.65262961730522
55.63709243149238 -38.65110675743383 1.201936546529263 -3.294445592858031 67.7450667693455
-12.37550190673547 19.60503112625039 2.5512039925184924 -2.2050272379560947 23.184268210180793
-20.403492374891236 26.42316947152033 2.288385230247336 -2.6473397919980894 33.38392403139855
40.05830402849937 -25.712708540485586 1.9924578860752056 -2.4504697712526506 47.60053669667688
2.182069662382124 6.8146244046071285 3.2505968795587004 -1.887383818302057 7.15545482732483
19.865156021245937 -8.407374010501533 3.5609888101056186 -1.6738730476798926 21.571007423981484
11.97139632889221 -1.7008123188546145 3.9884242801861904 -3.1876212785658926 12.09161248987276
-9.238751245773122 16.312973828938166 2.1777405672551198 -2.107204670740061 18.74747021721236
-11.355936724241019 18.050345917135324 2.4621468673435065 -2.292509576363867 21.32539064785516
27.757875173029472 -15.63211287436629 3.1599432011724855 -2.105779294981788 31.85690797245898
-12.538443470936855 18.93451281660485 2.2710376033648765 -0.6105395603592142 22.709653009950834
27.95508012663894 -15.897432407260276 3.04138757505439 -1.7630823547630545 32.15921112972274
55.96276864829992 -40.05898982222292 2.9653853698916035 -2.3942086201645525 68.8226278268805
30.412220017514983 -18.186189837520516 4.043760534878472 -3.1898010030168527 35.43501975174531
-42.40524578318554 44.34141346822343 2.819425504504845 -3.2055969606757477 61.354427636420226
-31.012544167685192 34.31666665116919 3.5819591587424666 -2.3118386710017726 46.253772785865785
-44.00964783187292 45.33132592564091 3.460939848251452 -0.9818608629612929 63.180520584109445
-31.89216217400845 34.82375212025969 3.8054180530306514 -2.395185568246064 47.220797432801874
35.091080417154934 -22.86772693065272 4.7379743249920185 -3.00349864236717 41.88456583012936
7.6293132329509055 0.6201639617917343 2.258709426102952 -1.3999318958654339 7.654477365946135
49.71482939715912 -35.624522643572504 2.1489773507599357 -1.5583851963187003 61.16102395323056
-20.133729072647004 24.324168175576343 2.5248553971597127 -2.258755546690278 31.575816726128192
45.211301339036275 -31.823277878845904 3.2286121184506356 -1.7855829611293528 55.288179274725536
39.150121349280276 -26.725703209014647 2.7455288965133886 -1.875748125399822 47.402481001577414
22.221143393725765 -12.265831081254156 3.9126407241633125 -1.6834847933383565 25.38168286896974
43.399622559512395 -30.531382984025562 0.9730747422259277 -1.552172221926173 53.063099904540515
-5.117452025799325 11.119259589708523 3.1120651652805082 -0.6407555066551538 12.240353305074331
-39.91921544233459 40.955656473994566 4.099542938698141 -3.0807738123801154 57.19186601088484
56.00946925210841 -41.54248313033707 4.930390640461442 -3.3028594627457 69.73405558346548
-4.327120332826063 10.276436821979 2.1905065236967314 -2.7822693487162384 11.150297041598625
52.169147428272716 -38.43205085622544 2.2274732163874056 -1.4482957207739051 64.79693237279334
-20.68223695922 24.047084281085382 2.1569553078174035 -2.7297740901431844 31.717773977954128
47.31372510513583 -34.413822316315745 5.211859088907219 -1.9825111478588056 58.50555297559326
-41.228250343533475 41.61052410000314 2.602878400817137 -3.1991538184464767 58.57648264624061
-12.856971178153067 17.20570904955889 1.7552725065593864 -1.8710203987991136 21.478783284710076
4.879320320386481 1.8737856034074425 3.8799636926437384 -2.452773064069651 5.226742702401323
6.5092818560383625 0.4469516527439101 4.475830185085459 -2.2246168658223984 6.524608498809027
23.11237738571958 -13.845141183320544 3.5503783270216314 -2.103337571702832 26.94197323894063
16.46635563457917 -8.13279218915527 3.575016842450382 -2.1608791072390496 18.365270935525935
36.05383141154079 -24.98052838641884 2.1825374060368343 -2.1264983161877087 43.862347766285026
53.89797530741922 -40.3261740536442 1.3841618151994268 -1.0813262184758483 67.31412941597877
-5.949307316843314 11.075123390476975 2.976803295303686 -2.190166183990265 12.571897853093311
40.711971664036476 -29.0169415329998 3.3553642019161494 -2.292870892464569 49.99447491240823
-37.70675387008842 38.22963822518398 3.635784265750049 -2.1150563686822275 53.69641058736756
-37.04919413892867 37.47057964566468 2.906931681806066 -2.0145774136462333 52.69427967278479
-30.594269816545726 31.883371735546053 2.437599997689571 -2.339544423037574 44.18776676156306
-29.678463389847906 31.050343746419564 3.0042416784629657 -1.8055690794866925 42.952706891420185
34.54026093369716 -24.186339768535767 3.804788978753537 -3.1405368190558214 42.16643986996035
8.232716898456706 -1.6069362353673258 -2.03514424149398 -11.873734077415603 8.388079136132731
30.10134384194992 -20.67931320723553 3.0912961533883263 -2.757658759829814 36.52019842191267
-22.88621087596677 24.745517459293243 1.9272614551427343 -1.6596052638510188 33.70636853876063
-19.97760034286049 22.20995186992477 2.5669429749930455 -1.3792155654087739 29.87283843192564
39.52738921638292 -29.031219110816423 2.4657724630471076 -2.0363983023993346 49.04310523423483
14.835312589920276 -7.9313676242442535 3.5340121137194562 -2.972049073410259 16.82239851874226
-7.959242415552567 11.534672751762896 3.6639354570134333 -2.3170211571275026 14.014214756997283
27.085423166701702 -18.72811570038121 3.5337732553351 -2.2980689620360164 32.929659333038096
45.44481833881585 -34.666550631076085 2.710639885901718 -1.1333422488806064 57.157687383754286
-37.68708919133994 36.647586813342016 3.2084617842384255 -1.9831618855299675 52.56769251168328
16.05658286752925 -9.629508217265144 3.7877561008345766 -2.237724833670017 18.722747707061988
25.003558160199997 -17.330212476204384 3.7109305836480537 -1.8630674828847642 30.422264604620807
19.277450450534463 -12.86556162707074 3.638392483433249 -2.7484597980079073 23.176340767496974
25.224494401887092 -18.065536602405132 2.6134332254664194 -1.5235092387034423 31.02641985371482
-5.579318720320177 8.202105682892714 2.1201420221845693 -2.9189085731645315 9.919845512836618
3.949658290988673 -0.04687792233713289 3.3457119690688115 -2.2905675538475814 3.949936474807974
-10.448870751752313 12.31039099555786 3.1455866455180086 -1.386786475078108 16.146969570752155
15.42317007964698 -9.96784032477449 3.2514334048788034 -1.9721195887146528 18.363878018018138
55.111462200084496 -44.08810223933519 2.800356382045492 -1.9083729449337463 70.5764406771626
30.927498718625788 -23.546149933640194 3.4534025786728733 -1.7966873627275994 38.87070039928564
7.1440803868912015 -3.16751533305883 2.5389990515727 -0.619597114719983 7.81479609185407
-33.049177915453825 31.33172288508426 2.8382249909882984 -1.9249847606684243 45.54036683467792
48.88563590504853 -39.073310237573196 2.6041169584267516 4.0774144343295795 62.582177512233756
48.87280583598782 -39.52443675479402 -45.73861927714006 165.888341253958 62.85485042409359
49.45013899719119 -40.03115983265112 173.5929288465079 -23.980259804154564 63.62240150834399
-32.14605678583217 30.255540253069814 3.0916910294298057 -2.2185437187914436 44.144837472476304
31.505393790087194 -24.493886758954968 3.4409162769544053 -1.9429124443914707 39.90664508286889
47.89980179192988 -38.623504195044845 0.48513046992461367 -2.1165089496330243 61.53182965916807
30.426060991098073 -23.69423289773372 3.999610732461887 -2.0742864908367595 38.56373757783573
8.0386998021329 -4.7149584741128825 4.098211441464068 -2.3031966599268032 9.31941671508413
37.77145101897309 -30.24860685105241 2.6821479427319814 -1.5918450870231264 48.39070900782083
