m1-67/data/wr124-jwst-2022-f150w-TO-f210m-OFFSETS.ecsv
# %ECSV 1.0
# ---
# datatype:
# - {name: 'RA, arcsec', datatype: float64}
# - {name: 'Dec, arcsec', datatype: float64}
# - {name: 'd RA, mas', datatype: float64}
# - {name: 'd Dec, mas', datatype: float64}
# - {name: 'Radius, arcsec', datatype: float64}
# schema: astropy-2.0
"RA, arcsec" "Dec, arcsec" "d RA, mas" "d Dec, mas" "Radius, arcsec"
[from data line 1368]
-48.5876354202547 19.816859491888035 3.9911209834450716 -2.539249142403969 52.47348119369663
-40.3560625774394 12.675723412600778 3.2683422907818387 -1.9776851459351052 42.29994974867448
26.29275041524015 -44.59816263420086 2.943188096841941 -0.7129468437152582 51.77166043286231
8.222496029275996 -29.200280112120097 3.672149513006015 -1.0470051735080874 30.33588302863068
20.040898957971983 -39.465396741034404 3.873544629757849 -2.084532657920869 44.26234478728186
-30.97368885123316 4.26933591295634 2.280997600677632 -1.9022311780716497 31.26654170276969
-24.353810593260278 -1.594671579172425 2.4539291015519447 -2.219800104046159 24.405963776164437
-37.362296250296765 9.1839140540102 3.1309818424817553 -2.202111874107305 38.474478002018
-30.46427088550212 3.232351406675338 2.8502039318962007 -2.2887796253889467 30.6352720916282
38.418898748591076 -56.00904013487898 2.1120305467137954 -0.29848047592046933 67.91924853540038
-30.418354834692146 2.9308175010928452 2.5878838169880045 -2.5722152634440953 30.55922122712274
-29.836750943627525 2.3374057428564106 2.235915631117229 -2.8506185477322536 29.928166873945926
6.955024135342874 -29.294581234553416 -1.1463095649668797 -284.87463659611797 30.108883242415768
7.532701675370387 -29.801180394224616 -232.6732924462478 -66.60692812973383 30.738444121707943
21.856751686984367 -42.67808516109643 3.371169834822385 -1.2488840182769814 47.94931220054675
10.005900280302082 -32.69732968523425 3.325187494759426 -0.4629176248792316 34.19405515769804
35.216641786300144 -54.40004994706076 2.3046178564362245 -1.4105861751873845 64.80414542445193
38.52458933876688 -57.21745918353335 2.9778563744142748 -0.9382201732047918 68.97812393127357
-42.21868153023864 12.151000347656183 3.425086564704787 -2.3028520150215197 43.93249227553256
10.81051431902506 -33.53201884605126 1.378639046617215 0.8920591673909335 35.23156974511407
-54.049902562960234 22.126781084246776 4.597268050211448 -2.5584379516804283 58.403650545195845
-33.963081941662466 4.872419015237962 2.6592481780253814 -1.4290776109554986 34.310805904577236
-58.46975187694217 25.861986217712946 -31.732689823102444 -277.25404211573147 63.933983121302276
-20.531987211265 -6.897670433318433 2.7772072478574246 -1.8560377916666904 21.659648106465287
-26.499262990766155 -1.9168366378500623 2.4143232189365826 -1.761344897890549 26.56850017846703
-8.495949103457608 -17.39472122258104 4.471188722761044 -1.6115905149966134 19.358653811847017
-21.63875037277777 -6.1523633942143 3.982016953547076 -2.8985575777574693 22.496379550613277
-31.77435982229854 2.370361310871683 2.4761441449967223 -2.0850885323681014 31.86265140907748
-31.95556636432187 2.3966347015651346 4.98884493539681 -0.19834821533919503 32.045312910128466
-0.1864327302222536 -24.92123101319403 0.3113184070423007 0.5938354118499114 24.921928343843213
32.06329448814717 -52.73083686153146 3.1632367355173447 -0.035115067899544536 61.71382330692282
-6.64473807289521 -19.47484370670947 2.332026618453645 -2.692105959195282 20.57722239096804
-41.36562975073834 10.101569422062365 2.889276015658263 -1.6722211566338716 42.58118161928848
-1.4050226443415754 -24.317552778048483 2.6448633981286607 -1.1547477431978679 24.358108747095738
-14.103348357934989 -13.791750291068965 4.236191609393837 -1.8702030865737307 19.726043969773876
29.122725973372933 -51.28287283644969 3.0651078808854866 -0.413859105761679 58.975132021942194
-63.889515590386246 28.612128516843175 8.566376025406225 -7.336545374392917 70.00374328892865
33.785342831460575 -55.36410151836746 2.4066927807336085 -0.16826419590699873 64.85856227026187
9.416679392731385 -34.52770203534594 1.4882708657877848 -0.6414462277153272 35.788769995589895
-29.236756881757753 -1.437366328061095 2.4310336878441485 -2.326690221470214 29.27206816916408
19.19177858492702 -43.544971136033844 -18.498651922530673 -37.847674043359625 47.58664593158084
19.359661717893626 -44.010514503603844 -46.275035141720224 161.91417374270242 48.08036899834115
19.581906654675095 -43.88251219795049 24.14501894992915 -123.27041635206636 48.05336553512335
-30.20770633813056 -1.1336613323835223 2.363295231660287 -2.3328319768823134 30.22897137220431
20.176838675357903 -44.482678060834644 -58.773461124455636 -57.59264440627291 48.84478948754932
-60.06465139187306 24.476185680323226 3.418634331178014 -2.3180130360049107 64.8602034790069
19.9404563289017 -44.52255498634494 -78.69707248337359 -139.99459921856672 48.78401064840029
-0.49733310465783953 -27.035656500142203 3.924999873666725 -2.262568842192293 27.040230446661866
34.50975909407738 -57.18820600438049 2.1378797504598195 -0.592203123198503 66.79381968579206
19.31203266716345 -44.25053907004536 -112.46399457862064 117.6305800593765 48.2811019759166
-9.70289228889293 -19.41677750802585 3.1351095434473653 -1.7056789176388836 21.706159662365724
-17.302876412750216 -12.93189467968379 2.886654138128817 -2.80458870163235 21.601468278070154
-55.965786428098596 20.27722097323355 4.247025745266359 -1.655877339525541 59.525918143415694
18.82558616656569 -44.373134304976126 89.22920268930038 60.17893454399897 48.20142878685404
19.672253438715572 -44.97533532712506 -55.89932669913611 -26.749487755304912 49.089493142755934
-30.248759007906713 -2.1003548046099145 1.9432859547388213 -2.4121555971322968 30.32159151132527
19.089469820824426 -44.61399943623519 20.00393112889443 31.789600738612094 48.52645462068923
20.837665291249014 -46.14233037635204 3.0810295366098375 0.1896569120277718 50.62926959880412
-1.7051155614889075 -26.879542398935275 3.700079433080208 -1.2124725359337225 26.933570476960494
19.785830551745125 -45.34158967811857 -27.977896385408947 168.40772271677287 49.47058559239579
-25.046879909472352 -6.957254186834757 2.746776396570546 -2.955271839571041 25.995183761317133
14.535685710222998 -41.06669519346825 3.4681056226821267 0.028114379523500137 43.56328282381871
18.981629570341873 -44.86151276093929 130.2494292772204 -30.349723559324552 48.711986026701354
-7.112353568828955 -22.520118079072226 3.5086996056759348 -1.2783191434875094 23.61654698262227
5.179500716717443 -33.16179124098198 2.8836911995431036 -1.4241579251575451 33.56384402529733
-0.9116568784054166 -27.93996902360416 3.984959522588388 -2.37343299017419 27.95483835222457
32.882846819037965 -57.10654058617927 2.5622773073752816 -0.8181742956462528 65.89718176840655
-15.608232215417928 -15.44019336204837 2.7068193769016853 -1.3370093541580443 21.954873798023566
6.583618578779909 -34.52162118649248 -45.91510036863886 166.27073093646834 35.143795505481144
6.80406624363426 -35.330783952221346 118.51735988519232 230.27279893430836 35.97998904492867
15.589311742666915 -42.348429370567885 2.4993095839803092 0.31680282958505096 45.1266673636893
31.546989000245965 -56.25286354062555 3.071198409011665 0.10704439468165554 64.49493892413285
-52.746462438366166 16.040125002034138 5.303678995272926 -1.8626094257606491 55.13143299625312
7.79458329903149 -36.13504679798319 2.325323126195924 0.7008822682808904 36.96616203067286
27.771993732811506 -53.37294059267443 2.444966891314973 -0.1694779299234358 60.166056927393136
15.163887990891324 -42.71435159148872 3.1240984135234853 -0.0498391341030211 45.326143974478335
-22.94561785607392 -10.002877916563286 2.3740704572989983 -2.30186065139397 25.03115948166131
7.226116361278649 -35.99873341673241 2.9403026060349426 -0.5565213033547154 36.716829448455094
-14.235899964284254 -17.840391373963463 3.8204435633012848 -1.4747502286035774 22.82411907743188
21.819880145784147 -48.89185970420463 3.210958879702164 0.1587435807734901 53.5399019983786
-36.40005752430764 0.9758080720131833 2.727567229199682 -1.7639053118368861 36.413134843807164
-40.03550901971515 4.063983662662814 2.9281681398197827 -1.7244904609690241 40.24124681793337
23.68114900793771 -50.73198738398594 3.2433468446011813 -0.7812527960931586 55.986885526517185
-66.76078020992887 26.88388504240455 5.646066522226696 -3.6594617943929015 71.97044548956954
-0.35156624261643865 -30.223121618318846 2.300088386531031 -1.7124142752378475 30.225166321754724
-41.43065802161263 5.063239255382775 2.5114006661573924 -1.0605519624851079 41.73890050683296
28.84701327566665 -55.37604554844776 2.6810665019791875 -1.767329124245941 62.439223053471984
-68.21239858843524 28.003789745466957 5.0639142062659905 -2.651998005667901 73.7369889043953
-22.41339878980117 -11.362160082336299 3.3082942839020815 -2.304502841217833 25.12885048179545
24.445512482202318 -51.64942948820984 3.166721988609514 -0.5966559926247488 57.142336620826114
-54.87552636414238 16.46248682162688 4.723598292892894 -2.294682121666801 57.291682290641184
-20.542127982502077 -13.060839074345411 1.5814145520896854 -2.4185188870835135 24.342648557829495
5.3678154419970445 -35.51602007196127 3.501489714407385 -1.6957737314610644 35.919369761823596
-16.11770556853934 -17.093506227543617 2.6842733483978694 -2.005006040676674 23.494007477483585
27.580096027436582 -54.69112331253421 2.852073544632386 -1.3986296648233179 61.25178077614299
-42.90704296773255 5.727706461523305 3.852124754244541 -1.8267113956262822 43.28765363329648
30.98021993045573 -58.11745519848591 2.856230282790016 -0.12659985575734992 65.85903582869825
35.06528638471385 -61.69752657556391 4.492688255902461 -1.4251674026801167 70.96590067150431
33.28609370240912 -60.34129167041472 2.778464972761772 -0.8062536810223211 68.91324606212223
20.725216994091856 -49.735685278725384 3.266900106428186 -0.39979064347802684 53.88110059449831
0.4537389094646322 -32.35837081201031 3.144824201677547 -1.8473533469033823 32.36155188806487
16.09562413357389 -45.94673184003361 4.012289565877442 -1.085742802862066 48.68440488232154
21.89509275698667 -50.965493087135094 2.9964294257599584 -0.7480793728600039 55.469600347359396
-31.321074446449735 -5.498560117889107 3.300436769361513 -2.6625753639109915 31.800060811495204
-50.50184151075896 10.95862686021317 3.9120694494703137 -2.2121215071564206 51.677146750203526
2.872067784708113 -35.020957278026 3.4231481832875 -1.4564529389821077 35.13852902370767
-9.652587031463609 -24.38806547085777 2.4260678585588766 -0.9604903712844118 26.22880426887533
29.63200531104113 -58.21372235372963 3.6499971353940146 -0.5642710963248881 65.32146037649754
-48.968116420349475 9.186405863402163 4.011693788191176 -1.95902098696446 49.822349170437384
16.262454824988072 -47.09566983100432 3.7803692613146542 -0.6602694042422709 49.82438709279856
-49.21695277640653 9.004988717162362 3.9304407976714293 -2.198322073998833 50.033971068224155
-50.2211487246712 9.844822388119315 3.6305854748287993 -1.228806609094731 51.17698999699259
-11.44247090352337 -23.53303494474085 3.278237710112342 -1.067320662474908 26.167420077611446
-27.402134522364396 -9.883581239250935 2.776810906216349 -1.331496661573063 29.13009018044226
37.062851280742045 -65.34180803648125 3.789194289139327 -0.4057642098863487 75.1212804509761
-37.186167352457176 -1.6095414514453794 3.2058767871488443 -2.1721148059512125 37.22098421615423
30.83864952212581 -60.14582847558401 2.6882921026434206 0.6100194786021451 67.59099762842776
-44.30290107892716 4.17207528189856 2.5524021659892053 -1.9509319420375222 44.49891297430182
-39.53610024112455 0.02869288592001291 2.4730702902914907 -2.2372996151368776 39.536110652874726
-2.1274474743940575 -32.154039009955916 3.2195971809781536 -1.6228608613992543 32.224342621264945
-30.422872889683276 -7.898284239639997 2.4562575614620283 -2.4207732540639597 31.43141880880382
-51.6310358651847 10.293953395098207 4.073635752168052 -2.46094273987443 52.64721586934767
-34.34106685032083 -5.0185987844286055 2.7687264183881584 -2.5159748597502953 34.705838211220346
-22.07939675332247 -15.614377428722985 1.8068771843771942 -3.6905873627888552 27.04271699633649
-31.029717934609433 -7.961638599007086 3.109479572791091 -2.2850855014541795 32.03484171652479
-39.32772889667075 -0.9626672883141384 3.156731362555176 -2.2543684918459443 39.33950925548156
-52.40965535271276 10.23699791496249 3.5439877517279137 -2.3269068668606745 53.400075826245555
-69.92784719683637 25.25457781654216 2.9000263719038095 -1.093239184501882 74.34848680250447
-31.259748202481244 -7.96592275723274 2.816149065005287 -2.1110154128927787 32.25876288042783
-4.752476712203217 -31.10676792308884 3.470554273209179 -1.4355187265353269 31.46771433309969
-45.44037745075601 3.777905777630957 2.9735494695479145 -1.0638228601861874 45.59715423895296
14.792902707171958 -47.965248335065695 3.128372308048917 -1.0814100668028048 50.19457156311736
-44.2649569887655 2.2698618489765656 4.0568581061289475 -1.8916372631331098 44.32311687989936
13.295326681215547 -47.18236272335005 3.782791153199062 -0.0974092681296174 49.01980273969254
30.18215292941993 -61.78415444162808 3.3957300093726652 -0.6202335742450686 68.76222849995358
-56.27393717684024 12.036222426416849 5.418567645398793 -1.0866226664202585 57.54673450408636
-38.36026106795471 -3.5537197016558038 3.723713508985003 -1.7461701941609185 38.524518851975735
-23.943061500286294 -16.043006950461276 2.937743256938312 -2.0520092281090805 28.820969186779102
27.13846647119719 -59.97887390952179 3.7478648270476453 -0.15921265279457797 65.83283114907864
-61.238458473828565 15.96713187735068 4.307957121070969 -2.0532607814651245 63.28584430289069
-25.332663007653963 -14.926941565011695 3.027484611025255 -2.1572236842936467 29.40335692431323
-26.310381118491385 -14.34678089085469 2.886764275648549 -2.228950506431411 29.967753926608307
-70.41071445003217 23.462687730160653 4.450487265850296 -1.0597853737457845 74.21702232991161
-31.41074337509298 -10.078690950063137 3.314416436919568 -1.7942722950413172 32.98810103428454
-17.45049865518171 -22.15833451324981 4.3165346801136515 -0.5737344843741241 28.20481679675468
-67.75721934188691 21.01327910126061 4.593166088838765 -2.2397940656513438 70.9408109317343
-70.10238360291602 22.861582228717918 5.151183448782328 -1.4356055404114685 73.7359892364431
13.004870202116408 -48.70081612792021 4.134199399873721 -0.5153772739620728 50.40730242096482
22.604669212596445 -56.91785863707289 3.5159009323468395 -0.4441256152437226 61.24225411487117
-10.493093095028563 -28.527609400891624 1.2708413680925799 -0.9830182629932116 30.396208647278268
-41.64200553700131 -1.8393203791733594 3.789737763239968 -2.4463337804893195 41.68260697888017
-34.47884125475395 -8.006833216887838 4.184803244916582 -0.34784436645409866 35.396325682607795
10.070581802955935 -46.50891365820489 3.0470975739851474 -0.48194528689997773 47.58671732529282
9.315029629144686 -45.942914641132965 3.8279683523832944 -0.02257492829587303 46.8777258544136
-70.55268685657958 22.474836286004198 5.184088495539238 -3.2045592016609477 74.04593080691316
-62.25293955140985 15.256416522665424 4.167921816106 -1.903552267258583 64.0951380436905
30.26157650673225 -64.27936956774485 2.066278592037521 -0.9665934944071286 71.04646602789086
-31.757119503778984 -11.049541101624104 3.032882700591733 -2.763647108184074 33.62449994812052
11.770755609068116 -48.50824905619398 3.238897936873848 -1.4840125318080764 49.91593845207885
26.357344924758184 -61.17485365911005 2.9360575998515714 -0.9534535352683017 66.61135287116998
24.40336354392918 -59.690684282889656 2.3485475784632923 -0.031150243139172636 64.48644761340353
-69.79382250039355 21.235826521010278 68.55643205108966 -178.73467499033455 72.95298465475092
0.3643773889649949 -39.10220658157095 4.415141526314145 -0.4220262740171469 39.103904286234396
-71.61731851568949 22.632782718276875 6.560678118669686 -3.2427801842569144 75.10847584903001
-42.16234041887611 -2.712081648790434 -46.62317696764258 163.35695374809268 42.249477350083566
-41.57771354928948 -3.2205763348263168 169.807337504977 -23.265166807379117 41.70225864122282
1.339303274591143 -40.07898613369894 3.690730590799493 -2.1369125348756333 40.10135736785366
34.18826728091698 -68.37410539340789 3.9599376498149934 -0.36583335346029744 76.44511668648475
