m1-67/data/wr124-hst-1997-f675w-TO-gaia-OFFSETS.ecsv
# %ECSV 1.0
# ---
# datatype:
# - {name: 'RA, arcsec', datatype: float64}
# - {name: 'Dec, arcsec', datatype: float64}
# - {name: 'd RA, mas', datatype: float64}
# - {name: 'd Dec, mas', datatype: float64}
# - {name: 'Radius, arcsec', datatype: float64}
# schema: astropy-2.0
"RA, arcsec" "Dec, arcsec" "d RA, mas" "d Dec, mas" "Radius, arcsec"
-24.964321398646998 -97.94695951778884 1.4631573472402828 -202.6400193085378 101.07830714267263
-25.928389603118134 -95.8954142569483 26.760100287948962 -183.79821673965486 99.33887363205984
-9.988886018835053 -90.07872467529396 15.248181462392285 -167.73427363335247 90.6308693364601
-15.204307671396394 -87.75584817188629 -26.32817112919266 -139.98429189704942 89.06323509834844
-26.676933153995773 -87.13039873416068 23.00530391905166 -149.50382323110824 91.12280232603418
-18.324328539886885 -84.59587463540193 38.41111073262502 -157.50839934431264 86.55774374910993
-7.111553596753606 -82.22348244735475 55.32744124041325 -116.09389625964347 82.5304504873729
-8.661524135058455 -80.38668892299941 -5.460606274495578 -145.9258061001815 80.85197432682787
-28.60567415006869 -77.06460667623807 16.06730035987626 -111.69706845369564 82.20242184794873
3.0354578965660006 -76.61205262551451 -4.482421684923959 -182.4612197972929 76.6721632126869
-1.1744615844772357 -76.58766269200339 -166.98134549595653 -204.03489353469396 76.5966672680598
2.397559459388196 -75.50579085462694 3.945301073038271 -131.25251099184854 75.54384649782531
-5.966784300752224 -75.21056467307854 28.735379537639552 -120.35863195549346 75.44687900605733
-0.9856919309652241 -74.17215354723733 43.48183588936412 -108.41897357084356 74.17870280866285
-38.43924453472098 -74.10575933357018 -9.002849298602984 -149.16318859562267 83.4819682519782
-4.861150915008963 -72.21414971469774 55.58420705344172 -62.89799912003551 72.3775808263031
13.7722598348807 -71.14068379029763 9.892562132640967 -138.14902605992367 72.46152098591915
7.350881498959404 -70.39186436336755 140.4828711783391 -81.7299233987762 70.77464253009865
-38.09196819061117 -70.43269099827212 -27.368550269671744 -169.1536027055376 80.07347841510867
-36.74555860851013 -69.20052741002563 17.137118163615323 -117.52728707296386 78.3514455554311
11.404758305535578 -68.36935586908419 38.232271686018905 -114.21618624598254 69.31404857025795
-14.676397954701736 -67.7590514101017 23.374748567166062 -97.51534898416746 69.33026537647775
-15.581534527059087 -67.70933785043736 27.227002420125764 -100.42778537791104 69.47905181879818
-42.0516728313414 -67.49646956423108 -35.56841422015419 -167.7960303020303 79.52431407070146
-34.06487623853658 -66.18054141998253 -58.62874727062644 -149.9090227958499 74.43305593592689
7.94652937562308 -65.77045692886121 -20.511977050021066 -144.71866415608253 66.24877607630454
-21.370453575138512 -64.3827699046016 14.253315257901725 -97.5884280852836 67.83684346843071
-21.983453067569275 -64.00053382316246 34.039792798307936 -72.30291495509157 67.67082475420973
-35.22965304597781 -62.3075662771746 13.963640104363252 -146.20955599485035 71.57765874461734
25.422118940234327 -61.55535416775142 12.485723882929438 -147.24936870398537 66.59839141409928
9.477462747828469 -61.554645247027075 17.59121523761843 -111.30604099660921 62.27998594215738
-40.250214375287406 -61.42031427526797 3.72002943814829 -136.74264679677984 73.43387988550356
12.016435091459966 -60.80499171441282 3.3133847922040323 -155.63587416402657 61.980978739586995
-59.68360268847671 -58.72391510170545 40.41876591326688 -96.16485296496572 83.72950817066494
17.41385498291528 -58.421671529401536 26.503312490913093 -103.9615428895009 60.961742441838446
26.83772008457279 -58.2257143360777 -15.458502069236129 -132.560730359419 64.11315785515197
-52.94580435194146 -58.10834207923016 31.417787509803375 -148.79905784524436 78.61194275369363
-52.45891449024798 -57.94184603793065 45.62125651171009 -170.46382403635806 78.16134056804175
-0.2679510271534877 -57.756412245166075 9.83339164040215 -129.55574194651066 57.757033798368724
6.00692714933169 -57.11206810801589 -16.85378164818013 -147.01795721438268 57.427097231439916
20.276651155641353 -56.564754824932415 -16.878290503844514 -197.08279175469343 60.08921750351826
-60.88177684032757 -56.382283424813444 -10.017040189479216 -129.52371229781315 82.97922958862902
3.3113404668014446 -55.91811934842114 49.13880993049443 -111.17714778663212 56.01607846755416
-54.141870035236586 -55.62299723558081 -25.106429900956197 -159.75361373542506 77.62254724826275
-29.41266423791343 -54.84729892907131 45.58707392008886 -18.14865192241902 62.236090791406276
-23.247519850007276 -54.25935452064549 7.334953916431847 -134.47976327432352 59.02986294840824
7.987578499620953 -54.12719685362055 -76.28003274123355 -153.687960349559 54.7133881975405
-60.56654330709883 -53.80009502729921 -18.303373233797902 -168.03844678435854 81.01084069387716
25.337462394770146 -53.13813508393789 22.714925083051288 -99.90168791844506 58.86975782695484
-47.31059334859382 -52.15648724711729 -12.528169227361259 -98.96068767455418 70.4172660450678
-20.13132760105339 -52.04329324013459 9.278151168044806 -109.86124089117443 55.801207098569364
-21.851693140932838 -51.16827782873363 21.493543716767963 -136.6128232402084 55.63891748846214
-36.477322726869325 -49.287192371074795 -2.7012686016271696 -135.4457756355906 61.31739051700248
-48.10938745596061 -48.90178132041056 2.536262845825208 -133.87049162936574 68.59954325163358
-30.30248056425715 -48.64650831033016 52.86701894869542 -116.76775867650018 57.31250371522942
19.917319430901294 -47.6204637455419 26.9249273894426 -91.80412638079662 51.61790555228285
-53.454232387034956 -47.098485800595334 47.23482651360259 -98.99514908503338 71.24340162526136
32.8422287156197 -47.04553793469115 8.072626352802141 -136.80705282297953 57.3750347091261
-6.452998223881079 -47.03920434634795 -43.79442281865146 -132.25894614720642 47.47976338285533
-14.404194283300976 -47.00831472408567 12.929049189191051 -86.15242990656664 49.1656634508183
-0.3457834949856751 -46.67636302844919 26.972768533445475 -104.04719184296253 46.67764381143194
-15.579708811320836 -46.57208613566988 -2.948338648926447 -151.02249394159182 49.10892515164751
25.131271666702652 -46.41174720878137 18.648172164442386 -124.62102702008667 52.77907808873949
18.574918219380145 -46.263124868750154 14.297578838938074 -125.19112181381116 49.8528264363412
-3.2765624287379502 -45.41887721494524 11.31191100187068 -143.57898866204215 45.53691105731106
-40.52252068024636 -45.402742346698055 9.70509854765961 -111.26721302678004 60.85625414326592
-6.170164194583394 -44.95264130105611 7.94230410306766 -132.63681967615784 45.37412131959611
-43.486335905016276 -44.88269458440881 87.24509006472857 28.523121740168147 62.49414095548094
20.52907255843196 -44.51423017448775 11.063179846277324 -128.6137013444556 49.019990836311365
4.773252151943493 -44.434219093444725 -17.021630907651165 -167.7104411748022 44.6898619621689
-16.497368976754007 -43.66745814078515 20.91500181381718 -167.14970489860568 46.679868032838364
-40.03064548424376 -43.57404827664195 -6.030314699526159 -134.12563634039597 59.1705183115023
-7.768367786741452 -43.53810628403871 34.43531527225808 -54.51748615324937 44.22571916853121
-28.418800975657085 -42.85841400874688 -18.42052172400271 -178.03747069004262 51.42442890899374
22.865437061130123 -42.78919262693024 19.73657523667246 -104.05096374672593 48.515391476979175
-41.16069407969954 -42.726659290420464 -15.28265301756363 -106.28398612393858 59.327650610797846
-0.7588189345065172 -42.374827424595935 4.602897715964989 -114.38883168013552 42.381621080740615
-16.883517063939333 -40.68987340810777 54.312513862835985 -91.67715278569196 44.05359171188658
-22.098665301751016 -40.74232275136041 -3.017869075417833 -174.56366458337584 46.34962637323655
50.01381129798357 -40.38978533910428 34.043904984548874 240.52716679242096 64.28620418350076
1.6188209721456213 -40.16013544083392 8.237509169987797 -109.05881016945132 40.19274884767249
43.45452637134371 -40.07194398551853 -21.944987940995606 -128.24700127203343 59.11054502527454
12.244015125796828 -39.7390479449164 -5.139951036219261 -139.5293844495187 41.58254244409832
39.25409353984317 -39.12810801358081 -1.9588282720674228 -122.76002548303381 55.424657670411364
0.9701680492727208 -38.24305728665388 57.74175959312206 -208.75597587398062 38.2553611493214
-7.221093592995011 -37.77081934033488 1.0943329111014557 -110.05284379886741 38.454895471627644
-14.073924857127666 -37.66320906765147 -8.786724837199126 -121.83524150328628 40.20687349141525
-42.76731100038941 -37.44316785492302 -29.47560085780415 -183.19055462075457 56.84218230433074
24.35341325664913 -36.73389741606142 -34.24962245218951 -86.06440544515785 44.073438149968986
7.774355715803378 -35.046251829163864 -3.9299106055671382 -114.71767406691185 35.898194571401376
-25.186083457628712 -33.983217101791936 55.84179837690349 -99.82444052612448 42.29891060989355
44.264171332233 -33.20939369752308 42.54738744818811 -206.7275379185426 55.336973865159074
-31.681840934295327 -32.356813086337546 -6.379496185162785 -135.1620887846044 45.28468162476827
-18.543595049337636 -30.768532593976374 16.0892484122959 -142.6135303661228 35.92446955477065
-20.493676130750597 -30.70619018950624 34.41665573908744 -78.33263222813231 36.91694562393246
19.725304147937354 -30.218595130642697 -19.25135144927095 -143.99700105951248 36.086716567407564
8.206236887922815 -29.70585833325906 -52.52404368194412 -194.4048576398022 30.818506497092013
62.59873150880174 -28.576467122157254 -43.24746068256967 -203.99952472341414 68.81290311153319
51.42108648416364 -27.50014760173143 9.805134319117395 -110.30233727235071 58.31283081504767
0.5458334644257249 -27.08832189911438 -5.790035141560694 -148.63192980962506 27.093820651196296
56.01846971105409 -26.91398471838329 46.36067477490687 -201.2186571634613 62.14846341134783
51.73394410931102 -26.916543588857493 -14.539885492893802 -54.37896865986728 58.317246820201994
17.310915045506913 -26.673467713632277 -9.48253106997503 -144.06269692785773 31.798453703212594
33.347844431801406 -26.59572161495139 -24.34350250422678 -132.44005224738422 42.65455579780804
-15.126058977492198 -26.61649628017754 -18.98362340924898 -201.520495808959 30.614302754671197
18.963595919049162 -26.27487730530289 30.88682561077068 -111.59002807796286 32.40350514449892
-39.93933012318019 -26.212651183490987 89.7806642046991 -82.4227861236111 47.772933384581926
-12.216174378687262 -26.001854509789645 -25.965216671341178 -134.8528734213841 28.728580779595724
37.080579969291165 -25.031233524059722 -1.9173243234736943 -142.66281685467771 44.738485175986696
0.8625967127413018 -24.340606912734827 6.83601267785254 -128.99981877954144 24.355886721000438
30.826078606564753 -22.588602927068383 34.78598967718786 -106.54238573702426 38.21638523803573
44.92047577155442 -22.111068941012658 -57.602606063834436 -181.16027185327383 50.067439574330436
-35.38347644530589 -22.013311776581247 -45.13543692370891 -179.52334598748934 41.672248511067465
52.620295640388186 -21.644265929924558 23.301085207062524 -130.11240462297664 56.89788880773589
-34.90476621257884 -21.433781721957057 78.58723963661326 -58.0073203548101 40.9603430023121
54.38362414373181 -21.263696577385574 -23.887921052631395 -134.15765624514614 58.39283651841187
22.411934173694316 -21.206335293876535 8.402483484098488 -84.37776625783623 30.85455312002119
-20.354444799955477 -21.22754949351775 12.461711510576718 -93.96494123065352 29.40939100274658
33.4650367395211 -21.05607404021052 -41.14435017575443 -127.46651509902945 39.538170595967
46.849999911680385 -20.562711045605376 -35.57042062600278 -149.65630328575315 51.16392840672076
24.841941146786986 -20.52933975171954 -16.576914495469804 -209.53702385253047 32.22694258762484
-25.840341682589393 -19.49890350084104 44.414205469133236 -154.34426981818976 32.37175457125794
-35.98761642352906 -19.280745705002968 -41.53582813296698 -176.41203763264963 40.82714399763911
-40.002423327731876 -18.889999856832564 -24.808063318154428 -184.03461803483626 44.238286158134166
35.769436803931896 -18.38195779051758 -14.190614422481795 -142.82385241567135 40.21627752654118
58.04098779718014 -17.92048237488358 -19.04551274904032 -183.72692026564874 60.74454662391937
60.267998747835186 -17.788417433164 -22.403665654940067 -132.68525371244706 62.83835977206531
18.037029516542038 -17.855305860025194 3.7522469125939026 -112.49676220252091 25.380039013410656
4.830912875600119 -17.418382159381053 -1.688788248680841 -150.52638879853322 18.075888808231188
25.103724804567324 -16.164755928482975 28.481305653214505 -113.51003274265018 29.857935829531897
-36.65945685823614 -15.890287781616678 -18.676884039148252 -94.49647537762536 39.955187651497496
19.523527389264853 -15.779221058131167 -24.433019312425436 -120.20258702447826 25.102827294569586
70.00502833817171 -15.701666721511623 11.11548850425089 -102.78395288348047 71.744312116052
-21.059012053150045 -15.730850054941163 1.851435843281659 -105.83473182610429 26.285768606662057
75.96178056184331 -15.302051087988612 -25.782632823119556 -138.2970329786479 77.4877078190526
73.43824599328809 -15.048875060576629 2.228505811453869 -96.79613034742576 74.96428886873265
49.499397334731526 -14.287275003332974 9.684971537091778 -138.93129003958913 51.52005977877047
66.72539595587382 -14.169399792905836 28.6435551199732 -94.6326771320439 68.21327106184108
-16.265114602686232 -13.023270309143106 -13.084236767340679 -122.86297733969023 20.836494960407816
-7.885590578632242 -12.668612232783632 47.14814469029374 -209.71315068112673 14.922341458352179
-10.92255496604143 -12.405358912200063 8.630667231038899 -118.7931788593169 16.52861568857099
-41.48428282017686 -12.433956466242362 -9.450170447668498 -93.60887624735861 43.307608943696785
11.845463509511342 -11.471599588099869 -46.07050540512986 -181.79667487262537 16.489772670394814
68.54182760954902 -11.469015276174103 35.00566370631234 -43.27072116797745 69.49475115875792
57.635689536244335 -11.347043657258649 -10.939135000065642 -155.16326710526008 58.74204716151467
63.03638173154162 -11.050016525268278 -13.004812261168421 -104.15355610783111 63.99756466632343
45.76453476772265 -10.625274280908377 -4.879043347122897 -50.40919634440495 46.98179534882512
46.88780217859445 -10.426443576537832 -38.312779693937316 -137.7423698494824 48.03307940293342
15.314132135053429 -10.091827609752224 -2.690549938972913 -115.15398820805244 18.34032789691561
53.12195244846511 -9.533431341941943 -7.005999159384875 -146.57479844832312 53.97062296356827
29.536118661762053 -9.22967760140733 -63.36582183196574 -172.41277173974157 30.944615907237637
-44.899846387324395 -8.428073156946102 -11.725015152087092 -154.5538686172371 45.684008379449786
-34.15215614182438 -7.891712148068051 2.4979795752462306 -117.2364979148796 35.052088228659485
53.93634558892576 -7.096088264867163 15.988583245958665 -87.17615863337173 54.40113825111329
-24.024390968815823 -7.021950621540186 -0.3671662246939927 -150.78221432637628 25.029565552087423
60.03015564098677 -5.88662069642193 -8.143505600371062 -97.53066160310918 60.31808923147239
79.36731902719077 -5.327541944532021 -33.46212849181158 -158.74765812883524 79.54592403971014
62.77224871274211 -5.280816406019761 -22.87266228924864 -145.97732658617247 62.99398566134211
18.772199055599145 -5.067100002901814 -37.30678736720792 -131.55897719937437 19.44404689752086
44.24221568942924 -4.921863318563828 42.31559737587222 -90.46856376809083 44.51514784066773
-20.776751611719526 -4.608137218980723 -30.716176323264516 -132.7418438791947 21.281643171728053
-40.56668071923494 -4.537810812357958 -15.250912160686772 -174.6125418032432 40.81969268970404
-8.478405078992726 -4.30010056696992 -17.696470272589263 -160.02071231187008 9.506535518290994
88.2601325710459 -3.585090521821354 0.8915478334316878 -147.2822297713044 88.33291501326568
-45.5114502878203 -3.5416650113339867 -26.479623260370015 -187.12316561648123 45.64904706710783
-41.01086160865147 -3.22565903755059 8.628056746256847 -138.92078292707671 41.1375211452108
65.22253455897095 -2.5396210455908768 9.098524258611214 -136.04567842367317 65.27195944009524
84.76894123297721 -2.1837598720219673 -11.535506345768617 -150.33967884089546 84.79706483522205
