m1-67/data/wr124-jwst-2022-f444w-TO-f470n-OFFSETS.ecsv
# %ECSV 1.0
# ---
# datatype:
# - {name: 'RA, arcsec', datatype: float64}
# - {name: 'Dec, arcsec', datatype: float64}
# - {name: 'd RA, mas', datatype: float64}
# - {name: 'd Dec, mas', datatype: float64}
# - {name: 'Radius, arcsec', datatype: float64}
# schema: astropy-2.0
"RA, arcsec" "Dec, arcsec" "d RA, mas" "d Dec, mas" "Radius, arcsec"
[from data line 171]
-8.906459234081266 21.01410501234632 -0.22209897816192073 -22.179911797282987 22.823619898709556
34.723605912646896 -18.371221091384918 -18.717141312084596 -4.257764491215097 39.283973434268376
-43.4792887688578 48.998170448185746 9.973348696086841 -36.89553515093 65.50777987047894
-14.841487128677706 23.4568464207733 1.1526643933704293 -23.023886370838717 27.757762576364037
17.707946462285125 -5.038341098627114 -14.061161490858542 -10.676502655193257 18.410764483785616
-41.055139381087685 45.506517084756055 9.034830193213983 -31.292710412019368 61.289212259841605
-33.00225355154015 38.269942014734674 7.746932841108764 -29.46398482454661 50.534514826939244
27.418136944688012 -15.215891349748395 -13.607223892411385 -5.3941524278086765 31.357257241741834
-33.88999248810039 37.1201731440061 5.956788075283083 -29.15971597446692 50.26369298688115
-6.601087973348095 12.419426387267556 -3.2862483912608167 -17.902613932036108 14.064725883126464
36.060468506180726 -25.021439906281454 -20.79754308594073 -4.272859434266647 43.89111342282824
-41.22117956578789 41.56931896282283 11.961362162833458 -31.008553607362405 58.54224031253847
-29.669719499540534 31.012589669776478 5.500460038092863 -26.635486468485173 42.91937751844822
-48.090676194817306 46.80483223803623 13.9014214741091 -34.31754755477225 67.10741701187216
-35.04153943295111 35.5110884690709 8.08812985463972 -29.477111490239093 49.88934633728363
24.122522330212522 -16.10654086792058 -13.384635403983992 -6.369042475435715 29.005460539650247
-18.537434382194736 20.686416942607618 -0.15878599156183462 -25.219811834546206 27.777046607617777
43.293792100987964 -33.287342214513444 -22.32794948214867 0.10372143384488418 54.61135019313201
-11.537966348463751 14.134534037774012 1.424996500027092 -21.253303752886904 18.245813758656464
-18.383434103681672 19.676671410071823 2.165969959039975 -21.92364527281112 26.928090281426798
29.855578761675034 -22.526800556629517 -17.077318745946823 -3.3225727963780067 37.40069949842166
-47.79573498336457 44.224271600687935 12.781206348920874 -38.56909052989723 65.11695974330175
14.300885950484028 -10.033417989245871 -11.286967767672927 -9.755165582498588 17.46953964351799
-17.06192336706904 16.578700699490156 2.4913969377049026 -18.925151057668604 23.78996732320871
32.295437156116215 -26.56868355068566 -18.11296033572789 -1.9364805346091123 41.81973458732758
-49.96830569906168 44.94139112568553 15.233171993562465 -37.87559995593492 67.20535820327137
-1.9987193239076135 2.7364814260161228 6.981814384431632 50.02962368172053 3.388688467618571
-1.909815117104603 2.484435751740665 251.64693721767964 -97.38628218078807 3.1336583708938166
-1.3735636471824557 1.9578407421915682 -29.83249048132239 243.37938302691606 2.3916139873488307
23.796495152349483 -20.603964584244277 -14.082697560939918 -5.546465564399406 31.47692069191201
-0.1822381055822362 -1.5576674600591565 156.64831328564858 -248.93235486883137 1.5682916320597913
10.77096035740371 -11.506616039326184 -10.5550286424272 -7.591157683469402 15.761211868967575
50.12212556492682 -45.7810447189322 -26.975682924041028 6.756415791976319 67.88321946885547
21.40364523845037 -21.11300169285572 -14.851425984075071 -3.3711121611882358 30.064511776827835
-0.6780193427025659 -1.7994694486587424 -56.84149088100698 -240.23918217366577 1.922966595054612
-0.17100797706454246 -2.587008360956376 30.05525176165319 -46.92154446644451 2.5926542360921907
42.3926212720616 -40.05035222683667 -22.517368337291867 2.7005844185152 58.3195081360874
1.6057624651313238 -4.703592787270383 -5.973571995920403 -10.117474168927574 4.970136638203778
38.220185948921475 -39.087770096641236 -19.792795053269376 2.1692367461921727 54.66842203329704
-39.17779739817229 27.51538377612981 9.17981471351875 -24.92520808711032 47.874796544797825
-11.056611276749969 3.046257366330844 -1.1709092878062912 -21.21740793260193 11.468580420312692
27.879575978989337 -31.97401137377255 -15.366083923434832 0.6969295576171892 42.421788668921714
-34.94680899930689 22.121691302269934 8.053294430013283 -21.74208429860839 41.359988885611926
-8.996348993592624 -0.6454091825205162 -0.15876748836691976 -13.003835232936941 9.01947050707957
-10.18161746322467 -0.5071186283961059 -4.417768957092065 -11.568260252567068 10.19423873897712
-52.639737533404706 36.02426131310534 14.633085913930305 -32.31063269657014 63.786278638619784
-42.41249443251024 26.336072788915722 14.258712156667093 -30.951353728282296 49.92402632153243
17.98147485305812 -26.217384915263967 -12.550393946053378 -3.017869121217821 31.79126779395078
45.95619344029333 -50.56658060702566 -22.723317873492036 11.390843215425491 68.32972082117075
15.860897413129965 -25.474793223899844 -43.72321757822036 139.03052938361583 30.008884605598094
17.480878843937216 -26.863441287960615 131.8810752746562 -35.370873962393134 32.05036039210939
-9.509388705446714 -4.2888592741189075 -1.0707712793265964 -11.840506014797466 10.431816112722874
16.521022518475657 -27.785053925443187 13.50985380617383 -133.34680118823817 32.32573904869498
18.676953043814407 -30.201132080196505 -13.20695343681522 -0.8414819779407475 35.50967405416554
3.8099053949764854 -17.395404591119764 -7.257440357482856 -7.006121239251326 17.80773652021011
-6.998727776412024 -8.037516914711386 -2.7578312196824175 -12.286805595143727 10.65757329863404
45.26341521638145 -53.738530234683786 -23.40860311635936 11.65127527165257 70.26098734348184
-33.35119453393167 14.25240204806389 7.381182213875681 -17.802961930122848 36.26890044096583
43.09902229893458 -52.31026924685939 -21.703620541729105 9.899831197491038 67.77824099206906
-17.28436343587402 0.07372917949647026 0.029668098296501334 -13.19888226533338 17.284520686756544
-15.710390133780905 -1.4121859633200073 -1.3013088135694015 -12.249823777007215 15.773732194649984
3.1431558869176954 -18.079316100713086 -7.408695548714333 -7.469900087093871 18.350506793370823
-57.877976227284975 33.52725493016115 5.581392657700656 -26.75655297586322 66.88749453970124
-42.661009412437224 20.16451953818897 12.198819754574405 -22.468540821860874 47.18654009863679
-58.803101949684034 34.04609330638876 19.58373750702365 -33.216585816842695 67.94807750731904
-43.05521697342121 19.29475599297101 8.805443028704971 -21.82853435109986 47.18092105980313
31.816270277417303 -47.03316978140153 -17.368227808398096 6.057829957964313 56.783748524655614
-8.839469159218131 -12.740787989008133 -1.4718053123129105 -8.264137030768678 15.50689825523838
-39.84287566644097 13.227434190752128 8.157352459415657 -19.980285935042456 41.98118333792067
-46.91975728608246 18.804892263996457 11.726138064728543 -18.61463015435713 50.54787424554198
-23.5687641739505 -1.8778846732782406 3.3092098829004586 -11.79369199276307 23.64345777409181
-28.165199110757705 0.7614709223119674 6.2414685569960735 -13.294314599906304 28.175490748310686
-62.28529766607547 30.39821713878392 20.879536341657275 -29.01223774789744 69.30735806884023
-0.15353997068596592 -24.302419423014882 -4.6455313784975365 -2.9274700335116384 24.302904442363314
-31.796535139841833 2.336782958657926 10.892927587414597 -20.655832142636303 31.8822866406935
24.116191265249995 -46.37451060578135 -16.307664979865976 5.668851752614771 52.270315718138264
-0.4881547606162667 -27.080978903492703 -6.574691884318367 -0.076343151719087 27.08537822221144
-25.042835619260618 -6.99964283149356 3.6190550760976326 -9.819204086699285 26.002665543788318
-61.05341913201217 24.10018334559685 22.157528095384748 -26.727824372708525 65.63793726217182
-48.769048765159596 12.617876838791913 13.972200362457237 -17.332332549162988 50.37490377550419
-52.738894301336465 15.999896488105303 15.565743793163627 -18.115658893886287 55.11249998109851
11.20424067483292 -39.7193680572873 -11.07547295219673 3.205369185888345 41.269397941083234
32.36922156248122 -58.18088030388023 -18.153474821393548 12.211983804506538 66.5791356936363
-24.426549401019525 -9.492477422620102 4.767984423244533 -7.893493579430312 26.206171846385704
17.552471908409103 -46.22787055458341 -12.467098058545067 7.766495366832439 49.448005833924036
18.918926209110495 -47.533823204647696 -13.275574825156433 4.834399523142081 51.160435015967344
24.32897200187905 -53.07029827725776 -16.252621089393344 7.7772847332172645 58.38112216161452
-22.074424285512222 -15.656852984852433 4.106011099170538 -5.778450046194555 27.06320845703717
25.77709362760795 -58.20276558884762 -13.657784330516172 11.264713324788984 63.65548256389825
-64.53836377042654 19.603302911761737 20.180663765373968 -20.66168073232897 67.44990638011699
-56.00933814597515 11.85226169430789 14.78550871859078 -19.37854684226466 57.24964684052503
-50.15876685877682 6.660588146652423 13.918579477593513 -15.398324515424367 50.599064481186424
16.156391916290584 -51.350185813726796 -10.16013583815313 7.887675836029165 53.83187324870808
-13.274564168375786 -25.96719742157768 0.44508206783086673 -2.0770227881847596 29.16349421556306
-32.445770096562235 -9.607647336099566 6.775607223302062 -8.612591556105093 33.838364081914285
-59.51746831445357 13.857395418843318 16.15252471310229 -18.932821502160582 61.10938092483318
-0.059834769759982795 -38.04970538446722 -19.884299580921756 -0.4039940861728208 38.049752430789596
-70.09537100471125 22.825148004259084 22.728309064520563 -25.407547024902122 73.71803305598397
0.01446870295552732 -38.31472391144975 -4.773836196036323 1.469207537026841 38.31472664335294
-35.169349730805 -7.823148598225545 9.476728497819723 -7.688308674019999 36.0289441127747
0.6002090463435004 -40.10080749105459 -9.659612507708841 4.654492512434804 40.10529905547884
-21.365167348835293 -21.135462854993754 0.5120846785169564 -4.1482738963057155 30.052922725412518
24.397714659188303 -61.54363967422415 -13.434466889489116 11.312337182200816 66.20323290657701
-41.60487917208932 -4.538437451209444 8.089113146019416 -10.530321610217284 41.85168318170964
-16.178256964839978 -26.672829757369723 -0.7272788849264725 -2.480950727725759 31.195766447106216
3.71106508961763 -44.45333062840701 -7.109360570978701 4.84500581552722 44.60796574430552
-10.478484928166433 -32.20815579149859 -3.311127310823498 -0.7936409484385998 33.86980875326139
-47.65716855938271 -0.8139645820536446 14.468566302094041 -10.559885582242401 47.6641191403483
-26.80296610749332 -19.485667940787486 5.07876824138375 -5.5689736934136365 33.137444758535956
-1.7861399583174769 -42.31756560937541 -5.506454077095512 5.748309234777967 42.35524353619081
-46.55931657794413 -3.5569645248062307 11.258313062797948 -12.710968759173609 46.694988560015524
16.406753625458094 -58.352139319741525 -10.853978167468762 10.187780172405816 60.614797867667875
28.530062498434166 -69.65411149391974 -15.825322412425178 15.251907119613353 75.27057647733888
-8.248184904770701 -37.69976775005827 -2.1314018918400897 3.605538812812219 38.59151515387608
-66.14697239260425 11.305603132802863 18.41022947068136 -18.48972502408402 67.10617419070456
-55.595140624656075 2.0117108348538304 15.449495158211494 -14.311105682017946 55.63152560782125
-55.06950897387055 1.4240989758905602 16.35762299928638 -14.519733143482158 55.087919514732484
23.89536244782274 -67.85629803214734 -14.807192905831371 17.925679011797275 71.94070828499785
-9.378969604219384 -39.311317384923115 -1.1360827941774394 3.7585073128728386 40.414660017266144
-19.549837696264635 -30.75371403799757 -0.7469661011159574 -1.3524383165177987 36.441557022849054
-1.3425242762864127 -46.60345512165438 -4.892800747342036 6.0883280321827185 46.62278842666463
6.845933828025568 -54.12433748516158 -7.455973226921302 8.165872951673984 54.55557457407915
-45.934258134409056 -8.397314043383854 14.958249783117385 -10.899288198066495 46.695513192664556
-37.70921888147018 -15.779766771887141 9.646144517610175 -8.322277137790394 40.87769838479047
-4.293649750572574 -45.39897917939721 -4.995940853396682 6.300305831426178 45.60156508733771
-21.470787234752436 -30.59235253548739 2.892907359260283 -1.1116468520930174 37.37494795658626
24.603063485529706 -70.63897174222689 -13.113859099999758 15.62559869751402 74.80090265504609
-42.49650286431473 -12.319883714851953 15.054073753382674 -9.329829721240996 44.24626863691845
-15.115689197524457 -37.60973137029116 -0.2697007370798257 2.5393824661673285 40.533639746905344
-8.754468833788641 -43.38809991429881 -3.012355123333198 4.9180549749015725 44.26248905793925
-7.184505944022968 -44.91331857639936 -7.01848863275247 8.566802755338944 45.48431939018976
19.42566722321788 -68.06291577913125 -13.257189061409276 16.61808514610515 70.78076742822299
-60.06793837031613 1.0531138778905456 21.844037291889343 -15.164677368136156 60.07716928139155
10.983723740931499 -60.80463283392841 -8.589271565063976 10.794757959343887 61.78871707516192
20.155057843974642 -69.6367385986977 -14.557876094349558 15.772559132325803 72.494839153733
-35.81930424123485 -21.283650096929396 7.6158577769812315 -4.81482199792245 41.665529076403274
-50.214851464928245 -9.81612933839741 12.131799339143143 -9.460827028439818 51.165297819060356
-7.548521434794056 -47.002962741937445 -1.6076920429680062 7.652105535819484 47.60523796162531
-36.46779006862913 -22.03228400121457 9.386329547513505 -6.728833299156644 42.60658688216167
-64.44554224288491 2.2487856876313814 19.18514784226535 -14.597176273498949 64.48476526974245
2.339829885680532 -55.85585942867336 -6.3438489557594915 9.515665208268986 55.9048462682455
-72.37876175356759 9.0858290512358 21.95281870834365 -17.583323499034705 72.94681239862801
-46.11882188292735 -14.151386592113742 10.287040584426695 -5.113294058095232 48.24113878224214
20.263018875322715 -72.01999599258211 -14.628912607627036 17.26696432247773 74.81623981481484
24.79226572206898 -77.42500875724177 -9.302296211507853 19.698017818816442 81.2975300475015
-17.835451635297083 -40.58786551927209 0.469218970347472 3.34600619963795 44.33371356361057
-26.13568950779599 -33.89390609228052 3.1833804287313785 0.6325955404477065 42.800363667709355
-1.292103637330403 -57.72176975695362 -6.48926080139686 11.806011548177363 57.736229835687865
-17.503605607028263 -43.67098142412468 2.86482708927741 5.429756296073886 47.04817555669563
10.412797955362896 -68.31265616736366 -8.58584517640563 14.249346425640857 69.10170294526671
-55.9099528238318 -10.829987570373723 13.153358852594302 -6.8170305982679285 56.94920063239385
12.73682268592205 -71.11596719012286 -8.286446811487417 14.451837398691525 72.24754276160817
-15.42019396718651 -46.904087958783315 1.0605875147253376 6.524356049351852 49.37383765854094
-48.12115634713424 -18.54321625262367 11.565200080608083 -4.279850733645272 51.57030687265881
-77.74142117268849 6.784647226258632 24.56846871045087 -17.882714593204916 78.03691435313127
-23.135137847665323 -40.74507728796594 4.500478730711453 0.033191823378097854 46.855052229951085
-2.699731820055914 -58.51792895187853 -3.2707786211122776 10.196792808428928 58.58017207656882
-2.9046478984097046 -58.65998026752752 -7.459029185281453 12.118667520952071 58.731850508672146
-58.3415841378497 -10.471738809011647 17.029310741140595 -8.264028954248381 59.273921335199155
14.30548110234943 -73.88833655868409 -12.475977210504865 18.397064756649268 75.26043489260567
-77.29605920748615 5.677172624959342 25.16390517536076 -16.023960118034832 77.50426476338106
-55.96936701853616 -12.968181268864841 14.61023673530963 -8.063215348486736 57.45209975064778
-40.848223523044275 -26.093001738074335 10.56262098649065 -3.0707878922744842 48.47083758079908
-32.41909395966227 -33.62790832982056 6.054002487366193 2.5926977620650176 46.71010450098617
-66.93869020918937 -4.061822687100382 18.760600404891054 -9.984016394804945 67.06181215770661
21.231954191155527 -81.35302210971605 -11.408822664584305 21.62995225812494 84.07799986791422
6.502627470014805 -70.2883569723787 -7.23477101251293 14.442217202935382 70.58850677165186
-59.437202064235855 -13.344192678642727 15.927698139589923 -7.654683044611124 60.91673384652485
