m1-67/data/wr124-jwst-2022-f335m-TO-f444w-OFFSETS.ecsv
# %ECSV 1.0
# ---
# datatype:
# - {name: 'RA, arcsec', datatype: float64}
# - {name: 'Dec, arcsec', datatype: float64}
# - {name: 'd RA, mas', datatype: float64}
# - {name: 'd Dec, mas', datatype: float64}
# - {name: 'Radius, arcsec', datatype: float64}
# schema: astropy-2.0
"RA, arcsec" "Dec, arcsec" "d RA, mas" "d Dec, mas" "Radius, arcsec"
[from data line 347]
-4.296394557008636 -45.40492690921492 2.7447687083223076 5.9477471463176865 45.607744885298
24.601748451608103 -70.64340922698769 1.3151942362033575 4.437437212086762 74.80466075337745
-22.56179135211377 -29.607104761438602 3.7239553901685305 6.560897065509514 37.22385092760817
-21.4741589715682 -30.598115711530184 3.3715549898165373 5.763282430012977 37.38160222960881
-42.499853838897 -12.325813584773817 3.3506043237242786 5.930079159973269 44.251138456666645
-44.725071167652786 -11.280571672829437 4.115775816786961 4.000355577657186 46.12573344911227
3.9419868371912066 -54.06614444089098 2.1984264979701345 4.00768538474278 54.209659974692386
-15.120749735779302 -37.615627366538185 5.060406992079857 5.8961086566591705 40.54099767161596
-8.756911150543836 -43.396226867116276 2.442212113672053 8.126984251061524 44.27093852705968
-7.18732719485162 -44.919208969735095 2.8211886666202863 5.890423126371689 45.490581507124176
19.42596635952633 -68.06712603950938 -0.2990162098232369 4.2102689195680085 70.78489812510422
-60.07372086861176 1.0486585339939722 5.782104873740122 4.45585429157531 60.08287296464655
10.981017584416323 -60.8078966971337 2.7062090577194153 3.2638195420247977 61.79144798776089
-37.071268922201995 -19.295990184873975 3.3342825020599025 3.8348056951042295 41.79251383567894
20.152809096905067 -69.64131180164561 2.2488823403536697 4.573136380343404 72.49860694192736
25.55226063028166 -74.60295948833419 3.154694854664857 5.801485836863772 78.85759037192459
-35.82487040054194 -21.288082208210497 5.565926036301206 4.432404274369932 41.67257825916037
-74.93005355831035 12.248719107619824 4.11535107915369 6.2528909250069225 75.92459443035968
-60.82497332001772 -0.5419388248359507 4.791128702633933 5.097489776288625 60.82738755728756
-50.21831210006918 -9.822962512491385 3.460130894523772 6.833429432611138 51.170005479560075
-7.5517317004566 -47.00754973874969 3.2102148016566554 4.587032428574439 47.610276024497885
-36.47255675141673 -22.035623393067777 4.76650369820147 3.339647283585532 42.61239361070443
-64.4504920332894 2.2425471965082973 4.949199447242334 6.238959816885521 64.48949481181424
2.3387238690512957 -55.86034669092884 1.1060320140861084 4.487258438394703 55.90928332246296
-72.38342083441437 9.079651962810573 4.658423937554358 6.177583906403081 72.9506661249052
8.46201062663511 -61.49976841499442 2.8074734710895477 5.514467059693355 62.07920051693044
-46.12288908284239 -14.156306194807756 4.066866559828387 4.919878306750479 48.2464703278542
20.26279179106229 -72.02478747910298 0.227226870702654 4.791479748087455 74.82079073288278
24.790486484864765 -77.43155635939866 1.779475555707814 6.547537358031078 81.30322325425324
-17.839000701603315 -40.59362415953834 3.54891536092369 5.758733289013188 44.34041344337809
-26.140150275430067 -33.900249691643296 4.460524046841953 6.343770683581004 42.80811114067256
-17.50744814554744 -43.67535040916281 3.8424260229599825 4.369083868171885 47.053660530770195
-1.2958592498550714 -57.72638309562148 3.755603650920834 4.61334583809289 57.74092618285417
10.409568202785458 -68.31703813783676 3.2298194175688413 4.381921089393912 69.10554830209844
-55.91481216548994 -10.835539307169382 4.8588854902627565 5.552135992141037 56.955027246929696
20.422246466482267 -77.43770318337891 -0.036269010032413805 4.886957126948002 80.08536698714022
6.876985357689886 -65.76155738787473 2.432974989010634 5.962291791070473 66.12015846990339
12.735951914941253 -71.11943435211694 0.8708357967236203 3.467145712195933 72.25080212231644
-15.424357416874292 -46.91049402560752 4.163304398774978 6.4061611668346155 49.38122363155326
-48.12535715953575 -18.550097833877963 4.200325788100621 6.8818782737462465 51.57670137897947
-32.72586488796953 -32.32019135841573 3.7254389891608004 6.076962250056304 45.99540187178234
-2.6998814938651803 -58.52557793839958 0.1496434438744242 7.648987129176495 58.58781983404966
-77.7459156020309 6.778262727886993 4.493699874574445 6.3850117402469815 78.04083697791556
-23.139034471572838 -40.75250034692486 3.8963714236345055 7.423191427930524 46.86343130662363
-2.9126156791679687 -58.66783434910419 7.96774675177378 7.854115666252299 58.740089522221574
-58.34606902247475 -10.47726881261355 4.484410629527351 5.5303880627678845 59.27931282686778
14.30433615385323 -73.89355542051376 1.1450580917608149 5.218837781839309 75.26534100591893
-77.30149116660131 5.669796578558614 5.431121307448752 7.376663335217548 77.50914222408986
-40.85352185923057 -26.09849575907892 5.2980064034818914 5.494339041525013 48.47826028531443
-55.972509893364425 -12.973820610173863 3.142411000340752 5.639599747203917 57.45643463412397
-32.42301357149947 -33.634141476041655 3.9193148242791125 6.23333294493192 46.71731234309933
-66.94420393813647 -4.065807269334898 5.513336876303957 3.9851245628430303 67.06755720220188
-59.48583336784922 -10.596527512181131 4.261301738742978 6.448736010734037 60.42227042789432
-72.63356274842461 0.4324774873818718 3.70367642669167 6.3027430090563845 72.63485027374387
21.23374787545945 -81.3626196738115 -1.7933847943352237 9.597620049245847 84.08773933006887
6.498249956905399 -70.29359498148068 4.377562865641656 5.2379673144820575 70.59331941686035
-59.44093715177096 -13.348709501222901 3.734693002567578 4.517148758230134 60.92136776110628
9.822320349047448 -73.99756103404846 1.8926215621126008 4.851562965375159 74.64661420243829
-67.52594153347076 -7.173017941060829 4.818548078798436 6.184590926627385 67.90585368384369
-77.58389209876042 1.4081017376946543 4.562231243040396 5.75962534681803 77.59666915262169
-34.36107824871402 -36.700775457589046 3.1636645760997646 6.569609826115039 50.275546791067626
-40.64689518304049 -31.469121566378544 3.8031347061081706 4.906896941518068 51.40501616922471
-65.57232599155074 -10.136270674682693 4.983635404378515 5.467126898853557 66.35114102748003
-78.37161273316886 0.011012977312172025 4.4232682188307395 6.119208673695982 78.3716135069507
-29.4834238880686 -42.87719025168422 3.127060012459569 6.341364317892331 52.03581185605481
-48.755795864992216 -26.186826882066086 4.76830042025769 8.020925609508959 55.34326986919747
-0.0406552871013606 -69.21304315652769 2.27133600173287 5.2155974212798375 69.21305509683904
-49.18477664487649 -27.23594330371283 4.370360909220927 6.883787904221434 56.22222734098954
-85.61830583872933 4.366191087409256 3.906103886609792 6.264859434967692 85.72956268511574
-21.162041194811987 -51.9837859115309 3.903192679109862 6.35096472805391 56.126161241768685
-75.75118941432909 -5.013723708435251 5.965512709535293 9.301612188695842 75.91692908694681
-22.867942361103392 -51.133744851838316 4.2159196876650435 3.016059987365013 56.01430745521288
-48.89857338347276 -28.589157736584962 3.9927129452075643 5.836049175214945 56.64283188288596
-49.53640423712567 -29.056225559409555 6.336371936064357 4.554980624133037 57.429257110452774
-20.975738344194042 -53.91484578643699 2.6415385136924185 5.824660344244866 57.85146657812201
-52.41780802655461 -27.545497653128287 4.247007104671484 6.126727233979704 59.21470275975797
-47.25770777007043 -32.58494808915081 3.9588706017082442 6.947235451184539 57.40269825603992
-27.422128462901583 -50.04381054035988 2.9748067250023924 6.741950346851767 57.06449060562572
-33.25100495741415 -45.09104744898904 3.700541463353234 7.0457355032643845 56.02527887578272
1.3538342674479813 -75.46938226248105 -0.28153490422751526 2.545974653005639 75.48152440314593
1.9765623710030125 -76.65037659263388 4.145763198245716 5.112451658926744 76.67585689393611
-65.34639715340536 -18.273864561751346 4.171719791512227 5.859475994726697 67.853413589711
-24.27903066234598 -54.22321733207815 3.804633934346147 5.008639197606876 59.41067761072153
-77.43687710627084 -8.086941302497594 5.04084830210505 5.973789763410556 77.85800249500487
-43.843637393714936 -37.46960281171208 5.165615860665959 6.07878423080558 57.67352645392868
-31.273211737523546 -48.5848297834426 4.630521875322508 5.135702148486958 57.7797493883023
-1.9784201343319132 -74.11521235441774 2.426363325727676 5.056266077817879 74.14161347313443
-5.832128965229911 -72.08860123970918 3.6127001331941195 8.595927917684655 72.32413259473013
7.1293208587498755 -84.03233508242306 2.4999364713080268 5.0857670748603026 84.33421934480658
-2.4539138240501437 -76.65605291400068 2.0528508715777782 7.259889809509689 76.69532020357919
-41.07484001099428 -43.53542402611625 5.1027927049312565 6.063009329690898 59.85378519364761
6.307714347525125 -85.18201157670887 3.7743666348143203 4.228601692729726 85.41523490737869
-36.6249563374073 -48.687976369856926 1.5002640275917791 4.7694363515455045 60.925417067023105
-30.39683532936702 -54.6493371213098 5.556296920997521 8.8342368395917 62.53413167394742
-6.976085159032354 -75.15586204580767 1.6517612259567473 4.334069674744618 75.47893323197984
-15.688192793954862 -67.67727062364229 2.611197716630792 6.480766071631416 69.47180970273936
-41.54947809136205 -45.33000945806457 3.9624279439806016 4.963320098611644 61.491209610284805
-91.34991690491914 -2.0872555335838308 2.572772832490864 7.676797076183662 91.37375965721958
-37.51317138773669 -49.251286339837655 3.272679320589921 6.807563282869771 61.91063888338535
-16.596011343592743 -67.62745989106187 2.953520883152247 5.688023432695938 69.63404996095056
-59.36686762446143 -31.079126885743356 4.2386082800796805 5.867785612393017 67.00997741263296
-22.404715220092424 -64.32142952308466 1.891561773303857 6.004584884897326 68.11180179464981
-22.99326453323788 -63.91354508704042 2.367883314099374 6.274273977330351 67.92371782056621
-83.66881866517234 -12.22192876684691 3.109886517129254 5.063404017306202 84.55676644370685
-60.16206585207246 -33.81332157754042 4.708054040514826 6.5798621418474585 69.01314984316484
8.178092656151643 -94.9932597335504 2.6110181234301475 3.761823403711498 95.34464111617285
-30.22648324256382 -62.37053611424094 1.8664480715556986 5.983768882218056 69.30890301063081
-9.716920389754474 -80.37497148196637 0.7526265444603331 3.713474440898941 80.96020366702216
-8.086637394907 -82.16493494899868 2.529635496046028 4.414859535791643 82.56191758960178
-41.54686887267433 -53.57373854200027 2.545372589271101 5.387559279170631 67.79592713193946
-75.80793093684477 -24.171497313419202 3.76742269262268 3.188103174583456 79.56823266220024
-74.0881222055491 -25.864216331442094 3.953717141324537 4.542179355901131 78.4729731156147
-87.67953322251904 -15.281535610560926 4.4195343863068866 6.7669023288443695 89.00126888229146
-49.14180431387831 -48.85148916753337 3.4045314616538183 5.26923731313832 69.29202609213341
-66.54458693331112 -34.85318315180624 2.1861191826024777 4.845227498916296 75.11941416034489
-67.18865087103185 -34.412269404310805 3.118730689348665 7.421636003107989 75.48853588156994
-36.25737436882356 -62.274930417931834 1.742320556368891 5.730581525249963 72.06083620622461
-81.81718187572855 -22.711619093535564 3.9237630564566315 4.852188868003146 84.91094667287312
-72.98391954729264 -30.734693279861744 4.067936252884411 5.5356094559829225 79.19137480852945
