m1-67/data/wr124-hst-1997-f656n-TO-gaia-OFFSETS.ecsv
# %ECSV 1.0
# ---
# datatype:
# - {name: 'RA, arcsec', datatype: float64}
# - {name: 'Dec, arcsec', datatype: float64}
# - {name: 'd RA, mas', datatype: float64}
# - {name: 'd Dec, mas', datatype: float64}
# - {name: 'Radius, arcsec', datatype: float64}
# schema: astropy-2.0
"RA, arcsec" "Dec, arcsec" "d RA, mas" "d Dec, mas" "Radius, arcsec"
-8.586510668359537 -88.00796395806236 14.16811409091911 -148.5728964310988 88.42584396558956
-18.328159195507734 -84.63902429428887 42.240605026084324 -114.35863711098368 86.6007265219539
-4.885272875462875 -72.26776058162905 79.70578354315786 -9.286957085823413 72.43269365123776
-47.02147871682539 -58.52654423069492 93.94667134087774 53.992387190759025 75.07580023523451
-29.410098473704167 -54.886215170295294 43.01962815283399 20.7674782338033 62.26917766870838
-60.558192158828334 -53.82617950556374 -26.656844113265514 -141.95471142458175 81.02192391236265
-43.48938742847205 -44.93695391494066 90.29314634695695 82.78264752511264 62.53524299252474
20.521572074965487 -44.55115085840207 18.564777749709584 -91.69324345481985 49.050381819975385
-40.03043554186466 -43.60742003731696 -6.2422196996896275 -100.75388806669031 59.19495610358086
50.019691665551655 -40.09553278269588 28.141914590433885 -53.72495697660521 64.10632786185721
24.32117465447145 -36.82538180614658 -2.0077476050232272 5.418830949526432 44.131941668814534
7.778156235852926 -35.09380057670341 -7.729887929243031 -67.16888307489526 35.94543855296399
8.193227190551394 -29.760609586368716 -39.51368357670037 -139.6537621585868 30.867828791193347
17.302462005818832 -26.725732075590503 -1.028160986236918 -91.79854998042912 31.83771261828602
-34.90381817115939 -21.470746736587262 77.6373024869758 -21.042354518310766 40.978890711595284
-39.99585693865248 -18.95502425098864 -31.378275230903995 -119.0106096165118 44.260157163155334
19.494182358667977 -15.81771210798847 4.913118789658542 -81.71237875179789 25.10424588434235
69.98162936461033 -15.76669180923552 34.5211515591176 -37.76127111905519 71.73574429525424
-7.892491457110916 -12.717247887167284 54.04846126036502 -161.07741579301316 14.967291509944816
68.5206425085808 -11.506581050700547 56.19454796780299 -5.7070786090591215 69.48006802237094
-34.141639079539516 -7.938481406614633 -8.021430680320151 -70.46776706438374 35.052403705055355
-41.01997935179849 -3.270408891725265 17.7431046441749 -94.17037919244432 41.150143137055814
-59.043259405066266 1.0187521711439262 -8.07708737462437 -140.04281452556606 59.05204769639549
-54.00147051365771 1.3392273030016586 -42.33756918702948 -100.27191096024902 54.01807426570139
-20.040062392624836 10.4861622607532 35.693769094854794 -46.88772782818812 22.61777396887017
67.81036993283095 16.202413825585403 10.715888743670037 -89.64725702810537 69.71918297529653
-17.494739361321717 20.66216104483492 -24.585644472880414 -139.27676639784409 27.07380289760348
-7.944882941889291 20.966007246471936 41.07918586206937 -111.15699583797038 22.42085245038499
43.95270712638244 24.871302755524205 -31.232372959001406 -188.83053524065613 50.501704477610204
5.432297288355414 26.360548652449715 -4.284871866415346 -136.63065917510667 26.914464121113486
47.447576368572335 31.311249160554528 59.373768876029345 -49.90832454475641 56.8477511425091
-32.91256079004905 36.9450714592364 14.708186729540806 -31.37264898870035 49.479035472589764
11.274137071093595 38.239297638730754 -6.359825640168719 -110.1549559471046 39.86665334771581
18.40027891554229 42.24700567247585 -29.17642416482502 -125.22017326107716 46.08014483189573
20.86321329572295 43.48574705167161 33.35558211474492 -66.42961038696494 48.23156496754606
26.787576946665663 48.703768020272435 -16.402367812239383 -87.2078489614125 55.5844518252437
21.811139628843733 50.02041492737819 -3.025512177317327 -77.47728179645289 54.568926250148905
14.000064882566392 53.49148658735726 -16.566560583915308 -94.60754634690042 55.29322697808689
-22.632596692153175 56.54325988150434 -10.557498544148412 -103.8000421494851 60.9046357695739
-31.66010580189666 56.69518484373545 -0.6093307269414303 -136.990303255668 64.93617064944233
15.866846938334074 65.16953337849704 4.12561208543385 -51.810872715991 67.07328010586554
-0.8651874835059112 73.4026423818185 4.174032851176721 -60.38410319041377 73.40774113117303
-36.850983686379216 76.60297264056759 -44.70358224719284 -88.56841259644737 85.00594304859928
