m1-67/data/wr124-jwst-2022-f444w-TO-gaia-OFFSETS.ecsv
# %ECSV 1.0
# ---
# datatype:
# - {name: 'RA, arcsec', datatype: float64}
# - {name: 'Dec, arcsec', datatype: float64}
# - {name: 'd RA, mas', datatype: float64}
# - {name: 'd Dec, mas', datatype: float64}
# - {name: 'Radius, arcsec', datatype: float64}
# schema: astropy-2.0
"RA, arcsec" "Dec, arcsec" "d RA, mas" "d Dec, mas" "Radius, arcsec"
[from data line 171]
29.855578761675034 -22.526800556629517 1005.2832686295234 -168.38874793083758 37.40069949842166
-47.79573498336457 44.224271600687935 998.7983907380819 -189.42744925896022 65.11695974330175
14.300885950484028 -10.033417989245871 1010.5545774647284 -173.58637275005853 17.46953964351799
-17.06192336706904 16.578700699490156 1010.2105445962286 -197.6708653907271 23.78996732320871
19.748724984188694 -15.57143614944397 1023.7857680488953 -160.4333333867221 25.149190076786812
32.295437156116215 -26.56868355068566 1028.0626851445475 -159.52956092979997 41.81973458732758
-49.96830569906168 44.94139112568553 1001.0699865289592 -218.25515017848682 67.20535820327137
23.796495152349483 -20.603964584244277 1028.8720051460998 -134.95023890472575 31.47692069191201
10.77096035740371 -11.506616039326184 1028.4334860791002 -146.79877057727032 15.761211868967575
50.12212556492682 -45.7810447189322 1046.9596473635638 -147.87647877994078 67.88321946885547
21.40364523845037 -21.11300169285572 1016.6886026977961 -177.74453266524884 30.064511776827835
42.3926212720616 -40.05035222683667 1039.9589443428895 -149.90640413576958 58.3195081360874
38.220185948921475 -39.087770096641236 1031.9466637557518 -163.15747337996453 54.66842203329704
-39.17779739817229 27.51538377612981 1018.9801307574949 -162.07198395408247 47.874796544797825
-11.056611276749969 3.046257366330844 1023.0388446792666 -186.41147827241954 11.468580420312692
-34.94680899930689 22.121691302269934 1013.7141505677081 -177.51658739884354 41.359988885611926
-8.996348993592624 -0.6454091825205162 1018.8946695267523 -167.64536338873708 9.01947050707957
-10.18161746322467 -0.5071186283961059 1015.9962768633011 -176.83254901483326 10.19423873897712
-52.639737533404706 36.02426131310534 1020.8830160053433 -193.26795416709982 63.786278638619784
-42.41249443251024 26.336072788915722 1018.3713078036426 -183.01497298375855 49.92402632153243
17.98147485305812 -26.217384915263967 1013.0065252817369 -169.10978995667833 31.79126779395078
45.95619344029333 -50.56658060702566 1034.908602344511 -145.18836495374768 68.32972082117075
-9.509388705446714 -4.2888592741189075 1013.2875554472154 -171.24909595309694 10.431816112722874
18.676953043814407 -30.201132080196505 1029.0994835733313 -161.49031841183776 35.50967405416554
3.8099053949764854 -17.395404591119764 1019.3187858488743 -173.51114420973306 17.80773652021011
-6.998727776412024 -8.037516914711386 1011.4003993120074 -153.1559054338302 10.65757329863404
45.26341521638145 -53.738530234683786 1039.1494035166152 -151.37201301893577 70.26098734348184
-33.35119453393167 14.25240204806389 1026.8458063178768 -187.55609355845252 36.26890044096583
-57.877976227284975 33.52725493016115 1016.5575316525151 -152.14925402238168 66.88749453970124
-42.661009412437224 20.16451953818897 1012.1953074431694 -181.2220279265518 47.18654009863679
-58.803101949684034 34.04609330638876 998.1976389900084 -196.72313894923448 67.94807750731904
-43.05521697342121 19.29475599297101 1015.4690665557998 -191.69823569519508 47.18092105980313
31.816270277417303 -47.03316978140153 1034.0306648360925 -149.22462171028937 56.783748524655614
-8.839469159218131 -12.740787989008133 1001.0260798668874 -137.52640867648358 15.50689825523838
-39.84287566644097 13.227434190752128 1012.706262144366 -172.40236757415087 41.98118333792067
-46.91975728608246 18.804892263996457 1016.0123285336971 -166.3305120226891 50.54787424554198
-23.5687641739505 -1.8778846732782406 1022.4585284046167 -180.2631411158763 23.64345777409181
-11.933289019694884 -12.365018539762534 1019.3656027448013 -159.11728574790288 17.18420990757925
-21.824720366857598 -4.569524847842465 1017.2540208089861 -171.32212569327663 22.297959017622485
21.86080862678871 -42.72434396442003 1024.3630580779334 -168.93333340252278 47.992338077774285
-28.165199110757705 0.7614709223119674 1007.282982790908 -187.14475505499792 28.175490748310686
-0.15353997068596592 -24.302419423014882 1022.9728901897598 -167.1885380896334 24.302904442363314
-31.796535139841833 2.336782958657926 1037.9107193617813 -190.280838226029 31.8822866406935
24.116191265249995 -46.37451060578135 1033.7274136388774 -161.8950376492115 52.270315718138264
-0.4881547606162667 -27.080978903492703 1028.1984119988847 -155.97566161424498 27.08537822221144
-17.299253543061866 -12.971632495847881 1021.0562003220673 -174.47599398411973 21.622382439552478
-25.042835619260618 -6.99964283149356 1018.078529403209 -173.05399947861716 26.002665543788318
-61.05341913201217 24.10018334559685 1021.2559327389966 -178.66268529916903 65.63793726217182
-48.769048765159596 12.617876838791913 1017.5439722280794 -177.31413051243345 50.37490377550419
-52.738894301336465 15.999896488105303 1022.6765747823421 -179.51842985119035 55.11249998109851
11.20424067483292 -39.7193680572873 1034.6343694811753 -159.22786534056303 41.269397941083234
32.36922156248122 -58.18088030388023 1024.7373229572097 -175.76845625532093 66.5791356936363
-24.426549401019525 -9.492477422620102 1020.567288490722 -185.1321771314014 26.206171846385704
17.552471908409103 -46.22787055458341 1036.7431425152663 -160.47325081230184 49.448005833924036
18.918926209110495 -47.533823204647696 1025.3158486126358 -178.47384811531586 51.160435015967344
24.32897200187905 -53.07029827725776 1031.2030071388351 -167.7759777164412 58.38112216161452
-22.074424285512222 -15.656852984852433 1017.2662226813686 -179.80033433841646 27.06320845703717
25.77709362760795 -58.20276558884762 1045.1672491696625 -155.55113830201395 63.65548256389825
-64.53836377042654 19.603302911761737 1014.1484818785834 -185.46711656135216 67.44990638011699
-56.00933814597515 11.85226169430789 1001.7760774579475 -193.55396959249614 57.24964684052503
-50.15876685877682 6.660588146652423 1020.6813912931971 -181.0122294739093 50.599064481186424
16.156391916290584 -51.350185813726796 1043.9527879184134 221.34022246853735 53.83187324870808
-13.274564168375786 -25.96719742157768 1032.4254499198519 -169.49082813881017 29.16349421556306
-32.445770096562235 -9.607647336099566 1036.6487393065843 -200.22236346496604 33.838364081914285
-59.51746831445357 13.857395418843318 1021.8533602324238 -180.29760487360485 61.10938092483318
-70.09537100471125 22.825148004259084 992.313599316999 -204.76842822845154 73.71803305598397
0.01446870295552732 -38.31472391144975 1013.4413839678659 -137.09075915041035 38.31472664335294
-35.169349730805 -7.823148598225545 1019.6952846798114 -185.74894965784787 36.0289441127747
34.191470964046296 -68.41803631537098 1041.023062704633 -156.5875626021302 76.48584403054771
0.6002090463435004 -40.10080749105459 1026.849526467572 -168.38911472003682 40.10529905547884
-21.365167348835293 -21.135462854993754 1023.187284934572 -186.02130198519913 30.052922725412518
19.215597558327403 -56.63110892276376 1044.1774467147336 -130.76014436436245 59.802355121408816
24.397714659188303 -61.54363967422415 1036.8897603089188 -159.00203196882734 66.20323290657701
-41.60487917208932 -4.538437451209444 1022.9477668700418 -173.9239291912901 41.85168318170964
-16.178256964839978 -26.672829757369723 1033.2133270886413 -145.16350578542955 31.195766447106216
3.71106508961763 -44.45333062840701 1045.1657725780426 -148.60619303339817 44.60796574430552
-47.65716855938271 -0.8139645820536446 1013.4969532874337 -186.16351607571528 47.6641191403483
-26.80296610749332 -19.485667940787486 1007.0393650206245 -167.5433265356792 33.137444758535956
-1.7861399583174769 -42.31756560937541 1031.9242225520034 -171.6494127582805 42.35524353619081
-46.55931657794413 -3.5569645248062307 1021.3859059469995 -171.75347671878131 46.694988560015524
16.406753625458094 -58.352139319741525 1033.6031068625853 -173.51945806389824 60.614797867667875
28.530062498434166 -69.65411149391974 1037.3276161234646 -164.9005321519811 75.27057647733888
-8.248184904770701 -37.69976775005827 1028.1866546384183 -181.09345424018682 38.59151515387608
-66.14697239260425 11.305603132802863 1011.9345430736456 -172.9454478750497 67.10617419070456
-55.06950897387055 1.4240989758905602 1025.7079123059214 -185.05869815059512 55.087919514732484
23.89536244782274 -67.85629803214734 1042.4085741538852 -157.9248941592001 71.94070828499785
-19.549837696264635 -30.75371403799757 1022.3325201243025 -157.4046281831314 36.441557022849054
-1.3425242762864127 -46.60345512165438 1023.7138203678344 -176.9545617843013 46.62278842666463
6.845933828025568 -54.12433748516158 1065.3648285652619 -156.56040829339287 54.55557457407915
-45.934258134409056 -8.397314043383854 1022.6890397298416 -185.24465459538993 46.695513192664556
-37.70921888147018 -15.779766771887141 1031.0914036303732 -204.9608194684279 40.87769838479047
-4.293649750572574 -45.39897917939721 1028.399548322839 -163.47205986800876 45.60156508733771
-21.470787234752436 -30.59235253548739 1011.5314523694028 -192.14088135254573 37.37494795658626
24.603063485529706 -70.63897174222689 1048.5104615128455 -151.16077322923942 74.80090265504609
-42.49650286431473 -12.319883714851953 1002.7771318476629 -207.61990703734878 44.24626863691845
-15.115689197524457 -37.60973137029116 1032.978972068312 -175.29128479270875 40.533639746905344
-8.754468833788641 -43.38809991429881 1020.5383486352155 -204.5125910674115 44.26248905793925
-7.184505944022968 -44.91331857639936 1022.2846420884675 -171.95029408099126 45.48431939018976
-60.06793837031613 1.0531138778905456 1016.6051175647242 -174.31556428825962 60.07716928139155
10.983723740931499 -60.80463283392841 1036.0249204175245 -156.0128833670656 61.78871707516192
-37.06793443085199 -19.292155560804847 1038.7818314697306 -164.94487868824362 41.78778559744111
20.155057843974642 -69.6367385986977 1047.085771700997 -159.3824792051715 72.494839153733
-35.81930424123485 -21.283650096929396 993.1332412847179 -208.09217743185786 41.665529076403274
-60.82018173559376 -0.5368417632551771 1023.4155284161327 -182.5871645643803 60.8225509611071
-7.548521434794056 -47.002962741937445 1051.729374144423 -168.48993984282768 47.60523796162531
-36.46779006862913 -22.03228400121457 1039.1774481198934 -160.49456290899482 42.60658688216167
-64.44554224288491 2.2487856876313814 1020.2995143071739 -176.98599493396276 64.48476526974245
2.339829885680532 -55.85585942867336 1020.649299860284 -173.4418057538889 55.9048462682455
8.464818031660545 -61.4942539130305 1030.235300624588 -171.71141112494195 62.07412026365708
20.263018875322715 -72.01999599258211 1028.5008523875033 -151.31426165075717 74.81623981481484
24.79226572206898 -77.42500875724177 1042.5180382534772 -151.08662811051627 81.2975300475015
-17.835451635297083 -40.58786551927209 1006.2498676543989 -193.66148920784718 44.33371356361057
-26.13568950779599 -33.89390609228052 1005.4514036466559 -189.1003758279977 42.800363667709355
-1.292103637330403 -57.72176975695362 1033.986222177163 -164.19773969217493 57.736229835687865
-17.503605607028263 -43.67098142412468 1027.1517655194443 -163.6019819632531 47.04817555669563
10.412797955362896 -68.31265616736366 1030.1918661149207 -170.93247606011147 69.10170294526671
-55.9099528238318 -10.829987570373723 1031.9056176353358 -176.28586615562452 56.94920063239385
6.879418272570768 -65.75559507149522 1046.5991480827772 -159.5928077010683 66.11448160102908
12.73682268592205 -71.11596719012286 1045.3293967314812 -162.8864554581466 72.24754276160817
-15.42019396718651 -46.904087958783315 1028.9311963745015 -190.35762622157588 49.37383765854094
-32.72213915682225 -32.31411457529499 1033.9209715076508 -177.8120634299398 45.9884809818477
-77.74142117268849 6.784647226258632 1009.6961095652853 -171.16103236704885 78.03691435313127
-23.135137847665323 -40.74507728796594 1033.454828075127 -171.77537036081443 46.855052229951085
-58.3415841378497 -10.471738809011647 1015.3395593510476 -157.56664521495532 59.273921335199155
14.30548110234943 -73.88833655868409 1022.3823874025533 -171.27488862820852 75.26043489260567
-77.29605920748615 5.677172624959342 1004.1241495982392 -197.61643303313645 77.50426476338106
-40.848223523044275 -26.093001738074335 998.6813461108549 -202.01903090469995 48.47083758079908
-32.41909395966227 -33.62790832982056 1018.3523712378184 -187.93028105861703 46.71010450098617
-66.93869020918937 -4.061822687100382 1013.9695243589658 -207.46039543658625 67.06181215770661
21.231954191155527 -81.35302210971605 1049.5033975343702 -206.41775562017796 84.07799986791422
6.502627470014805 -70.2883569723787 988.7359635738867 -185.24671147282464 70.58850677165186
-59.437202064235855 -13.344192678642727 1018.1759766739128 -180.96422142330306 60.91673384652485
-67.52112237177518 -7.166833828247984 1013.1500183484587 -193.52081610370746 67.90040847921912
-77.57932921089441 1.4138608429255 1010.9712733416965 -202.83021044306886 77.59221174312407
-62.04054788864093 -14.040794762675356 1019.7618051771162 -223.63073550895126 63.6095393313871
-29.48029655317606 -42.87084902284311 1043.0747706833874 -165.55797671604992 52.02881478841437
-48.751026990034006 -26.178806298048414 1021.7991743133128 -221.32089399219927 55.33527373207363
-49.18040578646491 -27.22905983167692 1034.3593830705709 -152.97556054089324 56.215069141514775
-85.61439894664782 4.3724554554117665 1035.9242557092828 -179.14543781084734 85.72598014953168
-21.15813780441433 -51.97743506815436 1036.0905342581727 -175.6889480038716 56.118807383449784
-75.74522286640244 -5.00442276028638 1013.8422239580332 -204.1910448018299 75.91036182976498
-22.863726339991654 -51.1307289334749 1033.5281755183798 -174.12915896923815 56.00983317868763
-49.530067533700745 -29.051671039980473 1029.2802616313197 -210.0049857162737 57.421486952849435
-52.41356054762992 -27.539371252989003 1023.7011370003138 -197.75519496105142 59.20809304440374
1.353552727434991 -75.46683628840186 1047.9520868558182 -170.21061569154563 75.47897378929241
1.9807081196417131 -76.64526412892005 1050.2676614431916 -149.2542610347438 76.67085311815192
-24.275225849642833 -54.218208828596076 1035.0425875628594 -175.59025906119365 59.40455155165098
-77.43183557830837 -8.080968086317188 1021.261858627673 -191.05177321240808 77.85236799967267
-43.83847138614988 -37.46352436024386 1041.6837421905454 -162.76657120874358 57.665650172615564
-31.26858097957219 -48.57969429406435 1018.9706414925413 -183.53878506965273 57.77292476676213
-1.97599375597234 -74.11015609537584 1033.7839344988292 -170.41495558718825 74.13649430366128
-5.828516191324388 -72.08000534274262 1022.9506622422989 -197.03547673804675 72.31527342006505
7.131820742150364 -84.02724928915221 1047.7295810935686 -158.68944015038494 84.32936313875143
-2.451860946969523 -76.64879303156746 1110.4180913353398 -142.90173434391755 76.68799837668514
-41.069736852187155 -43.52936132475951 1033.0639293961797 -178.7513658568475 59.84587335321548
-42.21352341456101 -42.63353133129472 1037.55259752399 -199.34813891572324 59.99666263605696
6.311488675294031 -85.17778294005367 1038.133854633296 -175.6336651863146 85.41129663936286
-36.62345581678528 -48.683207014243855 1011.7437987444013 -258.22647654974276 60.92070367483098
-30.39127863783333 -54.64050313262513 1024.2106979393689 -224.90215466678575 62.523710528222786
-6.97443335317431 -75.15152799305456 1036.3851478984257 -179.38641275002175 75.47446507354185
-15.685581446666921 -67.67078991776943 1032.560364248146 -185.7550183279301 69.46490671257668
-41.5455153603023 -45.32504637986471 1032.7046616770556 -188.90218998506376 61.484873327604085
-91.3473431017129 -2.079579081907861 1014.5183947972065 -180.71201290366585 91.37101148950318
-37.5098983332226 -49.24447895692719 1029.8768660186663 -178.10375654237566 61.90324025422845
-16.59305768390128 -67.62177193963022 1038.752388306721 -187.97046489127356 69.62782198009424
-59.36262850421764 -31.073259469864922 1022.4284271186116 -185.39458418613577 67.00350058291585
-22.402823460589122 -64.31542500045917 1046.6255143569524 -164.90079945215763 68.10550914375108
-22.990896437927088 -63.90727089306073 1041.4863711751962 -165.5332335132999 67.91701241290734
