m1-67/data/wr124-jwst-2022-f444w-TO-f470n-OFFSETS.ecsv
# %ECSV 1.0
# ---
# datatype:
# - {name: 'RA, arcsec', datatype: float64}
# - {name: 'Dec, arcsec', datatype: float64}
# - {name: 'd RA, mas', datatype: float64}
# - {name: 'd Dec, mas', datatype: float64}
# - {name: 'Radius, arcsec', datatype: float64}
# schema: astropy-2.0
"RA, arcsec" "Dec, arcsec" "d RA, mas" "d Dec, mas" "Radius, arcsec"
7.949140574267243 85.60019184685052 -8.837823883155892 -51.50408705355298 85.96849234724974
35.62837365477553 61.50363265276905 -22.200200859657027 -41.10912282918602 71.07796987216612
29.251503478993374 66.49279739363647 -19.956862149779838 -48.488273447220166 72.64256693822239
32.76100304588427 62.5939852004089 -14.73634820290118 -43.08998135319904 70.64906418983495
38.24168966720762 57.093366507846476 -22.274423952858758 -44.555409234814654 68.71738710438375
10.847979187423336 79.17193208950911 -9.769077958425132 -52.47399595179899 79.91166045989658
19.86076262110333 71.20788221465521 -15.555514869774706 -49.483083432222756 73.92572194927169
-0.17907380167266213 88.40477538923251 -7.656406795837393 -54.547727850588245 88.40495675608429
36.56755306384181 56.233716217536816 -30.234117166145833 -37.71347761848998 67.07769184750653
-0.37175241431119876 88.01262017265452 -6.438533651337886 -52.44665972551164 88.0134052829853
81.73490243577028 16.117297268892735 -38.92955200283362 -23.30515643663902 83.30883226792807
23.918988078797522 65.80345127818045 -19.69823200245755 -45.17394654927592 70.01579944143532
47.8114915338083 45.01406979822056 -27.972139876590973 -37.14591109857074 65.66738281821792
4.771967640304628 81.45668543556064 -8.507278595597594 -53.04300698042126 81.59634352178561
54.65774321118413 37.7321231410472 -28.34537111881815 -34.45249890083441 66.4167296420829
-3.0488946326712725 87.93918124941725 -6.329288956560926 -52.996702677896785 87.99201871042324
10.665491822992928 75.64585112532647 -10.003818282712912 -51.26582882078201 76.39402792890708
30.811431039953508 57.3598994835517 -15.376724909310436 -39.65024016652162 65.11146079625341
34.98916510128681 52.962410593018696 -16.630795982261894 -35.70039865448191 63.476441168398765
60.19827052934952 30.414241451037523 -29.32399410586929 -26.0432621169925 67.44522096862043
19.22793731109799 65.65748215779207 -11.433497316203125 -40.63871607051497 68.41504603564763
29.940411401430165 56.08795980952739 -14.629695054612002 -37.638487467099054 63.57898590246539
67.11636222924393 23.39886494533234 -30.14497866584321 -22.175244652615632 71.07821705911076
-8.233002328206435 88.8077872632404 0.9955583567969308 -54.73019865299093 89.18859457206864
82.52921342444452 9.496850307273558 -34.827888330068305 -18.03642101121274 83.0738299911773
61.73400415097777 26.6038901570225 -28.138051979794376 -24.397587320063046 67.22242348250367
62.54992195958055 25.053096389269264 -28.160134535325565 -23.454329342892756 67.38063784654598
30.629192179676146 52.32293370152437 -17.13398249037428 -33.74971054012736 60.62867955509199
48.76316479122349 36.162936684155646 -23.62172529698832 -28.938817139175164 60.70917727757057
14.872690213692648 65.29263318843756 -10.913768951836834 -43.908930790732285 66.96510177311195
32.85521607097231 49.59030136014512 -17.253287060786544 -33.76379521560656 59.486663978316386
-4.887170724532501 82.04830143285575 -3.00729074392501 -48.913866257857165 82.19372363173093
68.21857009751024 18.049480387389778 -30.08353779952862 -19.559230826858403 70.56597647962688
31.120497079686643 50.341668910382076 -16.26244940029229 -37.4210657783017 59.184195085669195
89.83844171897047 -2.1084378463840734 -41.972737479293905 -12.738066745376438 89.86318000367473
40.583812861306825 40.6549635720097 -20.48847671007952 -33.082657539449364 57.444511557443136
28.381394871949855 50.928068845921146 -17.83711873633572 -35.949969094844015 58.30241637261392
29.731562514468926 48.81166974068527 -17.35510061600576 -36.09524871591773 57.15369538293624
66.80429748993609 16.25064133505282 -31.974544534235015 -19.87104616376414 68.75243630370638
-13.224705890610826 85.49468598526317 0.11281889144469083 -56.80256794490465 86.51146841658753
65.19897814231452 16.874146380192343 -31.171803025247467 -20.215473026757454 67.34718670721473
-3.4299672423786602 76.52174776025167 -5.700335866212187 -44.24177011951014 76.59858063323608
77.19368035640842 6.106160103450062 -35.787616074312304 -15.258909960588799 77.43480791241444
33.364993464708476 44.12911678315117 -19.726637887450938 -31.202654984518734 55.322705284369306
87.23906605339589 -3.6036804686363673 -40.99130457141499 -10.753322332881384 87.31346492964286
16.520114982494036 57.88170779310292 -12.146826624163273 -37.94662964501426 60.1930750910732
28.754195618552206 47.080870400742 -18.69579522035101 -35.13499401991853 55.16712888130894
27.842084709830022 47.42900106177138 -16.786106121178975 -34.78314184541586 54.99719819271798
3.56246233053012 68.42381074782791 -10.325287478365533 -46.62946713791428 68.51648717385949
15.97133940372292 57.518050308814644 -11.689702628991814 -39.64635440398953 59.69430280241671
25.76427068842551 48.77231606370232 -14.947457932083207 -37.70958922245861 55.159191853712905
43.341183927578335 33.318963839802144 -23.64921811343264 -27.257221824317522 54.66819513453076
83.73423761854754 -2.2046095985269965 -37.944529841541126 -9.75193186293729 83.76325478861943
70.3594997594376 8.707412350111655 -33.04038407091697 -16.793664046551896 70.8962497830637
10.476737002048166 60.55689512982102 -10.856768302701967 -39.910903031785274 61.45648511605848
75.2287063783696 4.256241955573974 -33.478351396953144 -15.122976662796502 75.34901365083216
27.903627548117328 44.86612040759321 -17.32333960713444 -32.80761145148856 52.835415948915895
44.45543695852493 29.570517091594617 -23.250334664655295 -27.55126944540625 53.39195953231599
-8.163355034253566 74.7675590173395 -3.8840519941701745 -44.7291818753578 75.21188897978874
21.999590242724764 48.111591758396806 -15.524068232016988 -36.91824003669017 52.90280922214766
47.86659624619181 25.470214081091033 -26.497802740973864 -25.163992470136694 54.22123965649568
51.46288868006665 21.569880662772864 -26.425785741565846 -22.480221272800804 55.800435961116285
54.331433032013244 17.666113844121583 -26.26811580409729 -20.963472833589325 57.13139405303668
37.24054975405009 31.84777792001058 -19.34906956961569 -28.25002769347088 49.00142338146655
39.6526336503788 29.549724533360433 -20.48081015858647 -24.14322506746784 49.452174518971944
57.8509447525279 13.043965042760064 -28.89946174814087 -19.812881439249193 59.30326153208035
22.091970640821753 43.77361036551227 -15.333674569941694 -35.12311009108451 49.03248029525458
43.32093098467297 25.24518192281058 -23.513568626712342 -22.676855583911024 50.14002654891919
78.30530957551363 -5.355897378352682 -38.21208402481088 -9.862686560399267 78.48826118003736
42.90609334497002 24.79124561068319 -21.6896607055656 -25.620425778597976 49.55339237827062
44.238654762014754 23.53540979318364 -24.16363514485861 -22.044142371845652 50.10962064106868
-16.463874287219145 75.58706497844132 0.6935265040524464 -45.858429960313615 77.35931447772754
19.903480926972502 43.58692818567477 -13.316511037106189 -35.9301957517782 47.916269218040746
66.10200654418806 3.217137838654628 -31.562116563580027 -16.16241752183344 66.18024814628109
-3.9430702373577593 63.99772921675007 -2.674385657815242 -40.13597914652901 64.11908567110429
28.890213531549126 35.34456227376779 -17.423498134008497 -27.533774937964164 45.64956201391152
66.01866787829245 2.2752275040227814 -32.14064918058551 -14.57308002992117 66.05786227581818
63.87019604833461 3.780853979349866 -31.53538640852611 -16.56020000761336 63.982003716835294
-5.659301848755711 62.379232181377674 -3.9726601306185523 -39.295928509794884 62.63542371516855
-5.298579471793997 61.96886930047095 -3.3773306430292487 -40.835485079388164 62.19498135662927
17.35788206481656 42.26477053825763 -13.989333553798563 -30.106306667871312 45.69033698949206
31.363255950831498 29.340038627115614 -17.76150680431568 -26.50402797831309 42.947545725568254
5.415306402626451 50.989645674366024 -9.381331784187 -33.6956266173909 51.276403041112935
17.501152795337923 39.15221942552946 -13.631249466608585 -29.126866139594835 42.88573925486925
24.702560288993688 32.70808321443197 -17.242734926886524 -27.72022652642283 40.98823230251532
10.684705518401588 44.531547343625554 -8.498802300327082 -32.548164037740875 45.79543251307732
64.21640614977551 -2.53502449908477 -31.05456806466642 -10.847016111382107 64.26642333128906
30.070088363992518 26.89727431819384 -17.53844822481748 -24.304902664134993 40.34443672728841
-20.910023196618923 70.63745256552065 1.7175773879689424 -45.12676503959251 73.66735204917674
-6.408807442658556 57.28087696468775 -5.501125523359925 -38.99976523843759 57.63828309054501
54.4377001951708 3.507062774292752 -26.58832348489661 -15.38912714515202 54.55055170714878
17.173534133542063 35.44077562955721 -12.70869042734974 -35.023597447082956 39.38246880226103
74.90457813930827 -15.301283200760285 -36.59188547087996 -6.457933529856342 76.45145573186937
77.33668259520353 -17.636656164565046 -36.33214842946187 -4.7705618175362 79.32221694418689
48.9276253844586 6.38990551009073 -26.47274153746128 -15.485188702852023 49.34311925103846
-12.133460944458081 59.26543862877111 -0.9895686344430139 -39.75660973273874 60.49473602141515
31.900061681946333 20.81823426511579 -18.500079599738314 -21.981283686770713 38.0921620517564
61.72516374655961 -5.2854020512025714 -30.038128760808103 -11.833021793054309 61.95103964870787
72.41977618375104 -14.998480465031479 -35.322208876617275 -2.6784422199504023 73.95659801204631
-26.951352918976294 70.41941796434361 2.176967749717568 -48.13831804484623 75.40072826153067
-20.692881234633898 64.8422235971387 4.13948613822088 -40.517959377151776 68.06400870287897
10.432179751988608 36.66317451453648 -11.181519525452611 -29.51782596154979 38.11848290154515
58.99530902729792 -5.822165979737306 -28.58990970921313 -9.891953599655988 59.281903672285985
75.54232170361534 -20.301144486236232 -33.84092699730874 -5.773154525699889 78.22262343730648
18.06822702582054 29.067369117164997 -12.79267221546955 -24.284144037389957 34.225323564478295
-22.94751093186886 63.971390160375904 3.45608170618666 -42.94743368992453 67.96268829394715
-15.887803307235545 57.41319481864865 -0.2032508177418433 -36.84002625318517 59.57094280516422
65.74163731681561 -14.10782378757248 -31.449664587284506 -7.793107209068872 67.23833402451884
62.001136313768754 -10.999340163452862 -30.32587286092919 -6.984771632368704 62.96924951589656
32.975606332998126 13.891661951117685 -19.11308714966927 -17.86756217116917 35.78224256741598
21.70049820129167 23.43246940180677 -12.979815177638214 -25.337357925891745 31.93731739565906
-13.827224294998045 54.09186034116525 -0.2841163747180658 -38.22699864186221 55.831187364134784
42.66748489346923 3.4580505572265388 -22.62782764773502 -15.347892191334367 42.80738698664602
34.81718806021605 9.741804486345169 -19.21556095750703 -17.533500246077327 36.15438200516406
52.94265901133839 -7.02020448852315 -26.980784493038996 -10.808983343834415 53.40607093931656
33.501637753717276 9.172902013548768 -18.899257267634802 -17.78107779158713 34.73473568056015
-7.017440343954166 44.16491951328567 -1.0365614367282745 -35.00618931841712 44.71895105928332
-1.0809526198261221 38.84878244547912 -4.00403202279681 -30.77725822072788 38.863818083773886
35.23287930831065 6.888227565398687 -20.02915559791188 -16.804937060803802 35.899908953787815
26.314460532925416 14.119298227848637 -17.033137330088927 -20.81045174369316 29.8631112663056
12.914107733617987 25.364777302471133 -10.170865126404466 -28.612911871241675 28.463065634581273
25.746638393550302 13.77425601572505 -17.99284565513826 -18.018789630508266 29.199649250812367
52.09547224760381 -9.536106776399428 -25.318913996160514 -7.6663461030058375 52.961075887997794
15.720886254048263 21.931283255313776 -14.634625148457092 -22.63672892108879 26.983836808475793
2.397396869792977 33.12502050277649 -6.75664057831454 -30.9332249940645 33.21166203327009
41.35564461268277 -1.3053659057336298 -22.446875744664908 -11.26494926342414 41.37624102618114
-18.864141631540615 51.091621735161795 1.147290039647441 -37.57271582267467 54.46291989735227
18.60686575910324 18.2187016175222 -13.724375863415236 -20.849997513825045 26.04105491536646
59.21585775840678 -17.77209288541227 -30.152400462203527 -6.011499377697059 61.825278704726315
-13.584526819029882 45.36324599710563 -1.7045051555614614 -31.353942979991206 47.35360021491182
42.81158917014693 -3.8629417407207898 -25.142887240536854 -11.58627769281545 42.985514838783125
43.28718670208365 -4.842609013515442 -21.918806836190797 -10.736723993793003 43.55721977244109
56.99230488059342 -17.97643342009068 -27.801582921864075 -3.8980873430629273 59.760145296813945
13.734632243422887 19.539540572095362 -13.170855352335833 -22.472601975444768 23.88375531751268
28.955390923628354 6.053287265578557 -17.78810322340635 -17.89109460545189 29.581361530938807
22.687444717003597 11.437293201743028 -16.65484958605139 -18.250864498578576 25.407318297063075
45.82032546813456 -10.411871222178668 -24.1445411301061 -8.011252343017404 46.98839523293783
65.76332331163665 -27.88674027244393 -31.268667250626876 -2.2256499417884847 71.43168029436879
44.747348146744315 -10.48662820900965 -24.51264643774201 -8.487062962053333 45.95970556520797
-32.654620857697076 56.723536504584686 9.787804645828803 -42.39357215213883 65.4513852417286
48.49152189239393 -14.276101622220956 -25.553449319704633 -6.228576513189101 50.5493300569866
-19.56618477579767 44.50431916791984 2.166469636902667 -32.76107391252818 48.615532552285416
38.17083582304759 -6.4046586717394565 -21.201300569378578 -10.516934869296279 38.70442299877443
-23.913784774149033 46.94546856805126 7.16714025499958 -35.803608742917326 52.68535006451729
53.32686945030025 -21.24616515013704 -27.124699228687803 -4.5344989155618975 57.40343655997453
25.581217129374238 2.8333387315186123 -16.73496329043424 -14.407399170854209 25.737647098168456
61.50799869817439 -28.658375581656887 -27.860697698417926 2.620793535343631 67.856734157332
-20.340620823225834 42.43929621461746 2.282063961784596 -30.609419025804065 47.06203047922536
16.75619433295011 9.52707253240206 -12.032642858743685 -15.338863170365757 19.275247323058124
-23.12800979245548 44.161708083851984 2.639567808934049 -33.4241398754519 49.85139205347845
4.501739148748789 19.89012621405684 -13.271937206956135 -17.277946907559453 20.39320416490529
17.527019324221524 8.488629200736879 -14.3544765182486 -18.949498834777252 19.47442507309255
51.63057290428374 -21.6215908564423 -25.32189246094196 -4.372589216008532 55.97507695244925
-34.461056902732714 53.29626978727458 8.514111163669975 -36.21654495603265 63.46697400745159
-28.267298779231087 47.35311866222029 4.717173711108586 -34.39750523004797 55.148508713016525
7.905892849717203 14.750138411562848 -8.908046988656912 -19.07098170984087 16.73528382806982
23.30088386293603 1.091225780065354 -16.72695928463393 -13.157432818724676 23.326421982335088
55.05673365112289 -26.99363235970566 -24.826280537947902 -0.6202482645910316 61.31802419351234
3.7723839474719774 16.56502235031429 -8.793960685610541 -19.354530908964808 16.9891390624713
-39.41082803182993 53.910226715900684 8.512659120869056 -39.37243197291992 66.77968160553785
-36.874464193827016 51.33593671992755 8.857058767219831 -36.72247749399036 63.20683887373035
16.83345009676673 3.5018822933813243 -12.578165776021018 -14.720588312732389 17.193842552844895
50.717981264439786 -26.857594940505606 -26.54541970548759 -1.710376908597764 57.39027805296729
-4.43821440654597 20.76410443350226 -4.8767405237557675 -23.664061293953427 21.233129302504917
56.13236013727347 -33.00430816484101 -27.721206325553474 2.146508147488531 65.11625131362582
28.429201655743572 -9.25781999009024 -16.620758090620544 -9.660709280007426 29.89860761329226
-31.404791156333594 41.84363411137761 6.928416121856614 -30.35383823019375 52.31778483160595
-0.6785234485080256 15.098663114739287 -4.57013727121763 -18.76547723335076 15.113901611486336
-18.29456087525735 29.98687240788369 0.5710426931638976 -28.175094116514398 35.12696218100202
-41.18285851956262 49.71463993633715 10.706097164360159 -37.56581021507249 64.55674424091927
