m1-67/data/wr124-jwst-2022-f335m-TO-gaia-OFFSETS.ecsv
# %ECSV 1.0
# ---
# datatype:
# - {name: 'RA, arcsec', datatype: float64}
# - {name: 'Dec, arcsec', datatype: float64}
# - {name: 'd RA, mas', datatype: float64}
# - {name: 'd Dec, mas', datatype: float64}
# - {name: 'Radius, arcsec', datatype: float64}
# schema: astropy-2.0
"RA, arcsec" "Dec, arcsec" "d RA, mas" "d Dec, mas" "Radius, arcsec"
7.943125389092966 85.59439472713107 994.8069140374374 -165.62084154977316 85.96216403759573
35.623503798814454 61.49968978179403 1007.0071809572213 -154.97576550628992 71.07211709632435
29.24806695425464 66.49759987551244 1004.1517362242907 -143.6202033150154 72.64557921943373
32.75466441493425 62.58700444967114 934.677146340215 -140.45763975916225 70.63994007641283
38.23866835526273 57.08918720019949 1006.2786792813346 -158.39717255725688 68.71223337531542
10.843268866729202 79.16671371746081 1010.0806389659055 -156.6180276889077 79.90585106716429
19.854614635747218 71.20285908179808 987.9112659859103 -156.71621142337452 73.91923192307611
-0.3779541596460117 88.00620067915675 1024.71127336685 -113.05242200811244 88.00701226219508
81.73168045482437 16.113901032886183 1035.5245564480347 -128.3761642668364 83.30501415213405
23.915833300412128 65.79992590073071 1009.2341658198533 -163.7165127322774 70.01140843890767
47.804253218877925 45.011912863975176 1019.4310855859118 -147.09416048149023 65.66063424320933
4.765918867823757 81.45365739712908 996.369772827649 -153.17945539805814 81.59296712857257
-3.0553159081545536 87.9328550590335 994.3221045796166 -165.0726858545692 87.98591906417928
54.65466992216719 37.72787552309428 1017.6890809349102 -140.06930435663602 66.41178737610485
10.65671620437842 75.64259589470052 982.9536038917448 -159.25142974323697 76.38957984476289
30.808024589417485 57.3549448533168 1010.4902496419043 -146.71603594570777 65.10548405298773
34.984660008239935 52.95727712971352 997.9889575073255 -165.8941758861045 63.46967472739074
83.94300798621371 10.009929893605534 1018.1437176358332 -143.6779450537466 84.53772696684327
60.19267426179293 30.40890909363517 1013.9103037268893 -133.31056688314624 67.43782144172722
33.18527652313503 53.17683694190151 1015.0131283449742 -134.57154193780056 62.68204320752136
86.18976945183428 6.9616684408170775 1012.8345860718043 -131.8469528298819 86.47046422240014
67.113403833639 23.395244880102776 1019.3023232264854 -143.79553599472985 71.0742318835007
82.53179375853267 9.494721872737749 1034.5776081597917 -136.31854509633297 83.07615012526608
61.73273846189856 26.599309018590564 1017.8828544528847 -147.43038177293874 67.21944820621778
62.54652249778761 25.047123330624256 1018.0596392784598 -149.61893704542226 67.37526136860465
30.624269340474278 52.318689798033816 1008.6813176068005 -168.34298587726408 60.622530091598506
48.75977498921086 36.159051438050305 1020.0218573793429 -141.92086416903373 60.704140168134366
14.870661790231846 65.29074857161122 1000.3081373438662 -173.04929873965904 66.9628137382059
78.45212130192321 9.288278027330078 1024.8969190472778 -111.34181916817651 79.00004709707618
31.11536135649446 50.33594144537542 1003.8100520936397 -170.673009456169 59.17662287015502
68.21554039570228 18.04543491135509 1019.3492185663742 -136.65278948857477 70.56201287349124
89.82967350212547 -2.11523372550656 1020.3376941154818 -151.62365273707928 89.85457392331946
40.578048169208444 40.65093205824446 1024.384716456792 -145.25854562556037 57.437585683156065
28.416001463021445 50.56539681594059 966.9027222433906 199.91148582555243 58.002831638841165
29.729321189224166 48.805641759933195 1005.8476405888067 -149.48374341742667 57.1473813003331
66.80124200261686 16.246054067415628 1019.8396603921346 -133.38800413931466 68.74838322919264
-13.234554757826524 85.49232731365825 1005.6878832596951 -159.19384322066313 86.51064361748169
-3.4359727455762052 76.5160228878734 1022.8661820813849 -140.30084315875368 76.59313067595795
77.18946091409545 6.105143532676895 1020.1846598350967 -124.33250587737909 77.4305214500787
33.3617897556776 44.12574427534138 968.064016212949 -148.56199906834365 55.318082998032324
87.23697964511177 -3.610076412926188 1024.0478893001323 -122.42895438872 87.31164451853334
28.74835620805061 47.076024550466045 1011.6826362040857 -150.41683219439193 55.15994976242893
15.967551329697676 57.51143200957757 996.9238944063242 -154.37334030680051 59.686912306238106
25.756790552281966 48.76897450953443 1014.3816613620701 -152.45484632034774 55.152743557407675
83.73190638719741 -2.2087104028090327 1025.5026303043123 -125.5182214881665 83.76103239936398
70.35380670543516 8.703577024102376 1021.2143557622733 -166.843321543257 70.89012884756791
10.471679440498269 60.55144716355868 997.6063616447285 -168.77534817794077 61.45025484696084
27.899559207220097 44.86126681198972 1016.9030045872404 -156.28308444610798 52.82914585403362
44.45240254196835 29.565928472756177 1005.9663902352268 -176.37109937115048 53.38689169336054
-8.169368418712946 74.76105740723213 1011.2196464900508 -158.63896865585565 75.20607875753424
21.99691362243498 48.108033970199145 985.0481949826791 -173.05241152435357 52.898460588326714
47.86386932696579 25.467180040715384 1027.415765589251 -138.07008419401876 54.21740711749749
51.46017143985455 21.567608102868544 1014.9434493892119 -159.84843133111693 55.7970514834431
54.328141174116766 17.664475684546986 1010.3358980967001 -140.39768062549044 57.127756978772354
37.23747266191398 31.84015701981607 1008.6111255421112 -132.18992976832376 48.99413187598162
57.848324218938764 13.040859847781338 1015.4557867805331 -136.46500965468107 59.30002222639496
22.086156415403565 43.76950423587043 1011.7493316228235 -154.9591552592048 49.026195028152706
78.30363323031233 -5.360455629303555 1030.2276959945127 -125.95787592543907 78.48689992756377
42.898045422718866 24.785902614340994 1023.4349968226103 -103.49839182208574 49.54375097462674
44.23398134208045 23.53196731093691 1018.5643357547709 -102.37391603856828 50.10387791785603
-16.470018903664858 75.58020380188518 988.8835378316239 -194.77548870224422 77.35391856447768
66.09786710324875 3.2128074603896435 1016.8870495890609 -138.0814346445994 66.17590322030323
-3.946778991365705 63.99422798775534 989.6208653596345 -167.97273567606754 64.11581926214471
28.88594958650861 35.34027055160296 1008.5943019244758 -171.4650426647497 45.64354059457257
66.01524259503373 2.271396166943691 1045.3801337399757 -159.71045754083536 66.0543071666182
63.86703412342194 3.7768127737437065 1015.4387314033868 -141.51333329333286 63.978608628229345
-5.304628655721936 61.96479957798374 1008.9043487062737 -159.29241680462277 62.19144210475589
17.34772616585563 42.259325901442814 1023.376182917722 -137.56874810844775 45.6814428905073
31.360804994165512 29.336369728391354 1018.5912317861711 -175.07641894930893 42.94324943566026
17.35782906906859 38.78062984552668 1138.1425568000377 182.27500791451826 42.4880156945098
10.679603945218917 44.52591790471484 1019.4898301382952 -154.59511886825055 45.78876831618179
64.21348205333098 -2.538216348217665 1018.1510945023853 -137.54703660151455 64.26362749978348
-6.323483078654119 58.71676921494275 1008.9387152306646 -168.38079425922342 59.056290301756704
30.065721057839074 26.89201255766102 1008.7645733391571 -164.9126948767885 40.33767366877043
-6.413915846480245 57.274203419685286 1001.1914266494863 -162.51073755140268 57.63221922490515
54.43521346278527 3.5024089893665513 1030.2863892165735 -138.5406293259019 54.547771111118806
17.16712666083979 35.43484066317619 1024.97490341876 -147.52578100557076 39.37433387011476
74.90535025277504 -15.305297747383491 1030.648238806972 -135.16815210753808 76.45301580284647
77.33626131684044 -17.63861062906725 1024.6916482211464 -131.1001891990601 79.32224079547193
48.92364289973885 6.385224339839081 1015.4228405710827 -149.8544752856408 49.33856426462768
-12.137781871356987 59.259485614632446 1002.8010080335727 -167.176964890814 60.489770870894745
31.898543194380583 20.814154747078714 1022.2224308091514 -180.81890580343915 38.088660941323
61.72360957670887 -5.289396905023702 1025.7674721322187 -137.49343539919542 61.949832106024736
72.41875202360478 -15.002598108433792 1021.7176878570139 -143.18302745856158 73.95643031819237
-26.956640034715267 70.41377758222147 1002.0074399987113 -168.90654970728352 75.39735066390791
-20.69581056280725 64.8321013834305 1003.2513693056404 -162.58322220303222 68.05525645049273
10.42757883422174 36.6596414356562 1004.1087184716623 -157.70328470275356 38.113825698672265
58.99288073464441 -5.827083931709996 1029.126384459272 -157.15881837973572 59.27997034078367
75.54117918776193 -20.306475977917994 1030.577989526765 -131.40641195675292 78.22290394313038
-22.951532410022857 63.965365814808166 1003.2815218877402 -183.6670279427086 67.95837584067012
65.74003353858342 -14.113637327475832 1014.0007162569509 -150.4917483330032 67.23798600134256
61.99800269126191 -11.004326008851125 1025.3702192088315 -149.9401519251949 62.967035224612154
32.97398038079096 13.8879738450868 1013.5042129631989 -164.63495271531852 35.77931243099242
21.69446985492787 23.430944038528935 1005.0763915061829 -170.17234214201412 31.932102323557245
-13.83312122016543 54.086184336713586 1002.1144939885073 -172.79619133801887 55.827149080118595
52.94212265033648 -7.024227712426154 1010.206055601899 -159.11549636529466 53.406068237650516
33.49848234180801 9.168197721274119 1029.4116071441017 -146.8053559284605 34.73045015433791
-7.023114585552349 44.15804230639578 1015.341203513337 -155.19050718592382 44.71304997493726
56.601914556132115 -11.370372380446232 1022.8380159821983 -131.92200461660588 57.73267788915814
-1.0847567090726682 38.84330556410487 943.0660091831579 -197.3178251760008 38.85844932895684
35.23096139075057 6.883138196037481 1022.269370036776 -148.95957631293012 35.89705045666914
26.312842450106803 14.112620553738086 1025.5820081633294 -163.2118148474802 29.85852869140808
12.908271147457219 25.35813828303451 1006.5216075900074 -166.78151858224192 28.454501231922837
25.742106168517374 13.769295651260322 1028.8888057951992 -139.81413430676272 29.19331313397348
52.09303654825477 -9.541569718914227 1021.910741456395 -138.5166556888904 52.959663967841124
-18.871018044765215 51.085398643796275 1004.1058414997442 -180.54217615374097 54.459464460835854
41.35181164970303 -1.3109429902957763 1023.1263816912539 -147.4379229584162 41.37258631293544
18.602520866165413 18.215269176244735 1002.5190881689116 -143.7066220174155 26.035549021260685
59.21272816874081 -17.776157437782523 1032.8660447796278 -145.03856268696686 61.82344977243872
-13.590296589692212 45.35801460528334 998.6588076506679 -172.24689066602954 47.35024442757555
43.283550219228786 -4.847056536813433 1000.9764352568793 -165.33772393538052 43.55410056822638
56.98954632079207 -17.980002492795318 1032.401223432398 -124.29634313476747 59.75858826362914
28.949969711592278 6.046759975178455 1028.2078129730212 -161.16705612377788 29.574719817190328
22.684387871092714 11.431012024083497 1020.5330985138197 -173.9915187173649 25.401761522755226
45.81674101184541 -10.416026515019942 1032.7478987542572 -148.23306378774282 46.98582087748651
65.76287599623984 -27.891713120325033 1046.477112126907 -112.85920612791274 71.43321001980642
44.74562762987474 -10.491170175252632 1014.0193498445664 -184.58176666846703 45.959067026194944
-32.65645351506462 56.725173114160384 995.7399835097241 -166.93223260082218 65.45371795494816
48.4881854056899 -14.281712889010187 1020.8967057015336 -144.5669018673903 50.54771452030004
3.5191317682555274 24.21308690848155 1019.7418500306567 -146.10159189062142 24.467485894215198
-23.923698331465353 46.940906402779454 1002.2505881817833 -201.4242458759107 52.68578580498318
53.323961462296666 -21.251166525803786 1035.773978611002 -146.7722369156124 57.40258648084694
25.576686597129214 2.8285143052285244 1036.2734626367499 -163.0306669548139 25.73261336169745
61.50832450016489 -28.661027189563853 1047.1675016066501 -119.53953887774955 67.85814938552498
16.75197273980475 9.527025363143823 1009.3351706274558 -166.22278362809536 19.271554237997904
-23.132995907379577 44.15549555776767 1015.6700580142787 -171.76494161208046 49.84820236904593
4.498840844720661 19.886400254189997 1012.322457894796 -147.78384568334852 20.38893042693134
17.51880455721535 8.48509954994687 1024.119945218193 -155.99121788911975 19.465493246094514
51.62755898364242 -21.626475166837714 1016.0365738332654 -147.97990758621611 55.97418391530695
-34.466339535202515 53.29065883394983 1002.8220974049514 -173.1704371644674 63.465131004896335
7.902762547114591 14.746691550370016 1027.602177091347 -158.66768207631452 16.730767091012684
55.05565199609319 -26.9979028724882 1009.185451247036 -117.37979106454924 61.31893311960956
3.766264246578777 16.558759559438467 1016.1582920974595 -172.47660764769796 16.981674372437904
-39.41872480208931 53.902508221290574 1012.6798884735357 -177.62451437073264 66.77811184953308
45.785902765998706 -20.553049798757282 1028.5263012421403 -159.39065964397332 50.18741616370533
-36.879796000644106 51.330028585992075 1008.1811623136543 -181.71058329663538 63.20515136926394
16.830797155402653 3.496934735450719 1015.3465149608139 -164.69602877328344 17.19023808464839
50.71457946949282 -26.861700661439414 1004.8207376021388 -109.29934344789716 57.389193396161794
-4.444662987981746 20.758007841484126 1017.8717484826881 -161.4056591388542 21.228516635788008
50.39342799897798 -27.457601893459955 1037.4606238554159 -152.92558939977644 57.388304315776715
43.82948388427146 -22.15325402260189 1033.3922797191922 -139.04700962743667 49.10998181608081
-31.410297848937027 41.83929886366089 1016.9853962113062 -171.11698999995275 52.31762348214354
-0.6807256258532149 15.093140091345502 1034.7757204936959 -119.43097880118442 15.108483219488699
-18.30179928498726 29.980963510823425 1022.85182312122 -137.02255354580484 35.12568900035418
-41.1878792812612 49.70698371921716 1012.5948076001658 -165.14388743100136 64.55405174980342
34.72207876573859 -18.375748467286847 1033.1673213791482 -149.08809971090884 39.284741088057565
-43.485175037467314 48.99125709656102 1008.2475772302955 -167.90174214607822 65.50651635047707
-14.845402287107328 23.45037084710743 1020.6562715801232 -162.3239226430938 27.754384536210207
17.702752866354782 -5.043404119849638 1032.1389915283676 -155.2842056245733 18.40715578522684
-41.05980365510343 45.500675163914636 1010.4636229147019 -155.11989415078 61.2879995530535
-33.007512062438984 38.264627064385536 1011.589879653719 -174.44452221361894 50.53392449068179
27.41836758920224 -15.219393789032024 1020.9946623139688 -172.08430976766059 31.35915858559091
-33.8988330174804 37.113132372798326 1000.9888140203736 -199.38588318915023 50.26445525478216
32.38587666729257 -21.029863833453508 1038.014670299211 -153.7296071597635 38.61476630426718
-6.606175509413119 12.413449461648327 1017.8494953679884 -157.49415886872623 14.061837801151803
36.05798992572975 -25.02739351701498 1020.6727211836944 -146.55847198941007 43.89247153403348
-41.22492906126624 41.564433375210946 1014.0825530027156 -164.89884351789516 58.54141162373984
-29.674326933023902 31.007712743742008 1005.3202094452355 -171.75576764560168 42.91903915380479
-35.047892671637086 35.50427952036346 1021.4449254366452 -163.07660313993955 49.888963036520195
-48.09529681191865 46.79778309654995 1009.0411326932061 -199.71999288362912 67.10581225556692
24.120248491175694 -16.111829233122243 1011.9559036724991 -166.47301035937716 29.00650663791075
43.29258670857716 -33.291195536472294 1014.137494759079 -124.98890811388429 54.61274345695876
-11.544137310711024 14.12878085224687 1021.2139037736365 -164.0871611185645 18.24526114937788
-18.386623564058734 19.673018525139 1018.8589429831896 -159.81131517016732 26.927598908013504
29.853970775988227 -22.533717901756333 1006.8915581447702 -161.47147094986755 37.4035828500492
-47.79835746975904 44.21509805478573 1001.4202334824291 -180.25371531816674 65.11265497437711
14.29689073131569 -10.040461844164192 1014.5499456298772 -166.54259583745346 17.470316495936984
-17.067575262853364 16.57342296460206 1015.8623095300355 -192.39298037586306 23.79034412298966
19.749260146518957 -15.575622428044364 1023.2507270655648 -156.2470400621138 25.152202480444192
32.29276344456722 -26.57319618838867 1030.736611405606 -155.01704601964505 41.82053706957985
