m1-67/data/wr124-jwst-2022-f210m-TO-f335m-OFFSETS.ecsv
# %ECSV 1.0
# ---
# datatype:
# - {name: 'RA, arcsec', datatype: float64}
# - {name: 'Dec, arcsec', datatype: float64}
# - {name: 'd RA, mas', datatype: float64}
# - {name: 'd Dec, mas', datatype: float64}
# - {name: 'Radius, arcsec', datatype: float64}
# schema: astropy-2.0
"RA, arcsec" "Dec, arcsec" "d RA, mas" "d Dec, mas" "Radius, arcsec"
[from data line 344]
15.956837477835514 0.2639336716854244 -1.0195773357959093 -35.60587826635835 15.959020122674904
28.976771721736558 -11.343257043735822 1.0264413112095498 -44.65233802672632 31.117885193799765
-10.794154543227318 21.569842196439527 1.0433830929535446 -43.48358389167771 24.11994743476855
57.65703826248858 -36.994613563400634 1.6028831244396475 -43.733351443735664 68.50500316230858
21.922230414356672 -6.624928255549317 1.246298368537607 -43.33840190472717 22.901394293125037
37.50166954261619 -20.029661090715553 0.836371340545292 -44.81747136984376 42.515438813155775
-43.48465300078358 49.03288498502323 -0.519376803662907 -41.627921728607745 65.53730861826432
34.720916433129666 -18.331389012561523 1.1600695872353255 -44.359513952301334 39.26298330386796
-6.291285514745176 16.72113039284627 -1.1045015044567288 -42.481547344211165 17.865510766715357
-25.91781916662714 33.02669600929159 0.3365181898668086 -43.23415072532787 41.98209134736449
-14.846703225673798 23.492512050460917 1.3018577951185553 -42.14117495945357 27.7906948123922
-25.182074313960918 32.31853068298042 0.6030083134789922 -41.790466582386564 40.97101764749983
-41.061781548811055 45.54401801685896 1.9805088411091305 -43.34273353013674 61.32150889921218
17.70246505821388 -4.999656105229269 0.2866702278162127 -43.74802208425382 18.39494034365158
-33.00807013382002 38.30602471904349 0.560079229576924 -41.39762751824807 50.56564259661922
8.82308747087222 2.451652502845884 2.436044710267046 -39.707733337271144 9.157372576839022
-1.5586324649547447 11.278235720198216 5.22306767402695 -43.58697605796308 11.38542647942605
22.79138203610653 -9.926049802164478 0.7581502977422916 -43.91451028259891 24.859073985044503
-2.4694691815511614 11.38508477677805 -193.33194909258424 168.4984635410852 11.649825466773704
55.638294637379545 -38.654401104751955 1.7017993152051314 -45.21064634253994 67.74793368577912
27.417669827243696 -15.1772065813525 0.6960624493555057 -42.18723573199498 31.338095299728206
-33.89715380124589 37.15477933495506 -1.6771416782815953 -41.64704574235202 50.2940816679663
-44.00618695545765 45.33034384096405 0.42567211331519306 -43.68125109555407 63.1774052325756
-20.131204284037675 24.321909345337072 1.4957779302746963 -41.97653776759979 31.572466774914634
49.7169784883677 -35.62608087178971 2.434641078052818 -48.09220301076973 61.163678467890705
-6.6066937309578995 12.455912844222196 0.5186338248171063 -42.46337755030465 14.09958037614467
-42.22804806239809 42.91417347082915 0.5723153259641541 -41.409392435814794 60.206596832175656
32.39116537264358 -20.964460467270683 -5.291817932082627 -65.40311441347039 38.58362597362242
43.40059573324024 -30.532935094205513 1.6052547164878819 -46.39325732103035 53.06478890673222
-41.22564765903835 41.6073247885104 0.7211959252482302 -42.89136968488225 58.57237811375458
36.05601406161756 -24.982654769117104 1.9734939890869814 -44.738852508350085 43.86535287637594
-48.09577134284024 46.838207316393785 0.4773879133524614 -40.424186215822864 67.1343492254284
-30.59183232161321 31.881032081552952 1.2826810312387857 -42.198155983293844 44.18439095342743
-25.513706261363772 27.512718824593044 1.6983265082595385 -43.740194706104965 37.52197889837281
-29.67545922687672 31.04853804633166 1.134074121229493 -40.82525317900014 42.949325821107415
-35.27695023259783 35.46957630355103 229.05575820458247 34.71509031196804 50.02553396613912
-19.975033440429936 22.208572578998933 2.170780079818071 -41.64451699909697 29.870096340609923
39.52985510712313 -29.033255365910982 1.4664823576258186 -44.3953494082029 49.04629804190318
-11.734798575151178 14.80121179316971 1.798468444088154 -42.61206671709133 18.888657122940472
24.121309645511303 -16.06803004685714 -1.0627066343429525 -43.79914863310303 28.983084159959184
-11.540369015070642 14.169713554536846 -3.7676014957735395 -40.93276618770301 18.274597095745328
-3.4013054999691885 6.934348576742927 -6.547058736712613 -47.05684054901192 7.7236046819888475
-18.387766142939924 19.713920836857305 1.1436838745885045 -40.902280811531114 26.958275491180256
43.29188000852394 -33.24740743597841 0.7039147999474943 -43.78814536932698 54.585501368549444
-47.802500641594 44.255534960679555 4.146012166977371 -40.436614752307214 65.14316086272925
29.853329111507676 -22.486260015224182 0.6395828094274558 -47.45791462263725 37.37449859172242
0.690882723094313 2.421723924458331 251.56795592940938 -26.04985968532933 2.518345826819291
7.146619392448524 -3.1681349035180295 -0.029055328814904892 -43.31549707912196 7.81736832347424
49.78462731475219 -40.08412250504788 169.6422333593616 -74.80613103754844 63.915928864973104
-32.14296519966182 30.253321563316796 1.7362551151858592 -45.357569748061884 44.14106557423668
4.753677943470912 -1.3449696486316471 -6.683076088931811 -35.21916540853624 4.940283124121675
52.11966977107643 -42.06633760263856 1.1945669850546194 -43.02852518968865 66.97788216042476
14.294956604541301 -9.997061803520356 1.9332152016065458 -43.40008127447621 17.443824949611603
-49.97405754672334 44.97388361288162 -2.3745619026139377 -39.73334759853173 67.23136615681653
48.490376931639325 -39.48971026773189 127.76500955541061 -98.32443224566222 62.53602036646868
37.77413325530041 -30.250198547283684 0.7168060193546834 -46.73742226534566 48.39379758932409
-17.238424424247953 16.538815464314492 170.8482842103518 34.61182783979703 23.88923801539539
3.42620584612928 -1.1064171295945253 7.721686788846981 -29.78968691228594 3.6004229425653405
49.164070248555916 -40.88264040910163 54.37755555850639 34.39157037607902 63.941348582685755
-2.1656933245511887 2.773951743787482 70.82175466334473 233.0213056429551 3.519237964771968
19.750429105748257 -15.53186684445244 -1.1702290663932322 -43.755549667135064 25.126048969166796
-0.2554598225463676 1.0625961734227602 -59.15619274967188 264.51891726383553 1.0928725217079103
32.29245123367956 -26.527533314000472 0.3100443315424545 -45.662889158252874 41.79129603952122
-1.9402169082078682 2.172668684589671 -86.0856224496244 227.74317341120803 2.9128904654485046
-2.6593209390913852 3.062315897254389 11.446800334747609 -58.74453998960465 4.055831173800862
-0.9833696680682372 0.9363234576651701 126.16670078493173 236.08718379948087 1.3578356017770947
-1.704012252616123 1.9676680068016972 -42.28126048410445 31.65106997468364 2.602955078754934
-1.189069188182719 1.381221832104427 -127.71887320141731 164.9113656352038 1.8225419841230108
-1.4794336898828508 1.3290489500465492 28.352876786408093 88.24437634585018 1.9887421035018755
-1.8042149748292327 1.1930924095366953 83.16426403516739 180.9071878668772 2.163021306534597
-1.5326076209133908 0.9500437643257971 124.23833156546931 200.7769660579983 1.8031830950016547
23.79366671299911 -20.56439117939373 -0.4675213251140253 -45.43324459781464 31.448891210191608
-2.1729973583350666 0.15254956309881734 -87.82824436991046 170.90717804776395 2.1783454475145905
-0.3813958797585452 -1.3100264355661486 4.883804301615044 99.64705963662296 1.3644163876702895
-0.5940939671600542 -1.243863745374861 -86.15588585911433 141.79178134710878 1.3784573474594262
-2.5069435371491178 0.4120971334614849 31.034563820973073 156.19792870126074 2.5405885038371294
-2.373826383761676 0.046193128848730405 -98.0589592710668 178.9323271260151 2.374275785287745
-0.3810482085732935 -1.8746052681377632 -73.04946321147088 22.896146164094763 1.9129408377155201
25.88804743997305 -24.347078082849613 0.329294696001997 -45.21954238324509 35.538306210560826
10.765187816042973 -11.46726622360083 1.4704151681949902 -45.119069702807366 15.728555662868606
39.51059570430988 -36.11382940870929 20.342539756136922 -42.13280573310364 53.52845814635319
-1.6048178107139137 -1.059042143279495 -194.0993744144775 -118.31080746078393 1.922761156999407
-2.316096600292793 -0.6281207808497477 109.09187236748936 -240.66573733363856 2.3997581497430334
-0.7467931753858816 -1.8180058781520034 -130.04916025619903 -157.86731014417555 1.9654122772830838
-0.4823174864516884 -2.1303040359173284 133.61275588709944 34.10406957694106 2.1842219308538255
29.347444112779876 -27.656082260468708 0.6052707985072106 -46.43888729889015 40.325319053806794
21.488750564346546 -21.346684845289968 -86.18477007917627 227.89991451348192 30.289393408517363
50.12276033668502 -45.73957265795987 -4.090802846950125 -47.17028227448544 67.85572613662286
0.0076387801791482765 -3.0161324099162954 -93.56255576598537 108.64220011034563 3.016142083044509
-2.324309661051649 -1.32518159613231 -57.29928099119538 -124.39895142281831 2.675541377457947
1.5971077918614094 -4.661990442201974 4.009784134816088 -44.94538573103985 4.927972015083597
42.391193866505986 -40.009316697906286 -0.5868057435318312 -46.25954160137861 58.29029694149346
19.29256179311215 -20.609365745150512 2.507617438347178 -46.654345805577044 28.230283309311904
-2.359744264929377 -2.185578977929036 -148.85758149279775 174.65727186860036 3.216387486599944
41.68632428900056 -40.14009873452238 -0.7541416767439387 -46.2566088449846 57.87034765072639
51.40136936819601 -48.464082606173875 -0.9036559188538704 -42.34774466183331 70.64607580868963
-39.18103417982914 27.553717966262518 -0.540380128290694 -43.47545125661275 47.89948646934488
38.22016221129888 -39.04558260920297 -3.122082366777543 -48.6086126507981 54.63824945316334
-11.059477339019107 3.084520209169181 -2.2000692633686634 -43.61338256740596 11.481563653198023
-41.69302303388209 29.232751982280607 -1.8727013957371357 -43.42821888604333 50.920152656167936
-26.91587041563973 16.543515781298094 -2.046234616846081 -43.52350983605512 31.593543534737588
-34.95088906700318 22.16058851999201 -1.2759696957331934 -44.1240122375728 41.3842521427911
27.877317925765674 -31.931596932175488 0.41818289937340875 -47.51211432774188 42.388344284359924
-8.996405948991372 -0.6067868537873724 -5.77070589807283 -45.88715756731858 9.016845916643039
3.8856079923230444 -11.85457844338257 0.7043562545761738 -46.10912661091622 12.475134449130048
0.9357855616524486 -9.483610085227124 1.3224084097707651 -47.03510875268434 9.529667090990227
-4.020426292072076 -5.304272485067294 0.8707062972592327 -47.259738294650795 6.655759473018503
45.360749736973034 -47.57532411868687 1.6733968652108124 -52.162060733426195 65.73438251939189
-9.38755737629286 -0.9219041601841397 -2.4809631509723453 -42.558290123720425 9.43271651063621
-52.642529176007095 36.06011613515152 -3.6272252671522653 -41.22935124259438 63.80883814560692
-10.183668165721889 -0.4678510858596504 -3.193623779116262 -45.07363123759494 10.194409347691991
-52.80546107183113 35.319290184243144 -1.0472584817884723 -41.41591789207144 63.52848928528746
42.15899164491366 -45.999768629906804 -0.10459654565438263 -50.28555859138354 62.39678886816458
17.520004747189017 -25.158577433134166 53.33637262824765 19.803390181907616 30.657863318886992
-44.88363018418659 28.176587648407125 -0.9123333676691013 -43.86907956903434 52.99490859963598
15.159075947831932 -23.949291050858847 70.13793970312406 236.1724248239046 28.343714019175888
16.73150055361705 -25.414355580991746 264.2861953907946 24.354981183322227 30.42749708666145
17.323650740456806 -25.903313718814243 59.81740264522557 164.56421780640818 31.16232557139962
17.982670761556143 -26.175499901426026 -1.7282039010484829 -49.53072684622922 31.75741237998253
31.032737961301862 -37.373707371060675 -0.0941372941288336 -50.171007761964816 48.578028135121436
42.793447402728304 -47.621232002199825 -2.037087809759841 -49.27858265267443 64.02390838958124
35.29088515331306 -41.25180935773797 -2.4439501659443934 -49.94227196487686 54.28773649354166
45.95496977535413 -50.51794878535135 -0.8787383441018124 -54.602527535527976 68.29291584276564
16.968253390519266 -26.01852957885162 -77.40672049239299 85.13212090452173 31.06260618568795
15.394165953852328 -24.548273945387102 193.54899492388842 -181.72997469070617 28.975819194514326
16.1356132513071 -25.340583019154487 -123.32888798228964 160.26874008270624 30.041690389119402
16.37521255785432 -26.00291047419333 103.62036723025012 172.14539584437273 30.729447408430776
-43.84627270245709 25.853257933213257 -0.7674341154908606 -43.1105386660994 50.90075211215434
15.524840129237539 -25.53599131883787 88.15430762492898 157.70059722819218 29.884904424196844
15.687326774470984 -25.723161804282185 253.65916758804514 -16.50240167154772 30.129276016273778
17.304885674170585 -27.031036945263196 157.46071867205777 149.45946582879873 32.095732190132054
-9.510030319302382 -4.24861002242344 -2.8115569865173 -45.22161390522579 10.415918768097407
-37.792532712131155 19.8128099872947 -2.5891859564301454 -44.207655930185524 42.67110221202673
15.612778115977198 -26.049318287989987 -136.77563696280333 101.58464325247913 30.369817623264698
-7.792415235562241 -6.157919297120478 -1.0196916525644923 -46.277938963972574 9.931853062493163
-45.02950880607488 25.661856862248104 -2.5562447734831655 -44.061502754501895 51.82844345024777
14.835445439835185 -26.315361500960588 30.353357776883236 144.43944047951976 30.209082924361784
16.947285717614328 -28.037289537234873 20.360180251039083 50.56449166702611 32.76125907260846
-19.277512714254016 3.0563533226591906 -3.17191714988176 -44.03074216620562 19.51829377923109
5.846811698265416 -18.504818773335312 1.0074972456158324 -47.77778678417878 19.40653304371403
16.35937276561207 -27.902520930921632 292.61547349327174 59.43424472515743 32.34470203839414
15.19053768374163 -27.116018647970492 147.82486837714166 99.29895161109125 31.081037645340906
15.669464707193834 -27.53752933883219 34.15445918111049 209.90587952426037 31.68355480118188
14.765047667812663 -26.704454130899517 62.212369758985695 177.20103446236487 30.51449658516923
-7.000736704923923 -7.997900769594215 -2.3526662110313943 -45.178689893672335 10.629051279630701
16.84553001430669 -28.851632073793304 41.43098149651453 260.07488668555715 33.40940815005614
3.8079183510944006 -17.35530106218688 -0.3104072162927175 -46.80365639804294 17.768137693452406
18.673250941399367 -30.15712822112141 0.7929574179764723 -48.603230167577344 35.4703070296775
-33.35394715366239 14.291704814021937 -2.358363729465581 -44.344412070551684 36.28689316317199
15.362374981890246 -27.911331407186246 167.68933480020274 -1.9790820799011954 31.85977062956849
15.08880746704062 -27.68618351675659 41.58775112070081 81.08988389477422 31.53088750947572
16.34119369593476 -28.637823920265294 34.660416817445125 -60.73405104723979 32.97210288383653
-17.28709708634915 0.11339779401109608 -1.577280668125775 -45.078439732473456 17.28746900880661
-15.712086357749142 -1.3740569803257885 -3.053698588771031 -43.74494676394899 15.772054092364499
45.26421292581114 -53.69263472466526 -2.6959303382942514 -51.355096041949245 70.22640492859735
14.66222240466315 -28.17984536226873 290.95289980627274 0.5167597351321397 31.766089610554797
-54.32890065644812 31.28570967008996 -0.724471345698051 -43.075904566767676 62.693102120269955
3.141056829638587 -18.040749808093985 0.08072884401379651 -46.47131930047706 18.312151474367617
43.09874079810403 -52.264483529251294 -1.751012661180093 -49.83164212963055 67.74273139762552
45.979237723012474 -55.033942545132355 -1.3094560817303385 -50.455322255978444 71.71349303645383
-7.8039369865229915 -9.133956776683599 -1.4157913781068712 -45.476457309588774 12.013767054803811
24.06232583434174 -36.730563794182764 204.91581512985556 -62.63948851068035 43.910475231738616
24.327221558966183 -37.006404676677406 172.97961323444684 134.20868029362353 44.286427825328424
-42.46126130536875 20.05190002944693 -204.1875949291947 106.91934391887723 46.957825766736164
-57.89305192426582 33.566702439941665 -0.2103644717868421 -39.7657481240773 66.92031787297354
40.44944352943338 -50.67436277288245 -0.4003710323685221 -50.82014849061554 64.83863424967022
41.731840230642504 -51.93072751449504 -0.6149487365974677 -50.33285620403503 66.62091948053848
-58.80386080875949 34.079640747604316 -7.194723503518937 -39.64061651286644 67.96554956755435
