m1-67/data/wr124-hst-1997-f555w-TO-f675w-OFFSETS.ecsv
# %ECSV 1.0
# ---
# datatype:
# - {name: 'RA, arcsec', datatype: float64}
# - {name: 'Dec, arcsec', datatype: float64}
# - {name: 'd RA, mas', datatype: float64}
# - {name: 'd Dec, mas', datatype: float64}
# - {name: 'Radius, arcsec', datatype: float64}
# schema: astropy-2.0
"RA, arcsec" "Dec, arcsec" "d RA, mas" "d Dec, mas" "Radius, arcsec"
-24.95240671750303 -97.99876203747291 -11.916578912240817 51.80208287400665 101.12556509123287
-18.317439672546513 -84.6580840854837 -6.890540871915556 62.20926466866609 86.61708710374353
2.417012979051353 -75.57107735820038 -19.45328652497439 65.28657263569885 75.60971951116643
-4.858454731854738 -72.26121517490837 -2.696518776532535 47.06544097369832 72.4243591616185
13.769070488754178 -71.19705897716084 3.1904863540286197 56.37512231867684 72.51626370403211
7.3570685932888065 -70.45490420852819 -6.186412598226746 63.039912029834476 70.83798404254908
-15.571027732765003 -67.77400471133912 -10.508273267276689 64.66662053672638 69.53971966105466
-40.233937454556695 -61.484504792063525 -16.280714252072674 64.18955452858545 73.47866360164468
17.42689910274356 -58.48980429418748 -13.04237484604533 68.13309875990595 61.030762821474916
26.834392786848003 -58.26979007276396 3.329035300552033 44.07560547517612 64.15179695230178
-54.12921762328417 -55.66463808974118 -12.65572292510647 41.63984779343018 77.64357064843813
-29.399860630126568 -54.89887158403471 -12.805835131852067 51.5721018668609 62.275499884470904
-60.549259422348854 -53.854036301285085 -17.288682573459017 53.939736177878785 81.03375814575392
25.339450526577597 -53.18889232191209 -1.986242129333443 50.75731192693452 58.91643238679044
-3.264753450667338 -45.4522067512211 -11.809137820968184 33.32947962561678 45.569306703915146
-40.504251585921544 -45.473417836705856 -18.27329967966283 70.67440267294535 60.89684802767918
-6.170944234504221 -45.019209079325364 0.7794365059923587 66.5677853193412 45.440177577433374
-43.46188388731947 -44.98067861780919 -24.458273975084854 97.98247179214106 62.54755606739789
20.539828664557735 -44.57149662544822 -10.754377667641348 57.26677553787938 49.07650014450451
-7.750875232668823 -43.61353765115428 -17.4934127307943 75.43116791982348 44.29691560849297
-40.029892858729795 -43.62623784691831 -0.7556950291170405 52.189525932478105 59.2084531723178
-41.13682123581957 -42.78217104308632 -23.876198454253043 55.5103096668479 59.351092629180584
-22.08272136543199 -40.81999160835076 -15.946455867934827 77.66833964994565 46.4103252675981
50.0683782915906 -40.11778581441054 -54.58700152299426 -271.9955098397465 64.15823572845945
1.62858499474765 -40.19621539697733 -9.763936085438242 36.079979515364066 40.22919364457335
12.253300846369891 -39.80413115745175 -9.284548716385288 65.08337969769109 41.647475757443026
39.282061220738655 -39.18923412603364 -27.96415235878613 61.12772652219843 55.48762372428044
0.9876252255716416 -38.295026662009725 -17.45710066877372 51.96940068187376 38.307759926939134
24.290525658513896 -36.79416672710927 62.88974804620579 60.267066612478196 44.08900470249941
7.794154705949045 -35.112285377374434 -19.798233710174706 66.03377493879994 35.96694915356172
8.2072077055837 -29.74777234893732 -0.9703123045351111 41.91402736852912 30.859167480358032
17.342270472590645 -26.73292634953595 -31.35391183599964 59.45943482128457 31.865399647141995
37.08823762632463 -25.08121886583137 -7.6549331354423895 49.985758984225605 44.77281433247755
0.8908571123137603 -24.385519882567117 -28.260340510986584 44.91300682308834 24.401786949607242
-35.38351466924259 -22.0696398927365 0.03529559999993134 56.328118066394744 41.702063624740745
-34.88960382373303 -21.488009705206338 -15.165168721851106 54.22720591317528 40.97583448403252
24.86843516721825 -20.59500052671171 -26.491621025072742 65.66174302649311 32.28921046275784
-39.997324786296275 -18.954109830649085 -5.1023089425642025 64.1096740720885 44.26109199991353
18.073046875538896 -17.915200036590065 -36.01576834521064 59.89513297549439 25.447778191733597
25.12040542642888 -16.235506007987187 -16.678010456486234 70.75069512407838 29.910306297687885
70.02319799773032 -15.768224566595364 -18.162811606827578 66.55971411350937 71.77663376242218
-7.878346717604627 -12.727154512720151 -7.244538684228542 58.542196068863554 14.96826004960756
-41.49118408172663 -12.502586720246875 6.897077606419489 68.63067459781028 43.33397084368308
68.54067488065782 -11.51954191011943 1.1578173041543143 50.52651761506228 69.50197086439083
29.573467262899953 -9.28653411461553 -37.346130472395494 56.85813607348321 30.997252801181013
-34.1463825580383 -7.937601201239031 -5.775886059849198 45.88876341792726 35.05682464307756
88.2749918996924 -3.6431508881083485 -14.851797879972864 58.06229312935229 88.35013719551235
-41.02058195853768 -3.2786126132952202 9.717158336994203 52.95416153133809 41.1513966317588
-59.04214342260416 1.011082333913887 -8.678416660564785 59.831273824044395 59.050800057063746
-54.012981618319785 1.3334320458599112 4.6392808252155415 61.102289747339064 54.0294384968718
30.0293575476842 5.942595216372613 -15.692953853603207 60.222503900275086 30.61170939992705
71.3956170662248 8.548472256555668 -29.968799487861443 47.78185171626164 71.90556662228116
-20.029904027047795 10.494069430791598 -36.859720133272624 67.93528885471879 22.612442331601496
58.863488631828695 12.996635963556576 -13.242372765481147 59.80373389086304 60.28119802800917
0.4341594906561471 15.177625354271346 -19.368604913046912 57.77406057236543 15.183833700948217
67.85332127444265 16.201035800116966 -16.919881838814227 52.427580778954976 69.76063904173148
-41.62103333969377 20.078536522679368 -4.76928550928696 66.89358596865347 46.21101643192279
-17.48312483992166 20.65537423842726 -4.0817153966475725 61.848735446098075 27.06111856654002
-7.914139932452602 20.97890319469143 -8.788005221647245 67.32298796424361 22.422042500760945
43.96552005988145 24.867449402718343 -16.012223367460354 72.12522492712499 50.51095905420431
63.600449836537756 24.934111265166944 -25.366672940635222 60.896352954985375 68.31344746309438
5.467578908343046 26.376269247995122 -34.343790340709944 49.977479159451065 26.937000545696545
47.479980000023595 31.311144748776268 1.3480856460140298 29.896189092366605 56.87474192448947
3.430609519075097 33.067416541802906 -7.082386943191695 93.94104188122164 33.24489612438493
-33.98285651070235 35.47205027277136 -9.011048229149724 49.58730594082995 49.12332313465203
-32.90499598634244 36.92673114085101 -25.757971911496963 68.33987256992958 49.460309562758304
11.302390655391601 38.23757257703415 -40.4181547353302 55.44552283665286 39.87299825256647
41.678474838308006 40.58384689208951 -25.486982912371182 59.29192711521968 58.1733948724808
-30.343906141194815 41.77352797942484 -11.266085171811962 51.34563256230005 51.6311947098064
18.436130871780648 42.243055207886634 -24.02681812485918 74.62856857399682 46.09085191300326
20.865281449859868 43.50354309056215 9.837442706537162 49.659240465910635 48.24850489866733
-5.979306836031534 44.11724075312346 -7.16667064482853 50.40135357746033 44.52059120634461
-46.77892565957594 44.11680107884474 -9.71319189778395 63.59773686953097 64.30054424288465
-22.93899198105487 46.76888189964723 7.534760277418922 44.22489932774662 52.091512343478435
26.799206512967654 48.72828746658537 -25.01345336170836 53.75812072459102 55.61154067090829
21.830137616222313 50.01301328415727 -10.219240172309854 64.44123839791675 54.56973883722739
-17.85717632786342 50.972341025102125 -5.292351043936115 44.65159393723081 54.009798087867075
14.023159289947328 53.49109522089841 -11.044325663156746 66.55969307986514 55.29870034637019
-38.37177787215041 53.80623027079157 -0.8755409553805309 59.19904281714648 66.08709192888172
-22.60506237927146 56.547930689418756 -16.61841972646318 56.78697904898885 60.898746272990515
-31.64067746390723 56.69792671218301 -19.33605907559128 32.95449390037179 64.92909470036376
-21.92330697404365 63.83968233594163 -8.687548445255155 47.935312589086955 67.49915861757525
-19.662629804151486 64.76180332410952 -5.666973323381008 51.663720573881896 67.68094390521975
15.885829281378067 65.16248347563312 3.3812525646516227 72.89604209303617 67.0709237767839
-43.21841191964096 68.04460654782677 -11.389649324253593 49.58829461370825 80.60954993884445
-45.20974656661246 70.70395898650459 -6.8525651711521816 64.35695803967899 83.92241012344363
-0.8353543584199632 73.421707693873 -0.36734740944419875 57.14614748523083 73.42645965562554
-36.82764799940761 76.60904822099303 -19.39842766645091 64.39324273620709 85.00130507311688
-13.640039258029743 89.8218240286139 -1.824992648048634 54.56842776174942 90.85158628787545
-19.40266856849741 91.23299538273315 -13.779242965936453 74.76229651079518 93.27337760330745
0.377056535130151 93.67787984203724 -13.895087805299536 70.92939854546644 93.67863867135338
-12.805954716168804 97.19511865964853 -13.982434426894608 59.69948628386274 98.0351138894617
-3.0546557443879823 100.59379234847306 -16.238040571800415 63.39235571117459 100.6401608704235
