m1-67/data/wr124-jwst-miri-2022-f1800w_BGSUB-sources-fwhm5.0-thresh30.ecsv
# %ECSV 1.0
# ---
# datatype:
# - {name: id, datatype: int64, format: '%.8g'}
# - {name: xcentroid, datatype: float64, format: '%.8g'}
# - {name: ycentroid, datatype: float64, format: '%.8g'}
# - {name: sharpness, datatype: float64, format: '%.8g'}
# - {name: roundness1, datatype: float64, format: '%.8g'}
# - {name: roundness2, datatype: float64, format: '%.8g'}
# - {name: npix, datatype: int64, format: '%.8g'}
# - {name: sky, datatype: float64, format: '%.8g'}
# - {name: peak, datatype: float64, format: '%.8g'}
# - {name: flux, datatype: float64, format: '%.8g'}
# - {name: mag, datatype: float64, format: '%.8g'}
# meta:
#   version: {Python: 3.9.9, astropy: '5.3', bottleneck: 1.3.4, gwcs: 0.18.3, matplotlib: 3.5.3, numpy: 1.22.3, photutils: 1.3.0, scipy: 1.8.0,
#     skimage: 0.19.2, sklearn: 0.24.2}
# schema: astropy-2.0
id xcentroid ycentroid sharpness roundness1 roundness2 npix sky peak flux mag
[from data line 99]
100 1024.57395958894 691.0931645683256 0.4134376638808578 -0.2182016058241203 0.6989369934224471 49 0.0 134.6898910104941 2.3538883207517656 -0.9294646351897333
101 1044.7715369020411 694.2027200118007 0.409621484490272 -0.057696942198823 0.6063804514638539 49 0.0 130.11877818695592 2.085832666830302 -0.798198661967455
102 1099.3897050615428 694.4188428445125 0.39196703280065504 0.01563748688071211 -0.27382829555937316 49 0.0 293.82800043932195 3.1613573248484577 -1.2496839661407468
103 1065.3509011906908 694.7476254625286 0.42707213678082745 0.4055209343084703 -0.2375097909526847 49 0.0 45.376203052720086 1.7974898209012387 -0.6366660991825857
104 1052.7192288700617 698.7645866703565 0.41303002479289364 0.007482610672160982 0.898041940425344 49 0.0 150.13662645518383 2.4511486300056666 -0.9734241157824142
105 857.2154731266942 699.5448955664486 0.39576139070421223 -0.48904914259789256 -0.31179989740447733 49 0.0 92.41520526070192 1.2831612384629731 -0.2707030800935644
106 1014.3864009280506 701.9188726163532 0.4117170517951066 -0.03767120198528067 -0.3100217506147474 49 0.0 125.8219894156143 2.812763309460272 -1.122832970903431
107 1022.9049048402952 701.9926163380148 0.4066816725115379 -0.31021586778672666 -0.6007426860541853 49 0.0 86.46088858366426 1.5312272959144155 -0.46259915576999017
108 1007.4333725446946 708.8622802192282 0.41055949774144923 0.40352242685829204 0.3539308452800637 49 0.0 79.69088733427026 1.4188232616935719 -0.379820750356724
109 1051.8557684255043 709.599473842172 0.37169456569346504 -0.029951848209860417 -0.012852732820689031 49 0.0 220.03963325827544 1.8846835741115164 -0.6880961137381135
110 1047.7345613117368 710.42085976571 0.41319457845064367 0.20591234906040323 0.0015518873037967363 49 0.0 265.1453912033924 4.4925160021830015 -1.6312240818133514
111 1405.9585241453783 711.3002226602525 0.39088891082220106 0.022656304888160093 0.027286651228513977 49 0.0 65.14483467429238 2.3894246559347856 -0.9457333519174517
112 893.579420921131 712.1760610398761 0.39926571591552024 0.3700132314196216 0.5361385027526286 49 0.0 54.072141480424676 1.1390323263527078 -0.14134012441500232
113 1051.376972748995 713.8481350472555 0.4029950708744351 0.10318707045661427 0.6043559550867954 49 0.0 241.34109045689308 1.7921752495636605 -0.6334511882554055
114 1015.5104935236621 721.7464340763563 0.38808585456471506 0.5319266531334703 0.3915813155146097 49 0.0 68.25973515664955 1.0609738037363754 -0.06426165241784358
115 1078.9418509761333 725.1163050402306 0.41910630075660654 0.33472752050449006 0.6722376515672143 49 0.0 24.74085807562031 1.3531103271440976 -0.32833302164272077
116 1126.5607217913653 723.8341993029896 0.4181113005342058 0.18670576896094376 0.27791022742554394 49 0.0 63.57407225460196 1.7946714970934128 -0.6349624135449604
117 1051.5184038867326 726.08366432215 0.39418370290559696 -0.1169208031152533 0.6024288820828483 49 0.0 176.0493431809748 3.1833836242427185 -1.2572224446931257
118 868.5433675678366 731.0267757544823 0.3979087234356174 -0.4165178901577363 -0.07542142884111847 49 0.0 163.75944476237768 2.111672643120051 -0.8115664841031485
119 1109.6680989328108 737.4501275351969 0.4113763122369609 -0.04698959138099926 0.13183299732934298 49 0.0 21.29481306523863 1.1982597773843349 -0.19637745342670332
120 1214.0961857270895 739.0740647083499 0.4005532461685723 0.15865629790581043 -0.21371288880667982 49 0.0 68.0545739938699 1.331507589709129 -0.3108591157458863
121 1054.2728252633924 738.693598131831 0.40341185495294407 0.0524923784531691 0.07907172385231892 49 0.0 50.971237484300104 1.1835392572433951 -0.1829566694384668
122 1091.8225290354249 751.5834500836764 0.41106736185784143 0.3548640617416817 0.21900963401921786 49 0.0 61.53605076883969 1.2732493785474617 -0.26228368219029397
123 1086.5573948634112 751.516009094412 0.4164366950518378 0.127418822425054 0.5941080531776873 49 0.0 94.57758718402664 2.323659422690801 -0.9154311852799012
124 1090.4115464781023 757.3582136698965 0.4071569427067843 0.4345127206480542 0.05276084037552977 49 0.0 125.80875977741039 2.1927712893787326 -0.852483340547392
125 1062.4570890538544 761.5340384542475 0.41954277612608676 0.3459972509875371 0.13708474766631032 49 0.0 237.28212441302844 5.045279644356667 -1.7572131071236954
126 1179.646004443355 761.9373025698161 0.41160453027467325 0.16135608446159258 -0.43753951747766734 49 0.0 59.81167280202436 1.007876151128912 -0.008517922074703498
127 1056.5164233606906 763.6096441689162 0.4245571976058078 0.07994147764164299 0.03104165198800748 49 0.0 202.25568215282595 3.662050812377457 -1.4093109150302807
128 1040.1019607980554 766.7981536401219 0.42352223271109135 -0.4012794741024943 -0.9001534457898447 49 0.0 48.00262529040731 1.0165488633427664 -0.017820647720673564
129 1065.281179036499 766.2822589647463 0.40509671909414985 0.5691762816245998 0.7670884005702786 49 0.0 199.89765965303081 2.9020708056995517 -1.156770010734538
130 1025.61945872149 772.5050090063105 0.409368550828366 -0.237140749013233 0.0377934215776059 49 0.0 178.6660607749794 3.4698652778979406 -1.350781532653448
131 1071.7169701485595 775.7945546445414 0.4121877388644218 -0.16869970650586114 0.0491277957465286 49 0.0 233.9502597636918 3.1272886037176972 -1.2379199055524739
132 1055.9657200620927 778.9809518529128 0.4104309204022159 0.1541299035424718 0.23819231977921074 49 0.0 325.359391631629 6.594844395839453 -2.0480113822588315
133 1079.7382570037905 779.6621989778823 0.40071228848333285 0.47425819234230165 0.02004220420227084 49 0.0 80.26351680605404 1.5549185971698538 -0.47926914462045345
134 1120.3954696258143 783.4914155848337 0.40019274593233894 -0.053861612810641266 -0.24196717374626686 49 0.0 93.02882000586601 1.4011594998173584 -0.3662189391204924
135 1426.1650681068033 787.2440678273974 0.39523042858821744 0.051992589802907566 0.01666366522861054 49 0.0 58.47075816386129 2.1555339986416944 -0.8338871931267435
136 1077.1921707004935 789.2137864186591 0.42231517311803 0.008477929256502354 0.7744285641553945 49 0.0 73.26179026964786 1.3359431349882638 -0.3144699314895274
137 1053.4660607739859 793.9409674614288 0.41043028172835294 -0.4572874613113504 0.36283505835510077 49 0.0 74.16857289874281 1.5723394849301364 -0.4913658016410265
138 1081.2606954572816 800.549250937388 0.41211971385715446 0.10083866277078211 0.6921873144807967 49 0.0 120.0114241036922 1.7714894853980472 -0.6208464473501571
139 1084.1480340822543 806.6512719677041 0.4099846476030515 0.5332993998575425 0.6472976772719286 49 0.0 149.1987770386436 2.0644420893835798 -0.787006761967342
140 1069.4730119007686 840.6423578273616 0.39888683243064366 0.10857366742612705 0.3913227047212068 49 0.0 58.81251552083285 1.0507559527149157 -0.0537546475952268
141 1169.2270624563068 848.0693561775319 0.4189332940169963 0.31241564454000104 -0.5275526903528036 49 0.0 105.79787520497615 1.334460692683134 -0.31326446478759423
142 1192.9286550473337 851.7857065586072 0.4167371088094546 0.35015610199299335 0.05424005650605392 49 0.0 110.31522743014261 1.2655529018780598 -0.2557007599733823
143 1172.253038737249 858.3956453007914 0.3926645622338039 -0.18157816769691756 0.8021823112429144 49 0.0 111.7703687038632 1.2431749571550679 -0.23633063250529612
144 1026.7390564586485 860.7168327498689 0.42073344268228785 0.3768705515018802 0.2304003172766334 49 0.0 64.00883206512896 1.163257845986063 -0.16418997615308795
145 1160.6419158397844 859.6525796427031 0.41366571879206226 0.4945225772725066 0.31940468287771323 49 0.0 118.49644456539664 1.2753618677042375 -0.2640835694726797
146 1010.7368272949651 862.1189880164874 0.4001569215952915 0.21604922694864215 0.3907331827655557 49 0.0 142.78140898522284 1.450051570874294 -0.40345862032512003
147 1016.9636208816447 863.1432596457785 0.3938061069625991 0.5415100510907772 0.17802701461541598 49 0.0 117.40933109687413 1.0030367821569457 -0.0032921480916622255
148 1172.9820442270948 863.9828613461979 0.41205164550463974 -0.3045021360258352 0.37781760718463664 49 0.0 140.01965969437487 1.7937722527266973 -0.6344182544306625
149 336.61705566489627 1095.519225259204 0.4388183383195936 0.09665457670679095 -0.0357280866305656 49 0.0 27.914489461504175 1.0151010330435735 -0.016273174366052873
