m1-67/data/wr124-ALIGN-GAIA-hst-1997-f656n-TO-f675w-OFFSETS.ecsv
# %ECSV 1.0
# ---
# datatype:
# - {name: 'RA, arcsec', datatype: float64}
# - {name: 'Dec, arcsec', datatype: float64}
# - {name: 'd RA, mas', datatype: float64}
# - {name: 'd Dec, mas', datatype: float64}
# - {name: 'Radius, arcsec', datatype: float64}
# schema: astropy-2.0
"RA, arcsec" "Dec, arcsec" "d RA, mas" "d Dec, mas" "Radius, arcsec"
-18.290560479570352 -84.70534012463723 -19.034354406506896 -28.755607548625527 86.65759764427665
-4.850994566280169 -72.33371902075127 1.317546775456828 -16.907938026496687 72.4962002775988
-29.38278953065251 -54.964605452819384 -22.86514504571456 -22.95650236075744 62.32540535572016
-60.53288213827371 -53.91416246579559 -26.846595842717225 -30.681335883539614 81.06149918984829
-43.46606996220104 -45.02247250172183 -15.819241090096469 -2.654827208290369 62.580526029437884
20.54816130441824 -44.61771206175714 -14.895575523141726 -29.773103503993454 49.12196205396659
-40.007368005941764 -43.69230009874636 -19.178986553158545 -23.70522295634123 59.24193243589066
50.02443958238319 -40.472252943519656 -7.584392727628571 -46.62074118691239 64.34631132968894
24.345446398772033 -36.89308895068145 10.125233843245114 26.366306213912303 44.20181858654897
7.800985292414179 -35.16694703963559 -24.871532940711468 -14.532932287654724 36.02179250164747
8.214339271785002 -29.835204900510544 -7.736824612136666 -5.90078893447292 30.945352165665042
17.323067995560745 -26.798508271969087 -12.599937074837747 -8.946639512200774 31.91000985100676
-34.88769668056356 -21.56062649538175 -18.753201474174407 -14.712565105287355 41.01233948604743
-39.980826029296125 -19.047162880956904 -23.93295672985452 14.835505347400453 44.286124906830175
19.51134787614376 -15.893051592055823 8.888103315437952 -20.005050595086537 25.16509058397824
70.00145800647411 -15.827004327050737 0.13577605498551223 -1.2582250287598498 71.76836475352005
-7.877790538495879 -12.801661021459006 -11.834348698839634 -4.765194539911255 15.031370815587577
68.53900449986347 -11.56858496169625 -1.7133745979239277 -27.3000020582605 69.50846920290147
-34.12988963009415 -8.032124135202807 -27.481311487482277 -1.2431356389567727 35.06229290416618
-41.01011711831447 -3.3674773243074183 -7.158348603915625 -0.8903924714989812 41.14814223548323
1.2987743395309856 -0.10497962395115816 16.806922078058488 -32.80353138250986 1.3030101713364635
-1.2493847554017672 -0.001190269102785754 -33.974001059136825 3.7966021508534715 1.2493853224118865
-59.03575238262378 0.9150492858806037 -22.554536309477225 10.50221765019092 59.04284355054563
-53.99380038262085 1.2369320517141795 -22.124141553359934 12.957607233191494 54.00796682549146
-20.033572228830888 10.391288302376124 -43.24812093518821 30.803001500553005 22.568183101182935
67.81965908493758 16.132028175701393 4.980940418619162 -5.958330366959166 69.71189627372563
-17.4914322089002 20.56504498906795 -8.483180474220331 12.480669167315414 26.997616100377506
-7.941167980883851 20.871646841856396 5.421197057026252 36.2491423757241 22.33131860358875
43.95790328294839 24.791252995851067 -22.35945089669133 17.372838367181025 50.466855230271754
5.434963268444387 26.268583180392056 -15.982083861343407 21.167172296557876 26.824937798174805
47.45085813572615 31.230341799580195 14.829376450334887 -19.84148143603923 56.80596948861842
-32.91538138520509 36.838560796897454 -32.283766446853484 14.350800462408879 49.40143602981076
11.273239791124915 38.14557015556901 -28.62804222913341 11.607634684946042 39.776506337699985
18.398453071462573 42.15421962970415 -4.7764576041158975 28.58805361892332 45.994361646866906
20.861114259068568 43.39332955619585 -4.750257263316374 25.33219488186068 48.147348127226216
26.784090908840025 48.61157704648458 -30.02954382796745 36.694552852364716 55.502008391400224
21.806960131261764 49.92635307649883 -7.499742259692532 16.59692973116916 54.48104470731458
13.994338970962175 53.394074078059084 -3.5689933311557853 27.903596176478494 55.19754220536952
-22.641262077251724 56.43403337087112 -2.466428433366831 29.707012645106794 60.806470528753394
-31.669299884279507 56.583223921890315 -12.771742537221522 5.3815321840270185 64.84293145279187
15.857412222609245 65.06923372527584 7.405728156079925 30.560799568265846 66.97359697413766
-0.8781948847487681 73.29493009128134 15.974509528125418 45.81499265685121 73.30019101824062
-36.866944665423155 76.48359527114543 -7.343852109734851 46.52444386232718 84.90531133129632
