m1-67/data/wr124-hst-1997-f555w-TO-gaia-OFFSETS.ecsv
# %ECSV 1.0
# ---
# datatype:
# - {name: 'RA, arcsec', datatype: float64}
# - {name: 'Dec, arcsec', datatype: float64}
# - {name: 'd RA, mas', datatype: float64}
# - {name: 'd Dec, mas', datatype: float64}
# - {name: 'Radius, arcsec', datatype: float64}
# schema: astropy-2.0
"RA, arcsec" "Dec, arcsec" "d RA, mas" "d Dec, mas" "Radius, arcsec"
-24.95240671750303 -97.99876203747291 -10.453425034350287 -150.83793645741258 101.12556509123287
-8.541101184279944 -88.0238540967011 -31.241575275672393 -132.68332854432612 88.43726191514423
-18.317439672546513 -84.6580840854837 31.52056823480198 -95.29913505348549 86.61708710374353
2.417012979051353 -75.57107735820038 -15.507989138835905 -65.96593850499299 75.60971951116643
-4.858454731854738 -72.26121517490837 52.887688025006746 -15.832558386786575 72.4243591616185
13.769070488754178 -71.19705897716084 13.083049127868106 -81.77390370688934 72.51626370403211
-32.87543963754203 -70.8546134876079 31.389025781801017 -61.805805251546296 78.10999130278854
-15.571027732765003 -67.77400471133912 16.718727664346446 -35.76116531063179 69.53971966105466
-40.233937454556695 -61.484504792063525 -12.56068813442429 -72.55309237123689 73.47866360164468
17.42689910274356 -58.48980429418748 13.460935652565084 -35.82844465629182 61.030762821474916
26.834392786848003 -58.26979007276396 -12.12946604733437 -88.4851249758368 64.15179695230178
-54.12921762328417 -55.66463808974118 -37.76215594046181 -118.11376551833571 77.64357064843813
-29.399860630126568 -54.89887158403471 32.781238479086916 33.42344907424175 62.275499884470904
-60.549259422348854 -53.854036301285085 -35.59206020405571 -114.09871013701776 81.03375814575392
25.339450526577597 -53.18889232191209 20.72868271326582 -49.14437606020759 58.91643238679044
-3.264753450667338 -45.4522067512211 -0.4972292121495916 -110.24950925396907 45.569306703915146
-40.504251585921544 -45.473417836705856 -8.568204120453812 -40.59281064008087 60.89684802767918
-6.170944234504221 -45.019209079325364 8.721740769358743 -66.0690343453598 45.440177577433374
20.539828664557735 -44.57149662544822 0.30880012908440174 -71.34692598977 49.07650014450451
-7.750875232668823 -43.61353765115428 16.941901178912897 20.913680862023348 44.29691560849297
-40.029892858729795 -43.62623784691831 -6.7860097286432 -81.93611040791112 59.2084531723178
-41.13682123581957 -42.78217104308632 -39.15885513581567 -50.7736759189373 59.351092629180584
-22.08272136543199 -40.81999160835076 -18.964328973751552 -96.89532486471475 46.4103252675981
1.62858499474765 -40.19621539697733 -1.5264283925011892 -72.97883079148386 40.22919364457335
50.0683782915906 -40.11778581441054 -20.54307725667399 -31.468345783850594 64.15823572845945
12.253300846369891 -39.80413115745175 -14.424501767803996 -74.4460046831197 41.647475757443026
39.282061220738655 -39.18923412603364 -29.92298557725219 -61.63229890357995 55.48762372428044
0.9876252255716416 -38.295026662009725 40.28465366878137 -156.78657669203648 38.307759926939134
24.290525658513896 -36.79416672710927 28.640133528860748 -25.7973419928772 44.08900470249941
7.794154705949045 -35.112285377374434 -23.728147613340937 -48.68389902505761 35.96694915356172
8.2072077055837 -29.74777234893732 -53.49435616967918 -152.49083021400853 30.859167480358032
17.342270472590645 -26.73292634953595 -40.83644931797291 -84.60326166001477 31.865399647141995
37.08823762632463 -25.08121886583137 -9.572258924515681 -92.67705785899437 44.77281433247755
0.8908571123137603 -24.385519882567117 -21.42433331768387 -84.08681224269729 24.401786949607242
-35.38351466924259 -22.0696398927365 -45.10014125500899 -123.19522792107993 41.702063624740745
-34.88960382373303 -21.488009705206338 63.422069655258504 -3.7801161934842034 40.97583448403252
24.86843516721825 -20.59500052671171 -43.06854376454029 -143.87528018481427 32.28921046275784
-39.997324786296275 -18.954109830649085 -29.910373543118276 -119.92494379098119 44.26109199991353
18.073046875538896 -17.915200036590065 -32.2635272492157 -52.60162943312228 25.447778191733597
25.12040542642888 -16.235506007987187 11.803292425824896 -42.7593383170176 29.910306297687885
70.02319799773032 -15.768224566595364 -7.0473257704273395 -36.22423909056811 71.77663376242218
-7.878346717604627 -12.727154512720151 39.90360371605202 -151.17095510459123 14.96826004960756
-41.49118408172663 -12.502586720246875 -2.5530919023496494 -24.978201741146403 43.33397084368308
68.54067488065782 -11.51954191011943 36.16348110206587 7.255796504334627 69.50197086439083
29.573467262899953 -9.28653411461553 -100.71196183075863 -115.55463218544601 30.997252801181013
-34.1463825580383 -7.937601201239031 -3.2779074807530972 -71.3477344969478 35.05682464307756
88.2749918996924 -3.6431508881083485 -13.960253126590557 -89.21993665339316 88.35013719551235
-41.02058195853768 -3.2786126132952202 18.345217052649843 -85.96662128123126 41.1513966317588
-59.04214342260416 1.011082333913887 -9.193735402142945 -132.37307410534132 59.050800057063746
-54.012981618319785 1.3334320458599112 -30.82692270802878 -94.47574097907368 54.0294384968718
30.0293575476842 5.942595216372613 -51.17568106050622 -56.95483222435881 30.61170939992705
71.3956170662248 8.548472256555668 -20.579982520131548 -11.629356977776238 71.90556662228116
-20.029904027047795 10.494069430791598 25.53563557490124 -54.79519738827773 22.612442331601496
58.863488631828695 12.996635963556576 0.29500111957670866 -92.15336723466696 60.28119802800917
0.4341594906561471 15.177625354271346 -80.10964265676571 -203.91575613423566 15.183833700948217
67.85332127444265 16.201035800116966 -32.23532086896748 -88.26494991774608 69.76063904173148
-41.62103333969377 20.078536522679368 -27.786294153265793 -95.30269169730803 46.21101643192279
-17.48312483992166 20.65537423842726 -36.20034247768528 -132.49025796458648 27.06111856654002
-7.914139932452602 20.97890319469143 10.336321508284996 -124.05330342911054 22.422042500760945
43.96552005988145 24.867449402718343 -44.04506105137012 -184.97635412422517 50.51095905420431
63.600449836537756 24.934111265166944 -35.85735773034565 -36.50848537695048 68.31344746309438
5.467578908343046 26.376269247995122 -39.56662488135085 -152.3509710443451 26.937000545696545
47.479980000023595 31.311144748776268 26.970142774364447 -49.801654874121766 56.87474192448947
3.430609519075097 33.067416541802906 -19.34882023448421 -102.58160161184139 33.24489612438493
-33.98285651070235 35.47205027277136 -43.593083142784394 -130.90066678654358 49.12332313465203
-32.90499598634244 36.92673114085101 7.142496174872265 -13.032696575905158 49.460309562758304
11.302390655391601 38.23757257703415 -34.613385371418815 -108.42942477302131 39.87299825256647
41.678474838308006 40.58384689208951 -76.03805565253461 -78.10617231256887 58.1733948724808
-30.343906141194815 41.77352797942484 -49.40948936749769 -105.39377800883882 51.6311947098064
18.436130871780648 42.243055207886634 -65.02827911828295 -121.26873589427542 46.09085191300326
20.865281449859868 43.50354309056215 31.28688237507365 -84.22558598700898 48.24850489866733
-5.979306836031534 44.11724075312346 -28.46711866055903 -114.39821239920744 44.52059120634461
-46.77892565957594 44.11680107884474 -18.018577736866472 -82.02684393857538 64.30054424288465
-22.93899198105487 46.76888189964723 17.538173768393104 -29.432915029085326 52.091512343478435
26.799206512967654 48.72828746658537 -28.0329008878924 -111.72683701426449 55.61154067090829
21.830137616222313 50.01301328415727 -22.023263600283595 -70.07502909226744 54.56973883722739
-17.85717632786342 50.972341025102125 -9.739079699469368 -67.5111867993221 54.009798087867075
14.023159289947328 53.49109522089841 -39.66096241302465 -94.21570344393815 55.29870034637019
-38.37177787215041 53.80623027079157 -34.27270619544556 -81.40568457483471 66.08709192888172
-22.60506237927146 56.547930689418756 -38.09165936990644 -108.47176427368541 60.898746272990515
-31.64067746390723 56.69792671218301 -20.03754450680641 -139.73307498148975 64.92909470036376
-21.92330697404365 63.83968233594163 -24.948190944444022 -58.01671988622688 67.49915861757525
-19.662629804151486 64.76180332410952 -29.93161612688031 -92.31506834962765 67.68094390521975
15.885829281378067 65.16248347563312 -14.856566941062212 -44.76052687149346 67.0709237767839
-43.21841191964096 68.04460654782677 -59.37646998753447 -112.810992538413 80.60954993884445
-45.20974656661246 70.70395898650459 -55.807992181037 -110.68347984410373 83.92241012344363
-0.8353543584199632 73.421707693873 -25.659069586677674 -79.44945205140375 73.42645965562554
-36.82764799940761 76.60904822099303 -68.03894184048126 -94.64525438108737 85.00130507311688
-13.640039258029743 89.8218240286139 -42.52511280748803 -102.19266467228044 90.85158628787545
-19.40266856849741 91.23299538273315 -60.62939697680034 -119.34652938374309 93.27337760330745
0.377056535130151 93.67787984203724 28.11411470797316 -22.380898023197197 93.67863867135338
-12.805954716168804 97.19511865964853 -30.443509029399973 -33.19718483912454 98.0351138894617
-3.0546557443879823 100.59379234847306 -31.908543088373783 -48.58693923800447 100.6401608704235
