m1-67/data/wr124-jwst-2022-f444w-TO-f470n-OFFSETS.ecsv
# %ECSV 1.0
# ---
# datatype:
# - {name: 'RA, arcsec', datatype: float64}
# - {name: 'Dec, arcsec', datatype: float64}
# - {name: 'd RA, mas', datatype: float64}
# - {name: 'd Dec, mas', datatype: float64}
# - {name: 'Radius, arcsec', datatype: float64}
# schema: astropy-2.0
"RA, arcsec" "Dec, arcsec" "d RA, mas" "d Dec, mas" "Radius, arcsec"
[from data line 340]
-34.35791425239716 -36.69420600750092 6.70365248897693 2.9125435542637903 50.26858873922236
-62.04054788864093 -14.040794762675356 21.564464058372682 -10.069277617023133 63.6095393313871
-29.48029655317606 -42.87084902284311 5.897535864416944 5.767942670332232 52.02881478841437
-48.751026990034006 -26.178806298048414 11.170561340314187 -1.3856144534002073 55.33527373207363
-49.18040578646491 -27.22905983167692 13.304323282605683 -2.0575669764316795 56.215069141514775
-85.61439894664782 4.3724554554117665 28.9318308548953 -19.873730741476354 85.72598014953168
-21.15813780441433 -51.97743506815436 1.3242626222611504 7.950264289728371 56.118807383449784
-75.74522286640244 -5.00442276028638 22.213483039206846 -11.477073805827274 75.91036182976498
-22.863726339991654 -51.1307289334749 4.653791417677486 9.11177239731833 56.00983317868763
-48.89458025111416 -28.583321974279173 11.429053011374531 -2.422428625909024 56.636439310045496
-49.530067533700745 -29.051671039980473 16.29088631477717 -3.0133093775209465 57.421486952849435
-52.41356054762992 -27.539371252989003 13.341177479077277 -3.420730218752014 59.20809304440374
-33.24730407166084 -45.08400189428465 4.843032420019558 6.210058925628174 56.01741191125679
1.353552727434991 -75.46683628840186 -4.685443319528787 16.04089328938119 75.47897378929241
1.9807081196417131 -76.64526412892005 -6.805286393745513 16.272279875240656 76.67085311815192
-65.34222487109841 -18.26800548635757 17.115334063699333 -5.165717193138108 67.84781768327974
-24.275225849642833 -54.218208828596076 2.4661835980841196 8.571129434349869 59.40455155165098
-77.43183557830837 -8.080968086317188 22.01011821384633 -11.226076947757177 77.85236799967267
-43.83847138614988 -37.46352436024386 10.852560211308454 1.1851943038804291 57.665650172615564
-31.26858097957219 -48.57969429406435 5.766122281132522 8.24899434123025 57.77292476676213
-5.828516191324388 -72.08000534274262 -1.373879992825116 13.405277527011057 72.31527342006505
7.131820742150364 -84.02724928915221 -7.879744388858914 20.098904822393166 84.32936313875143
-2.451860946969523 -76.64879303156746 -3.7408559519238516 16.68419252733727 76.68799837668514
-41.069736852187155 -43.52936132475951 9.68661012323926 4.851502864341676 59.84587335321548
-42.21352341456101 -42.63353133129472 11.264125069750651 2.741558758954477 59.99666263605696
6.311488675294031 -85.17778294005367 -7.9114863449354695 23.423013956448973 85.41129663936286
-36.62345581678528 -48.683207014243855 10.20633599150624 7.224886195879514 60.92070367483098
-30.39127863783333 -54.64050313262513 5.921285871539878 7.793293260067741 62.523710528222786
-6.97443335317431 -75.15152799305456 -1.6568654742539783 17.640112723977676 75.47446507354185
-15.685581446666921 -67.67078991776943 1.2112468481205745 15.78293444392442 69.46490671257668
-41.5455153603023 -45.32504637986471 13.09455237865572 7.493337211602793 61.484873327604085
-91.3473431017129 -2.079579081907861 25.08988957900198 -12.03873859661844 91.37101148950318
-37.5098983332226 -49.24447895692719 8.728438891567494 7.671586194065735 61.90324025422845
-16.59305768390128 -67.62177193963022 6.2186642738132365 15.459460514122739 69.62782198009424
-59.36262850421764 -31.073259469864922 15.046691345011524 1.1946511425314652 67.00350058291585
-22.402823460589122 -64.31542500045917 4.432657674250301 12.710367760288777 68.10550914375108
-22.990896437927088 -63.90727089306073 3.346315864802853 12.195106795394741 67.91701241290734
-83.66570815609599 -12.216865745193363 26.497957453331438 -8.32382957416375 84.55295690694919
-60.1573572163721 -33.80674213157482 11.419859156251219 2.0573038669539883 69.00582155442986
3.8876126085366507 -90.29408521390576 -7.000994503160272 22.988014320747208 90.37773705644024
8.180703629360867 -94.98949787876407 -11.114733983806866 19.70189744415023 95.34111712372894
-30.224616528692035 -62.36455242825796 2.7029324922698965 9.974283714279716 69.30270424768396
-9.716167710196528 -80.37125801826988 -4.017530378287141 16.675845857481136 80.956426709877
-8.084107706798218 -82.16052011953528 -4.755158777969322 18.934380682582084 82.55727624063024
-75.80416315911066 -24.16830962989947 21.473179668359776 -3.022186915031188 79.56367460296329
-74.0841679938366 -25.859674582501672 18.822497587930222 -5.160966566543695 78.46774297822628
-87.67511281639867 -15.274769277667666 22.139422135210523 -7.993748824427787 88.99575253786914
-49.138399401933256 -48.846220176041314 9.400862707919444 6.382142405385543 69.28589666100885
-66.54240034041926 -34.84833813806686 14.859917118541517 -2.250126817611657 75.11522929404312
-67.18553140769154 -34.404848076232255 15.792971282166052 -0.705641104523049 75.4823764849585
-36.25563174305608 -62.26919992922247 4.437144870767107 8.658877790534534 72.05500713323536
