m1-67/data/wr124-jwst-2022-f210m-TO-gaia-OFFSETS.ecsv
# %ECSV 1.0
# ---
# datatype:
# - {name: 'RA, arcsec', datatype: float64}
# - {name: 'Dec, arcsec', datatype: float64}
# - {name: 'd RA, mas', datatype: float64}
# - {name: 'd Dec, mas', datatype: float64}
# - {name: 'Radius, arcsec', datatype: float64}
# schema: astropy-2.0
"RA, arcsec" "Dec, arcsec" "d RA, mas" "d Dec, mas" "Radius, arcsec"
[from data line 341]
18.37818880398632 -81.0466299474021 1040.8746707113366 -216.5593526653813 83.10423594598811
-62.03803863318893 -14.007134967417121 1017.2556170649381 -257.2907630899984 63.59967029410151
-48.75232324197937 -26.141449355627497 1023.0981026498686 -258.6777415013748 55.31875254547138
-29.481855081863742 -42.83237842828329 1044.6349660900537 -204.02850134495066 51.998003888599456
-85.61496490387069 4.408464278723742 1036.4947428831294 -215.15418878505298 85.728389531458
-49.18071623325239 -27.191812415917642 1034.6725215005727 -190.22295325928715 56.19730863371988
-87.75423460370693 5.600157087374765 992.4906067421778 -246.97097227421452 87.93274389210171
-75.74641898876652 -4.970168068166321 1015.0421590453085 -238.445601813383 75.90930482569173
-21.158785701661873 -51.938951682412295 1036.7396278588276 -214.17231260199537 56.083410245558255
-22.864017732885173 -51.090728792668465 1033.8209122638716 -214.12928950216912 55.973438922055145
-49.52677596738135 -29.015644405918344 1025.9913159644557 -246.03186416520305 57.400428063040756
-52.41369971528847 -27.502354325088493 1023.8431553189781 -234.772111826343 59.19100772050832
-89.22582694461276 3.7101045473663268 1020.30930161584 -220.18316717312294 89.30292866889543
1.3568355464330595 -75.42590697445549 1044.6691856651858 -211.1399281251151 75.4381100342248
-77.43346769859902 -8.04686422298588 1022.8978595629026 -225.15544815377487 77.85045883354876
1.9822890377896483 -76.60477345461047 1048.686625118996 -189.74493318015823 76.63041684396175
16.572683108550752 -89.10639181667779 1045.170465485439 -203.30370073169274 90.63444638170336
-43.83822288018137 -37.42740077399956 1041.4375627928582 -198.8901737579828 57.64199938322045
-24.275760764000626 -54.180002523771726 1035.5788648941152 -213.79654397176532 59.36990163872353
-31.270171060970394 -48.54128593917467 1020.5624878965209 -221.94706449286306 57.74149305969547
-1.9743471313752714 -74.07035258236536 1032.1374249972914 -210.21847585400167 74.09666104559099
-5.825923696960067 -72.0404301017853 1020.358506168308 -236.6107437564445 72.27561798278924
7.133662632578309 -83.98546567821361 1045.8872524977946 -200.4730346393257 84.28788516109577
-41.13134035938664 -43.723259107767404 1094.6557336573721 15.150233048255801 60.02924721681206
-2.447777533858942 -76.60876661258331 1106.3348216131794 -182.92817467961277 76.64786191721667
-42.2121494653186 -42.59815633331895 1036.1808419179504 -234.7232241297285 59.97056328018396
-91.48249703934778 -1.3461198051665813 1008.462727159956 -246.55028078358015 91.4924002470351
6.313271725209778 -85.13602688795059 1036.3504171155037 -217.38970346018166 85.36978664538616
-36.622817287283965 -48.644526328472 1011.1073503833095 -296.90719757594616 60.88941338946435
-91.34857104957223 -2.045916935663535 1015.7508612147694 -214.37399218246915 91.37147918589913
-30.390714382904402 -54.606069830955605 1023.6479803559102 -259.3354823455624 62.493346537922754
-41.5427547023074 -45.2869481599985 1029.9463283064674 -227.00058249128915 61.454927501111946
-15.68504997353698 -67.6303931758706 1032.0298219344463 -226.15177330541158 69.42543384795674
-6.975002048870018 -75.11242130265511 1036.9542443900214 -218.49309645609364 75.43557837902821
-37.514747430339554 -49.20667220485165 1034.72804815739 -215.9102339550742 61.87610877828479
-16.587932950002475 -67.58202127260091 1033.6286220129377 -227.72126459792904 69.5879954374121
-59.36303317696803 -31.03610022775505 1022.8363408480446 -222.55379024247074 66.9866344782078
-44.63029295088169 -45.03562322399932 1231.1920304340483 181.52545087376407 63.4040249226023
-22.400631217444403 -64.27653160206152 1044.4345507724286 -203.79427335077193 68.06805989217415
-22.989407535845874 -63.8687550645687 1039.9987697107292 -204.04911454528565 67.88026749688447
-83.66579669608205 -12.182492170064565 1034.751259659722 -218.00289238951305 84.54808480462528
-60.16060811175308 -33.769933407916916 1033.5864849138327 -221.35531859093857 68.9906308015627
3.8908112839489974 -90.25244868016206 1043.6038419705874 -208.0432788806463 90.33627678980464
-95.65847976416605 -5.4959569337037495 1023.7951985758076 -234.82499752980883 95.81623187777119
8.174719436077092 -94.94631598626253 1032.7993556701397 -210.95129713280528 95.29758104224629
-95.90833996868253 -6.411978105016932 1024.5639308804361 -222.98634169709555 96.12243825365175
-9.713530669482049 -80.33023669295365 1046.5468789389313 -202.36449994640697 80.91538543714123
-8.08363352853653 -82.11957345139619 1027.4086954913482 -219.99273688250764 82.5164799989055
-75.60034515249268 -24.38857497808831 811.7444053706469 35.63198523243354 79.43686014699938
-74.08506437964866 -25.823046818269805 1050.7496062952007 -196.68535156656932 78.45652606654858
-87.67517817096551 -15.24001096692313 1028.9093628108076 -230.84365555357368 88.98985777938704
-49.138413671010944 -48.80894234555331 1031.5693509677913 -226.63663984145904 69.25963114189521
8.613922582705015 -98.42909760280372 1046.9325187374193 -205.4724559024683 98.8052979932408
-66.35063403568358 -34.977229742665685 826.782064878158 -79.30421132596933 75.00542110545524
-81.81386436847949 -22.670111398034155 1028.514919521958 -231.37192903914192 84.89665674656663
-3.082453871242796 -90.42487676058586 849.1533971161415 -58.15490274200096 90.477399710791
-72.98029057686276 -30.690527968724876 1040.1144210339871 -255.70544467293027 79.170899201404
-36.25548450085975 -62.23328708388172 1039.7992236311516 -220.4355540837112 72.02389976786945
-48.35950927220358 -52.01809207972632 1036.397703690469 -237.28281618384344 71.02481250293292
-54.41647225252777 -46.95784090187103 1009.4860482439457 -239.56451760437918 71.87622154381806
2.958612278592525 -97.43058267000288 1033.131924859191 -219.54153682945793 97.47549346056198
3.818086307521634 -98.32675447348645 1055.289301677346 -186.23963950199484 98.40085582573467
5.296835983365106 -100.33245487391773 1040.6995035415678 -258.43472094011247 100.4721751045893
