m1-67/data/wr124-jwst-2022-f210m-TO-f335m-OFFSETS.ecsv
# %ECSV 1.0
# ---
# datatype:
# - {name: 'RA, arcsec', datatype: float64}
# - {name: 'Dec, arcsec', datatype: float64}
# - {name: 'd RA, mas', datatype: float64}
# - {name: 'd Dec, mas', datatype: float64}
# - {name: 'Radius, arcsec', datatype: float64}
# schema: astropy-2.0
"RA, arcsec" "Dec, arcsec" "d RA, mas" "d Dec, mas" "Radius, arcsec"
[from data line 173]
49.06076110246005 13.500190328451298 2.407749546743241 -44.82219706979502 50.88431404110027
17.494476646381017 39.19235696079028 2.6295824498782894 -44.27231907751456 42.91966395009825
18.04604594935116 38.66060487679937 1.4805073671714133 -44.56240868659104 42.66499900424145
24.69574446680782 32.74604442092752 3.77730177280775 -41.59399610928132 41.014426911306565
74.50409626914549 -9.965812603506341 4.077793337625549 -46.08146599476801 75.16766444041828
10.680349690830168 44.56929410057855 -0.7464263940642818 -43.37618415779371 45.831123097390176
17.355067536642576 38.822273476643545 2.7604703752571713 -41.64370151887108 42.52490192275226
14.831537004925872 40.86347719085601 1.0251613046113246 -43.479628856664654 43.47180989079128
-6.326628822027194 58.75924624203912 3.146138134616513 -42.476997848261476 59.098859972932324
0.7264616092809032 52.24973820670884 1.765793256018071 -41.91776067435313 52.25478819331474
-20.916146596312068 70.67489296905948 0.6078311781035554 -43.23874899826416 73.70499079102927
3.3970061734594497 49.874523037272816 2.03179389226478 -43.02851292674202 49.99007600427302
30.062632129141644 26.935318895695264 3.0870156751147717 -43.306474435801604 40.36425707735658
77.67513175272535 -14.12325762834258 -34.67287204387047 131.12122849957802 78.94866996612535
64.21017720159328 -2.493429956269399 3.3006263126095 -44.786703556599484 64.25857179407824
-6.42632589167767 57.31025359208169 12.410385102031332 -36.05005520048798 57.66942717064084
68.2941207340592 -7.134610053605181 2.216629233517646 -46.48357803350808 68.66578176655734
67.5825222450274 -6.880639690699888 1.90267323955021 -47.050356908143776 67.93188142439655
-11.755764095186953 60.746510974453514 1.053097693933739 -41.19522317587359 61.87355316316107
-5.690891126910227 55.530694878277714 2.8449695200348 -41.902370710682646 55.82153988110953
17.165911345137406 35.47116962070755 1.2143993299542124 -36.328988184530566 39.40650179433612
54.23326721848075 3.4338373912811635 201.951707923113 68.55550529976861 54.3418670286414
65.81274327971957 -6.71557144458356 3.325048732247643 -45.95187035038397 66.15448644126519
-0.21661775658029078 49.72581237138185 1.9892966220940358 -41.159967776812614 49.72628418900212
13.053208495017856 38.28833018376727 3.777680515803654 -39.20026805693465 40.45222463993386
10.865591327749161 40.03605839864429 2.6796186384271485 -41.393176274721384 41.48429878299155
52.119812332600155 4.632965824355162 3.6817340191220542 -45.46012501117728 52.32532092068508
-12.140262618332018 59.300377652992324 2.481476305481367 -40.891994111458146 60.530329275233804
74.90097902242579 -15.258728218561291 4.366105243090595 -46.570009605704634 76.43942330449434
9.508638289160036 40.48775631663891 2.279458022650796 -43.7170910513044 41.589332917339895
77.33315271227606 -17.59464475001107 3.1036088846045655 -43.966231990834544 79.30944469475419
48.922363571805434 6.430674304831984 1.2760607919081888 -45.450056834294244 49.34319840365326
31.894221276024258 20.856851085337823 4.319917375584099 -42.696540763475866 38.108392573428105
50.085855392530675 5.273968454176048 1.97793505356647 -44.061830109911924 50.36276057868064
61.720927935070485 -5.2448848562025585 2.6776049160305755 -44.51229182136435 61.94337544484354
-26.959558485208408 70.4552517518029 2.920093269989008 -41.47405391144429 75.4371278937091
-20.698649915622926 64.88035993738104 2.8408204877250713 -48.25846756777628 68.10209394582765
-2.677323906726942 49.356995878963964 2.0333403059397885 -43.143876637237334 49.42955700145926
31.706900813544255 19.878650854914866 3.2688208663003837 -42.37242208435137 37.423098694565724
72.41485156191433 -14.953757946112011 3.8952650905886586 -48.84057704929877 73.94271833161397
-11.308491633340058 56.23980018648363 1.4799445540260825 -41.096664877659755 57.36546962127293
-18.348350238672353 61.982674879132986 1.6970586844579663 -43.37405613007854 64.6414258159212
1.8755766838485064 44.42542803132796 1.5885009780422013 -42.57469804936114 44.46500245822196
68.97995616363761 -13.386914532702384 0.829523624127208 -45.851470537726236 70.26694689800273
10.424942280224654 36.701696507831 2.6359097295893967 -42.05511254660558 38.153557461317696
12.028068826563302 35.19675671300825 1.171041981819846 -40.412591685659315 37.19524326319539
4.271454576747282 41.26595693142441 3.510208245811401 -43.27940111289199 41.486437849308956
58.99037439046547 -5.781221004859761 2.502368942989586 -45.863143935468095 59.27298529792077
18.062495606758407 29.099402481086607 1.7984316781482512 -38.311684696388475 34.24951050943891
75.53967304574422 -20.261564107954033 1.501157230396341 -44.91203687095491 78.20980223483808
-22.953869822090084 64.00711812746438 2.3388202679866366 -41.75223377194385 67.99846537882834
13.10720705099201 33.124308674599746 3.8746711949483226 -42.300541133805964 35.62328873606243
58.9159859002988 -6.488997319273086 2.453936395200001 -45.716328320216526 59.27225725141913
-15.89498236146417 57.45051984592225 2.4334435801319056 -42.870631221581675 59.60883062349016
48.62375042118047 1.477781104052213 3.039790437893395 -45.3845724359409 48.64620172198542
-13.833361638772157 54.12723739230146 0.2412531282979097 -41.05305069464597 55.86698235597894
65.73823710208212 -14.066639726913934 1.79189700464415 -46.99777387389485 67.22637996952426
32.96980497412398 13.931037698561095 4.173320432372421 -43.06405570927401 35.79220375643197
-8.922089651716055 49.751674165036825 -0.2293427041711726 -42.37247545278671 50.545353539502415
61.99689748619802 -10.957271011066627 1.1009186744914043 -47.05509826024074 62.9577404480473
-2.3579689903660648 44.07542008160434 0.5178567364306687 -42.79334993727039 44.13844891980022
21.697198520281887 23.468540970765417 -2.729863915368498 -37.59684523689333 31.961552479395944
-30.264792525153922 67.77812552504493 0.5097927784468355 -41.82008916694557 74.2282421542379
70.13951164975855 -18.56315561127827 1.1079411980114486 -47.36739645496379 72.55440598224983
42.66244191581645 3.4972589446421143 2.5391773623737515 -43.22675898520931 42.80554602131025
34.810609559616495 9.78172590895742 3.217259767170607 -44.81888931455407 36.15882601481603
23.06861173828959 18.596430380217367 3.7987476627139145 -42.846408867738546 29.630863453185114
52.93868651000571 -6.978722957568127 3.432600785439783 -45.50502199458851 53.396695613704985
-7.245880986046045 44.11307453921955 222.76591673137878 44.970139067037046 44.704207137207376
-1.0852011917217137 38.8832185118184 0.4445463339281074 -39.91294699362355 38.89835913570408
33.49555318807178 9.211425319197703 2.92702619728368 -43.22774201323914 34.73906214972847
-0.6234952256614895 38.16582358649481 2.5144258698260455 -41.590933235123074 38.17091610541258
56.59812511985177 -11.323612649108014 3.78554771704159 -46.760046302678035 57.71977102606068
35.22750455507726 6.926991253421488 3.4545657609532805 -43.85323625418847 35.90209303834975
20.61811346260991 19.287274717702967 3.2946984774886086 -44.29753858868364 28.23305806244538
55.475976976325235 -10.572748040326339 3.5658160944290556 -46.27322445066824 56.474481139000446
60.77638307258865 -15.246380968662349 0.9872349418843924 -45.734568462903695 62.659563239107335
26.309490241376075 14.156041924689058 3.3505301162947445 -43.421500520239704 29.876124223978003
12.908609531834871 25.397687914267273 -0.3391346171977448 -39.54962481912312 28.489906117707154
25.73748773904985 13.81158837510635 4.616830037785445 -42.29289846700635 29.209215113912926
15.711401307290489 21.969320769260847 2.7827685342291093 -42.287734289425586 27.00924258787582
52.09161531700015 -9.494975314823066 1.4176649525420046 -46.59451274782059 52.94989084649387
16.213148289183312 21.162257594800312 2.6861368811857878 -44.02231189992245 26.65909456516891
-18.870613463065204 51.126439291511055 -0.4034436619240905 -41.04065892410152 54.497824174938124
-34.78986508030761 64.7375915946362 3.5110474046307734 -41.3374310490415 73.4934720776988
-4.192290344547749 38.543209098945226 1.913856634676739 -42.67697740190235 38.77053347292628
61.4891228935123 -18.023773957964483 2.3361304690758686 -46.51510874859269 64.07627214726048
18.601844518798455 18.255768912457516 0.6752403667279075 -40.49975467220486 26.063417219985325
41.35075822182694 -1.264958671454914 1.0506339637608357 -45.98438277674879 41.370101836313864
-13.5904127074995 45.40031626949478 0.11696274835585861 -42.30166187094796 47.39080113219021
3.1976044191608066 31.00350838013371 1.1752740037067886 -42.58321171742137 31.167967624195526
30.0064000479765 7.366161361506641 2.7563350485936646 -44.308954269896326 30.89731989450599
7.207618693127076 26.79241045568526 1.9173604711138017 -42.75961604814127 27.7449639567314
59.21101400972591 -17.731053904997328 1.7102350660367867 -45.103681731436346 61.80885409067175
42.80514225637267 -3.823137033311411 3.2349004910725156 -44.3764805690885 42.975534669786455
20.89068663022499 14.682589066916035 4.904573576856695 -44.10220513461591 25.534275177790665
43.281943235119165 -4.803638171027102 1.6042229000214445 -43.41846787407314 43.54769281544324
-30.504976802474374 57.11738445465564 1.594258299809952 -42.54557071151602 64.75298597650378
22.678779710299132 11.475291906158294 5.606685231299738 -44.28006895063471 25.41671444052455
28.94928319981376 6.089932418465875 0.6846753587849492 -43.17247247767852 29.58290510424295
56.98877375990692 -17.934733350228154 0.768770353023649 -45.26920711099604 59.74424647465949
-0.625959133446749 30.571694692177644 2.3948448735897476 -43.287491096718675 30.57810231499386
1.7568943744294538 27.883159669378642 -81.11853265709877 275.4602419269588 27.938455057009424
-35.15822147208491 59.63602866793957 0.3462813273836658 -41.27151278740739 69.22829203381949
53.39666327999833 -16.243867695959914 4.288441517434435 -47.57990279751199 55.81278420993085
45.81537581995901 -10.371925695988853 1.3622231403287275 -44.10091081552161 46.97473259541289
-32.65852028731182 56.75671716375375 2.068285856635901 -31.543950399322643 65.48208811299745
-18.915564846327495 44.624323400656074 0.6012174423711664 -42.19396908584449 48.467812276171585
40.63306801774521 -6.3392281276594025 2.4147307472246404 -44.477651252784405 41.124591539366754
65.76154871249483 -27.84555863558446 1.3228241935064968 -46.15461276536555 71.41397901332527
8.390107494095895 21.068834356198305 2.244039518384641 -43.2913170788172 22.677955918619144
34.00816754326331 -1.0841496012531078 2.9874459528788977 -43.72890727630703 34.02544400889576
44.743805373548625 -10.446552949820388 1.8193230447068185 -44.61734513029321 45.94712815973413
-19.57269659199367 44.54070248794272 0.5545007338600279 -42.81567095043605 48.65146065682216
3.5180530371777596 24.25633098784344 1.0785075269505155 -43.24408492579772 24.510126276855782
48.48708033515607 -14.235910483500238 1.101807457597144 -45.802484119238855 50.53373232800093
12.400275316750342 16.619461025857333 2.3148300170297293 -42.76110942543085 20.735797847969575
52.55026121211886 -18.085992558912697 2.01144737380649 -44.82187635538316 55.57547186689394
-23.916596131081207 46.97940782929127 -7.100847086118409 -38.50167607427432 52.71686941197737
-24.256886468825332 47.21021914965791 11.954751037700518 -46.4742319163266 53.07731458017087
38.166379342382825 -6.366190738409623 1.2878123702285729 -43.069424063198674 38.69368031297753
-14.3946637217842 38.561158995025345 2.4436352681309903 -43.79634200987437 41.16028819492013
-20.346623353088194 42.475956944222986 2.3124299831893143 -42.11710100901967 47.09768565805855
61.81993884049515 -27.933431283662216 -0.28925989650450373 -46.90635602271864 67.83790531976746
25.59090307736002 2.865388515966077 -14.217866697392225 -36.87367614513738 25.75082079505369
53.32352904979468 -21.206440133403124 0.4289082717258204 -44.72642613591515 57.3856414397247
-23.13370001495167 44.198354087795 0.7055645154941126 -42.85850608711394 49.88649689303533
61.50771049458174 -28.61633762161336 0.609966900216609 -44.68962325832945 67.83872938731857
16.751750208289984 9.566477772516821 0.2215604161099345 -39.45241481528873 19.29089504953583
-34.46660468580245 53.33134117398936 0.26721118716401837 -40.682326543729765 63.49943908031899
4.495680553201101 19.92733435362278 3.160021095501141 -40.93412029868087 20.428161885372536
62.28830800725138 -29.732607891423253 1.1762627452850638 -46.662596329809595 69.02073065069808
17.520314395461966 8.524255443929233 -1.510846320783513 -39.15585508779039 19.483951016532753
-28.274174856833376 47.38657226581215 1.5461940984191331 -40.31010615302478 55.180759154509495
-25.976057498683463 45.122456033444685 1.4368571395675283 -41.41083827271745 52.06526280454621
51.625168527827334 -21.580909298336667 2.3869995189458435 -45.566049687766665 55.9543891214295
38.48756581380226 -10.717826060536867 2.0717752775269505 -45.10414839895811 39.95202768828674
-25.444938918721874 43.44441958099616 -0.12632186128374942 -42.10179291282669 50.347418004591674
7.900055253987005 14.789118275283837 2.706800633256893 -42.426756326919026 16.76689870755233
23.29414833674994 1.1287131856260166 2.775013955160249 -40.997749419694074 23.321478087507504
-6.8150130096196095 26.11643969228889 1.5288731729293372 -41.939948088955504 26.990976719499383
-39.41808725563892 53.9432511645939 -0.6351864686356578 -40.742980165510716 66.81062725105373
55.0538433920306 -26.95128363799702 1.8048330393390197 -46.619380629586296 61.296797181666285
3.7649408841227894 16.602108427696372 1.3231226376744731 -43.348875583248756 17.023653664111873
-36.88050968224557 51.371490738538824 0.7159285259458356 -41.462113831825704 63.23924435819103
-42.8793504845943 55.52839856125374 0.7507662176716108 -41.95330422403492 70.15726405970123
45.78489826799849 -20.507703061466312 1.0014474565784555 -45.346804758720374 50.1679458156143
20.807351230588264 0.4727976717764238 2.1058993367488394 -41.171101375902836 20.81272213989555
16.8283239088239 3.541139500286031 2.472153534843494 -44.20482598331326 17.19686467103145
15.780520212599123 3.5241465166268156 -0.8561481415101371 -39.12187046663017 16.169243236154596
-4.443987464731396 20.79978906618455 -0.6752502824251694 -41.78122911422523 21.269232466563125
-38.29234136235106 49.63396542810799 -0.6855585771922049 -41.579840294971675 62.688387304334526
-23.6166501243551 37.00213305771287 0.7531320389214271 -42.52703478106013 43.89651475838985
50.7150626398003 -26.81735637401597 -0.48647464230520315 -44.34425130114587 57.36887803467953
6.458631678616438 11.036269867450837 21.94098000699828 -66.9508476433666 12.787227053082605
-38.60537582182495 48.84045223908311 1.2518412776642829 -42.53176969825887 62.25564062326084
15.256070988281278 2.725488461396788 5.7720421356057185 -41.91074857033021 15.497612375483152
50.39285193759824 -27.411650098055542 0.572659043419695 -45.95183794689287 57.36582669629226
43.82828652199334 -22.108303583155998 1.1944676219819292 -44.950516451729804 49.08865224705055
12.89903099823052 4.084660918726846 19.178667292896318 -3.9931198895457247 13.530316163854708
56.130398125268336 -32.96409632710773 1.1512375634625756 -44.67472078972501 65.09418724854
-31.409832896808005 41.879598605476886 -0.46309209993128164 -40.299763233467246 52.34957849308116
-13.237032865623082 26.154475587880295 1.5552507253301615 -43.44295891354242 29.313403613786917
-10.835927871591815 23.82971802001847 2.1637612775469988 -38.62175413777401 26.177715584663005
-0.6816870881345822 15.135767922395305 0.9615049555056006 -42.62783009950918 15.151111110605694
16.97802437508315 0.016193143668539172 2.2267326763909714 -42.724047480216356 16.97803209747163
-41.18922553378562 49.75006349502037 1.3488598604512727 -43.07969424092618 64.58808779437331
-18.30090213724662 30.02077788518093 -0.8960771201367045 -39.814398462257024 35.159211047806856
-15.5759942005937 27.496596206784883 0.3727727500031946 -43.69105662095928 31.60181002494589
-27.09251437500817 37.301706334596766 2.1870544641454868 -42.66382489356697 46.10229519918509
