m1-67/data/wr124-jwst-2022-f770w-TO-f1130w-OFFSETS.ecsv
# %ECSV 1.0
# ---
# datatype:
# - {name: 'RA, arcsec', datatype: float64}
# - {name: 'Dec, arcsec', datatype: float64}
# - {name: 'd RA, mas', datatype: float64}
# - {name: 'd Dec, mas', datatype: float64}
# - {name: 'Radius, arcsec', datatype: float64}
# schema: astropy-2.0
"RA, arcsec" "Dec, arcsec" "d RA, mas" "d Dec, mas" "Radius, arcsec"
-0.8483638239598528 73.51845715751435 18.00199508427381 3.505016885938034 73.52335182762353
47.530598216603885 31.441239083694953 5.058246412023649 16.08050609924465 56.9886766336942
21.818459048027588 50.13991965482628 38.2857873339558 -16.986260390321842 54.68141081620555
13.978895365182579 53.569772021063876 42.46768808482002 1.940252003272623 55.36361608158142
11.283576770349592 38.31012532853997 30.699118850752537 -17.086225698498996 39.93726087200846
68.61336208066038 -11.312033624592924 22.741990070360526 -4.810765641887234 69.53959703665625
70.03208291888647 -15.617112957314587 33.95237388143073 -14.129987742543461 71.75226021327627
-22.629068036336538 56.61199674888999 14.648236446716403 -3.274607419910034 60.96714593309636
73.74909672532314 -31.417558887912634 29.269264987260378 -19.278030823588857 80.16228684501777
5.447965953465208 26.394775946943668 29.424548745384772 -23.236008130892618 26.951150813228853
21.39321510840407 5.257418791389047 -4.428935543623221 -9.131314885547589 22.029754990139516
20.82738795344939 4.948111017553998 8.40583127997798 -49.993889340741184 21.407099091837917
1.7279186075184079 18.800650580882248 -3.7478268932080714 -7.784900492524273 18.879887843152282
20.197042107308235 1.9856139406526523 -2.6937727924871964 -17.85135948672205 20.294412349080968
16.34020835841932 4.215044718518168 -0.5168634835536271 -16.486279388978506 16.875100329858228
15.546603159342785 4.484831675428162 16.30912904516364 7.2600756200586245 16.180561946748686
-1.6812030548198327 18.584721745200017 -4.860976351288136 -10.862430326145914 18.660608941041
11.662086465108642 6.986731217825457 33.45860122868115 -10.51090536965333 13.594803190199183
-1.5000533635880744 17.849047165256543 96.42182243910128 -77.74069789360989 17.911969316503427
7.099653727818136 10.650444701417321 32.133894128992196 -16.883475348669617 12.799884974022907
14.067273115246376 4.18901293466267 17.553879122226736 -7.010956538572471 14.677738321662106
0.34238054266177664 15.180688742703047 32.98142188847191 38.74748176712108 15.184549224082192
-1.325144570085169 16.574112983997203 17.886409083540034 -46.26639112689619 16.627003017209383
7.152261078745628 8.917789916524468 -2.2785750217934146 -5.458011854058588 11.431614737361807
-0.6624731303598346 14.934036555626212 -24.926639302366926 49.38500566747686 14.948722971948051
-1.8883389246443716 15.76333444647265 42.360161668177845 -118.79258089468121 15.876036556994912
-3.730655831597487 17.194467574547577 -12.516032963496594 -32.63874768794634 17.59453062952756
15.968515707194445 0.17317798795649222 15.179021924193936 4.988699543336767 15.9694547342445
-3.471041911354365 16.492645443209053 14.672682098398255 -24.370594731081255 16.853945699459715
13.856980899973337 1.2362454256194189 -10.77604820648577 -29.903819862619493 13.912017194255549
5.34773554717695 6.692830676696751 -9.537672056420975 -45.293020333551596 8.566928150699004
15.153703111339675 -1.78940707915649 12.405308024576454 -6.667563896544933 15.25898737391672
11.304963898680374 1.3161470588756303 16.435078186149834 -10.647637716926031 11.381320302545907
12.518907629853523 -0.2265243398409717 -24.631650926636745 12.31907140002632 12.520956893175963
-0.2418252348102765 10.441892956070841 -29.93657479991755 -93.8223906361798 10.444692812629128
5.209311442120621 6.034827380165798 23.232699184852066 -16.50410622112927 7.972205918216859
4.073125387401147 3.805493722439995 -72.47364305291994 -133.87568985923713 5.574238323916291
9.527856024698556 -0.7523582848902255 -18.841199188390544 11.848039116577187 9.557514500020845
3.846411120741425 3.3589477718257084 6.57531396264745 -23.48308938773882 5.106604414185473
1.2020975970004695 3.7777106522347492 11.20724858438168 -12.598952878908236 3.964358258883816
10.853449673448171 -4.650029974418247 -4.361580433334007 16.34390095665748 11.807630946045284
3.5132575825351324 1.0733056515308845 -20.70241449688433 -5.746868527473907 3.673549218854819
2.9811653315963698 1.2770223532058065 10.644778721411793 -19.044397416296867 3.2431670978968103
-3.8798326661161466 6.906020858904164 -10.722546493189311 8.12571348461076 7.921251518187828
50.072298346042245 -39.96611098145152 12.86283788778643 -21.06873500191078 64.06656739103789
19.508994432207167 -15.736552034471014 -17.74374520279699 1.01823643811442 25.064714898671223
23.058386256196474 -19.84414857853851 25.41333100226274 -25.638088532293832 30.42169304803882
-2.825895174911225 1.465377301942357 14.470805829879048 -54.22006552338762 3.183239572585706
20.925792966961552 -19.13053251858401 8.72545080878869 -2.6871884488967313 28.35253224123097
18.049409295206715 -17.797440668162167 -12.434837280211095 -13.314156688753227 25.348176846370215
-6.3359371156554545 -0.737159445483129 3.2481652208270106 -29.632733584320444 6.378675660434202
-19.959524167609054 10.62454308012376 6.333489181806637 -20.240077089145675 22.611137085656143
-0.6389141966623897 -7.046052956221155 -2.664773889256784 -31.62512354901433 7.074961032560858
-6.542288341378032 -2.123295426868189 -22.106158463102116 6.681956771589428 6.878220715403084
-2.5236956085668503 -6.269181854480167 -1.2052070663804462 -33.648048857666396 6.758082616211939
0.16423287980477932 -8.545954210286276 0.5262226880814955 7.6828415867724855 8.547532146961043
2.736510985694872 -12.228976045158028 -15.520447834611959 26.55566034222329 12.531414424543616
2.9761250636258416 -12.768653647780111 -11.12993793082846 -4.859939176223177 13.110905245653766
-2.307551907321078 -10.526103994819673 -21.160882446886436 53.62688195985855 10.776068908023456
-0.2538618670311238 -12.494096889885146 -5.173983724466269 24.14924218966419 12.496675675604079
-3.9911547019454052 -9.496421530287044 0.6898452957141146 -15.282259881921687 10.30103575974227
-0.10999436729093293 -13.031677786102101 -27.551942945671072 -4.8770203273288715 13.032141983633197
-3.2395699708979566 -10.689687620982593 9.408547728257455 -18.879708653657257 11.169791180694165
-0.22427299272844986 -13.189330631482665 34.47187877621077 77.23681534018876 13.191237276377986
-4.3102849486664265 -10.057448113940769 -27.373384549943165 -38.75517090945792 10.942157871677013
-5.903144381017987 -10.667441662779845 -11.204627084702103 -40.40922973758326 12.191858971461384
24.346680732926778 -36.62787336015845 -5.478465338387483 -20.619327949668524 43.98138200839294
-5.629812270474549 -11.205472298249767 -1.342445812663976 11.601352174722624 12.54023108224413
-4.113698371127491 -14.109368511185766 -11.39973081748296 -6.978313513543549 14.696829387546295
-0.04145290835495531 -17.555850336913267 -23.597668945199576 -24.919461803139534 17.55589927618902
6.15969729285795 -25.20385065192863 -26.03341724939804 0.2330809105938247 25.94563466628919
1.3507527264631547 -23.126375122029643 -13.500033052269975 -26.488676234732118 23.165788551330937
8.14807545300119 -29.75708849551689 -11.565377647159274 -15.016652221016985 30.852478812216198
-8.124731353985872 -16.17130358812419 -13.629374415123893 17.971703201598736 18.097577715769592
-8.9378435842225 -15.836790128754537 -34.296740196840446 -80.54582626794414 18.184855494647124
-57.27850807329709 25.373031464109523 -1.2467311669686363 -13.624002317050284 62.64677323081156
-12.201621212663618 -14.46174619074582 7.642325440857311 -16.190533687556456 18.921460378568746
-8.622430886939009 -17.969644266510628 14.142154543549777 -15.522540252836931 19.93124254220706
-10.049851482379495 -17.22002118361496 -9.317412772153462 -4.677172357051845 19.938120376460855
20.565843178143723 -44.47214103074689 -8.323126922206852 -25.88168524594766 48.997196113014326
7.785727790540535 -34.98746360911955 -24.860526470936303 -25.394724230676122 35.843272261980246
-68.4330605057049 20.26967740257076 -10.86788945564561 -13.421572555682795 71.3718682473272
-40.96708184659198 -3.200498799336719 -7.289396474300554 -15.995971791526689 41.091909026628805
-83.02440001222831 25.542176701510492 -25.34962453652053 -8.53738384332396 86.8645713325972
-40.00134609902073 -18.92996707124278 -0.9619067244451642 -28.61554616056772 44.25439343787185
-89.64673138183022 17.6024424903409 -25.016329051318053 -12.349898238004371 91.35853769381583
-93.41172280373867 8.14830741663925 -20.99742302460897 1.268545449073553 93.76643784634494
