m1-67/data/wr124-hst-1997-f656n_BGSUB-sources-fwhm2.0-thresh1.ecsv
# %ECSV 1.0
# ---
# datatype:
# - {name: id, datatype: int64, format: '%.8g'}
# - {name: xcentroid, datatype: float64, format: '%.8g'}
# - {name: ycentroid, datatype: float64, format: '%.8g'}
# - {name: sharpness, datatype: float64, format: '%.8g'}
# - {name: roundness1, datatype: float64, format: '%.8g'}
# - {name: roundness2, datatype: float64, format: '%.8g'}
# - {name: npix, datatype: int64, format: '%.8g'}
# - {name: sky, datatype: float64, format: '%.8g'}
# - {name: peak, datatype: float64, format: '%.8g'}
# - {name: flux, datatype: float64, format: '%.8g'}
# - {name: mag, datatype: float64, format: '%.8g'}
# meta:
#   version: {Python: 3.9.9, astropy: '5.3', bottleneck: 1.3.4, gwcs: 0.18.3, matplotlib: 3.5.3, numpy: 1.22.3, photutils: 1.3.0, scipy: 1.8.0,
#     skimage: 0.19.2, sklearn: 0.24.2}
# schema: astropy-2.0
id xcentroid ycentroid sharpness roundness1 roundness2 npix sky peak flux mag
1 1260.0766039704135 180.0699653418391 0.6451006404310803 -0.1258305797727031 0.09007098014632614 25 0.0 9.245026560476866 8.833891360628323 -2.3653801349825905
2 1357.4925947685917 213.7607978744123 0.907598569140326 -0.5189047565377871 -0.1706348462967495 25 0.0 2.2664925880653715 1.7781813176473098 -0.6249401076130641
3 1223.0619082591313 337.47148053177943 0.861771447549849 -0.27518385755827696 0.20069062071524585 25 0.0 1.359276051632956 1.1437122482941322 -0.14579193024773235
4 1644.4219585969631 474.88984150905907 0.5479764737639546 -0.09170969672089939 -0.22602059241436223 25 0.0 2.3301570783635 2.547205616359793 -1.0151600090974722
5 1468.3076101123609 511.2905545059508 0.78204361952262 0.0730259443973989 -0.04524458320511847 25 0.0 1.61748457723847 1.4748003363355096 -0.42183306994273595
6 1779.7884141470292 521.8954762350987 0.597038827948397 0.059209353965305564 0.03646897980412953 25 0.0 1.7282363613643221 1.7992956692260582 -0.637756336605244
7 1609.0990421437018 610.7852409579704 0.5606297439686402 0.27636489476314013 0.18697233131490001 25 0.0 4.744047552971722 4.288212653231158 -1.5806907848990996
8 968.9893773354814 614.6338622203461 0.9394122996945374 -0.0066717835186933675 0.14879066360231383 25 0.0 5.226175051101889 4.084323279901199 -1.5278002744778516
9 1574.509325286673 624.0800734216384 0.823617692143901 -0.198706711271059 -0.21866991921181672 25 0.0 1.1632876582619247 1.0141103882371756 -0.015213078797370308
10 674.2281327985612 656.0084897171073 0.6747834736341387 -0.27846951809610176 0.4479651966941137 25 0.0 2.6597933081470173 2.206468536458635 -0.859244347314565
11 674.0075201805441 659.1856951403403 0.5864449754792116 -0.7862158355607947 -0.6355197824686022 25 0.0 8.07768388065961 6.079225327295515 -1.9596206021637983
12 930.9922139556189 691.8909962520196 0.7209375568208408 -0.038864591554943394 -0.4316992642264226 25 0.0 8.038398185899815 5.184752921577164 -1.7868201624913431
13 1096.4221436198782 709.2092455291406 0.7713211195756835 -0.3639559375574131 -0.14494746605894315 25 0.0 2.2577092863341903 1.9903155046269676 -0.7473048154684654
14 1092.2706488863737 762.5410957627612 0.6872719240025522 -0.2776322248955242 0.13728120056837861 25 0.0 3.5657383665925484 3.302860690515302 -1.297225640543712
15 1001.1778538187381 792.8885302285785 0.7737967075790267 0.2569000119763116 -0.01256803229064666 25 0.0 6.799043037325012 5.895916274623075 -1.9263782691630333
16 1383.2799705198263 812.7664424918537 0.9866057486510983 -0.9191628423243766 -0.3381692815708638 25 0.0 1.2499255210571232 1.0025646835687443 -0.0027810051276666425
17 1287.936969345107 828.7761904107631 0.9345059223460852 -0.05371904801501874 0.1789237865845448 25 0.0 1.1684189993516885 1.0263871001901304 -0.028277962783291685
18 1523.239889387318 845.4460655826637 0.8205991197859952 0.20362644214803158 0.08392715791074486 25 0.0 2.6747210857373913 2.289542754554689 -0.8993718947125859
19 1574.1599093730442 870.6040399093816 0.7636411641186134 -0.033542747933574826 0.22331088045046119 25 0.0 2.6206355085706114 2.5972746282712658 -1.036294682734169
20 1521.9301879235784 882.4900955847781 0.8278106008518684 0.9250505245052703 0.46239541991378946 25 0.0 1.24372453100957 1.1066129313211999 -0.10998935213575477
21 979.2590443323352 901.9684085573023 0.6531376319845829 0.012600463487554907 -0.05152790012037649 25 0.0 2.2950406181389678 1.8543313853674106 -0.670468372493015
22 474.3845497222967 902.4711720182481 0.5990565198339497 -0.40344162958353974 0.13032380721610606 25 0.0 3.1382573942188645 3.1101167969178722 -1.231941746927606
23 1253.125326638501 932.977082642349 0.7794034395523919 -0.07585528640176041 -0.07442355000307777 25 0.0 1.8892785745734493 1.7165135354019947 -0.5866180809063448
24 488.9937923773518 945.0724969549323 0.9655906713220367 -0.8590216483850682 -0.6713528446460194 25 0.0 7.903924509511717 5.717044107328499 -1.8929288570860947
25 1515.6161056221579 980.7686108005538 0.6856990966507781 0.23567482530142697 -0.07951928016270782 25 0.0 1.5912512089159254 1.5401145509355096 -0.4688825601902299
26 1584.3988246907609 1027.4503494846033 0.80946463065804 0.46057919258748614 0.06487672785691874 25 0.0 3.3135958623109354 3.0432148018222733 -1.2083315190434232
27 1182.39329353565 1056.8404437983538 0.6274049389255806 0.26469256294610716 0.01184596889513227 25 0.0 3.177350437052533 2.106095392210299 -0.808695094916073
28 1145.1459773564627 1058.5148974924132 0.5270397101014085 0.3455650172885632 -0.5536996165580368 25 0.0 1.281920090973547 1.170509283618675 -0.17093715637672507
29 1156.8830441573696 1059.3813337337954 0.5684043441477297 -0.504536892883169 -0.8540350755668371 25 0.0 2.6879560070665547 1.8699774895957413 -0.679590946550878
30 1161.321276970985 1059.9526343263865 0.521401868850372 0.5860653863989705 -0.09922412179038857 25 0.0 5.217070663558605 4.099437033318245 -1.5318105502685593
31 1166.264397887358 1059.8770959772896 0.7347482607370093 0.021511464864351126 -0.7235583802142327 25 0.0 10.591690330087095 4.598820971368752 -1.6566162578663666
32 1186.8011591616846 1060.9988027293068 0.6329219457805622 0.03375549503457726 -0.26529354296696395 25 0.0 8.969352621962072 7.423045172730283 -2.176455258618611
33 1190.5630056962493 1061.2386017395943 0.7150923497563326 0.015433821771829169 -0.5228343937766277 25 0.0 3.4647483611045145 2.6781415168133993 -1.0695838050537834
34 1201.052386389879 1061.8670052548737 0.7679368561520724 -0.07791554831875888 -0.27825458456058333 25 0.0 1.9534364324180034 1.4470154659143166 -0.4011829323679985
35 1204.9803666734178 1062.0782686920793 0.6588147667825337 -0.10053922611785225 -0.48812256231097656 25 0.0 1.583723915944865 1.290647723942547 -0.2770192996530553
36 1764.6310090478407 1070.3446151737285 0.8141345128061049 -0.17904132520951518 -0.0716337442443761 25 0.0 1.4048696692374043 1.3080381697925556 -0.291551043243585
37 1714.2130677032312 1073.5486242863517 0.9757501310499948 0.744742146478167 0.3678591182848163 25 0.0 1.6009675066365747 1.2875711537305021 -0.2744280958727111
38 1374.5976213519525 1165.0129743993323 0.8593517321161737 -0.3317190196243773 -0.3071279905470155 25 0.0 8.171454653908718 6.244257267210835 -1.988701969891846
39 1438.1290110643224 1218.4325053855712 0.6909115168858135 0.1471837160141652 -0.09401596455916135 25 0.0 0.9743742236286701 1.0700140751926912 -0.07347372631188612
40 496.0924397540058 1222.162561667897 0.8372483584586415 0.29778446450516394 0.02009074439466066 25 0.0 1.6163844523206965 1.4126749764766247 -0.3751056308071959
41 1158.1792983556247 1238.5152591161984 0.817095499586253 0.9212632998886725 0.36797833120840245 25 0.0 2.085158837225243 1.0933990940111404 -0.09694677424981765
42 1163.8130287876538 1246.6445976970497 0.8559295571338588 0.8542690926509474 0.195180334356184 25 0.0 1.5287041639450265 1.0581793710700287 -0.06139822705317259
43 1349.1428922976738 1266.7725887199433 0.7235176426322479 0.008504884788813543 0.051702673994168474 25 0.0 1.4392655171976794 1.380521676428476 -0.35010807539069855
44 1253.6442822623546 1269.8096437383235 0.6936449792606634 -0.3374817917794355 -0.1554627418356197 25 0.0 2.212506556756052 2.0134692945095427 -0.7598625274626108
45 1523.2260003142849 1304.502860917097 0.7000710140512165 0.5260440673882505 0.20618544783278972 25 0.0 1.6844920880626875 1.7607549577350161 -0.614247299758649
46 734.6678035468109 1308.854961177847 0.7379161426380155 -0.022731676415198552 -0.10175428266916442 25 0.0 1.7722461173276345 1.4372097862145337 -0.3938004143257212
47 997.6369462167839 1318.1998827514078 0.8376653655590427 0.2563582175961346 -0.8499917936331756 25 0.0 1.3522379012197432 1.1505908278387973 -0.15230226909838673
48 1119.8716853959431 1323.7530882341237 0.77792264757057 0.08062349696056653 0.04154935873679939 25 0.0 3.7818999223461454 3.4903283998581682 -1.3571657275243763
49 1020.0992372398783 1328.0957951069147 0.7153188354725134 -0.10782718489791995 0.05429244972229673 25 0.0 1.1866719759282849 1.2287278026319883 -0.22363921309942955
50 977.5073114746324 1368.1365075613076 0.8662579613581531 -0.2703504590076368 -0.35299539812163616 25 0.0 1.196048296307563 1.147177117234038 -0.14907618882251245
51 699.7181620657705 1373.2539135623042 0.7357666335250224 -0.5552110092175826 -0.23074413234019883 25 0.0 2.7435898893464685 2.413113976311075 -0.95644458752577
52 1503.3187135510748 1429.6039718674906 0.7544931386948635 0.7636235258790665 0.20358611374637386 25 0.0 1.1589935150144612 1.030671641960254 -0.03280081743235031
53 1061.451538765306 1442.5397206598384 0.7706093484860218 0.46167371686287617 0.09786239764948693 25 0.0 2.7675076430640853 2.381140234651854 -0.9419624336424232
54 990.1895303450418 1482.6157536095052 0.8545947435846618 -0.10283865334524267 0.12279733045102327 25 0.0 1.39820359550334 1.1834610774251122 -0.1828849477255639
55 965.5600041563241 1495.0028055464143 0.9764706731539524 -0.02113563192010929 -0.160345017161877 25 0.0 2.3177640940952804 1.7655010767956534 -0.6171699669486788
56 906.3155992686975 1547.182146472519 0.9049303196567599 -0.43339289393142577 -0.19441718553486728 25 0.0 1.3788767919495737 1.079749863881662 -0.08330789492584476
57 956.0797787665072 1560.3493481205153 0.7771888532358677 0.1970495811197004 0.1698431909864214 25 0.0 1.549085552776729 1.3838409152945395 -0.3527154175330357
58 818.4061739632749 1564.1502560889494 0.8677144845824912 -0.20540061328966566 -0.1613692873231615 25 0.0 1.1644967394989596 1.0681751470808662 -0.07160617286953458
59 1034.190015193215 1595.0612160584888 0.7090372443777452 0.01231380999086577 -0.052687911968796186 25 0.0 4.957311439726257 4.857135219260113 -1.7159504852427485
60 1400.5161836733075 1625.5843513039028 0.8412284881225365 0.6782660157866643 0.18372394405329176 25 0.0 1.3433790005740318 1.0775938207879279 -0.08113773090248713
61 1490.7912551735856 1627.1049346039135 0.7468058423944561 -0.04051333305997054 -0.05000982963335024 25 0.0 1.3513226498116446 1.2615177408116829 -0.2522334060250695
62 1015.5204753754633 1711.8414185290064 0.5500453587664074 -0.5067156952292806 -0.3955669064381411 25 0.0 1.1401634476728812 1.2372090335144774 -0.23110770588840754
63 1182.8396071887269 1794.1749816271529 0.8745932962278888 -0.15950959669477327 -0.0659020228224713 25 0.0 2.276639915297846 1.9654313404148749 -0.7336446923824134
64 1542.697105073119 1826.1836050673653 0.7357319155263305 -0.11603062058468148 -0.06912141883361837 25 0.0 1.477160332796142 1.3221403662178106 -0.30319391215123814
