m1-67/data/wr124-jwst-2022-f150w-TO-f210m-OFFSETS.ecsv
# %ECSV 1.0
# ---
# datatype:
# - {name: 'RA, arcsec', datatype: float64}
# - {name: 'Dec, arcsec', datatype: float64}
# - {name: 'd RA, mas', datatype: float64}
# - {name: 'd Dec, mas', datatype: float64}
# - {name: 'Radius, arcsec', datatype: float64}
# schema: astropy-2.0
"RA, arcsec" "Dec, arcsec" "d RA, mas" "d Dec, mas" "Radius, arcsec"
[from data line 346]
35.586960125673585 32.362661427122 3.1584160005921973 -1.9704271761297683 48.101700336279265
60.284074197083235 11.150638914320114 1.8458789079085935 -3.0033002253716994 61.306658255496174
33.68618857815886 33.88531790275018 3.4927976210461784 -3.3148253735571824 47.780477813562406
25.682426281469382 40.71742640259659 1.9073148736245296 -3.5705242644350488 48.1403762344083
60.89385812634199 10.143692145963662 1.8008080677451315 -2.804689037954775 61.732944566728825
12.645007542578238 51.504696563378324 3.691691302785467 -4.883199730330624 53.03423404288133
69.05776613389132 2.9793045806538694 0.6621263532819373 -3.3687277222435354 69.12200314565075
-20.34918959599893 79.73705735237982 4.328995665889078 -4.753560667558521 82.29269598090893
52.51754296736882 17.051104034303158 2.1722910328527814 -2.8076545069897936 55.21623368038899
7.578248978200688 55.135317454816146 3.721389880973591 -3.5877453803022763 55.653688889891455
10.386614680957196 52.71260577228795 2.6508923596217593 -3.9031743591148946 53.72616280256421
83.8591406273683 -10.440233789156546 0.590021795747984 -7.015818321736336 84.50653195066819
-16.476444046865478 75.62895232662757 5.6907693709412905 -5.029562521106651 77.40291742748525
36.27783209463232 30.207537075249824 2.5158464594855827 -2.873977560362642 47.207800078257826
80.73599507259632 -8.103220708199315 0.822361341945553 -3.2171800064924505 81.14162361480714
7.037798317792399 55.078741625201005 3.3040239159756806 -3.6761191582150623 55.526555655834635
54.16080629538706 14.38023212662195 2.0304593722314936 -3.0845785089344946 56.03734477853979
0.7118033163325549 59.85343246382103 2.1031474788550737 -2.9070802226152437 59.85766485293829
52.55465877362179 15.284671753017198 2.706681770839502 -3.331123871577968 54.73219659730133
-22.28489434807085 79.47044782212012 4.712577167121763 -4.838613476933987 82.53586231806139
27.88219033320131 36.37368857106915 2.429637738577789 -2.9938560847671742 45.83079477803746
-20.046778474932697 77.49823957167501 4.72318695175594 -3.888410664472309 80.04905024433099
9.884062564564033 51.733756417412195 1.806675378182655 -3.395456823897743 52.66950012853285
40.20716728444089 25.626365636384595 2.9799372739423937 -2.8231963205185333 47.679418080097996
67.17468664894864 2.452381510313988 1.7492357819684219 -3.1450473392162226 67.21943693048748
36.93783850428501 28.341515221045512 2.4786140009179474 -2.728253118361183 46.557978798607465
63.03200286400962 5.87925089339513 1.6057639894478815 -2.667123634711019 63.30559987115935
61.78941435469552 6.9275057541297835 1.8241580234280086 -2.985009508048423 62.17653947298208
54.384739613651156 13.257032100193811 2.4960825855671653 -1.9760082022959693 55.977216784077235
75.68145746986885 -5.062186172092619 1.1098840105774883 -2.821294132541301 75.85056843855833
-7.7689690013442245 66.57615753393293 2.389950435034804 -3.3729953078207022 67.02791679017054
-24.07632264865096 80.48889603811458 4.309714603987971 -3.217222027980903 84.01268754354106
28.20112080436671 35.523620288056044 2.3826132427012383 -3.3159888993374187 45.35670628617507
57.713560677632174 10.138537322817998 1.7153355243850186 -2.9932309378389785 58.59731241669233
66.16007389520799 2.816950107536808 -0.1829017001342646 -6.845998117056967 66.220016501479
74.19400892981946 -4.351319501217752 1.527778095230259 -2.392030349863193 74.32149717048804
48.67395063769907 17.485130473387144 1.9820347249397379 -3.2235003818554615 51.719273512734716
-13.419877623732194 70.64247291952736 3.425700971535934 -4.788923330190021 71.90585573222546
57.455491691430346 9.714787968271152 1.954156055051459 -3.015658138275451 58.271010188121075
-11.972270454106658 69.3092871890362 3.1166277600266 -4.337387345682844 70.33571315542972
83.29900697180642 -12.678574010211854 1.2737531137423632 -3.3303296310962445 84.25835740564837
54.864952515241754 11.6149349943791 2.322571428602156 -2.8537045508841468 56.08092123216209
-1.7427670155621928 60.257121445561864 3.1460523168900316 -4.211177110418416 60.28231848304205
-5.010161486779715 63.02831256439333 4.3650277067866154 -4.219968956152208 63.22712947823712
25.89454527736319 36.37412006587897 2.535652881592307 -3.9301013854147078 44.64979371436628
1.8873689980948114 56.95100482664057 0.7943605349408405 -3.384657324265703 56.98227015843418
12.630869287719246 47.67734566964284 2.2967951613360866 -3.477564304782655 49.32208578546377
-16.338796371180727 72.43913321056561 4.156476605351416 -4.213567663661435 74.25890031631415
-13.226179716801784 69.26840719775673 3.606218083875539 -3.753042549974685 70.51981323742154
4.036792392613699 54.32623009848655 2.900514256269728 -4.1838988669151265 54.47600360855004
71.8492766591872 -4.147839852154105 1.5080050842143522 -2.253771385960043 71.96890391835562
-18.53043492199115 73.49965737746138 3.823138526160645 -4.482354439092441 75.79958204675404
-5.6668532755684 62.429863836784094 3.4599501677734397 -4.3949544376120375 62.68653064051904
43.55242529441489 20.06746370504351 2.3250768138636166 -2.650613826998306 47.95327770437534
81.8687302165438 -12.860810742189509 2.083103492213638 -1.7461566030146538 82.87273032506927
45.257697853273505 18.55178675716329 2.301397670771208 -2.794803648821515 48.91245241599852
6.886922020640458 51.29012237365948 3.1993992376790303 -4.746791566818831 51.75042364124898
28.660778430950998 32.573763240387805 4.061397812331329 -3.2039523861777157 43.3876741147327
38.30735655862421 24.31209222651283 2.8346753545638235 -2.2841691124060257 45.37104129454086
-23.314178835479 77.19137458302687 3.593075708787376 -4.889824858809881 80.63534720839166
1.8865033639895712 55.37492859303917 2.433209656696141 -4.016003200606847 55.407053806725315
75.89184263279488 -8.33782258517387 0.028796570336017884 -2.255435643002666 76.34848433690176
-0.07915092471064421 56.905420592678894 2.7256806819181505 -3.3364947216019307 56.905475638978785
15.505999181224539 43.514045162309664 2.3164332799390652 -3.4561878705574074 46.19424350966045
42.895950379385866 19.936404447283845 1.7235191004859771 -2.106444711548916 47.30246056507692
-9.945261114044214 65.30131262272785 3.8859168208076773 -3.7615403139892973 66.05429316532798
78.33054449531842 -10.592886375277502 1.7967495705605032 -2.026039810846094 79.04355405287222
0.05213781235838913 56.26402934510214 2.6486547210867153 -4.603723020287467 56.26405350219555
-2.1740123289249285 58.05840322665887 3.180136919422772 -3.9448715264055214 58.09909220212156
55.37490635029852 8.326066026828059 3.305442169835911 -2.817824485794842 55.99735375107112
24.894811306802055 34.49341017085639 1.7640399866998744 -3.5223520781239106 42.538770191968354
52.31416821066165 10.92152711033158 2.5230411222583182 -2.497543215865749 53.442042882326284
-4.2774346244672765 59.49182195514823 2.3094320534131696 -3.9181148073589047 59.645396519771616
5.404594701727852 51.03146726241422 3.9900374244428596 -3.6808075655265764 51.31686169526569
36.285575466234675 24.47150706116889 2.9996530120740403 -2.3913299421056817 43.76639851063091
49.05842105513934 13.503140574550073 2.339834646107813 -2.950414773805879 50.88284070651475
70.59423755334778 -5.111243654702674 1.5979346189995787 -2.9519021398471157 70.77903069713464
52.70303451839498 10.244347404773485 2.5060498307279295 -2.6290608452715785 53.68944494888144
46.660408401743396 15.324640309240413 2.796637308567582 -2.7445585092800737 49.11250664368501
22.4519735982865 36.09505173006018 2.6721917239181874 -3.061160322720369 42.508162424514474
64.06199330900941 0.3226139247746554 1.463196036778944 -2.0652149674798297 64.06280563993867
73.53113864106673 -7.897057448069152 1.785262223817499 -2.625608636870327 73.95398477125558
33.17580395393695 26.649844602905876 3.6755835388122624 -2.07292063216213 42.554061841687144
-8.186957873101345 62.1302620486825 4.834848843918599 -4.5408120430769 62.66734188894598
30.49156522560469 28.575193998804014 3.2590450879869324 -2.975783455533963 41.78848233697633
-26.23096922929966 77.31024338554411 4.950981662152539 -3.9975145586379655 81.63906814032453
26.367961518732013 31.82432561120974 3.3553172340290582 -4.329248825319502 41.32864732536646
61.13814281399932 1.9510716152196317 2.409235985334676 -3.2644427195535344 61.169266687524974
5.575686029122456 49.641515678056734 2.917807724667072 -3.649748933812227 49.95366205704736
-5.533798818516528 59.11330097601076 3.308107946653291 -3.6996183073569355 59.37175490758316
61.26177667026096 1.6689101101553354 1.744287322328376 -3.394720589100078 61.28450490688235
44.04957317806591 16.409282972352802 3.651224597956678 -1.6376250712916984 47.00669591391722
13.603413134892419 42.47976702761222 3.568605989212237 -3.3726212364235053 44.60474697859458
18.042052069181903 38.66232915602673 3.993834380799366 -1.7243851095479772 42.66487237557501
74.50480737202953 -9.962084929232995 -0.7115110484598488 -3.7275963975678925 75.16787514210968
24.692885722845965 32.7500117415624 2.8585999626887726 -3.967424367657465 41.01587338178774
70.03189985465472 -6.325714767262428 0.9335064843002256 -2.896999473635673 70.31700834812801
-11.347674656579633 63.59222394696371 3.08472313384475 -3.7889442097580552 64.5967542725828
17.35105422579972 38.825837402727224 4.013219912471761 -3.5640283835202715 42.52651795309502
14.827912487837837 40.8661212271468 3.6244594059123902 -2.6441152553342686 43.47305889882613
25.04203708972508 31.964321912025724 2.635632009915666 -3.53044115740084 40.60568299982109
48.65723879586957 11.685534878272238 2.7994293788502547 -2.8375063319358023 50.040769479540714
35.34955216475825 23.08173435515839 2.763021526155999 -2.1222107732660276 42.217973588069114
46.623168600902076 13.37339921152863 2.5393274489324487 -2.670822121094587 48.50327467108118
-6.329295333384774 58.76407029021661 2.6665561843169683 -4.82402338714369 59.10394179246628
19.487670745855034 36.51897971621076 2.7131261840184244 -2.3881917613181285 41.39329881329289
79.55626242408881 -15.329085052410063 1.9726907718076785 -3.1147461247937174 81.01962557181905
-17.340968227290478 67.80605925628225 3.2865430225798464 -4.5226923543566215 69.98836217611588
0.7229841172091888 52.25377161184713 3.477487669953717 -4.033408821723368 52.25877298296032
10.216814440807305 44.09782650542268 2.461378515304669 -3.8823373800413923 45.26589884484356
3.393133754520013 49.87891201927993 3.8723969278732655 -4.389001297998102 49.994191869440876
77.6391217433601 -13.924646969822852 2.183998917985176 -2.091253874773719 78.8779374042989
64.20892915907531 -2.489732593279103 1.247693676604116 -3.6974807188943974 64.25718132589695
77.67290644706617 -14.121744977097997 2.22513300878055 -1.5129052019676839 78.94620996424004
-14.003568385727295 64.62120312362332 2.7220021070791103 -4.700649338999811 66.12109961473617
7.999580396001457 45.463299621934304 2.4876752650776965 -3.327324796972044 46.16172546590954
55.57590083067807 4.5412843682830335 2.417745428346078 -2.0491269318512044 55.76113356419483
19.020361858468412 35.909992247742814 3.138029452944906 -3.737497828146744 40.63621174278019
9.629484552782056 43.96733957164681 5.680346267055807 -4.845097003302159 45.00948700392455
57.25796807009679 2.8282297852757403 2.7850054285142987 -2.8639681219634734 57.32777503997
77.83169894144766 -15.065784376426299 1.3116089330386838 -1.852117186794166 79.27642277638726
68.29307484199396 -7.132393402157343 1.0456696344251255 -2.216756408632639 68.66451124969953
62.999470088910584 -2.647766410102712 1.9835378461766446 -1.8210426510341873 63.05508622017369
38.81570728316923 18.071907120637853 2.9234913199050845 -2.4453885488990914 42.81650330205977
67.5813175098449 -6.87779140396533 1.204452339837863 -2.848406328190224 67.93039444372923
71.62614240049079 -10.371873213279411 1.6876932053317852 -2.235154549826393 72.3731996309566
33.052380336933616 22.72169161818088 4.072632503443768 -2.54863202552533 40.10904027160483
-21.269965787941345 69.37188756418513 3.1310771637055597 -3.870054476067026 72.5594253820996
-0.2721997020074508 51.32343142581513 2.163734003654457 -3.649247630049997 51.324153241897484
64.15696292651897 -4.349046696112217 2.024058709490548 -2.53117705492237 64.3041996958347
79.3209550394497 -17.384291998818373 1.4299811531071835 -2.9293290321007417 81.20361754116432
-11.758825357552046 60.751339210481 3.0613455722194587 -4.828183113750498 61.878875116275346
-5.6938913140761045 55.53453015550821 3.000219191518442 -3.835252119031541 55.82566109868413
13.924295608109412 38.6732232551975 2.4794133137482777 -3.0781981470379702 41.10357895436378
68.7288551811443 -8.492249441085367 2.013670447945489 -2.099804251523872 69.25152584905767
41.09443506427715 15.006304760724477 3.7067283890029175 -2.875201839826181 43.748620239338386
54.43386175019147 3.550731471629598 1.4212914413453233 -2.7004295802077527 54.5495462743102
53.26303489637074 4.501616792319395 2.200963015773039 -1.991785370510029 53.45292732549733
40.16955781159848 15.722439271994004 3.105715226025623 -2.7657281909121423 43.13685742291837
59.93717856278507 -1.368635410857495 1.405381842467659 -2.4214936077159894 59.952802577632376
7.612052442092006 43.5782279349126 3.4152010496215612 -2.819016579317226 44.238052527959795
75.77798410730485 -15.004299304739416 1.1592324436153658 -1.7067315501995959 77.24915444753135
-1.6972944156191443 51.523516553385576 3.0680666745723397 -3.5090932794677436 51.55146521972189
59.75670540544287 -1.3030841108581754 2.402066375155055 -2.4512588248858003 59.77091156297025
-1.408140053827237 51.2515320792569 3.3474955808786335 -3.516832824690733 51.27087281138276
42.65113129551639 13.389933847518014 2.2725123515095804 -2.6678884372508325 44.703571744144256
54.229843689294064 3.4389615757869274 3.4231208750450057 -5.124457289777311 54.3387743974146
63.40594274048495 -4.571864762856675 1.3987618206869983 -2.1774669581303137 63.570555460629286
65.81176138874767 -6.713156764169242 0.9816574652171913 -2.4147753564123247 66.15326454004573
-19.62897742416076 66.58756170976392 3.4442198529465053 -4.279867381940696 69.42045891365962
9.814255548417217 41.24149506779826 2.378366026668474 -2.1445751933697528 42.39316603077315
13.050561674478262 38.29126723881551 2.6467641663062844 -2.9371058241634946 40.454150650083974
52.3938869819819 4.423858061601443 1.8807348280293579 -3.333230098499127 52.58031868315382
52.11725274339923 4.6357466701150205 2.559376233122566 -2.781041771653606 52.32301769070031
-22.47777750308677 68.67780148765438 2.9255992299757807 -3.5041330148809426 72.26265204092853
-16.665000595234453 63.53958259307963 3.4102848904226386 -4.129220712241983 65.68866562931548
35.78167710969004 18.45102091120762 3.5525984127114993 -3.0295651327034783 40.25877029963142
60.62695587663335 -2.929288490554149 1.7026572062193217 -1.8129288855640429 60.69768125456306
24.719500092236967 27.706870985438478 1.873920041802223 -3.9650401348127087 37.13117801710403
41.74605990431285 12.857854790603676 2.8930449767724626 -2.794982520672357 43.68132261163004
9.50537062592041 40.491041167369445 3.2676173113310814 -3.284896364182386 41.59178385686128
-11.157263345204386 58.17237609663701 3.0331696604128684 -3.5028100364445276 59.23267563416629
54.983834679983445 1.3166737652230396 2.5356373324965804 -3.0013444399591953 54.99959732480421
-17.47701071729077 63.51503770066071 3.6474118978545 -4.460895152689961 65.87568525692613
-15.86521215273693 62.1214565374933 4.007600173866199 -3.64001471898742 64.11536720147038
78.55182298031905 -19.08375686057098 2.381438633324049 -2.152363046129466 80.83674072992586
50.08246288620646 5.276668017702279 3.392307651113211 -2.6998131581771605 50.359669514186
57.2872118516042 -0.9183711911650982 1.959549587519188 -2.081780502327227 57.29457258204873
6.548657906778033 42.54456406178338 3.303466850728776 -5.313395622902566 43.045613609051294
-26.607357774267136 71.00543843935483 3.819430811079613 -3.945729543369718 75.8269328650661
67.22698324719931 -9.852433139229277 5.81273458857235 6.553773369817273 67.94510807879739
