m1-67/data/wr124-hst-1997-f675w-TO-gaia-OFFSETS.ecsv
# %ECSV 1.0
# ---
# datatype:
# - {name: 'RA, arcsec', datatype: float64}
# - {name: 'Dec, arcsec', datatype: float64}
# - {name: 'd RA, mas', datatype: float64}
# - {name: 'd Dec, mas', datatype: float64}
# - {name: 'Radius, arcsec', datatype: float64}
# schema: astropy-2.0
"RA, arcsec" "Dec, arcsec" "d RA, mas" "d Dec, mas" "Radius, arcsec"
[from data line 169]
42.36686892601222 -1.323358745801535 8.069660379967212 -134.95903569685817 42.387531904371784
-46.66267338242562 -0.8574014849153578 18.998528362507326 -142.79481062075274 46.67054986259057
-7.949733168800333 -0.6621540631113091 -27.721608632642912 -150.91280567393673 7.97726177702023
-9.144820421285146 -0.552743340310901 -20.80164731441279 -131.22184678962574 9.161510014075812
-59.05081664866055 1.0709143603813358 -0.5153163599788134 -192.20434791795367 59.060526618112625
-54.0083374882377 1.3945339672163868 -35.466204586643826 -155.57803049742333 54.02633842111034
-26.821984446926628 1.900982159164971 -18.17778527151246 -150.21240903437217 26.889265196751982
67.138106556625 2.1932080589070626 -77.4763727468509 -81.4118360627441 67.1739198904189
26.626637995061696 2.7867322343524608 -13.676551333358555 -121.20764747031393 26.772069913005673
-9.993414441477734 2.966511670403087 -40.1594525904277 -106.68152288133611 10.424419584742123
67.10482931221003 3.20553877834422 9.925358038027644 -130.71350130223107 67.1813485687578
55.49352176529049 3.505974288070487 -28.022415988373897 -142.01976723810287 55.604161834618424
17.85547091070349 3.4434713552820093 -9.326085091370103 -111.205824761751 18.18448064662228
64.87739512550452 3.776257682590667 5.07757690356234 -140.86196525404415 64.98720273931464
30.013661936550513 6.002817027790877 -35.482724458903775 -117.17733693758842 30.6080661731919
78.2244671466981 6.170527992269189 -14.829269782164122 -189.5980844057157 78.46746251961017
49.94120880098524 6.341129052462431 -2.140045815064534 -105.68456667457322 50.34217171893376
-49.11723403731641 6.646382695854779 -20.852729139574294 -166.88203920381648 49.564877499845295
36.27929532593582 6.87922493497321 -26.06458395763268 -144.99053691176545 36.92574988501494
18.575163606497274 8.485759201269392 -32.23936299265661 -156.62215761117272 20.42167505460863
71.36564325424892 8.596250964121156 9.388819509629586 -59.41120825893838 71.8815036346934
34.572174535538004 9.159576064575248 -44.280377722699505 -138.1293114553417 35.76497008273029
79.49324783439606 9.341582139188546 -16.236001739560738 -164.52442139584514 80.04024989838977
17.763719497379007 9.47783279065126 -2.4105486015239372 -117.00383432232103 20.134027032995878
-20.06676174792002 10.562005804450262 62.39536242933305 -122.73048285380281 22.676659659389998
23.74108337396995 11.3369773122912 -36.159391976139446 -79.92006003231953 26.309049655652604
-5.589969225631565 12.45007966455441 1.6432791255385577 -194.1327589184313 13.647426114784517
-47.73051810356211 12.603245025563586 -20.98798163200369 -162.7552363416087 49.366427263705134
58.85024108660399 13.056438551845666 13.537376781910712 -151.95710083928992 60.281186608967545
-38.82779793666846 13.213741980810045 -2.3725023687799465 -158.7681110406643 41.0146421133536
34.0165842719077 13.837384406338627 -29.09739848494315 -113.99348484913614 36.723306101260334
26.81515739135789 13.78446629487781 -44.16323216369389 -154.94265105054052 30.150691134579944
27.35935189497811 14.053274571473048 -20.92529885323041 -103.8238694898868 30.757578921910273
-10.525358592593237 14.141538709448664 2.4351399086165566 -176.86083354131003 17.628564615380032
8.985096582412302 14.723508302986867 -54.73180203039964 -135.47030997894797 17.248584208728484
0.41479084879584893 15.235399402485866 -60.74103023252086 -261.6898184470369 15.24104479362256
67.8363961654621 16.253461693683573 -15.315435366154261 -140.6925310745586 69.7563735598906
4.797582214067885 16.48305641204661 -15.159399755436556 -96.76626039713474 17.16705984540338
-16.06679227982032 16.477807798519752 15.076789619691457 -96.80146519865961 23.014342559738274
55.32308147825201 17.67367428531554 15.394647646638902 -149.515409780624 58.07755245790579
69.28003291234306 18.0704327066213 -45.14604694879302 -161.5423457777395 71.59792934344036
-42.028236729362995 19.241605159718514 -11.514742829874924 -138.6108868615435 46.223501020274185
14.773866543057233 19.509943138088992 -26.796405285310783 -134.62732002497148 24.472535897108354
-17.37249497032538 19.686869251746387 4.73046942455622 -173.68797784663505 26.25597839559844
5.475181409473624 19.87714036873527 35.981760137065194 -138.51608811254638 20.617427594459294
-41.62579853416498 20.145430400208138 -23.017007361579182 -162.19627779192362 46.24441008486358
5.260071897803582 20.40639571734613 -80.23267076615467 -221.02387757012622 21.073427401678835
32.957288671929895 20.691585061005593 -36.5173859289542 -58.1980688064879 38.91432339513043
-17.487204966425146 20.717223078722867 -32.11862598183801 -194.3389935824532 27.110987968064972
-3.422015762019116 20.747949586877006 -4.775765474706111 -151.35260651086912 21.028257271953056
-7.922927154860863 21.046226284841282 19.12432921458794 -191.376291130023 22.488139436468497
52.4691282013181 21.502851414677732 5.991451944607206 -95.01399059499994 56.70433866294831
-33.8964605854604 22.105627286695892 -36.63533042294025 -161.5049813808581 40.46762648786031
22.694630688153826 23.37133639006492 4.917302847508982 -110.53134857926301 32.57707206807562
-13.81134013114339 23.4480226409985 -13.406172206865167 -159.99678316954635 27.213285012394355
45.26272208811007 23.68096484206835 -10.186465701317058 -251.30309690364678 51.08328589359037
4.564903334760058 24.246271500522493 -26.030156473494177 -179.27926658776806 24.672252107100928
43.94950317701923 24.93957359304563 -28.03283163831143 -257.1015796925903 50.53257514808384
63.575077472489596 24.995005247239227 -10.490681125711427 -97.4048386868883 68.31208343459828
48.9532168601578 25.494789215455842 -61.93396345187446 -165.60107538585538 55.19421804764745
5.433234716257957 26.42624645125265 -5.222824464643673 -202.32845046716423 26.979001850029256
62.781303044778255 26.566804593786102 -30.678944047896834 -114.82932515027747 68.1710136094008
31.07566420619152 26.835835637666268 -1.1762449863399145 -108.68968577774547 41.05921303175537
32.41502196193229 29.23603042468089 -35.621216476042875 -74.6870104685856 43.65179396946903
45.4501841752937 29.43705319885422 8.193117555086737 -47.4291945382802 54.15034005962196
-17.239722812121528 30.086875081792872 -39.22216922161545 -242.96115558705463 34.6760449404999
-28.675182376023777 30.98625243264309 6.174508173900005 -150.3375621257772 42.21864419814176
47.48132599991245 31.341041031851496 25.6220569795016 -79.69784400083978 56.892329485768364
38.270145800424174 31.884194344343715 -24.064676211254877 -176.16924323172526 49.81170441678755
3.42352665839776 33.16135754797997 -12.266431092893122 -196.52264358468528 33.337608929023006
29.9134556698587 35.25297581694384 -18.908187349180604 -84.1251968342983 46.234047252566164
18.23447341305856 35.4777599502821 -42.373214218033375 -190.4166073537665 39.88944056346641
-33.99186508298418 35.521638028629866 -34.58203253203533 -180.48797317393718 49.165370420942295
49.81836392813859 36.146634260917104 -38.566374407443455 -129.42631107903134 61.55037390194022
11.419883960781553 36.65612032307622 11.803436718688285 -154.1655149748658 38.39381337466478
-32.93075065424285 36.99507225876639 32.90047108627109 -81.37256789778594 49.52847361320351
11.261971579115993 38.29301742860702 5.804779188010512 -163.87494725473587 39.91474898056688
-31.98458909325534 38.24145349652472 -11.334422600231212 -151.31908114908273 49.854013812942995
-0.32407148590145146 38.684558891032594 182.38050327347884 -38.571098538745375 38.685916286428686
18.47878172696726 39.02795856064635 17.183503818365516 -65.02367470814944 43.181557631112085
41.65298422370145 40.64313725819664 -50.55106761056485 -137.3981013170455 58.196526343754854
-40.1799810318404 41.57547240199395 -30.865055044749106 -175.99965280558263 57.81825628036817
-30.355169937100058 41.82487411426507 -38.14340163088643 -156.73941117799868 51.679361682949036
18.412102031470415 42.31768312553892 -41.00145421502564 -195.8973059224426 46.14966740481461
20.87511737022215 43.553202632627546 21.44943755028919 -133.88482675062613 48.29753594440997
23.11453696649224 43.76781163123099 -16.63137251250345 -153.23168041380546 49.496496301699764
-22.093008138968138 44.13453247304397 -24.31862926386254 -150.8357014523768 49.355424806059
-5.986473063882084 44.16764216965074 -21.300446550130903 -164.7995661827789 44.57149844936863
-46.78863448013972 44.18039948324028 -8.305383823883076 -145.62458092261528 64.35125470050606
11.73249394140814 44.524699082176895 -33.40035969758711 -153.3582517705207 46.04454626018806
-48.95889526980766 44.78704634684784 -8.3518440639147 -63.98300549345002 66.35399693194088
28.963293959793145 44.83383945609776 -46.83079911938307 -128.81057596809984 53.37551446283631
-12.595298386526972 45.31200115264698 3.659524757926282 -126.25184355684983 47.02997966563058
-40.018246647768855 45.54578221774969 -31.090942231469935 -200.2882724063027 60.629022065071894
-47.07458588118388 46.67894522330975 -11.678289455328425 -80.95276922065656 66.29434761131387
-22.93145572997641 46.81310654497261 10.003412666575024 -73.65781445988303 52.127906127687844
29.782038033470343 47.09771311695674 -22.0003390577838 -172.0602284892287 55.7240016048357
22.964322404870508 48.06932499393698 17.640499264425184 -134.3107206274804 53.273071052281146
-52.833909044448156 48.21318615683913 17.428098811446134 -98.64328909018282 71.52575210007149
30.7439117557175 48.80379969276927 -8.743036412405742 -147.59587029495856 57.68014352318393
26.77419094185646 48.78204460222275 -3.019441297385749 -165.4849578304672 55.646609625400345
-42.45478540808767 48.99904037435057 -22.14178993730974 -175.74935720256974 64.83297562005393
-40.12699792004542 49.71738507997521 -48.28616535061383 -175.60791088014253 63.89048685117002
-55.35370415479496 49.69374962027033 -29.245815725754564 -120.01180550520955 74.38750738997207
21.81991630859521 50.077454194714925 -11.804021412774294 -134.5162676390413 54.62472111585964
32.12144032458246 50.2669397232994 -2.265880547682158 -101.62381379476415 59.65360120939042
29.388766507496968 50.88827629217678 -5.875949689149334 -122.92589308009951 58.7649235794388
-17.862467507526876 51.01699275790699 -4.446727739533503 -112.16278075945688 54.05368894914733
-35.84770461099375 51.27433369412677 -23.913403616028184 -126.07011725614248 62.56288992033043
-48.04343851154095 52.186150190074116 -22.05209579155982 -115.51578973137082 70.93353372295286
31.641733195594565 52.24338700974285 -8.779254309652202 -92.99292776573584 61.0783983456239
35.96118670244157 52.88471312468704 21.465893291114444 -93.27853015539556 63.95310628102656
34.23359031557798 53.18521444351134 -33.301257135222855 -142.896402034583 63.25034162224903
-33.45747913650054 53.2673212473322 -6.039670720954902 -149.88246692119807 62.90318273462977
14.012113592308983 53.557654686383444 -28.616634001868658 -160.775396981815 55.36028990546601
-38.372650075019514 53.865429362879254 -33.39716505686508 -140.60472742633914 66.13580513423794
-12.82779406973643 54.04442451643378 -3.213664388008626 -131.05533163798805 55.54594601087202
-49.15788511283413 54.49358606595881 -19.782116145004196 -197.09195113387628 73.38970319372761
-50.40831544164455 55.76747638278304 25.385621712182836 -131.05351938973607 75.17319752311103
-22.621678913137643 56.60471822046715 -21.47323579624431 -165.2587438379361 60.95764487594969
-31.660011991431244 56.730882105054675 -0.7014804848164862 -172.68756890477084 64.96729422135611
-5.392104731164632 57.27507769886183 -20.619886583564963 -163.3931461690961 57.52833491501065
31.83689611475945 57.36055529358538 -18.381719241866556 -152.27840009408928 65.60351539124642
-42.4533520271328 57.36240402151866 -63.983578474191525 -184.59321819961986 71.36338309674287
16.954022050065603 57.500963278559155 10.453249528801068 -143.88000804881497 59.948308017744594
-5.274135803251697 58.633959204013365 -40.40941921213093 -85.57900154930833 58.870686081122564
-11.127229252888071 59.23783829916402 -7.7521710887190896 -145.54619203430835 60.273847677081704
11.468893134799826 60.49937933355394 0.3933404022507694 -116.69070366702671 61.57686583216749
-46.256507998907935 61.5387851673401 -40.308078129581865 -170.23179066307623 76.98497612281292
-49.542429316153836 61.83223269402588 -29.16461839366952 -147.94688317324196 79.231794306087
-4.2414728182168355 61.98217417830496 -54.25158165117562 -176.67374947792507 62.12712778646161
-21.931992978662933 63.8876179283763 -16.260641033589273 -105.95203265851725 67.54731693556076
-2.9712773051503594 63.94075905444233 14.118751482783626 -114.50800996853246 64.00975829511592
-47.20060901571373 64.30723177079967 -4.225033083660465 -129.32232821885825 79.77040477074752
-19.668295284944875 64.8134672084021 -24.264641704299606 -143.97878910671756 67.73202609000946
15.889208832446002 65.23537959662869 -18.237820078213467 -117.65656883858415 67.14254761341597
24.961565530562098 65.74139688704476 -36.49611531559987 -105.14922172819867 70.32077216086046
-42.92738009655223 66.64861058606694 -87.72959999062029 -147.4125574483373 79.27671279051783
-43.22979842030768 68.09419556565473 -47.98681809848158 -162.39928794218164 80.6575159132167
4.585341366270444 68.20008558003202 -25.929543244345084 -0.2911805418766647 68.35405641074131
-25.93945222587626 70.37475101980549 -15.182049314811918 -129.91878764938716 75.00307151555064
-45.216594856629584 70.76831639964178 -48.95542536108527 -175.04043837614722 83.98032493536277
-36.13922090231895 70.84752155272369 -39.68378692835193 -133.38662910919257 79.53247479008586
20.827788079809935 71.18632923948776 14.738161905306148 -140.1565264022653 74.17068295269827
-34.51397754572646 73.05991991690637 -34.04088534555544 -186.17861425911602 80.80202036131661
-41.94601410300453 73.23008063858882 -35.53283715633161 -75.48159631656456 84.3926106690794
-0.8357216356638267 73.47885384180981 -25.291722177233474 -136.59559953664188 73.48360628418195
-7.102110920099879 74.74227446559652 -56.03822706896298 -139.86728107015674 75.0789422515067
-15.485368474306206 75.43719269142447 4.229638192245005 -51.78674521392181 77.01017249205947
11.696837335222542 75.58604387033269 -57.166728499623964 -102.68155925997068 76.48572432481588
-2.3150018939400443 76.57183906151984 -98.10463413291426 -196.12104480350396 76.60682587591995
-36.84704294352703 76.67344251346758 -48.64050959403161 -159.0384985142055 85.06774534456062
-24.342928396438165 77.82108417923246 182.17881618180417 8.023728958038534 81.53955652089344
11.892272599051282 79.16361904576927 -38.92320357497832 -153.5051104606605 80.0518876794901
5.766855598688991 81.45281037419117 -4.567098350452798 -152.3239451129725 81.65670174347461
-12.190790926829637 85.50241010359575 -38.07592194463145 -169.29540381756735 86.36710895029476
8.975807598417145 85.5875511429429 -37.87536764694854 -158.76367530043333 86.05692318498852
-17.74069586748142 87.19903440603217 -2.846969903184988 -105.30350387494828 88.98541381854251
-26.413718060434334 87.21858573347144 -89.26049974429263 -172.49985265270968 91.13048972515264
-2.044604752113207 87.88510000761737 -16.389348707817344 -117.32067749024503 87.90888016399639
0.6239162004124094 87.97051935197729 22.840870273787495 -77.37021441017754 87.97273183468997
-13.641863156974091 89.87639249293724 -40.7001197930395 -156.7610925370901 90.90581029919554
-19.416445681031135 91.30775807208455 -46.85015016366494 -194.1088268334584 93.34937076596681
-19.366302373822904 93.57611694233 -50.71132671292183 -129.46823344486006 95.55910895310191
0.36316140662924457 93.74880923288092 42.00920435672652 -93.31029568701561 93.7495126322334
-14.502608733463946 93.79776447092976 52.37878389226872 -72.0686817282644 94.91230829203633
-12.819936028862408 97.25481840905582 -16.461072587305917 -92.89667147793935 98.09612862587184
-13.335193145458302 97.3801275086841 -27.748160534145814 -88.52850300266546 98.28894442723292
-3.07089350228226 100.6571847770843 -15.670499768574123 -111.979295327033 100.70401796056801
-7.430858421851449 105.55598488289887 -66.41814129151578 -152.4495761730461 105.81721786486742
