m1-67/data/wr124-hst-1997-f675w-TO-jwst-2022-f090w-OFFSETS.ecsv
# %ECSV 1.0
# ---
# datatype:
# - {name: 'RA, arcsec', datatype: float64}
# - {name: 'Dec, arcsec', datatype: float64}
# - {name: 'd RA, mas', datatype: float64}
# - {name: 'd Dec, mas', datatype: float64}
# - {name: 'Radius, arcsec', datatype: float64}
# schema: astropy-2.0
"RA, arcsec" "Dec, arcsec" "d RA, mas" "d Dec, mas" "Radius, arcsec"
[from data line 170]
-13.372730383706175 38.569280243485174 -1025.8215025446639 -0.460167129535133 40.82179925395001
34.62858725329821 38.813087127986954 -1072.2626923463208 66.02620274673095 52.015332099479956
47.31589546246566 39.46677499295896 -1044.6313620840672 97.30791209337603 61.61509769893789
41.65298422370145 40.64313725819664 -1073.7340792299487 54.8342006461087 58.196526343754854
-33.496853541582716 40.67158045691219 -1082.1853184265474 -6.082845899639338 52.689815329934575
-40.1799810318404 41.57547240199395 -1045.2959385878257 40.149550323999335 57.81825628036817
-41.175075918229474 42.852407897413414 -1052.2751713185667 69.03098014764686 59.42824004704294
-1.34093523088392 44.04338475055016 -1020.3406691637271 39.47883568302765 44.0637929319632
-46.78863448013972 44.18039948324028 -1013.638119469747 81.01683850244882 64.35125470050606
2.909402927965572 44.35824084064819 -1038.1878686604923 77.94060094982181 44.45355054148772
11.73249394140814 44.524699082176895 -1055.6190203387976 53.1565385311201 46.04454626018806
33.801018153432686 44.8716644106349 -1015.8700743179528 103.24222430573667 56.17806580126856
-24.895683330866365 45.10666741171881 -1082.2316079242257 22.06867131080452 51.52093248010318
-12.595298386526972 45.31200115264698 -998.2130147513325 102.90403761087836 47.02997966563058
-11.669111583209922 45.46889746658728 -1057.8805090340868 97.82925328139912 46.94239874315973
-40.018246647768855 45.54578221774969 -1046.8906901191501 5.68406681758331 60.629022065071894
-47.07458588118388 46.67894522330975 -1023.1402102487466 175.7259454512538 66.29434761131387
29.782038033470343 47.09771311695674 -1040.6937653246125 29.388675596093368 55.7240016048357
30.7439117557175 48.80379969276927 -1023.6243970900806 57.94845691713716 57.68014352318393
-37.534049212887766 48.849968560768986 -1071.998842282833 -2.826894932852068 61.604579800269185
41.78486908394203 49.569578229715255 -1022.8760789733363 140.52194454448983 64.83146100951215
33.945730293065026 49.58419373051644 -1102.517486374784 55.080445583734765 60.09080504402768
-40.12699792004542 49.71738507997521 -1066.8374553869048 40.84317125617582 63.89048685117002
-7.86517826931643 49.74015690604434 -1059.0188384092469 20.43015442215791 50.35815958756135
29.388766507496968 50.88827629217678 -1018.3736881275004 89.90545095344757 58.7649235794388
6.441313097342734 50.90081463017309 -1035.9960095028673 136.8534565343767 51.30675826429478
-17.862467507526876 51.01699275790699 -1012.178901276375 117.72942757306087 54.05368894914733
7.916488650123103 51.215747221779836 -1032.710708804946 81.32252793073812 51.82396699158793
-25.48898129003158 52.14295499480697 -1051.9883743621851 75.52278616884462 58.039434085405176
1.748884657861175 52.20872194624135 -1025.2888900942382 51.83733503271853 52.238005750052956
34.23359031557798 53.18521444351134 -1053.4710505763107 45.79805450475623 63.25034162224903
-33.45747913650054 53.2673212473322 -1012.6478654842925 70.18379157042693 62.90318273462977
14.012113592308983 53.557654686383444 -795.3092275445171 -3.274799814207158 55.36028990546601
33.44705876505306 54.59210164458719 -1081.8522752076756 23.349111795209044 64.02345879350807
-41.834136487863155 55.4863170395862 -1048.4195889629725 54.244557192606734 69.48975688610531
15.268131149216353 55.7166216523686 -1028.5453728904795 127.75722289343611 57.77073438580537
33.855787300868236 55.76942003587283 -1136.2674366434956 78.25304586480453 65.24141719009903
0.9002996125444169 56.841380633062116 -979.1723888609494 68.25209127210397 56.848510021324735
-5.392104731164632 57.27507769886183 -1041.131083756427 41.94297353307404 57.52833491501065
-14.924303140589098 57.378623861196 -973.4226644867102 80.1652307999408 59.287783688457004
-23.501668034010912 58.89679292647966 -992.9670083482598 89.95879725593673 63.41262179086502
-11.127229252888071 59.23783829916402 -1016.6187025922121 73.02889622332468 60.273847677081704
11.468893134799826 60.49937933355394 -1004.5032018770396 104.66359507266036 61.57686583216749
-10.708126198791552 60.691459636406925 -1050.0004493581143 63.047728816736246 61.62886690645708
17.137792699779155 63.5795667189305 -1043.1471673255592 62.871209195998006 65.8488058622697
27.04373267496907 64.45421374016216 -1039.7527355168297 66.92783535954091 69.89784776411985
-33.78923908900582 64.5953319483542 -1001.1229198828215 149.59626869660207 72.89903669045596
20.217235998936136 65.67048225550025 -1006.1972844210655 35.836167988319275 68.71207213653999
0.883582602137697 67.20036942794455 -1021.3057386521032 90.90149841976013 67.20617806005332
-29.20235711247403 67.71497211594607 -1067.940263391027 71.29420427315918 73.74344092153052
-2.7339943309909613 69.02532891945455 -1034.2314726550042 57.30567320383939 69.07945249610461
-10.958291354646622 69.34484658945722 -1013.6669221658315 -32.00749172843048 70.20535516185417
4.6028962134123645 73.3804374092441 -996.7310480706122 180.62862366433316 73.52465740844875
8.88281685088868 74.30210877453727 -1103.7762907848348 23.91724922342137 74.83119536757226
-7.102110920099879 74.74227446559652 -1072.833079893565 70.78503839349003 75.0789422515067
-26.26678174737673 74.9641950862099 -990.2571654393892 77.34976161284847 79.43282909418622
3.871172382370052 75.5219115753061 -1062.7866982169492 95.71907500067607 75.62106256150376
-15.485368474306206 75.43719269142447 -988.4391124054332 194.9974185296027 77.01017249205947
11.696837335222542 75.58604387033269 -953.9197404849774 73.85557833608286 76.48572432481588
17.748770007464216 75.87461082716425 -1063.31845457401 41.47132371694461 77.92288104749765
0.8033085886767082 76.63933000376885 -1043.6113032988037 117.80262162069539 76.64353989794115
-23.824417796762003 78.4722216700911 -1082.2712679653262 -34.127961495325 82.00909967688875
11.892272599051282 79.16361904576927 -1052.305604860603 50.01645271599022 80.0518876794901
-19.27378507233126 79.70262825343015 -1073.5117224894575 38.102903553066476 81.99992514038387
-15.852316592498537 79.97810510651294 -1037.3169058718536 76.59065032832022 81.53400042424973
-3.9296546239414885 81.81903239456669 -969.9350278715957 273.89580169750275 81.9133459616714
6.5611100272798835 82.76908743281902 -1037.3385797082972 120.74438666612893 83.0287299489837
-0.6898179184968367 85.1196118412008 -1036.5801568319298 94.12017137989261 85.12240697214932
-2.044604752113207 87.88510000761737 -1018.0031380165361 99.52950312578024 87.90888016399639
0.6239162004124094 87.97051935197729 -1011.3065032993305 86.09387250440957 87.97273183468997
0.7617193228329229 88.30582212603495 -954.5126033684446 146.30181535209536 88.3091073312734
-9.370258896369293 89.16844950316332 -1068.1940019164936 102.59560746554226 89.6594341556611
-13.641863156974091 89.87639249293724 -1049.4715941554564 48.20242198577895 90.90581029919554
-9.847413726349401 92.82574924794662 -1043.3365204119204 52.801870458891294 93.34661897462355
0.36316140662924457 93.74880923288092 -934.7676834084181 135.44439639186965 93.7495126322334
-6.577078189887354 95.10274949183429 -1055.9521833704364 75.34048843314436 95.32990567159145
