m1-67/data/wr124-jwst-nircam-2022-f335m_BGSUB-sources-fwhm5.0-thresh30.ecsv
# %ECSV 1.0
# ---
# datatype:
# - {name: id, datatype: int64, format: '%.8g'}
# - {name: xcentroid, datatype: float64, format: '%.8g'}
# - {name: ycentroid, datatype: float64, format: '%.8g'}
# - {name: sharpness, datatype: float64, format: '%.8g'}
# - {name: roundness1, datatype: float64, format: '%.8g'}
# - {name: roundness2, datatype: float64, format: '%.8g'}
# - {name: npix, datatype: int64, format: '%.8g'}
# - {name: sky, datatype: float64, format: '%.8g'}
# - {name: peak, datatype: float64, format: '%.8g'}
# - {name: flux, datatype: float64, format: '%.8g'}
# - {name: mag, datatype: float64, format: '%.8g'}
# meta:
#   version: {Python: 3.9.9, astropy: '5.3', bottleneck: 1.3.4, gwcs: 0.18.3, matplotlib: 3.5.3, numpy: 1.22.3, photutils: 1.3.0, scipy: 1.8.0,
#     skimage: 0.19.2, sklearn: 0.24.2}
# schema: astropy-2.0
id xcentroid ycentroid sharpness roundness1 roundness2 npix sky peak flux mag
[from data line 775]
776 118.95600793378814 1973.1371105586895 0.8927789381423699 0.0005359210187224091 0.018013749977095456 49 0.0 37.119472822462235 1.4726229637511195 -0.4202289212097744
777 2165.6692702355804 1981.587701921824 0.8632022823922417 0.16354550340597165 -0.006492350131619872 49 0.0 28.05840406011518 1.1298500207512638 -0.1325519948080169
778 822.2990997129517 1983.297721558651 0.969640380434902 0.10137355910782207 -0.006259816605440681 49 0.0 293.31509113066954 10.609462698233228 -2.564233475516523
779 1423.275837137413 1983.200538435292 0.8317683543136875 0.09834592759578664 0.01225012775542811 49 0.0 40.74776736798689 1.6960416374993121 -0.5735912747460526
780 772.0613756799512 1995.2445097219893 0.9046984413543309 0.015068293523820197 0.012118543239139013 49 0.0 142.06304179772752 5.523489506240614 -1.8555338331355733
781 886.3544018201709 2001.7893171728965 0.8475494801912437 -0.11360104655034693 -0.043334653819460354 49 0.0 53.17614796116785 2.1785361295563583 -0.8454119170334002
782 306.7822835796532 2002.5910705282508 0.8625779281692376 0.08348738093944011 0.025192783041403315 49 0.0 33.79784064462883 1.3675545956257518 -0.33986168322794136
783 1305.7627908726267 2004.048670120327 0.8914329601421999 0.01100872440005723 -0.015555127428380642 49 0.0 41.65326066133606 1.6424724489638822 -0.5387452334588314
784 1184.3675688094763 2005.5118282954766 0.7900326506243768 0.21789534164217364 0.029140816619543687 49 0.0 70.91721806239414 3.0395167395224996 -1.2070113487897436
785 1024.0985554916385 2009.4017926764004 0.8744702031161838 0.0944988224103207 0.053487626376350995 49 0.0 37.87806122357815 1.5167767796297345 -0.4523041785519188
786 1915.2257829135403 2008.4943792495603 0.9169576064697608 -0.05010864549264357 0.04044508555249341 49 0.0 196.49207968045056 7.4851381590928 -2.18549955217125
787 973.0211880101517 2009.9773332502373 0.9384371279211308 -0.38781400875076516 -0.16896921329047218 49 0.0 35.92738273955866 1.311552834016653 -0.2944644755159296
788 1733.2408213143697 2011.3264408281573 0.8714757362942779 0.12812485373164992 0.008859415085368152 49 0.0 30.62033883425684 1.2279749625282559 -0.22297377990645711
789 137.12924711344778 2012.9527281976834 0.9375537200820968 -0.03580412653917345 -0.030992851520217905 49 0.0 31.442209513338245 1.1970704023227852 -0.1952992324094684
790 1173.0096508650922 2013.3621037561584 0.903458597781403 0.0470197863395448 0.03763768699549097 49 0.0 28.3489517589115 1.096223108341253 -0.09974738185941447
791 1934.9890609185716 2016.1413248754573 0.873058216475196 0.033706047940036135 -0.017505015787338207 49 0.0 128.36107959503838 5.137094181534978 -1.7767938199688098
792 1828.9021215573828 2018.4337180071916 0.8694454284809965 0.06901905362266526 0.09878732945020323 49 0.0 36.09436775154023 1.439729233316166 -0.39570205743663567
793 520.664880720257 2019.0041334235812 0.8470836390376737 -0.03448253391524102 -0.03706746663504276 49 0.0 58.288952153992355 2.4048738820712376 -0.9527307643975912
794 1386.9472442674144 2021.320234232912 0.6688643286373915 0.08263004131851212 0.08390121146263813 49 0.0 77.03800704580232 3.719668535516263 -1.4262606026550317
795 269.7615585597484 2023.0720135688923 0.9058363552034621 -0.04217340313414005 -0.02485747612496813 49 0.0 137.4750065995783 5.363001076360293 -1.8235197103161584
796 1715.129655806931 2023.1930140525542 0.8972721262253606 0.07753363572140222 0.014791118835998056 49 0.0 31.823008897794008 1.2573224336883668 -0.24861666122956366
797 978.1329618582987 2024.678969560767 0.8553493625586013 -0.05155763481840303 0.008389138707903808 49 0.0 111.65769684920993 4.503554581537438 -1.6338885765297264
798 1244.456700621305 2026.7213070403743 0.8011031794369282 0.1360739514882224 -0.07770928966683041 49 0.0 51.30990829613405 2.193387336496712 -0.8527883293639293
799 1861.2227946281857 2027.0142172231363 0.9042047075898002 0.02015758543399195 -0.050272171182901726 49 0.0 49.79684179018226 1.948750998359976 -0.7243908767233131
800 1735.1388730692975 2028.8659356965557 0.9010562378897622 0.014752437869954622 -0.021352960543611906 49 0.0 36.042238336818244 1.4132919895005387 -0.375579743489744
801 549.0039263515927 2040.8026877621285 0.9230485131533628 0.0034791523949943516 0.0069036613055944935 49 0.0 44.87585670439155 1.7282437169363785 -0.5940124666782787
802 1793.9691935232868 2042.919308147706 0.9088472004451127 0.030872950713508603 -0.0010356558491492448 49 0.0 295.63893157929726 11.545844387491506 -2.656064249676586
803 947.3825056668336 2043.999912715587 0.8808877348915005 -0.031470635974298465 -0.05780342326536326 49 0.0 32.27789269242747 1.283234487190607 -0.2707650571260003
804 428.0801149139653 2049.5936544244955 0.846612990108446 -0.027772555891390212 0.0648660300222351 49 0.0 30.372706516191062 1.2483384556517507 -0.24083087340983572
805 2073.608801145451 2050.8040212541637 0.8521989136516287 0.0980597618151784 -0.05884075134916223 49 0.0 71.46072191273 2.914721440071762 -1.1614926388864528
806 1061.1786610057045 2052.2688506443264 0.9722903300346911 -0.1325129668947046 0.09919075701888933 49 0.0 30.102038814765244 1.0689190763439558 -0.0723620693185418
807 1020.1958224463992 2056.0775501709263 0.9252983423352973 0.004409097745090601 -0.023321951854170162 49 0.0 42.600392203675035 1.629791706142077 -0.5303302584738614
808 1116.3155162014937 2056.7446266734987 0.831966563418158 -0.08148824041523002 -0.008045884432010849 49 0.0 36.522701047424476 1.5168026105907577 -0.4523226686627613
809 1882.0125235202654 2062.3855376680704 0.9566164236393663 0.0687987543740571 0.0035504900334321307 49 0.0 368.44753131377684 13.727816858024132 -2.84400369161704
810 2121.1282255974356 2066.27391739278 0.8789318140753178 0.022520023343735235 0.07598368990655409 49 0.0 26.886834927677196 1.0698824809953487 -0.07334019033870291
811 1074.497790577659 2068.4332626581154 0.704106287445219 -0.19422299423914907 -0.01712557991066995 49 0.0 907.773779927972 42.618526393082135 -4.073996072947043
812 1968.4669110107695 2071.971298033021 0.833073767908316 -0.036191508136896984 -0.08691269124423355 49 0.0 24.487253758698422 1.0139884586965329 -0.015082529621165238
813 2075.756041651485 2073.129527532715 0.9359723126510513 -0.03664390313665001 -0.02679609240545629 49 0.0 342.83995226299993 12.931622334207793 -2.7791325315738584
814 1181.4678538720702 2083.7341487613808 0.827735217495678 0.14931432891558916 -0.08097843920178215 49 0.0 235.4004323480555 9.758280739747851 -2.4734332708542
815 1365.1998749155941 2085.0695475327084 0.9230833992188213 0.02788475363571629 -0.01739487020612638 49 0.0 38.41259275054888 1.479432865002145 -0.42523815537285237
816 1212.3983151491316 2087.6118956615383 0.836387510313117 -0.18433360988448383 -0.06949634921386066 49 0.0 25.36416515338394 1.0267735414590584 -0.028686672431364264
817 1318.1543190494056 2090.183472730143 0.9458761699786667 0.05765994578683722 -0.04138209926186488 49 0.0 452.93248391120596 17.018026268871825 -3.077272974235816
818 395.6887122522758 2090.727975199754 0.863728095854307 0.05934641660250948 -0.026100598015688023 49 0.0 25.21211594204117 1.0204444028812887 -0.021973369813914487
819 1812.2435601044035 2091.559217985907 0.8487800388169522 -0.1119772664590916 0.03470923331625488 49 0.0 67.57533881382282 2.77474300772473 -1.1080569141463168
820 1630.0089376594403 2092.8367830083835 0.8768645264208402 0.05855375706505776 0.025821040240631154 49 0.0 93.54030903121426 3.7332686195098916 -1.4302230994968257
821 1087.5199784258834 2094.8625013293527 0.8604380794860104 0.027404011565569295 -0.06836059348519345 49 0.0 191.37676316367725 7.732306043914036 -2.2207725875741344
822 40.68212128842749 2096.259350883431 0.8668920971177814 -0.12000152573271045 -0.0592451455348258 49 0.0 67.21822353329871 2.715312176246247 -1.0845494178023087
823 1352.8526681720946 2096.327450840362 0.8612534685034099 -0.007688966013302881 0.053018214175670354 49 0.0 38.20999163530643 1.55184799255407 -0.47712294689935597
824 1176.7063896866634 2099.7346850800805 0.7542327482539042 -0.033157535826906004 -0.03499418758337851 49 0.0 97.14786033633831 4.310260369704426 -1.5862587634009564
825 1618.622607714618 2101.7021782882966 0.8656071454012937 0.11276537389069524 -0.058737459139760535 49 0.0 274.3428523912097 10.981571670182326 -2.6016612507499066
826 725.7055371788884 2109.970360119869 0.8829188681639102 -0.019662144259284045 -0.045157199025429584 49 0.0 83.06021596217438 3.316549295980085 -1.3017161421931964
827 2100.4417384971207 2110.2895886393803 0.8692668845339812 0.1280873148100756 -0.06051398959772785 49 0.0 26.512251264567436 1.065921702386895 -0.06931326156179055
828 751.6041597811003 2119.569161951913 0.8104563171977721 0.18808795670070994 0.05255608468692505 49 0.0 38.047731221563595 1.6117653067401458 -0.5182545083622174
829 1514.6317979653625 2122.667555496814 0.8350372892689342 0.14514357489561575 -0.03908060830555869 49 0.0 92.77693324077165 3.8342721550909293 -1.4592073392081222
830 1503.3353363160834 2123.9190172402027 0.8846217766066707 -0.035033482588639746 -0.06643109243071925 49 0.0 68.86671184802327 2.7248215716074586 -1.0883451720331405
831 222.47731456037414 2124.7208341617347 0.8483525381192593 -0.19834708803740872 -0.07231515074880539 49 0.0 27.135350702382315 1.1015597799214378 -0.1050201765166378
832 238.25769202070293 2137.5224175590024 0.8369748611979925 -0.12603061343896735 0.036682220257895325 49 0.0 48.8599035002279 2.0156757976770323 -0.7610517031113084
833 744.6834087091363 2150.988348738322 0.9429633432391479 -0.018153289973729995 -0.037215551449195604 49 0.0 207.29658723012344 7.8273080174795355 -2.234031060900678
834 1616.8161871735097 2159.151388184658 0.9255252538943121 0.018019447872322424 0.0007400504475060489 49 0.0 45.18665829760644 1.7339398810781055 -0.5975850890086956
835 1971.992739791049 2167.644671544335 0.8682636569008368 0.0636807274277191 0.023378310161312258 49 0.0 27.811046675451415 1.1174737668183208 -0.12059334168046777
836 2200.4026176265074 2171.0827490219253 0.9037976899242414 -0.12602775693365348 -0.0646707022804395 49 0.0 67.8945166914189 2.5989042731723315 -1.0369757079881328
837 2108.282078894758 2178.332118218265 0.8127957532787299 0.15122688548378518 0.013716130461047266 49 0.0 28.169958555269872 1.18946162494062 -0.18837608788492854
838 1400.6670959214032 2180.835803568114 0.827186298151464 0.0746638714001215 -0.04944257873954219 49 0.0 94.7125182170257 3.9657903143027404 -1.4958243693853324
839 1833.8297042825386 2182.601504879477 0.859213969130803 0.12148617609414264 0.05246599880930635 49 0.0 61.976971821874095 2.50806489443602 -0.998346923429846
840 1872.0010037490604 2187.0370548166497 0.9202638102615063 0.051799144918018035 -0.027456160655730623 49 0.0 88.50413669132759 3.4050705708757687 -1.330315292989358
841 1258.9931759206993 2188.8326807501053 0.9221868423786139 0.008953261773973462 -0.004121716400646671 49 0.0 29.556830379229226 1.1372506447589927 -0.13964047930827572
842 1427.8598011310185 2192.027040965607 0.9552630324871302 -0.12088137768578719 0.0643169252461575 49 0.0 41.15509254107972 1.509218081943474 -0.446879999606966
843 91.03627702130571 2193.0374893688568 0.8732787770740134 -0.0936821821919535 -0.05001816520050641 49 0.0 44.00421853168806 1.7631304150683034 -0.6157110933543065
844 1173.4707885355697 2193.518144386456 0.7605140488668298 -0.22528842082860245 -0.018641274918009182 49 0.0 39.46759736333369 1.7220559818568444 -0.5901181642753963
845 456.9010500416585 2198.6371286570816 0.9119919782911327 0.05822194015222204 0.03792691366416855 49 0.0 139.3070275278925 5.335016847571218 -1.8178394880777262
846 495.1305098046378 2200.975519887387 0.9425229007325032 -0.003272839499869233 0.04425127208451308 49 0.0 130.4506088516246 4.951746519307571 -1.7368960124435304
847 871.4362273326328 2201.2993073382017 0.8142431339539209 0.09651178707286029 -0.06960956761208438 49 0.0 36.16665262634799 1.5207366627264831 -0.4551350406777903
848 1959.0221636423066 2202.902963203344 0.778785785665455 0.56761402022612 -0.27636886658575954 49 0.0 26.50363201214627 1.0253164403039523 -0.02714480267123742
849 846.0865699416012 2204.475145040731 0.7575384321731399 0.04845763870952398 0.46380102455495237 49 0.0 29.55019447650895 1.0148794449441558 -0.016036141324951594
850 1287.13243631399 2204.775831809874 0.9268817176439748 0.03154209153329063 0.03415021446225998 49 0.0 29.710130326297566 1.1363502087388462 -0.1387804901534066
851 1444.5677523362776 2207.930232614682 0.9260224609633604 0.022481256948937354 -0.0792337395993909 49 0.0 31.92596776828135 1.2297972095859393 -0.22458375823521906
852 222.1353046119542 2215.949258068727 0.8945884856796544 -0.023366420320503654 -0.002345233267967493 49 0.0 99.25502063244545 3.9144202247518507 -1.4816686165998632
853 1033.3371937938346 2216.1473066121143 0.868964333258499 0.031692651139697915 -0.051057179516311245 49 0.0 59.36545187816733 2.389106735919537 -0.9455888818939334
854 679.1183225129952 2229.9574693249892 0.7521762521942684 -0.07472301138591216 -0.04104563314992818 49 0.0 1059.526349030135 47.80556253862047 -4.198696082496598
855 666.8130687844988 2231.392145967615 0.7722384428515646 -0.08796631783785154 0.09789002213944586 49 0.0 44.95528868029222 1.912965442190955 -0.704267811370727
856 1146.1832120123895 2242.017980700142 0.8909609944558841 0.024089610357548863 0.0026842492506620073 49 0.0 41.100732039235595 1.6260359910258935 -0.5278253853267896
857 1327.4769426915377 2242.547798602658 0.76572093940525 -0.21476830121791435 -0.027303243868678526 49 0.0 46.554706324632434 2.0251940913355715 -0.7661666290701161
858 369.750918882736 2243.792351871575 0.8598208235056921 0.057808105079701765 0.0024797175731437627 49 0.0 45.960204984103555 1.876597171173501 -0.6834276433113893
859 421.58057562769727 2243.8053491336027 0.8917435133184277 0.08205280217427995 -0.005777122401524465 49 0.0 32.97138429417394 1.3014733871703679 -0.286088229954426
860 1076.1017262743362 2246.482401932152 0.8609225740136863 0.10287863977114203 0.06288653681345377 49 0.0 76.33399462872198 3.07446599094209 -1.2194242333460608
861 559.1106775022604 2247.769858822669 0.9020202368540264 -0.011642904070274197 0.05759133201763325 49 0.0 53.36000654542983 2.091165295396486 -0.8009709070577131
