m1-67/data/wr124-jwst-nircam-2022-f150w_BGSUB-sources-fwhm5.0-thresh30.ecsv
# %ECSV 1.0
# ---
# datatype:
# - {name: id, datatype: int64, format: '%.8g'}
# - {name: xcentroid, datatype: float64, format: '%.8g'}
# - {name: ycentroid, datatype: float64, format: '%.8g'}
# - {name: sharpness, datatype: float64, format: '%.8g'}
# - {name: roundness1, datatype: float64, format: '%.8g'}
# - {name: roundness2, datatype: float64, format: '%.8g'}
# - {name: npix, datatype: int64, format: '%.8g'}
# - {name: sky, datatype: float64, format: '%.8g'}
# - {name: peak, datatype: float64, format: '%.8g'}
# - {name: flux, datatype: float64, format: '%.8g'}
# - {name: mag, datatype: float64, format: '%.8g'}
# meta:
#   version: {Python: 3.9.9, astropy: '5.3', bottleneck: 1.3.4, gwcs: 0.18.3, matplotlib: 3.5.3, numpy: 1.22.3, photutils: 1.3.0, scipy: 1.8.0,
#     skimage: 0.19.2, sklearn: 0.24.2}
# schema: astropy-2.0
id xcentroid ycentroid sharpness roundness1 roundness2 npix sky peak flux mag
[from data line 1839]
1840 1680.9319693557106 3622.00705221716 0.5614409324734796 -0.8914421845858881 -0.0008326636031045059 49 0.0 29.50212475029633 1.1884044050394162 -0.18741063231738114
1841 1702.0537226642557 3623.295375040288 0.9097053127006433 -0.8464232757911296 -0.5987088709038884 49 0.0 41.48044911530359 1.0916157279081042 -0.09517446080376779
1842 695.5625284415507 3625.4107894764156 0.9450258688905081 -0.1837542862616808 -0.00741110344502066 49 0.0 44.633979290283186 1.683532490157318 -0.5655537554186478
1843 2234.6454111137095 3630.4432713023143 0.8878288390822529 -0.14349673246038078 0.003986087666068561 49 0.0 28.04711563046316 1.1132037607355068 -0.11643666210309019
1844 3381.008054677146 3636.2930315500025 0.9989624101829917 -0.02282217475589263 -0.007532057867081392 49 0.0 193.03369150880656 6.998684616497431 -2.1125410580795285
1845 2256.3160374177332 3637.4829200620607 0.8801393133847614 -0.13940880741127368 0.014215202172258022 49 0.0 38.42121972537147 1.5179508191619773 -0.4531442521651645
1846 1527.2617834384978 3639.621132852318 0.9003641619801129 -0.11787042492233513 -0.011529270674700038 49 0.0 26.660619543546776 1.047566575433159 -0.05045408249553329
1847 2113.494488065842 3639.815721556245 0.8772698638982442 0.06435116738219956 -0.08513441377223833 49 0.0 133.79367503470536 5.329453440323407 -1.8167066810923522
1848 3781.2739319336147 3640.7685404926824 0.9493532423981597 -0.1116485042190102 -0.05360787253116966 49 0.0 85.41259880431168 3.2165383817800652 -1.2684718451126407
1849 3599.1039338292276 3649.4078810929195 0.9657124556909383 0.029300018710429514 0.005878424862984972 49 0.0 113.93819453564473 4.238621685442783 -1.568061639287603
1850 2741.317964733466 3650.5928910682264 0.951658351475248 -0.1525635519751611 -0.02691551101609606 49 0.0 109.38765569407752 4.105773502710667 -1.5334874689940705
1851 1900.8286384777134 3653.703248995603 0.7322914848186782 -0.28617733692676767 -0.11748059684253692 49 0.0 163.54498867520022 7.4464143436597094 -2.1798679954185634
1852 1080.4093763903957 3658.502301705323 0.8288344522602196 -0.2112319542600986 0.014034046341944956 49 0.0 276.76549748352255 11.524361560312066 -2.654042187971213
1853 591.4631964387105 3665.1673441830217 0.9201465123721561 -0.14922507589056308 -0.10155369938455291 49 0.0 34.270252857283154 1.3145748821767698 -0.296963324698387
1854 2435.80384572643 3665.621737467863 0.9983662250381657 0.05766273806479009 -0.022605016518772676 49 0.0 117.41828088587722 4.241930159723051 -1.5689087847461578
1855 579.1525382410176 3666.5032120762885 0.8703303214928952 -0.10237571544703217 0.04298107390751495 49 0.0 104.46786853454768 4.194164552866352 -1.556613663678052
1856 3037.1003153005668 3668.309001821638 0.9799454244152688 0.008696913141611574 0.0022537072732752997 49 0.0 63.27660213471932 2.320838504689232 -0.9141123029251406
1857 2299.5764790103144 3671.046031925168 0.9696976025693921 -0.14944525983299106 -0.07635801432119277 49 0.0 131.11714683540853 4.814018329239661 -1.7062693487655214
1858 661.2612898762471 3676.932892320813 0.9622791592506029 -0.08241452755675904 -0.06908072754354677 49 0.0 113.99277994343262 4.250902453942017 -1.5712028481618834
1859 3334.3298856334136 3676.8156200322705 0.9045166787763826 -0.133024695321705 -0.0837245266968247 49 0.0 245.7421944916554 9.59950223206763 -2.4556217848200173
1860 896.4455088263114 3678.8076674414247 0.824809534407314 -0.1794153971505336 -0.11591581222770876 49 0.0 68.3996779764193 2.857865651055145 -1.1401045216195058
1861 2624.6805218589116 3679.262248254823 0.9327644923859251 -0.10279215156517946 -0.028435425654438778 49 0.0 243.10610871414042 9.256073664764598 -2.416067005760667
1862 1161.3297239266283 3682.4821575447454 0.8842496774745514 -0.3424980345345392 -0.02196170847361857 49 0.0 65.58252319478736 2.556580090984994 -1.0191485064721493
1863 1626.4066044328652 3684.7207671991346 0.8899069978357133 -0.133474319690252 -0.05067879051927573 49 0.0 34.22045262911419 1.353829769262474 -0.3289101488385373
1864 3055.446980083227 3687.1889853388507 0.9048157149639664 -0.010807849588287809 -0.14857402253552218 49 0.0 153.6978453588726 6.001251494930576 -1.9456045679033842
1865 3460.678197777448 3688.3690077910646 0.9447991156737796 -0.12200535732292365 0.004776841981433074 49 0.0 52.9044209745139 1.9959529658261566 -0.7503757575551916
1866 922.2797599542558 3691.7358158013 0.9328792451661609 -0.13112909971962136 -0.033950616965336806 49 0.0 32.57892631758347 1.2438292464201874 -0.23690191063895827
1867 649.5136746665595 3694.472170938539 0.8827242779276545 -0.2133964251047853 0.0058529165349652254 49 0.0 31.314278737515902 1.2451154976120313 -0.23802409675021624
1868 2828.530231473588 3693.799856314503 0.9809797473836402 0.025862794675528003 -0.1092014285803971 49 0.0 66.42108079371842 2.427342463878141 -0.9628276337430701
1869 3085.1818857521994 3693.522485565306 0.864230938116954 -0.08198248361576907 0.03453298412828609 49 0.0 105.5505766223875 4.277768167170022 -1.578043110916612
1870 3127.144522921012 3708.2431458031947 0.9740495133519241 0.021905761900980703 -0.01640077772988588 49 0.0 198.2553109015439 7.312324651912708 -2.1601386623000267
1871 4147.383743486833 3709.8802908143425 0.9288755964988522 -0.09967410494140234 -0.08617798983664432 49 0.0 210.3091790757253 8.034866616175693 -2.262446678996172
1872 1666.0819541343837 3710.5945934425476 0.9341542253907882 0.03091199693925548 0.021278370571099894 49 0.0 89.91548696144821 3.4084245251921756 -1.3313842039882537
1873 4498.86065754577 3712.0161306362015 0.984864218515773 0.01972622383662535 -0.011708454051517183 49 0.0 56.16111653353756 2.0533806331924183 -0.7811736539583349
1874 2392.7813090752556 3713.4792145087276 0.8909420014685797 -0.10052723394502937 0.0466997807228671 49 0.0 29.599898867365344 1.1613688092556638 -0.16242539514637336
1875 4137.308309913787 3713.994356987102 0.9667610972963103 -0.0426543275472766 -0.06725447153767987 49 0.0 28.008709022192424 1.0367385468353343 -0.03917311569976152
1876 482.7699683594864 3722.275925150211 0.9332098475319441 -0.09086849324414376 0.00047635106807627315 49 0.0 275.42859415558746 10.486847396068494 -2.5516123705621125
1877 1101.010568950394 3722.3712049078986 0.9646226759770615 0.0107528504466189 0.024169213599172013 49 0.0 99.98372045947825 3.72241727691636 -1.4270626380699767
1878 1579.565844429577 3723.420216819237 0.93848844007126 -0.1665025277410589 -0.000640144049976811 49 0.0 153.8342748950281 5.837879078754367 -1.9156377377752434
1879 1637.4748454017417 3723.3502368226596 0.9302750869784098 -0.19390229422061428 -0.04956282663650131 49 0.0 240.55906987779758 9.186293041108375 -2.407850738048337
1880 112.53600625748554 3724.723728503939 0.9130271580966713 0.03700516970165593 -0.13010172256931174 49 0.0 170.35378906396213 6.620889502303274 -2.0522908497288204
1881 2876.7790348057465 3726.50644771071 0.892327443432468 0.1075873030641219 0.022227639807311968 49 0.0 50.866562708207816 2.008112570001695 -0.7569701366708147
1882 192.60639583848808 3729.190211446804 0.9686913551718341 -0.11820716767049738 -0.06212952587232913 49 0.0 91.55299147779678 3.3361579104756527 -1.3081164973191868
1883 405.688519069677 3728.656386091956 0.8656243418852665 -0.5713681777466111 -0.30585770404026624 49 0.0 33.57493818638947 1.29109340175885 -0.27739415408040846
1884 4476.704249276013 3730.409409666737 0.931684593674551 -0.05285853690572728 0.0597751115574562 49 0.0 34.45542213771111 1.3184875578550672 -0.30019008962703997
1885 1511.2885530938356 3740.817102146148 0.9755973314445576 -0.09277039695612528 -0.04153259965931411 49 0.0 374.3281102066789 13.781959164340682 -2.848277396937572
1886 4413.281550356211 3747.3620508891577 0.9722111093920532 0.10151144591913913 -0.03097591006437362 49 0.0 45.09316576217467 1.655086058335954 -0.5470514510025128
1887 2134.6397393078073 3747.680594901361 0.9778472803753706 0.09815992382330092 -0.03251627473516266 49 0.0 285.05487082733634 10.466106341815834 -2.549462857785627
1888 3581.9029166951154 3747.506559782887 0.9121410621046908 0.051348090310547774 0.031118395703441937 49 0.0 60.05421744792286 2.3275069864525895 -0.9172274831809843
1889 352.0581489651187 3750.3109463838914 0.9997668100381049 0.05016782729062118 -0.034126553616219 49 0.0 519.5919205421661 18.81051429518315 -3.186001674217085
1890 4118.69827476153 3750.963884228137 0.9899228556421035 0.0019771375404285694 -0.07084227944590696 49 0.0 150.10809019667883 5.468181038427087 -1.84460721146969
1891 1598.464194333672 3752.8886265570936 0.9220269303381523 0.0034479776255252055 -0.11511612509922925 49 0.0 270.7448474614446 10.389956348093582 -2.5415343073381056
1892 1514.03831460786 3753.5366634465386 0.9477668932281286 -0.006354779510781217 0.07311021677963823 49 0.0 475.5671901322398 17.869237405150344 -3.130265046932543
1893 348.708740785275 3755.238442371514 0.9926732509316147 -0.09573412415464752 0.02310004314390849 49 0.0 211.92378955169931 7.473993250214184 -2.183881753252853
1894 2988.5740584045266 3757.0002287372804 0.9616731042358548 -0.07069308743557047 -0.084894278604692 49 0.0 45.68552076158365 1.6998586592369698 -0.5760320298201613
1895 1123.0836477844177 3759.5666039707617 0.8609651518583508 -0.10106609211653128 0.0467930015532886 49 0.0 33.10587269838341 1.3401472445124238 -0.31788129435622114
1896 3943.1379176875603 3762.371673204383 0.9831548580008029 0.05236303067407625 0.009645675451541897 49 0.0 31.46359292768149 1.151116602467992 -0.15279829439931977
1897 4563.528305282434 3763.5373864137387 0.7038081337517721 -0.16968670242100808 -0.0010613221028517093 49 0.0 85.99008636391564 4.030956206885976 -1.5135201997915342
1898 4269.063468886004 3764.654015978428 0.9993972677010184 0.029346672843620063 0.021928008657289014 49 0.0 39.417937959308574 1.4227350244074488 -0.38281005739052626
1899 2173.4446284025794 3766.4182866641227 0.869721449225268 0.17128046967853872 -0.07093597403962634 49 0.0 451.44054114891935 18.168754610100162 -3.1483128982786286
1900 1284.5410563195 3768.932794140371 0.9375814043490523 -0.030370934551961836 -0.11784526837134499 49 0.0 297.7734686336722 11.179258577107587 -2.6210325038339075
1901 2707.3961781525513 3769.0307839788074 0.8666655065250157 -0.04034844393498282 -0.09951228077645244 49 0.0 30.792651449572677 1.2518533880303437 -0.24388367262970764
1902 688.17941988196 3770.6733284452516 0.9499226624242639 -0.10547201428159268 0.013850907338504831 49 0.0 66.1741322158643 2.4825461625198826 -0.9872433321846686
1903 2194.490585594151 3772.393774070457 0.8401233476099259 0.17132375457284604 -0.1327578277866586 49 0.0 37.17550002617284 1.528289252646082 -0.46051389760746636
1904 2859.660960630108 3776.381128058732 0.9085025718042655 -0.13953099328512833 -4.135477131061638e-05 49 0.0 391.46317613053327 15.26352101175008 -2.959136822183823
1905 3445.518449737892 3775.5657907690243 0.7682525687354107 -0.22922547864947368 -0.07687408839020968 49 0.0 372.9574290049771 16.394181795393656 -3.0367243666926775
1906 136.688834826212 3777.507816067599 0.9217231487753919 -0.1739874801116455 -0.020848685219355973 49 0.0 114.18637618440752 4.390898280547667 -1.6063834409114255
1907 1455.4916219087538 3778.8592344825292 0.9487360124074614 -0.0013944940418859435 -0.10937299750874964 49 0.0 26.83143435551789 1.011204873796867 -0.012097885380743688
1908 2461.151892432247 3778.4818127144445 0.9267340963281683 -0.07157462772074624 0.016238549711724528 49 0.0 48.58201191676283 1.8652525650958727 -0.676844114759863
1909 1240.5491205516978 3781.014146160038 0.9402251842005813 -0.05157414347639096 -0.074759283540627 49 0.0 34.99015309578582 1.3299332172406693 -0.3095745834100911
1910 897.2204496329441 3782.237233444606 0.9732528985111815 0.010575846634013614 -0.06013034785427401 49 0.0 29.854497086339364 1.103681821899496 -0.10710972399554267
1911 1208.0946882621033 3781.8277452398434 0.7952398313015582 -0.07423895288041005 0.16609878633411085 49 0.0 544.9382441498719 23.33179009182894 -3.419870151439939
1912 3443.113969267526 3784.1692412555485 0.9936386684830583 0.021326068887072162 0.0025862450538433313 49 0.0 457.58600122677774 16.578399403118958 -3.048856495881154
1913 3900.6480752906336 3783.7319843794567 0.9924825545282288 0.09882699853680837 -0.03813684930490341 49 0.0 55.12491706010351 2.0028285735288027 -0.7541094466780833
1914 1904.0405660565616 3786.3458569360782 0.9817433768669939 0.03703170006871417 0.016641542966677254 49 0.0 101.57011807057297 3.7246863818587075 -1.4277242777026249
1915 3725.502113470853 3790.8421136608645 0.9417731432804297 0.05048559368576924 -0.08677423774128598 49 0.0 49.9648908831607 1.8909506816566415 -0.6917005051325785
1916 3212.510844869932 3792.125670005001 0.7972618413172454 -0.07550089128832133 -0.2368619931530171 49 0.0 41.18908247273955 1.7751168476025347 -0.6230673647436604
1917 427.6445513871052 3795.402428750125 0.9386065054159359 -0.1776257911890716 -0.04189466289415745 49 0.0 63.295077930231464 2.405392344510517 -0.9529648110872325
1918 3619.468143288981 3795.3886504640336 0.8633291458569315 -0.18081663131835113 -0.0663101860875871 49 0.0 68.64957057813656 2.778350492558482 -1.1094675791901933
1919 3417.524032746793 3796.477115814594 0.8929634182788312 -0.19441557319751154 0.0014775137471929724 49 0.0 45.30309645113483 1.7760242626996474 -0.6236222362142783
1920 1073.5795128656832 3797.435646018614 0.8976406111346221 -0.18528063309762205 -0.011344244806874982 49 0.0 413.96984720676136 16.170818334142243 -3.0218299955003274
1921 3463.396459838986 3807.115790898672 0.920140755892523 -0.021253623541469244 -0.09370518571548692 49 0.0 126.84880130631385 4.9011727056581424 -1.7257500157147552
1922 805.7874370292831 3807.9175130220906 0.8794677780851469 -0.1379745341862643 -0.15558736047009344 49 0.0 51.10739379646627 2.040403074035721 -0.7742899229003546
1923 309.8284861796254 3809.3614205956223 0.9309904024491257 -0.08123630906722386 0.026076813025946385 49 0.0 26.351584207231284 1.0069982884343107 -0.00757183099137875
1924 3035.602603187644 3809.3645869018274 0.9656089889679347 -0.15800574959100927 -0.013028445869243795 49 0.0 131.83345041967985 4.895150865507151 -1.7244152025785409
1925 1402.5720939161654 3811.2729988145256 0.9187538573091203 -0.1494072553104634 -0.06358773086422623 49 0.0 60.52498784870341 2.3399562702384236 -0.9230193531710764
1926 1618.9563933834702 3810.688342747713 0.991898474583295 0.014907961674257127 0.02157744198019796 49 0.0 372.13005297142985 13.514511263038605 -2.8270008613792426
1927 388.59852129140216 3815.346796087884 0.9500548974510876 -0.1717095796478806 -0.05251325473832789 49 0.0 69.00951478740056 2.6037630755893733 -1.0390036597582564
1928 971.4390453840408 3816.834583659521 0.7991595639674306 -0.045666357186642456 -0.1600748756253911 49 0.0 184.35250746030133 7.841250825401465 -2.235963365652424
1929 4270.728727947893 3816.623325798772 0.9240878087708932 0.12015659101660443 -0.0023386494117120875 49 0.0 97.08827635696332 3.721388544776729 -1.4267625411134301
1930 1977.00058810251 3818.4987424341375 0.9431573284488646 0.03227000039744277 0.0763342060806928 49 0.0 32.10108492612283 1.2148715534403969 -0.21132590763230624
1931 1553.9564141808278 3820.491996331308 0.8705120358445405 0.024352636570079626 0.05458008344025475 49 0.0 100.87452262529264 4.04097738519952 -1.5162160499432076
1932 3485.38157482036 3820.3471839199156 0.8968857721694904 -0.014526526027120477 -0.0015956313434590788 49 0.0 26.6959968236265 1.030870155494754 -0.03300991659538775
1933 52.47580278988895 3821.420931098789 0.9715362039254486 -0.23463897335242012 -0.026043896004099076 49 0.0 95.12075672459319 3.4923137819355112 -1.3577831446004964
1934 3512.1832082583496 3822.301677616184 0.96766732370407 0.04105469075453993 -0.016702036037349283 49 0.0 140.47532523082867 5.224497193932582 -1.7951112506381182
1935 3806.0697642137998 3825.7460585051786 0.957424032096102 -0.053119302598223894 -0.020403575000940997 49 0.0 34.40452435163406 1.2794855968256882 -0.26758850349014646
