m1-67/data/wr124-jwst-2022-f335m-TO-gaia-OFFSETS.ecsv
# %ECSV 1.0
# ---
# datatype:
# - {name: 'RA, arcsec', datatype: float64}
# - {name: 'Dec, arcsec', datatype: float64}
# - {name: 'd RA, mas', datatype: float64}
# - {name: 'd Dec, mas', datatype: float64}
# - {name: 'Radius, arcsec', datatype: float64}
# schema: astropy-2.0
"RA, arcsec" "Dec, arcsec" "d RA, mas" "d Dec, mas" "Radius, arcsec"
[from data line 171]
23.79320078001998 -20.609824440305093 1032.1665829749948 -129.09049303357202 31.478266549132126
10.76665894486464 -11.512385270061442 1032.734990794929 -141.02960138327376 15.762485823090806
50.118673007558435 -45.78674324136234 1050.4126249870785 -142.1782052871604 67.884513693794
21.402558598384072 -21.118787652034822 1017.775424972001 -171.95860606880694 30.06780179615707
42.390609942018045 -40.05557627597697 1041.970600163896 -144.68247719672755 58.32163388884127
38.21704285841021 -39.09419139708632 1035.0901155150218 -156.7363446627414 54.67081624004143
-39.181577063018345 27.510242546174805 1022.7595005028116 -156.93053075842448 47.87493516432517
-11.06167811689988 3.0409068623553077 1028.1055993435427 -181.0608843233878 11.472045907282721
-34.952167302882295 22.116464573349212 1019.0721869918376 -172.28957528104883 41.36172143056271
-9.002177261464476 -0.6526739350750256 1024.7228426842764 -160.38052501653507 9.025806263833378
-10.18686246404322 -0.5129246693165356 1021.2411920702656 -171.02642174999303 10.19976757462157
-52.646159590602174 36.01888706459456 1027.30465921678 -187.89319924765792 63.7885437742713
17.980943866299423 -26.225030673899315 1013.5377141769302 -161.4640445620585 31.797273065960006
45.9540947236819 -50.57255137209691 1037.0077224816293 -139.21773841226636 68.33272811652648
-9.512842508328726 -4.293831597030522 1016.74128969797 -166.2767196054225 10.4370092629625
18.674045232298386 -30.20573142951616 1032.0074219388803 -156.89104447102628 35.51205674185223
-7.003089835730027 -8.043079435282397 1015.7624025365092 -147.59333350235573 10.664632859402174
3.80760820583408 -17.402104720308248 1021.6160130414934 -166.811024411183 17.813790413937635
45.26152041064841 -53.74398999988942 1041.0445726915827 -145.91237094867378 70.26394270634871
-33.35630769069286 14.247360517581837 1031.9587174537703 -182.51430476505388 36.271621726869945
-54.329628566456876 31.242633823480613 1005.9258732763599 -176.0931464724884 62.67224813124667
-57.893265671524674 33.52693670986355 1031.8469520764104 -151.82971023529984 66.90056551135008
-42.665442229804576 20.158832112762436 1016.6277695286044 -175.53431800621755 47.18811785840988
-58.81105895755247 34.04000075292705 1006.1541224257472 -190.62988620470247 67.95191149302437
-43.06110525136777 19.289531831753628 1021.3570155669022 -186.47369310127138 47.18415855297418
31.813326449909084 -47.0377074465195 1036.9747049844716 -144.68708972490987 56.78585778249027
-39.848234772798556 13.221816229277579 1018.0650409061403 -166.7840843318868 41.98449995813096
-46.92470019036723 18.799186870849027 1020.9548405759666 -160.62477068166064 50.55034034369706
-27.856359038313496 1.926296489064381 1016.1980696727907 -175.4858984198244 27.922882319202678
-23.57383354958771 -1.8830947338362085 1027.5277249524731 -175.05289736962322 23.648925429802972
-11.938552741533089 -12.370565399606097 1024.6292285061272 -153.57032565813782 17.191856493603257
-21.83064200844619 -4.575767172677561 1023.1754636829321 -165.07960204196849 22.305034759947524
21.85940947393364 -42.72894597432184 1025.7623590446217 -164.33136633085124 47.99579773053229
-28.169210878947972 0.7549583868614731 1011.2944825703735 -180.63204763704212 28.17932582064961
-0.1568753349837285 -24.309183464460123 1026.3082537089383 -160.42449086330228 24.30968964382003
-31.79879049848361 2.3306097666607712 1040.1657902994855 -184.10753740849628 31.884084101696757
24.11256815175324 -46.378798870745165 1037.3506798177475 -157.6068955491936 52.2724489360255
-0.4908058390268874 -27.087111519341185 1030.8494866310177 -149.84303981883357 27.09155774096402
-17.303091681484652 -12.980016798837468 1024.8941264962782 -166.0915876634511 21.630483522986047
-25.047062731846907 -7.005100718477097 1022.3054422214339 -167.59595060671688 26.008206153614143
-52.74355775516604 15.994635000019715 1027.3396220912628 -174.25657335487173 55.11543547747091
-48.77333823113115 12.613723189938714 1021.8331417592499 -173.1601678454896 50.37801635596794
11.199445878675526 -39.724369561374715 1039.4292489509214 -154.22643287402414 41.272910286168674
32.3673505580601 -58.186039341247394 1026.6085731230978 -170.6095050599715 66.5827344631008
-24.428130307397854 -9.495454264138646 1022.1480883611874 -182.15527651112325 26.20872376846274
17.55060631019713 -46.232821739481416 1038.6088687675756 -155.52211119744126 49.45197248536669
18.916563210910976 -47.53925503526641 1027.6789983377435 -173.04207960824306 51.16460814553078
24.328300368882267 -53.07693077223192 1031.8748773592715 -161.14350573590008 58.38687152072612
-22.07963101970849 -15.663400465792298 1022.4727457855299 -173.252676709616 27.07124339919158
25.77538574154254 -58.20440596288803 1046.8751976598942 -153.91082631721025 63.65629085944084
-64.54294224439468 19.599087450077818 1018.7265572151083 -181.2512138425808 67.45306227226246
-56.01351133951866 11.847746993196587 1005.9489006742374 -189.03891887443746 57.25279519767849
-50.16228074189913 6.655602139882398 1024.1949079812723 -176.02595842910324 50.6018917453408
16.153144061168355 -51.355773237832054 1047.200774496464 226.92757447175347 53.8362285317819
-13.279294398953407 -25.97361132532903 1037.155556516941 -163.0768249149286 29.171358283064286
-32.451026139391345 -9.614032128441904 1041.9044792489703 -193.83731253137688 33.84521695161905
-59.52211607171147 13.851935396414746 1026.5006412048263 -174.83716896361042 61.11266980379986
-70.09809821479215 22.820012426815424 995.0402811981008 -199.6325659288561 73.719036350472
34.18883133603707 -68.42307194643844 1043.6629441060966 -151.5520601203546 76.48916864397219
0.5982486516552042 -40.106655097658006 1028.8099267555092 -162.54150688749658 40.11111672050787
-21.36995857638575 -21.142417585443297 1027.978295358769 -179.06641389426497 30.061220023694037
19.213257521435892 -56.63747977945655 1046.517663813647 -124.38935014245695 59.80763639433525
24.395705998779256 -61.54887602977247 1038.8986087738954 -153.76574537648185 66.20736057300044
-41.61113693758713 -4.541969371489744 1029.2053178522328 -170.3916169097523 41.85828714501285
-16.18119413708557 -26.678543979164356 1036.1503641326917 -139.44920971665263 31.202175422400074
3.708406095690765 -44.458585203228125 1047.8247956605956 -143.35162865077606 44.61298100139251
-47.66196428192713 -0.8204821601972606 1018.2922206487121 -179.64559497039244 47.669025899111055
-26.80720805286353 -19.494089909982527 1011.2809795889974 -159.12118399093157 33.145828438281164
-1.790177869323763 -42.32111112021163 1035.962125291429 -168.10388521097454 42.358956351727244
-46.56413075641789 -3.5627526549668778 1026.1996895676448 -165.96500996343764 46.70022997110837
16.4057151028988 -58.354067640650435 1034.6416761249673 -171.59116061303953 60.61637312694288
28.52802510671187 -69.65932352792974 1039.3652266828362 -159.6885804440477 75.27462746452893
-8.251001928810117 -37.70322373249347 1031.0036375265654 -177.63743340218224 38.5954934143138
-66.15210332653895 11.29938156241891 1017.0648734446975 -166.7233711586722 67.11018398005591
-55.07382999127023 1.4201535845571036 1030.0286116132784 -181.11295064217876 55.09213724351621
23.893369581589823 -67.86233601680516 1044.4016527099427 -151.88697640986175 71.94574163232882
-19.554474776263056 -30.758780704473015 1026.9694554635023 -152.3378215244589 36.44832055613704
-1.3451125231599008 -46.609338311292355 1026.3020563981838 -171.07136315939206 46.62874376911503
6.842010076611754 -54.129351231940305 1069.2886311242414 -151.54669481212912 54.56005650295009
-45.93219349149487 -8.404287941624094 1020.6239256253275 -178.2708988103411 46.694736893781524
-37.71421783742834 -15.785324440934778 1036.090053198113 -199.40286587028302 40.884455383657674
-4.296394557008636 -45.40492690921492 1031.1443176952732 -157.52430861114038 45.607744885298
24.601748451608103 -70.64340922698769 1049.8256560353 -146.7233339790521 74.80466075337745
-21.4741589715682 -30.598115711530184 1014.9030082981352 -186.37759391888176 37.38160222960881
-42.499853838897 -12.325813584773817 1006.1277371904497 -201.68982295387394 44.251138456666645
-15.120749735779302 -37.615627366538185 1038.0393803657323 -169.39516845309964 40.54099767161596
-8.756911150543836 -43.396226867116276 1022.9805614816795 -196.38560316379719 44.27093852705968
-7.18732719485162 -44.919208969735095 1025.1058314649993 -166.05986674101874 45.490581507124176
-60.07372086861176 1.0486585339939722 1022.3872239384683 -169.8597013633851 60.08287296464655
10.981017584416323 -60.8078966971337 1038.7311300935664 -152.74905971449098 61.79144798776089
-37.071268922201995 -19.295990184873975 1042.1161147847683 -161.1100679322396 41.79251383567894
20.152809096905067 -69.64131180164561 1049.3346545680624 -154.80933936692773 72.49860694192736
-35.82487040054194 -21.288082208210497 998.6991690042149 -203.65976503943799 41.67257825916037
4.942166352486284 -57.11311072189224 1047.9072117418061 -145.9845696251819 57.3265420548132
-60.82497332001772 -0.5419388248359507 1028.2066584241052 -177.48966759749172 60.82738755728756
-7.5517317004566 -47.00754973874969 1054.9395897361535 -163.90290244495313 47.610276024497885
-36.47255675141673 -22.035623393067777 1043.9439529402437 -157.1549083775603 42.61239361070443
-64.4504920332894 2.2425471965082973 1025.2487150368524 -170.74702767457708 64.48949481181424
2.3387238690512957 -55.86034669092884 1021.7553321491655 -168.95454565524312 55.90928332246296
8.46201062663511 -61.49976841499442 1033.0427748055909 -166.19693981729787 62.07920051693044
20.26279179106229 -72.02478747910298 1028.7280793154416 -146.52278153626858 74.82079073288278
24.790486484864765 -77.43155635939866 1044.2975141984844 -144.53908805028425 81.30322325425324
-17.839000701603315 -40.59362415953834 1009.7987840114903 -187.902750663283 44.34041344337809
-26.140150275430067 -33.900249691643296 1009.9119289415744 -182.75659856066588 42.80811114067256
-17.50744814554744 -43.67535040916281 1030.9941924813359 -159.2328922899315 47.053660530770195
-1.2958592498550714 -57.72638309562148 1037.7418267326639 -159.58438816343224 57.74092618285417
10.409568202785458 -68.31703813783676 1033.4216863454628 -166.55055009301745 69.10554830209844
-55.91481216548994 -10.835539307169382 1036.7645043851376 -170.73372280113355 56.955027246929696
6.876985357689886 -65.76155738787473 1049.0321236557465 -153.63051217729713 66.12015846990339
12.735951914941253 -71.11943435211694 1046.2002327343025 -159.4193084292 72.25080212231644
-15.424357416874292 -46.91049402560752 1033.0945019526505 -183.95145876869034 49.38122363155326
-75.69003013238272 5.254078889410648 1046.137344794535 -171.75259806892274 75.87216884466453
-32.72586488796953 -32.32019135841573 1037.646411458634 -171.73509552358286 45.99540187178234
-77.7459156020309 6.778262727886993 1014.1898105734396 -164.7760139400016 78.04083697791556
-23.139034471572838 -40.75250034692486 1037.3512004834809 -164.352173013233 46.86343130662363
-16.62229740035111 -46.57117442663586 1039.6404768555153 -151.9102140067255 49.44871134462148
-58.34606902247475 -10.47726881261355 1019.82397102256 -152.0362504539377 59.27931282686778
14.30433615385323 -73.89355542051376 1023.5274457691074 -166.05604912886793 75.26534100591893
-77.30149116660131 5.669796578558614 1009.5552724743706 -190.23976168291782 77.50914222408986
-40.85352185923057 -26.09849575907892 1003.9793540944755 -196.52468410007447 48.47826028531443
-32.42301357149947 -33.634141476041655 1022.2716871269691 -181.69694223983421 46.71731234309933
-66.94420393813647 -4.065807269334898 1019.4828629070196 -203.47526267554352 67.06755720220188
21.23374787545945 -81.3626196738115 1047.7100122247132 -196.82013833037678 84.08773933006887
6.498249956905399 -70.29359498148068 993.1135276303579 -180.00873780359228 70.59331941686035
18.37329085373472 -81.09380044007263 1045.7738954220047 -169.3889847334491 83.14915675592279
-59.44093715177096 -13.348709501222901 1021.910670661208 -176.44706708892272 60.92136776110628
-67.52594153347076 -7.173017941060829 1017.968567801289 -187.3362180208294 67.90585368384369
-77.58389209876042 1.4081017376946543 1015.5335059587662 -197.0705783293 77.59666915262169
-29.4834238880686 -42.87719025168422 1046.2018314630125 -159.21660763495692 52.03581185605481
-48.755795864992216 -26.186826882066086 1026.5674762907895 -213.29996121498777 55.34326986919747
-49.18477664487649 -27.23594330371283 1038.729744964523 -146.09176599567184 56.22222734098954
-85.61830583872933 4.366191087409256 1039.830360626416 -172.88057242187895 85.72956268511574
-21.162041194811987 -51.9837859115309 1039.9937279449061 -169.3379773218171 56.126161241768685
-75.75118941432909 -5.013723708435251 1019.8077384537992 -194.88942373938215 75.91692908694681
-22.867942361103392 -51.133744851838316 1037.7440962938367 -171.11309256987383 56.01430745521288
-49.53640423712567 -29.056225559409555 1035.6166355253931 -205.44999553139095 57.429257110452774
-52.41780802655461 -27.545497653128287 1027.9481453530605 -191.6284613379707 59.21470275975797
1.3538342674479813 -75.46938226248105 1047.6705518599765 -167.66464147363905 75.48152440314593
1.9765623710030125 -76.65037659263388 1054.4134255345734 -144.14180298671752 76.67585689393611
-24.27903066234598 -54.22321733207815 1038.8472224819334 -170.58161408133657 59.41067761072153
-77.43687710627084 -8.086941302497594 1026.302708361065 -185.07797585764715 77.85800249500487
-43.843637393714936 -37.46960281171208 1046.849359299305 -156.68777907743836 57.67352645392868
-31.273211737523546 -48.5848297834426 1023.60116461595 -178.40307601681573 57.7797493883023
-1.9784201343319132 -74.11521235441774 1036.2102984314174 -165.3586858339197 74.14161347313443
-5.832128965229911 -72.08860123970918 1026.563363417449 -188.43954340450978 72.32413259473013
7.1293208587498755 -84.03233508242306 1050.22951814884 -153.60366926267417 84.33421934480658
-2.4539138240501437 -76.65605291400068 1112.4709426420213 -135.64184119100713 76.69532020357919
-41.07484001099428 -43.53542402611625 1038.166723440801 -172.68834878695657 59.85378519364761
6.307714347525125 -85.18201157670887 1041.9082222413913 -171.40505775713493 85.41523490737869
-36.6249563374073 -48.687976369856926 1013.2440633444833 -253.4570379654442 60.925417067023105
-30.39683532936702 -54.6493371213098 1029.7669966923909 -216.0679094801413 62.53413167394742
-6.976085159032354 -75.15586204580767 1038.0369095709352 -175.05234055627625 75.47893323197984
-15.688192793954862 -67.67727062364229 1035.1715626632317 -179.2742483174972 69.47180970273936
-41.54947809136205 -45.33000945806457 1036.667090720265 -183.93886388665175 61.491209610284805
-91.34991690491914 -2.0872555335838308 1017.0911683166968 -173.03521199173042 91.37375965721958
-37.51317138773669 -49.251286339837655 1033.1495461980196 -171.29618830165484 61.91063888338535
-16.596011343592743 -67.62745989106187 1041.705910002836 -182.28243694727658 69.63404996095056
-59.36686762446143 -31.079126885743356 1026.667036543719 -179.5267922075422 67.00997741263296
-22.404715220092424 -64.32142952308466 1048.5170765768073 -158.89621165895926 68.11180179464981
-22.99326453323788 -63.91354508704042 1043.8542550618015 -159.25895591776862 67.92371782056621
-83.66881866517234 -12.22192876684691 1037.7683814852944 -178.5659198071124 84.55676644370685
-60.16206585207246 -33.81332157754042 1035.0403904916734 -177.96701806935462 69.01314984316484
8.178092656151643 -94.9932597335504 1029.426698927019 -164.0075144366533 95.34464111617285
-9.716920389754474 -80.37497148196637 1049.935961389128 -157.62965732998808 80.96020366702216
-8.086637394907 -82.16493494899868 1030.4120237003344 -174.63119904641576 82.56191758960178
-75.80793093684477 -24.171497313419202 1019.3543550007831 -181.42230895860985 79.56823266220024
-74.0881222055491 -25.864216331442094 1053.8029514796804 -155.5155010684579 78.4729731156147
-87.67953322251904 -15.281535610560926 1033.2590662538512 -189.31844462481723 89.00126888229146
