m1-67/data/wr124-jwst-2022-f090w-TO-f150w-OFFSETS.ecsv
# %ECSV 1.0
# ---
# datatype:
# - {name: 'RA, arcsec', datatype: float64}
# - {name: 'Dec, arcsec', datatype: float64}
# - {name: 'd RA, mas', datatype: float64}
# - {name: 'd Dec, mas', datatype: float64}
# - {name: 'Radius, arcsec', datatype: float64}
# schema: astropy-2.0
"RA, arcsec" "Dec, arcsec" "d RA, mas" "d Dec, mas" "Radius, arcsec"
[from data line 340]
-43.64077163112327 -20.582606504978884 3.6901382366622872 -6.266731463653213 48.251016909290236
-44.579249418356866 -20.304060802441192 2.04411271487923 -3.652738860040523 48.98534839470045
-45.95793700654874 -19.12116158357423 3.5295766940884157 -5.621814421291749 49.77701063891563
-32.727883638563526 -32.27103011337711 4.464219636376316 -5.21586121775734 45.962307854359715
-80.8324688879839 10.804008726945257 -1.5199119702920572 -2.7125196318851192 81.55130057277405
-48.13275979776133 -18.499476349052046 6.5569177565031245 -4.623448536716428 51.56542625366886
-75.66551543667033 5.3054797128180695 -0.5572623700510527 -3.4890201525843163 75.85129095809278
-13.116468028865164 -50.89930183356264 -1.262478851440798 -3.8584011043696496 52.56215993663861
-39.53491683906578 -27.244195787810256 4.17771416256483 -3.826101521996342 48.01307993134225
-55.97167998623411 -12.92279285582736 -0.7269527890160914 -5.584408254821851 57.44412530077309
-81.33723203922858 9.058158883874205 -0.8794654647019824 -4.119189129548899 81.84006081324706
20.131637769441493 -82.23460212275843 -0.3953821313395907 -2.757103663982367 84.66293524379475
-62.31306273706417 -8.922939288966413 3.414707199807283 -4.2334317937523 62.94868251822771
-76.12628203582872 3.015564149766956 0.1835109201168365 -4.874274892883381 76.18598587226347
1.9273310182851209 -67.21350240259542 -2.382236881304671 -2.4417843990395975 67.24112960046543
-55.375567938625466 -16.07963299910111 0.7954311783466024 -4.532190573296285 57.662883345334365
5.17813415703406 -70.54519673555194 -0.6342662552885544 -3.741918557431822 70.73498324564505
-70.2773950772427 -3.9568560400062314 3.282798553008915 -5.641468741640274 70.38869914940283
0.5839400016436294 -69.12427709416693 -2.728256885410148 -4.098548815621348 69.12674352017471
-22.111710034197213 -49.02840988171782 -1.2476634715124166 -1.4863032410785346 53.78394450911708
-77.07195693952357 -0.06949871280535282 0.333262967211414 -6.34484749853507 77.07198827427062
-75.78276176132746 -1.9712761673548034 2.1069298250155963 -4.552312626016268 75.80839603705589
-86.52571261332118 7.569478707848061 10.802426136736516 -13.900347830803966 86.85617967532018
-63.25482897438602 -13.267164494977637 2.3215342420872007 -6.146599768368259 64.63119244448117
1.6960109912539263 -72.11212808436144 -4.388876493032401 -4.844151336612051 72.13206963633412
-76.78664321207057 -2.299523720033798 -1.1631797155305614 -4.782446341770051 76.82106732431306
-81.26654550508931 0.3614503610750329 -1.1995623095317596 -2.768861196301118 81.26734931488988
-62.19168091115399 -17.044943211774203 2.8098013241497983 -4.902578838554785 64.4851553058871
-80.25638352790344 -1.0517051456759303 0.1260387257615618 -5.392369113698773 80.26327417080611
-65.77637189341009 -14.069650744856387 2.1941093682565844 -5.120568023546174 67.26430082022257
-82.54071145240704 0.5686518903231121 0.8023472054459134 -3.178341296566251 82.54267025013075
-27.422001134173378 -49.999246762477526 -1.1693094026459776 0.23968627637851309 57.02535232929561
-33.24909645508425 -45.04663052829514 -2.117376836494508 0.6580388303552857 55.98840343726396
-25.67554700711249 -52.087550918263034 -1.2474974923580318 -1.3913919844124045 58.07190939483043
-3.1552348140744626 -72.31995298807135 -3.399623695302588 -4.564971696737254 72.38874986156782
-8.042594899754123 -68.93755884836607 -2.58180171605951 -3.986634725828002 69.40511760873136
-13.730274131987855 -63.88369295557679 -4.268001899051613 -3.8502200129180073 65.34253321805105
-61.94011259683973 -21.811584355050403 2.1488690795896916 -5.770959538403124 65.66827808223844
-77.78064415971468 -8.229761722934215 -1.8322622052507869 -4.968371848673301 78.21481688713365
-83.16699821972773 -3.771941942917462 2.550037226389148 -5.555239009988254 83.25249028174952
-51.10148212093546 -32.95868493037742 2.70003614686588 -6.4357258945595275 60.80819323965836
-41.25668605476106 -42.2819687286497 6.087700114355288 -7.290172635237248 59.07519784093215
-38.60355716038396 -44.66154991713506 1.6623705754910456 -3.031772188296927 59.03294540460824
-74.85287066180683 -12.881014328246714 -0.2756505218446834 -5.8228671716876725 75.95309584966078
0.4544813511040483 -80.38197543901246 -0.2613006529883685 -7.822860002992097 80.38326025216912
-25.74113092196847 -57.27392707748139 -1.7041273972652784 0.31292532250068206 62.79258337561728
-49.950819658113666 -35.842441304238776 4.27939122237156 -7.072536430748853 61.479793087129366
-72.41680412738785 -16.577420245811215 0.605428533663846 -6.000366797656555 74.29000182202893
-35.31812408785827 -50.104632421430765 -1.4762114543019977 -1.275696865208174 61.30125655026809
-28.998959057848648 -56.331823815283684 -2.337465378408944 -0.26528688924285604 63.357824930172505
-69.34216837939884 -20.659003424948224 1.2103064484290156 -7.482128214283294 72.35420320883112
-37.51588020967224 -49.20313586221946 -1.0411454658684742 -4.928826353341345 61.87398338461775
-44.47373978400142 -44.306281081358144 -70.70747206150573 164.54460825554733 62.77706622012226
-44.162072621779764 -44.738513397644745 -9.104183419553959 34.314147054556784 62.8635284461466
-81.43477674451617 -11.403503441867365 1.671040513108341 -4.750841774205737 82.22933021378832
-44.57409269170125 -44.74748533260947 -65.00597086041378 -126.64880615415515 63.16001228398175
-58.534920219933156 -32.55671506060653 1.5046951420240042 -7.15309576900923 66.9796726793485
6.674858574382181 -91.86472062399261 -1.1154392742507695 -5.345684751428746 92.1068978381528
-83.67013922317102 -12.175468828842202 -0.1487491991201838 -6.354182257319656 84.55137036543648
-64.43879806997916 -29.673190580730417 2.760441257915119 -7.123227444617756 70.94263109936166
-29.159706183253917 -63.855751755939046 -3.465136363698149 -1.2901088846474085 70.1986144439035
-22.596433266663745 -70.04494278594086 -0.28525587840490313 -2.324419423744283 73.59954338602985
-75.40191738871255 -22.86519075210908 0.5323854198878302 -7.258717478681873 78.7925508580906
-21.709365969331728 -72.5757708037364 -4.155977511438578 -4.740552383383507 75.75314553933038
-66.62464751960137 -34.55400282303143 -71.8377426540805 161.0229255900383 75.05213339180766
-67.19710002101621 -34.360950101322175 2.666715522473179 -6.785279402043911 75.47267784653016
-29.17936823986152 -68.86794524540811 -3.329128171476434 -1.5676761703153195 74.79458123123513
-62.54300548061044 -39.24891504234873 3.138170528356136 -7.2849668254679285 73.83836956039744
-6.161396489198568 -89.99569314427242 -1.7643915703032507 -6.117019915197505 90.20636113270459
