m1-67/data/wr124-jwst-2022-f150w-TO-f210m-OFFSETS.ecsv
# %ECSV 1.0
# ---
# datatype:
# - {name: 'RA, arcsec', datatype: float64}
# - {name: 'Dec, arcsec', datatype: float64}
# - {name: 'd RA, mas', datatype: float64}
# - {name: 'd Dec, mas', datatype: float64}
# - {name: 'Radius, arcsec', datatype: float64}
# schema: astropy-2.0
"RA, arcsec" "Dec, arcsec" "d RA, mas" "d Dec, mas" "Radius, arcsec"
[from data line 518]
3.7300767341707712 44.63310962502492 2.591164825036305 -3.092783404929594 44.78870334164548
28.016153367051857 23.700150100838776 3.645027401659816 -2.7700623467710135 36.69607555088684
12.529543355909958 36.932979624222774 2.7881712152442657 -2.520138903005917 39.0004415225451
68.47879859373897 -11.234853497041383 19.559054577056887 -13.509411893542458 69.39429216662064
10.108314017916298 38.75512381792218 -47.2215250408023 165.4172110501356 40.05168702097502
10.678042212848263 38.244332372981354 174.96916515708614 -25.583406175471843 39.70704651379854
67.2547532351081 -10.396031508554202 -24.177890116141004 -29.289035570876823 68.05350321641852
67.42477523237534 -10.862622565828321 -46.02058360204956 162.48841321773796 68.29419360340181
68.00802242429937 -11.371902216875373 167.05460479714253 -24.202533303168522 68.9522390457658
-5.545792799224297 52.11962226118934 3.5688485230455824 -3.8942388159205947 52.41384208171959
26.36020835420135 24.639665932379966 3.046633768962612 -3.1652460496651376 36.08287292372417
-26.963132834206892 70.4596270894566 3.574522122436343 -4.375196025342119 75.44249169752943
73.48974619524996 -16.23312528355149 1.2410291830356772 -2.778177165640868 75.26125923190448
13.31947077572212 35.46001268393143 2.319080118461651 -2.345441400416944 37.87902849261289
35.78514545114843 16.125175383707756 2.5210387582586153 -1.9292585177938941 39.25045112488113
66.22184275794864 -10.035289897433838 -0.08186179830243169 -3.678524252954085 66.97790305871305
9.83994612591701 38.40609657296923 124.98267885767298 228.58117058260694 39.646598752178555
10.327059095923453 37.94671743037184 42.922659778297565 -170.03478739871736 39.3268548464048
20.67191835388974 29.02894702388995 3.025603044492355 -2.626332104921501 35.63717119707563
33.16495085395214 18.28677138596338 3.033922234356044 -2.484009205085217 37.87241700746547
67.16772277571135 -11.462329711635576 -69.5013257289834 113.11019411223532 68.13874067414757
-24.40127467631682 67.44184424247435 3.7509903097886896 -3.852975981360602 71.72046109326317
14.277599977140566 34.162953893882474 2.6780713316523315 -2.834878088208107 37.02644025556159
67.64405447152308 -11.662644455512709 44.171028867319286 -185.07596966934847 68.64208167133484
37.68309900024201 13.915004224146147 4.1176794703637905 -2.996128004592796 40.17017912175618
67.37140261413607 -11.5578701284537 -72.04649148551135 -162.23935208468578 68.35561606295936
77.86602229282504 -20.71196661085481 1.0861168857092591 -2.274730582299958 80.5735872866015
20.89234053119186 28.252654233846805 2.460431096765042 -2.4598303612301384 35.13833179593663
67.85233963780652 -12.192259443967089 -32.27702340630663 163.7318276068685 68.93903958799685
-19.623980636923594 62.9637959593705 3.374088690920215 -3.570616849109604 65.95104400754857
42.59539692511498 9.49459934159244 3.553006158549441 -3.16916043718937 43.640752222957296
-12.994663175768032 57.18876027250607 2.2374642546416315 -3.9075373346158453 58.64653074333918
67.07330278119818 -11.71158340329623 116.01205565528593 -22.91516401346821 68.08809827687749
45.224853710870065 6.945743333608076 2.7797463991596048 -2.208327917098989 45.755117122062856
62.003721577909914 -7.491144569469491 2.187052105446088 -1.9070765075900384 62.45461339872614
76.64086317713574 -20.139711006733787 4.089335174903478 -4.879133916598006 79.24285361672665
10.421196273973102 36.70506557721724 3.745954601172622 -3.369126743183875 38.155775049964525
28.355787478455195 21.28046022275537 2.914680535876497 -2.3016075835635195 35.452907750528425
58.0775802088724 -4.266491697085939 1.6128109358112128 -1.9779089246736057 58.23408172057704
5.3408494912566455 40.89100540163608 3.2310991951671277 -3.127958218912719 41.23831950590113
51.8789339312662 0.7444782947729321 3.355641463589951 -3.2517908279805745 51.88427539991049
24.44840749292513 24.278852449206674 3.449957205919743 -3.3460714646200147 34.45558448832381
-12.229581603377838 55.705218573190464 2.8178142609476526 -3.660949458134056 57.031868624878584
24.13630422549261 24.45367754311278 2.4662950409034905 -2.8009961391696714 34.359038466212795
-8.309623378310748 52.32504637662504 2.967301481065011 -3.695170601879272 52.98075421812529
4.268177467726867 41.26965060757794 3.27708578317892 -3.6936967010343347 41.48977464297572
37.13509758953486 13.029197908520379 3.186858216425601 -2.6639066092451342 39.35448474185293
51.263652743057406 0.8710475912110032 1.8537753409884659 -2.6553868268865726 51.2710524219301
25.236474492858704 22.989613466822515 3.214531038270451 -2.071538170992063 34.137984263049844
-12.443514528422385 55.27377815034118 3.267918995848171 -4.007188191529421 56.65714077789541
50.59954128605623 0.9970595678919603 2.6073741275816036 -2.38146591866655 50.609363818541176
13.10378852523876 33.12682638587254 3.418477237221187 -2.517777100704997 35.62437225605666
58.91337237753263 -6.486797620484726 2.6133323395441455 -2.1999249934083123 59.2694186502015
2.2007461151063903 42.199274148839 3.1553919075732897 -3.146151393712802 42.2566210443481
25.976449669619036 21.6084220182094 4.096446458799128 -2.127622889078649 33.789049070571764
72.77715386097806 -18.779458191013234 2.4838602177261624 -2.7667729573250153 75.16104150041828
73.70615523957558 -19.627885140926217 1.6591256578328264 -3.454638365383249 76.2748397501284
-26.27597457099272 65.90672945807235 2.8255544244704716 -4.421893177258632 70.95155956013535
39.119134022458155 9.681538733175179 2.2269654891769415 -1.7584549873847652 40.29936522815025
15.789921307991488 29.684194431112108 3.564655030398054 -2.997137608065333 33.62250752422977
48.62034158784126 1.4801244747322095 3.408665906667573 -2.3436141984691026 48.642865710644244
5.535007470379691 38.46996738672029 2.9930040103513442 -3.631150932923398 38.866112464155144
70.70235640402043 -17.69884499630126 0.9666402218442868 -0.6914064455350716 72.8839646494324
-24.077131808936585 63.68691482427657 3.076853115907617 -3.7742733745899497 68.08620548654089
9.097245762393944 35.057100625299555 2.894325040620671 -2.806285385066061 36.21822999427778
28.39393260930335 18.465303404595492 4.106049788709903 -3.0573110055282524 33.87008763929933
73.2961680496935 -20.451234231992004 0.818505143305328 -0.8314786881898896 76.09586857897035
61.99425310891943 -10.954132807512051 2.64409141644082 -3.138444400830868 62.95459030514571
63.25348450780184 -12.15855155545499 1.8871652264121315 -2.3560676844965887 64.41144054960743
-8.92427579961525 49.75400919202313 2.1861784019862025 -2.334998327736949 50.54803782228397
-2.3604288353260405 44.07790978939231 2.4598535245737723 -2.4896992581214556 44.141066543567796
-9.250925737421683 49.79783637343682 2.4386081584625043 -3.2529381176652725 50.649818684868514
-30.269249366813074 67.78105128851132 4.456971639518238 -2.925565234935123 74.23273090777818
70.13839802855207 -18.56138686113355 1.113438914000516 -1.7688649008738733 72.55287690331771
1.9404572287491617 40.00722532093906 3.4676146926170457 -3.1103235749591382 40.054256354233544
51.57527174111208 -2.6281497045837945 3.1882256093998076 -1.941933160510601 51.642190367045856
61.890122634437596 -11.64310270933801 1.7172894090980444 -2.9169402614554705 62.975781982759486
-27.77895590267772 65.3726880639929 4.583654599352748 -3.014083145408297 71.0299845833762
-0.3624192685105691 41.79503666682207 2.8422005901957097 -3.2837588069950145 41.796607968894165
64.27254590964004 -13.814333143500226 2.37917739634549 -2.8666649397223236 65.74036774862675
51.38673984880136 -2.780008593248414 1.7675603912823834 -2.4103820842197003 51.46188375789811
24.224943216387263 20.30564581189922 2.6363395281212227 -2.5815315877337475 31.60960492916654
8.91570567173996 33.36633953259345 2.719753442197096 -2.7907882494250424 34.536971794526885
17.638330765938303 25.86204723947551 2.492810497066413 -2.042087897435698 31.304252075310032
68.6001143071345 -17.962995722705337 2.03764548185658 -2.541284058744726 70.91293877979948
12.244001466446381 30.37411231985874 2.734705031288044 -2.5369820888270094 32.74908044584531
42.928692227408526 3.9488737402840903 3.2794397765819867 -2.819218362611771 43.109931801693286
35.508440571592935 10.27158298752288 3.707403389217412 -1.9680962544703609 36.964236335334064
-25.851369013709224 62.811775492827806 4.164456772258277 -3.9663513770023484 67.92357764273224
37.26343121466126 8.436765633900915 2.587280814353724 -1.95212140206063 38.20657429654519
21.491631973557855 21.948695592341252 3.7976703210599125 -2.138825588899881 30.718650382996366
30.645293946957917 13.965104896237609 2.7672236521011535 -2.642155599822828 33.67726524565196
2.041625755921945 38.46690924376205 2.9504703635406013 -2.9071518194455663 38.52105064047618
16.468365454970915 25.9912516217822 2.2166705336562393 -3.0659656459497513 30.769338962538942
30.15551010949939 13.920004762070166 3.6326854729516707 -2.248816273871826 33.21327025699064
-7.313297369024021 45.85209839276754 2.767365483212176 -3.122460125073726 46.431662091156895
70.78202651286887 -21.393615300876736 2.110230733158427 -2.905778575522967 73.94445236080243
31.004926489806255 12.756791205747033 3.491335238898076 -2.895089694310526 33.52672347969469
68.93650042103208 -19.827492432151846 2.0818252489149294 -2.550752793942492 71.7312381867518
-3.4155324174768933 42.30097158281969 3.1995772049801197 -3.660625228573162 42.438638743265486
26.619839459774248 16.46900063381853 3.3935933827098608 -1.7866242581931797 31.30245730344521
61.85748081028081 -13.932485136085006 1.593078377634189 -2.831140694735231 63.40711370540202
50.58163997686337 -4.321819323072583 2.0423885858030624 -2.7165410425299403 50.76593764169391
56.29424239200922 -9.224860851419766 1.9405408637932375 -2.125289643069881 57.045067991130516
3.5352892655813 36.06574370662564 3.1944741589325574 -2.7363236944431972 36.23860012716424
25.057067455389983 17.566853125268068 3.085310404183353 -2.4542538807126877 30.60148618411172
63.74551127768218 -16.21331123621228 2.0541202983789084 -2.4533870014509267 65.7750838914948
65.28402121857603 -17.503929795882662 1.3870604391528163 -1.7227031393602226 67.58987331362991
23.066262530271224 18.598429138838735 2.349140276100405 -1.9988382479717302 29.630289099335887
55.46238267438698 -9.372053302384746 2.9004747995805706 -2.4174200652354956 56.24865574310625
49.619963619803016 -4.525778300667474 2.6900291931160267 -2.982322319736926 49.825931586507195
-24.277135286109278 58.96267955141572 2.488344105193884 -4.057689307200514 63.76501283242667
-24.49616984390537 58.981899490458225 2.813343094426436 -3.997028666571501 63.86647624667156
-1.0871843531606937 38.88668089356903 1.983166957878574 -3.4623785861560528 38.90187554247539
-0.6257319215411923 38.16869123040111 2.2366984445020934 -2.867641853453845 38.17381996440616
0.43570388749847394 37.2045965871601 3.6199359816055336 -2.9648074656504244 37.20714776879368
-6.258748609019891 42.75597727715921 2.5972392544669076 -2.5818824499873227 43.21163647112665
56.59499173711876 -11.319730194943606 3.1330598680606654 -3.882714714687691 57.715936951528846
35.22447117861649 6.930663845204148 3.0331863774082746 -3.6727487714913245 35.89982549658673
-32.19074685983108 64.8365394826831 3.926154983699274 -3.557968587185648 72.38798934462046
55.47483101876048 -10.572031261156287 1.1458991283796776 -0.7168725667363761 56.47322125439874
20.615361756071177 19.289763778096496 2.7516311265363504 -2.4891437500741223 28.23274917021965
60.774041497275576 -15.243792698629901 2.3413441678929607 -2.5884791137744023 62.65666228769767
30.43218816162798 10.714064661304661 3.166052713393446 -2.0898803560511947 32.263125345184235
-24.366874878270703 57.54304533261535 2.576565621048514 -2.4313816303485263 62.48957226671573
-23.80325763740532 57.07435423083626 -13.467988633076544 -277.18995366664444 61.839121683239604
41.8569981970895 0.47144292913658575 2.389515438204351 -1.7416306482584931 41.85965308626744
15.718187019131667 22.832013167629015 1.6093502658622876 -3.337289442983523 27.719347529244793
9.460578225368902 28.06909943621526 2.660824453292183 -2.58101525012565 29.620548323185485
0.1558398708731266 36.005956550158295 3.1981048842347484 -3.211074238420462 36.006293799225666
10.37874857284341 27.246840735869842 2.7744170897242264 -2.658185526717423 29.156624485645644
55.16335972309945 -11.28208345543017 2.75276851197377 -2.46770711176542 56.30525428418607
12.049365003207551 25.661342488127286 2.5869505849944785 -2.7560976329088485 28.349456688391403
-4.224586391803227 39.60669298186859 2.8174531967468814 -2.3774220545779 39.831360244437604
25.733658676747226 13.81408344337664 3.8289679485585806 -2.495213061356131 29.207021232608646
72.3099304144985 -26.23884389154502 4.074304122834368 -1.7440884587830283 76.92335755227526
52.0710008473101 -8.912082879920117 1.755677401348112 -2.263606566857102 52.828158673293046
-14.891922909842354 48.53782568319617 3.6130539151968906 -3.9157076058204616 50.77095514080496
65.44184761427879 -20.594411148723445 1.7658966494896193 -2.0016812707404 68.6058683751908
43.681965825990304 -1.9678410012088625 2.2300263824857347 -2.595320486894231 43.72626826719322
15.708142243177438 21.97194895445962 3.2590034328983797 -2.6282604217915533 27.00948486466055
61.26098266142157 -17.331791952346286 0.8383325418062875 -1.8617628816932996 63.66552442334339
48.71372281165465 -6.606408385387641 2.6850709437286717 -1.9899764313071682 49.15965236977161
-14.7748844649161 47.82144510831925 3.4391861709798794 -3.7481396842221093 50.051851307277836
16.20990283424041 21.164994760347284 3.245389718689751 -2.737242842940593 26.659293917470485
12.050915039045163 24.686455068524168 2.737139220469071 -1.8765031725423174 27.470813901996163
-4.194978233507453 38.545798583150585 2.6879048522998468 -2.5894676149027394 38.77339849157641
-34.79304529366721 64.74150450214337 3.180413345246804 -3.91274490768468 73.498424243307
61.48720850291083 -18.021312060903774 1.9141681661910814 -2.4620700149646275 64.07374258042238
65.97169216518726 -22.012384217998626 2.603794515065366 -2.187556741157402 69.54717254912477
10.23995923837232 25.853806300268257 2.6755259973518495 -2.0016032161118513 27.80784178726025
22.977183820997926 14.81336911109092 2.864228426191936 -2.9253263422007763 27.338377418181615
-25.40426967398275 56.11545631265117 3.465634667561204 -2.9191436186999358 61.59806278548612
41.34736380656104 -1.2626489721585308 3.3942749323225554 -2.3099055107830515 41.36663844402758
18.597208468676946 18.258406708824868 4.635978027823025 -2.637923051236033 26.061956516492504
26.299274482500007 11.466460057762939 2.848682547914313 -2.4354557796788527 28.69026914914261
-33.97727810264662 63.02855314836069 4.324426246944863 -4.560053751338821 71.60344896240456
3.194844250410584 31.00624827113998 2.7601558552935526 -2.7399039825092486 31.170410031952
6.9904480633016295 27.765789127962005 3.0616898850748324 -2.0952474962761767 28.632244231455058
9.950570618915 24.921325941614935 3.0867132577978156 -2.3446959827218024 26.834424567112677
27.56913111086929 9.604832171158737 3.0198699394679487 -3.68035107705203 29.194345183574875
-6.539235656068183 38.88944221496858 3.3333936273541855 -3.6807814480837537 39.43539423222156
20.27748077722197 15.845716459307694 4.617719038441029 -2.5482648928262264 25.734470190222197
56.69179584526317 -15.463261051969745 2.67564567271896 -1.9125772463783042 58.762846701916814
52.45163625004539 -11.86921602094837 1.9561951735410612 -1.6993834460190291 53.77780612138802
30.003032986949297 7.368860463621733 3.366942026534288 -2.6992505740317716 30.89469359890406
42.802629751830786 -3.821277565363718 2.512387587186163 -1.8596259573305771 42.97286673822912
-0.32792990052826737 33.15544577053306 3.2590925711238823 -2.1637376104034654 33.15706745568185
53.77214569456243 -13.40358382186882 2.523146897329249 -1.826138254583794 55.41750362302959
-35.35710378150412 62.8659475814853 4.912857500729966 -4.484545831090193 72.12663942281186
