m1-67/data/wr124-jwst-nircam-2022-f150w_BGSUB-sources-fwhm5.0-thresh30.ecsv
# %ECSV 1.0
# ---
# datatype:
# - {name: id, datatype: int64, format: '%.8g'}
# - {name: xcentroid, datatype: float64, format: '%.8g'}
# - {name: ycentroid, datatype: float64, format: '%.8g'}
# - {name: sharpness, datatype: float64, format: '%.8g'}
# - {name: roundness1, datatype: float64, format: '%.8g'}
# - {name: roundness2, datatype: float64, format: '%.8g'}
# - {name: npix, datatype: int64, format: '%.8g'}
# - {name: sky, datatype: float64, format: '%.8g'}
# - {name: peak, datatype: float64, format: '%.8g'}
# - {name: flux, datatype: float64, format: '%.8g'}
# - {name: mag, datatype: float64, format: '%.8g'}
# meta:
#   version: {Python: 3.9.9, astropy: '5.3', bottleneck: 1.3.4, gwcs: 0.18.3, matplotlib: 3.5.3, numpy: 1.22.3, photutils: 1.3.0, scipy: 1.8.0,
#     skimage: 0.19.2, sklearn: 0.24.2}
# schema: astropy-2.0
id xcentroid ycentroid sharpness roundness1 roundness2 npix sky peak flux mag
[from data line 1357]
1358 1448.4641127686532 2644.315421284282 0.8275914874689579 0.09182025330971769 -0.067408551758657 49 0.0 43.77880305063965 1.8205908312618848 -0.650530878089442
1359 3280.9680019139187 2648.1879701016155 0.9818992223127256 -0.06995083844626485 0.013083773744658718 49 0.0 37.433387960041266 1.5388980848842877 -0.4680246479575711
1360 814.2619967301016 2648.5006590455178 0.8348860869416419 -0.1960495993596264 -0.02095914118544111 49 0.0 120.1366881969031 4.992563433931409 -1.7458089789651934
1361 3285.3484030824097 2657.5005994999883 0.8408280271697799 0.1972322364954702 0.020139329049747936 49 0.0 209.55319911621916 8.659452495696236 -2.3437260852354314
1362 1201.6998627960556 2660.362151012798 0.9344327210902693 -0.09141476140601447 0.018431410142361233 49 0.0 58.77367391187427 2.212723063875212 -0.8623176566472152
1363 1664.8176960777337 2662.437854193537 0.9459545260512032 -0.05968253385002451 0.030626804199161868 49 0.0 51.896403682932295 1.9352896878484838 -0.716864956226535
1364 1942.100037269431 2664.4344086686992 0.9362092759903211 0.09628244254092604 0.06530457704502012 49 0.0 444.80256154340054 16.873741587128865 -3.068028484551037
1365 195.86206017820732 2666.7193685056563 0.9447391339842491 0.014551581761389928 -0.034590082797638005 49 0.0 27.067109095595544 1.0176867901653437 -0.01903534325152268
1366 1446.1127282834946 2668.3930556527534 0.8978530974884649 0.15122720063702821 0.16136284315218843 49 0.0 26.0239453729675 1.0101817805497273 -0.010998828481631974
1367 2495.489745018026 2669.746905722949 0.8908366990242389 -0.21746368142704095 -0.183214707140883 49 0.0 29.62348684034254 1.1719541578856392 -0.1722765604195994
1368 3080.586223705697 2670.932214986289 0.9952692383110522 -0.020635941991082405 -0.09844450198936024 49 0.0 34.51133288613379 1.2547366017803472 -0.246381417332877
1369 3881.8935909339184 2673.4358340325193 0.9486229564194459 -0.017170958010803938 0.06969837669576232 49 0.0 29.784687654816707 1.122694549928824 -0.12565403596876312
1370 4424.601774906788 2672.6388855234836 0.9029859350772639 0.06996072484687878 -0.10908686259483528 49 0.0 464.2225869258887 18.208432905841516 -3.150681425493394
1371 1706.1248052653154 2674.364301727034 0.9778553521794636 0.07608121389096435 0.03539380320489847 49 0.0 72.20634067825164 2.6513157720981955 -1.0586536383754328
1372 4358.279974829 2675.1309386445105 0.995601371909556 0.01515417947982119 -0.02343135141180235 49 0.0 112.29392911037111 4.084362011726449 -1.5278105705153286
1373 2745.250812408641 2675.6190703807224 0.960938144888672 -0.12367963289260872 -0.03615235653958927 49 0.0 556.4327807455525 20.569559407508002 -3.2830624734106895
1374 327.7557934355632 2677.389979645508 0.9362387720708142 -0.12195996983124378 -0.0013592121405974595 49 0.0 462.5778079850922 17.58741109338268 -3.1130047875852003
1375 4064.48703969369 2678.145243670386 0.8857249561504565 -0.008322753307040897 -0.09929075153973084 49 0.0 161.39275308971315 6.430531384312257 -2.0206171553817946
1376 4552.01474665612 2679.781281734442 0.9357413621212038 -0.031999280086920885 -0.01173822957317652 49 0.0 357.93074356022197 13.597746368589606 -2.833667340633755
1377 528.5068200311234 2681.364643405547 0.7996953705755655 0.09837023254476997 -0.07345399408696326 49 0.0 29.308712163881484 1.2516426721292462 -0.24370090271293332
1378 2735.6298325613425 2680.6356030509664 0.9583534704900806 0.14751413824025952 -0.04333006911518006 49 0.0 88.76137992201791 3.2774005393979824 -1.2888238021287621
1379 3578.968715815427 2682.306698517299 0.601391276534428 0.8572618357058741 -0.7451334951406434 49 0.0 30.47386608176852 1.1117489464091133 -0.11501681636398871
1380 1809.4268366538358 2683.426332371161 0.8147576271957674 0.1635910854081883 -0.04236432864641126 49 0.0 192.48719931451387 8.07666073997334 -2.268079601826341
1381 4213.265578677104 2687.392326239024 0.9750523672166379 0.10357224045174374 0.022181101338582365 49 0.0 157.72136881860064 5.819710535788266 -1.9122534599768692
1382 2882.31069729523 2688.4366263594807 0.8586680211891754 0.1398358939884719 0.030386521063965447 49 0.0 46.255195495639704 1.8202326844819054 -0.6503172709617062
1383 3626.250854506496 2690.6051440572123 0.7472950726679178 0.26151450544353316 0.8645434276972918 49 0.0 160.15422006219666 4.927141962413579 -1.7314876887219066
1384 4327.450959892938 2689.257740299899 0.893461878994757 0.04852077755399263 -0.10115390123067522 49 0.0 399.8619913090978 15.790042888300032 -2.995958274059169
1385 3593.0092811298878 2690.357646649581 0.601679453518087 0.9096657166767076 -0.5808534967504586 49 0.0 118.97227702761829 4.5901396761164746 -1.6545647528647711
1386 3602.0367980519136 2691.293371194204 0.5797211289164326 0.613115498852652 -0.015788300592556506 49 0.0 61.45596147689292 2.3711247922362624 -0.9373860287174927
1387 3609.4855191309325 2690.5576424915184 0.43894750118885345 0.7217124889297293 -0.21153656419465977 49 0.0 99.24225324034113 4.20920447360848 -1.5605000582539528
1388 1816.9637198531334 2691.3581521547267 0.9745487357017311 0.02060901552417924 0.016396761908233658 49 0.0 150.11439441840713 5.505562632267497 -1.8520042690338707
1389 3365.542753811885 2690.653698024849 0.8911886254549337 -0.3653542850622382 -0.12688452903107994 49 0.0 52.46463843575145 2.0275500903743082 -0.7674289805180232
1390 3636.1488571686905 2691.33217202586 0.7577877098549308 0.05911124311801826 -0.0014894667526162719 49 0.0 120.12909432916133 3.7701297202487623 -1.4408907334846526
1391 4384.639719083503 2692.997237213102 0.9956714603291414 -0.06011094806112694 -0.1153428143447898 49 0.0 264.0415389587334 9.584460241488305 -2.4539191504312132
1392 4526.084747017203 2694.538535477462 0.6734583264054657 0.08694292950029481 -0.08220489361753576 49 0.0 44.67757903978162 2.154812072953216 -0.8335235003506019
1393 1358.3534090472622 2695.5000149204625 0.8316176303864133 0.1808410824389926 0.04980426192430315 49 0.0 43.868320085372474 1.811014448103736 -0.6448047877215028
1394 4256.461504934745 2695.2146063761875 0.8515404207324995 -0.1449758989667308 -0.11127277337678639 49 0.0 463.3075569748431 19.001365726109555 -3.1969620426448486
1395 3606.8372521315773 2698.040608116975 0.6955435661372354 0.27474004078827624 -0.003782977250748587 49 0.0 534.0041702515084 19.720572603662298 -3.237298802248341
1396 3631.4101079576863 2698.332306311344 0.7208074956342315 -0.2621955556331917 -0.22689145787019066 49 0.0 505.64743999157633 17.002927229404 -3.0763092402308603
1397 4031.5094237915537 2701.5515245675947 0.8106120903384476 -0.27618398116251036 -0.04891076773587855 49 0.0 29.276802177823075 1.241930231516432 -0.23524299741440913
1398 3627.016642948043 2704.0988200661577 0.9891379342662449 -0.7812054219163334 -0.7453302784418164 49 0.0 671.4250211057179 13.158632870796769 -2.798026925415326
1399 4127.23808196381 2706.5980306700662 0.9143202203500163 -0.1323398784636751 -0.0008221904799939839 49 0.0 93.1733341526938 3.612579102905175 -1.394543413514695
1400 3997.9045050729665 2708.652203246665 0.9932139479481384 0.016663090057545796 0.017483098701260722 49 0.0 43.759270762002224 1.5888759047321301 -0.5027249475580388
1401 1391.0396102593822 2710.294778552731 0.9751268637441353 0.14586975053014503 0.035246592654281844 49 0.0 34.62087051771957 1.271638938979814 -0.26090954504995134
1402 2871.2227320326806 2711.213565786483 0.9938643040595743 -0.13764884133591224 -0.11384237632947986 49 0.0 105.60868241049805 3.78083897313677 -1.4439704526186168
1403 3607.4632056142086 2711.6555923636834 0.6457573934300271 -0.6034138797345993 0.2864570645107615 49 0.0 315.5631682116864 10.446182920762947 -2.5473940660017256
1404 73.55950997351894 2713.27114352379 0.8398239362066509 -0.14527420722668588 -0.042603842087689345 49 0.0 34.30764003085003 1.4050504587389196 -0.36922980269950934
1405 2117.183988971333 2712.738231277294 0.9327846854880295 -0.057254255226199195 -0.06554268797673238 49 0.0 75.07384656588641 2.8355502835974793 -1.1315933828861895
1406 3629.1167710844084 2713.1068349433685 0.8205679516449572 -0.302472911337874 -0.29590246994866215 49 0.0 498.2109367760378 15.20043604159826 -2.954640115872429
1407 3735.447643574524 2714.1215465536143 0.9308681446789698 -0.03828486406931254 -0.10438687793264723 49 0.0 82.57831746404189 3.1561771459789822 -1.2479034269027949
1408 1385.683822283184 2715.335153017556 0.9058262735188449 -0.017990759517380633 0.02294679197418274 49 0.0 45.720740085762 1.7767222716604105 -0.6240488659230784
1409 3634.27046599262 2714.6848825948437 0.5164621217992097 0.9605265094986096 -0.1633785472952482 49 0.0 170.13234265325255 6.430341922818812 -2.0205851660762564
1410 4014.5078893928044 2714.803899943515 0.8583232125334305 -0.19151979646285258 -0.09327340614432957 49 0.0 83.94380510988499 3.414061527605125 -1.333178359066447
1411 2930.236655195058 2715.91613914156 0.9637535556919093 -0.0701331890533156 -0.056446784600405295 49 0.0 122.29850299160016 4.513276384921254 -1.636229824366962
1412 3619.6293199021065 2717.102325590176 0.28112362504626404 -0.1923031802368469 0.6702749789822434 49 0.0 244.2306272912839 9.306118071458403 -2.4219213958685675
1413 3612.814498593784 2717.8672743149814 0.685672399818093 0.012748419122803374 0.3150048557916716 49 0.0 259.2223740295999 7.402932533268661 -2.173509478628189
1414 1416.1737291228112 2721.4592239284925 0.9044912775161604 0.11291960339169323 0.07268127906978954 49 0.0 39.82035156430372 1.5512083575857167 -0.47667533991163547
1415 3639.9624428272527 2720.8976415614466 0.9846888384793265 -0.03067360828782076 -0.22123105432336185 49 0.0 298.419855891016 9.843620215979508 -2.482887123790298
1416 3644.2874538595293 2721.446783943862 0.7115631759413313 0.5941693224151431 -0.9743352322801101 49 0.0 77.70285103403238 2.466025044472804 -0.9799937072319159
1417 1151.3606713004594 2721.8868836914653 0.9508744583184504 -0.11106565873476104 -0.09242271744790045 49 0.0 47.7964034240325 1.79809626877745 -0.6370323495825609
1418 2908.8449602057153 2724.5122601449607 0.9560276159464794 -0.03166310356124046 0.08982214148248346 49 0.0 33.186057376288076 1.2383990976834676 -0.232151567263319
1419 4169.875950812797 2724.7586650987587 0.9962518582982022 0.007797644795621539 -0.019155982122114217 49 0.0 396.9523117739551 14.402709740620914 -2.8961105209824884
1420 4184.2667570722815 2725.3946224355473 0.9261202523183352 0.11821072030019389 0.01324549742577631 49 0.0 30.799012168955183 1.1785491025156807 -0.17836920369596704
1421 4562.67269654562 2725.5005737932024 0.8965601275755497 -0.15693373447734224 -0.03826807211759512 49 0.0 34.480221295917275 1.358671351864126 -0.33278604556017505
1422 1698.5076053907048 2725.978546654414 0.9637387011362187 -0.01563901494349567 -0.07511264514069403 49 0.0 67.84922259208028 2.5229090493370943 -1.0047539862988994
1423 3615.3383386733403 2726.4649155271827 0.5494538538692865 -0.5159485360286077 0.7971652280996288 49 0.0 63.017197225348525 2.9983884526951634 -1.1922197416721354
1424 3658.577643054357 2728.85532463267 0.5587448803181353 0.7685397425581921 -0.8957416658647359 49 0.0 29.98391577569647 1.0715978713448706 -0.07507960560261842
1425 2715.4503173702306 2730.3441551507117 0.8373645639185224 0.12305138472103536 -0.06690101766152587 49 0.0 44.61068234553361 1.822523817718154 -0.651683031550443
1426 3122.5832381170217 2730.9901985516203 0.6926326536163742 0.6083802077667869 0.5350759475238318 49 0.0 89.64486858745437 3.8791994118712294 -1.4718552631592794
1427 1533.365390197473 2737.59745006958 0.8996089035847494 -0.1585961042034769 -0.02501242320739904 49 0.0 87.83144475702281 3.4184775476593154 -1.334581829567993
1428 116.89199259996111 2739.0918385299324 0.9650789304744504 -0.08842029411687878 -0.0687638484976873 49 0.0 27.147275940340272 1.0064271366694115 -0.006955845756997178
1429 254.324711565824 2740.0434903355917 0.928061048310042 -0.09101505287472784 -0.11506752409499729 49 0.0 92.03095441117758 3.5125839826317256 -1.3640667915408553
1430 1142.4818841220954 2743.544103184579 0.8288642932326993 -0.25719392838254024 -0.07880192853819315 49 0.0 224.90509822226352 9.380092072085569 -2.4305177532510864
1431 4263.379053564054 2743.8317692246264 0.9697362831900508 -0.14118166859597514 -0.09149152446377257 49 0.0 119.66594628699903 4.430948276940902 -1.6162417012072967
1432 2356.64699343332 2749.7510523090014 0.9953761574112618 0.06850480914586231 -0.061207702080892726 49 0.0 45.480407588261905 1.6386127773835761 -0.5361908425685805
1433 2509.184898669622 2750.138060809494 0.9871303421030925 -0.0008236805551302148 -0.06717382241180204 49 0.0 124.90426860354522 4.539780470396885 -1.6425871306006925
1434 391.3711224011866 2750.518397701069 0.7678171455507811 -0.2209064050116872 -0.005830901850360385 49 0.0 38.845912206054514 1.7023977382961535 -0.5776525840941396
1435 656.3083477289164 2751.385184325527 0.8524550895368199 0.0704647205454112 -0.0019244858468825908 49 0.0 68.8298744796862 2.799315948781468 -1.1176297962445338
1436 1945.1845060583207 2752.285656259116 0.9343224051999438 0.08067944379447747 0.0017927445695936827 49 0.0 40.04408434507163 1.518604248890412 -0.4536115266314447
1437 3241.1186889009978 2756.87587781874 0.949014694304438 -0.04528152044673664 0.0664609917409119 49 0.0 154.4106315412584 5.647211092737637 -1.8795850549175797
1438 627.50510010855 2759.070952340665 0.9137649023427827 -0.0861819548085559 -0.09080011904279939 49 0.0 144.16836122216318 5.57779067097797 -1.8661555289730525
1439 3207.1993922126862 2759.5999558094513 0.9361800562373112 -0.13485966753836198 -0.00852476217101126 49 0.0 75.96046004278695 2.8751091168625384 -1.1466358294789187
1440 1984.5551963935004 2761.440403822667 0.9048908869759008 0.45281520862872043 -0.07037161911007862 49 0.0 36.40522961205217 1.3716561623106749 -0.3431131473668669
1441 3345.298795926695 2763.6734879866826 0.8933057217823122 -0.16308689516871108 -0.047880508098004745 49 0.0 105.12602485841383 4.124987414824508 -1.538556569681158
1442 4267.609691306756 2764.227979734806 0.9823078115551193 -0.11481750109311281 -0.06745853743513848 49 0.0 333.9346337423484 12.262534230156197 -2.721450581744161
1443 2747.1513748543275 2765.262986080275 0.9584057641366578 0.031165651902454176 -0.031587557187622094 49 0.0 32.21186180158822 1.1972697873016844 -0.1954800584188336
1444 3531.457448551686 2772.256863759644 0.8457047035031608 0.01633761281729557 -0.08408838108761457 49 0.0 78.14371052745659 3.1914137398918974 -1.2599577761561132
1445 832.7780817197068 2776.52522082428 0.9065940796787499 -0.10323283194092392 0.06395405161884699 49 0.0 36.268544747049084 1.4107438010214044 -0.37362037650970303
1446 1064.858256997694 2780.5176971734495 0.9503413974524942 0.08022972583929529 0.05660569636184296 49 0.0 63.64478977367558 2.374895128009049 -0.9391110913942452
1447 2721.72229182917 2782.302823978408 0.9655971074695487 -0.0841818616178778 -0.00629695247650528 49 0.0 64.20631441473961 2.3685031646876653 -0.9361849233729129
1448 3805.7313375351205 2781.5034711888115 0.9016157729000109 0.11433078484604545 0.025587353121482796 49 0.0 183.64163507772216 7.1700080744133 -2.1387991118581913
1449 1335.7021051317872 2785.5003359904144 0.9302420073166197 0.16511963573830407 0.05227290418874031 49 0.0 46.962356207359186 1.7910727705661347 -0.6327830785439671
1450 1490.3120254385187 2789.9431949157633 0.9605006972098081 -0.05451952878548828 -0.06087038956073088 49 0.0 350.34610916578265 13.012595933091827 -2.785909860726613
1451 1911.469175629125 2794.502611460587 0.7782962703670273 0.2137984073421732 -0.02498420671270103 49 0.0 32.48769859966859 1.403315516538469 -0.36788831813773226
1452 186.5446267336346 2795.1641174430674 0.9214711403588777 -0.12814844331579456 -0.07593451230889887 49 0.0 103.27405083415427 3.9575677221849426 -1.4935708881913703
1453 1027.1008062680198 2797.4124219164883 0.897480456047585 0.05523154416890337 0.060840403283136134 49 0.0 41.471317768946314 1.6300442420272152 -0.5304984800398562
