m1-67/data/wr124-jwst-miri-2022-f770w_BGSUB-sources-fwhm5.0-thresh30.ecsv
# %ECSV 1.0
# ---
# datatype:
# - {name: id, datatype: int64, format: '%.8g'}
# - {name: xcentroid, datatype: float64, format: '%.8g'}
# - {name: ycentroid, datatype: float64, format: '%.8g'}
# - {name: sharpness, datatype: float64, format: '%.8g'}
# - {name: roundness1, datatype: float64, format: '%.8g'}
# - {name: roundness2, datatype: float64, format: '%.8g'}
# - {name: npix, datatype: int64, format: '%.8g'}
# - {name: sky, datatype: float64, format: '%.8g'}
# - {name: peak, datatype: float64, format: '%.8g'}
# - {name: flux, datatype: float64, format: '%.8g'}
# - {name: mag, datatype: float64, format: '%.8g'}
# meta:
#   version: {Python: 3.9.9, astropy: '5.3', bottleneck: 1.3.4, gwcs: 0.18.3, matplotlib: 3.5.3, numpy: 1.22.3, photutils: 1.3.0, scipy: 1.8.0,
#     skimage: 0.19.2, sklearn: 0.24.2}
# schema: astropy-2.0
id xcentroid ycentroid sharpness roundness1 roundness2 npix sky peak flux mag
1 1312.777177190909 57.9796221260652 0.6107799660600646 -0.05665822631421197 -0.046556443484439956 49 0.0 54.168679102881825 2.8186865932915826 -1.125116974557701
2 750.297028018877 62.2975380639531 0.7264811739255738 0.0900502883997914 -0.012097674979773975 49 0.0 21.892097669367182 1.0102691598790212 -0.011092739102793518
3 403.90695371737684 67.5131198519472 0.777514874723945 0.08829870971556733 0.13289062812902472 49 0.0 25.793192529568863 1.1263928401119991 -0.12922470306191483
4 1393.537562790475 93.30356275138699 0.6413616213841402 -0.21110059793624125 -0.06364809476778698 49 0.0 39.452298843529064 1.9380941699742245 -0.7184371878582894
5 587.6922418688246 104.2585476322315 0.7140154022163127 -0.10323473333647454 -0.007162484676219606 49 0.0 93.1022155446012 4.233745832763151 -1.5668119554521427
6 1165.7215277749876 108.5541821465261 0.6097913551682719 0.151198381741097 0.06983449152277911 49 0.0 237.2742489587159 12.223961415956005 -2.7180299260371843
7 921.9025605699754 111.5087480735034 0.6825132949788557 -0.015953509243718796 0.09039939806472148 49 0.0 30.183436904066905 1.4295022022518495 -0.3879620718916985
8 880.0076763574245 131.35767555710984 0.6390950885306779 0.02597083570462219 0.0395705485030374 49 0.0 129.50693461713576 6.412546510384744 -2.01757632020424
9 1257.3707806396399 146.93312458790416 0.7232510875817492 -0.06692493858410527 -0.07912433446749188 49 0.0 32.54808165821687 1.4922514534922293 -0.4346050264454622
10 806.2172260464622 153.86055457248222 0.6145365794239395 -0.11492040578653959 -0.06445154507839425 49 0.0 321.77119477275824 16.727558509412365 -3.058581394057716
11 1351.1084831065634 167.81316454631173 0.7438856573855136 -0.047572010513143304 -0.014646565451377986 49 0.0 23.17915858974324 1.0522172898464144 -0.055263584422661736
12 1179.9512189427417 175.088405333926 0.8244249144197741 -0.056584913042632363 0.03752475423233765 49 0.0 72.43848580998014 2.9843911498913074 -1.187139358585528
13 912.198021364814 181.2657717987776 0.7547253191403932 0.11635630368874054 0.0048552024928429395 49 0.0 40.19180565142738 1.7602033290214163 -0.6139070950631873
14 902.5136301488392 205.29788144897805 0.660816231720642 -0.1985326588920122 -0.0759383398291168 49 0.0 29.40018218038221 1.4240925888856126 -0.3838455658344387
15 1634.2129499454463 261.6237881482415 0.5102703196324292 -0.09336058011886599 0.01789546647649959 49 0.0 17.408487525516453 1.0070623592961296 -0.007640909402149262
16 877.2730219793027 274.14247515673077 0.6213404617762909 0.03419314362306725 -0.04979979588295651 49 0.0 170.13145045436065 8.641509409552611 -2.3414740179408238
17 1560.8387245693289 277.5899734683874 0.5818848915777189 0.11609903106307448 0.05388673305502021 49 0.0 571.6525233173967 30.48691510216188 -3.710283703428268
18 1595.8040661374635 298.74198085788737 0.6968867670858481 0.06322574525828002 -0.009003426592479002 49 0.0 69.58686301414086 3.290235239401093 -1.293067373690736
19 724.6127259907198 335.31580208888136 0.6087361935230581 -0.14223496035884056 -0.023666232798538495 49 0.0 39.862887345731 2.050501645319341 -0.7796503052521557
20 971.3736053074915 347.0875694855389 0.7325784820083682 -0.009041564631486322 -0.056780650580605725 49 0.0 27.600077717693548 1.2868215452716383 -0.2737958092239039
21 537.7437174381888 347.76444424258347 0.5407987928217148 0.07108142257973309 -0.006999275117892639 49 0.0 70.2372152555255 3.9665448391522213 -1.496030920150799
22 1011.2551054364748 382.17983935576973 0.7786500769735784 -0.2671245063498428 -0.31699599901978565 49 0.0 31.770036950174486 1.2584553122920732 -0.24959449593753402
23 1713.9327316550682 385.11346650963634 0.7124019858467636 -0.07222005889150575 -0.10132378117517228 49 0.0 32.590624264715494 1.5212313005215163 -0.45548813194865895
24 907.2127767843411 389.94842413633796 0.6393478485977707 -0.03660245393430768 -0.04357309155427942 49 0.0 199.59307726036604 10.127897764176904 -2.513798271800221
25 1720.0695814274845 424.05121645794543 0.7695417226182755 0.0024486076504568522 -0.038841149062338355 49 0.0 38.33771830605158 1.7021218931857873 -0.5774766444278701
26 1140.364251789629 441.13060623232496 0.5182979339754423 -0.06265798925849884 0.5945851005917933 49 0.0 51.15396594432027 1.3776918930467732 -0.3478802570802453
27 1138.3047464801282 446.56719693736653 0.6046103790625805 -0.2565477432461923 0.202306800856141 49 0.0 37.87319910911573 1.3765670232447509 -0.34699340368358356
28 926.2892252499429 463.7607339938261 0.48552345318291457 0.7532872776062652 -0.46779019627460244 49 0.0 66.68535685286778 2.1080167713326037 -0.8096851544777305
29 1151.366377366539 470.5467364283566 0.5108351578556346 0.3916053683081922 0.5655817625570039 49 0.0 69.87712816119058 2.715250243606163 -1.0845246533287975
30 1111.8841752226658 477.9064930752658 0.5902242621487958 -0.2870979813703049 0.5709135717765919 49 0.0 39.62327708998842 1.6288554870944403 -0.5297063879636195
31 1104.8684315148562 480.7145147742654 0.5518616038772355 -0.04007655653048627 0.6620299502010668 49 0.0 28.674590316454427 1.1846563131753927 -0.18398093295217932
32 904.2159703444779 485.23597761415925 0.5218345764011543 0.7174369312109314 -0.41868792516884584 49 0.0 96.34848721820585 2.9313556567241656 -1.167671284736655
33 1063.59848038624 486.3712516950606 0.5053070028377734 0.32184589457610663 0.2859501543767046 49 0.0 37.63343735131842 1.4828692112313786 -0.42775712007711664
34 909.7714300889277 489.21004605071477 0.49296513446700546 0.9592357704391212 -0.7463989957047981 49 0.0 83.63563596091245 2.863013211659094 -1.142058380303213
35 1010.8724521216462 488.0503362741183 0.5989126468575089 -0.17974225785991085 0.2774047770753536 49 0.0 63.55531321356105 2.188785353844911 -0.8505079349711977
36 1022.1473394223909 493.04722707292626 0.49326126733056574 -0.1412094071548719 0.5781585272413053 49 0.0 49.31427073765586 1.0676224275894033 -0.07104422113452882
37 1096.475698611475 491.4171023320713 0.5756497345526108 -0.6147093012132572 -0.0022556933917641606 49 0.0 32.579400226262884 1.6458479240280683 -0.5409742600480815
38 1280.7298273610181 493.09587109696406 0.7220411693935282 -0.05011062942354717 -0.03200444452300627 49 0.0 23.54519089113897 1.0985179124536466 -0.10201785732054713
39 938.0370920156367 496.6712084434131 0.6605680010904473 0.2907608319665318 0.2794990750692989 49 0.0 47.99923803074276 1.2867161511810081 -0.2737068809131304
40 918.4473053983515 496.9126488242329 0.6347276131661983 0.23077463357953062 0.0897795322900245 49 0.0 33.109064014134084 1.203229172924354 -0.20087088268356945
41 1021.3958746217513 499.6040118151532 0.5957505333444184 0.271178508539756 0.043324755625599794 49 0.0 147.23522734782006 5.044592575139233 -1.7570652408456162
42 847.5670859732655 505.0336284956729 0.6795121814058805 -0.06936002907868605 -0.037886178718383096 49 0.0 38.921487177486696 1.6260146601776178 -0.5278111422065337
43 932.6043646560461 504.25404475775014 0.5428730486907494 0.7069901627961491 0.3047705942229902 49 0.0 40.354071583712454 1.4900242690436745 -0.43298335530235127
44 919.3473091122064 505.7670098821016 0.4987670226739599 0.8759144585743793 -0.7045933556875686 49 0.0 26.164888113050104 1.0005344832359757 -0.0005801527729768276
45 898.3396578603199 506.77556296672793 0.5505743059878798 0.6831416700359416 -0.6572036009796257 49 0.0 59.356207904894006 1.941778045822653 -0.7204989663715764
46 1133.0478943241867 507.7585233534531 0.5986759313391815 -0.492537218631491 0.05575922175597567 49 0.0 96.95180181135036 3.9016193422201506 -1.4781122389932844
47 904.2337375979456 510.0576190418453 0.45059331848151146 0.7663858866660891 -0.18743301753996455 49 0.0 66.37012339780264 2.3518257913288183 -0.9285128718832779
48 1112.3560671149298 512.8661158302668 0.5473217114129878 -0.7328793455353806 -0.21956730065350152 49 0.0 25.060282750545568 1.1306907741721275 -0.13335962143651786
49 1022.0925459204957 525.4215561735327 0.5092022775215592 0.915635424175139 0.6167850029990823 49 0.0 101.19945669422017 3.6996742668214724 -1.420408722093609
50 1138.9814145589023 525.9744054736893 0.5459314508859573 -0.28709493357377897 0.26427759915023624 49 0.0 24.658787037220304 1.115093553933407 -0.11827826319723943
51 1094.4155410065794 527.2884880173974 0.5201813210458331 -0.12894606349315074 -0.2857955097399204 49 0.0 41.09274293981052 1.756416001631932 -0.611568462604437
52 1111.7754198941154 530.7294154094566 0.5111351082018766 -0.7845785597409539 -0.575528954466625 49 0.0 53.01104851581636 1.9435373400571403 -0.721482222239398
53 961.8338709615621 532.5411573463331 0.5363528111202581 0.9517133231311614 0.740524457830295 49 0.0 81.38588651235773 2.760756067756143 -1.1025700883950336
54 1025.0045136274666 530.7383930437718 0.5596870988387107 0.31844509886701605 0.5566087660473598 49 0.0 83.9941563661116 2.7994305235491668 -1.1176742340393417
55 1030.3024891711248 552.6655977230827 0.6131442682616105 -0.3299315860114012 0.2987711956069484 49 0.0 29.529923838708463 1.0217945903596928 -0.02340899771735956
56 1094.382207680643 551.8740797602785 0.5544099115826424 -0.5059477538421023 -0.2083511579468503 49 0.0 54.817025074518014 2.1506483392717852 -0.8314235076058561
57 1031.3696486118242 557.0526213479332 0.6208984506913138 -0.08815282640976348 0.14889797814515274 49 0.0 38.098724684705374 1.5308328531543964 -0.4623194350807957
58 583.6445607545695 559.0767021531277 0.6765568445312701 -0.07957652061855658 -0.050865146274749355 49 0.0 62.64248250693916 2.9861579488719356 -1.1877819385707387
59 783.5215604975814 563.6740213284602 0.7066052937015577 0.10779553754455752 -0.06120625815355561 49 0.0 22.6237822709247 1.0544755539484032 -0.05759128970896912
60 1010.8095708988994 569.6964363847253 0.6417126608291419 0.2526627097255497 -0.25608000009809406 49 0.0 79.96666658711885 3.289323261977493 -1.29276639090812
61 1126.3202324150743 570.7831131695152 0.5206991174440031 -0.2556534515727531 -0.801431905105118 49 0.0 68.8449149059505 2.7727225666214377 -1.1072660426670717
62 445.2511073148214 574.3668364305822 0.7372839649321398 0.10490994374175655 0.03408460233971143 49 0.0 51.235404884418955 2.3287766108611994 -0.9178195765070136
63 1042.495706137142 574.654971010754 0.6568679938801892 -0.4512994222629382 -0.3383434690571616 49 0.0 57.48989886815803 2.512709949766522 -1.0003558986740424
64 1037.657904931643 576.3813685489156 0.6430975446534158 -0.017165804581325897 -0.12010566291033041 49 0.0 35.87591650418274 1.8730779522710337 -0.6813896296856808
65 957.6674352631518 578.0882700402288 0.5116997220675014 0.16191755854869389 -0.2400366000158986 49 0.0 58.36660704760381 2.2358223388369804 -0.8735932275438224
66 1601.977865187542 582.5206656886493 0.78427835046066 0.19998086424141406 0.10837732698541469 49 0.0 787.8603664465883 32.62496038722408 -3.7838749825807523
67 1039.8097250128865 590.745635135104 0.7910839206393336 0.08795594431239824 -0.06898649236913788 49 0.0 49.37436266338214 1.6059428372439872 -0.5143252067910782
68 1005.5020890943533 593.6882746156301 0.5618906220715084 0.41970940691569053 -0.6889756028402603 49 0.0 29.95223480051218 1.7622507086975894 -0.6151692347339002
69 1250.6089630555416 595.9136973167429 0.598051862284308 -0.07325703228049042 -0.1220679073447857 49 0.0 559.5386242644657 29.482143860773594 -3.6738976526021005
70 1299.0031134818287 603.2157734118338 0.6455026221987534 -0.15330237513483563 -0.14397743350262904 49 0.0 24.292483929267654 1.0863055675047462 -0.08988001344260818
71 996.7962545499672 609.1543918494999 0.5097858715424725 -0.8389274845938326 0.1558215481520872 49 0.0 39.990894347233564 1.482736391110087 -0.4276598666767392
72 1280.2168950722328 610.8393338701497 0.4930606946721638 -0.517953689042709 -0.5923950222463662 49 0.0 25.13390528090743 1.0465229450768399 -0.04937188677758228
73 1040.5246039324425 611.2575386027887 0.37446448280725864 -0.40840814638244 -0.12814196277002904 49 0.0 29.471721103004562 1.2244035810983613 -0.21981147784612215
74 1007.7397236727303 613.7335397337735 0.656137225728462 -0.4508001725142757 0.187625667430292 49 0.0 28.064614263413887 1.2511343399761294 -0.24325986092007576
75 1252.7048047566118 618.5846456206264 0.7317865734141037 0.1279189029823765 0.010916249020713526 49 0.0 91.46942591130886 4.126427495185615 -1.5389355464793781
76 1522.8262887009023 639.7396449061258 0.7434891033251906 0.06133802790983713 -0.007352657614976169 49 0.0 51.35651332832209 2.2939131901859975 -0.9014424465803437
77 985.6849437796939 644.8224966263124 0.623227044569109 0.062277691722467124 0.09247149472949076 49 0.0 34.3230231106926 1.3534200230341655 -0.3285814933007289
78 825.7694343813578 646.9490623965372 0.6185180548865031 -0.025747841215703775 -0.07967104633182458 49 0.0 469.9703710273788 24.448619584820236 -3.4706358576654956
79 1061.6945736033922 654.597897881902 0.6171542042023589 0.5995947866858213 0.14415135876507906 49 0.0 70.9751596753881 2.7998806040450424 -1.1178487800430714
80 992.402880819389 655.5227813054394 0.516219728813531 -0.6018017600529774 -0.05436299290300781 49 0.0 32.274621650678526 1.227505338704764 -0.22255847411577906
81 1044.2339117284778 660.3348024055539 0.6039867428097222 0.21002698042975798 0.2555936676052211 49 0.0 104.64965885536421 4.183642563302364 -1.5538864318704906
82 1075.9911423640192 660.1556242991596 0.5607686485701412 0.9779337492446104 0.030882651730429138 49 0.0 41.33400601554191 1.398893314432654 -0.36446148651561916
83 1115.205254492237 670.2824086123145 0.46965578440673833 0.9430887845505099 -0.5484067139109835 49 0.0 67.78999310124222 1.5395294964547732 -0.46847003534686593
84 1120.0113162165035 672.5716898138709 0.516980026666453 0.10519262831175208 -0.257658884851724 49 0.0 128.08743160501155 4.218979397074583 -1.5630185113933923
85 1286.324002661415 683.384715133111 0.5668176938693702 0.21258018234298415 -0.7712078549498328 49 0.0 36.190297974560615 1.1240414701951136 -0.126955835788707
86 1291.9555875851129 683.8065893419393 0.38510449250057377 0.40578400428480416 -0.5038488599119577 49 0.0 55.08427199091439 1.7514937515781923 -0.6085214807972068
87 1070.6835817390186 688.211084389042 0.5048764861551719 0.926816715823694 0.0028121419596137823 49 0.0 67.68090478548737 2.3848660535886212 -0.9436599795923996
88 1096.2874207646669 689.6381742256616 0.5380212362111916 0.31198706814670163 -0.9510102807533026 49 0.0 93.95128997905829 3.0711318042238593 -1.2182461388109997
89 1053.1173276437596 691.0371130227192 0.5571792757239757 0.06162541425716094 0.19838568246388588 49 0.0 94.35228465253317 3.9910264241814106 -1.5027115080332134
90 1100.4256750524723 692.4747228090085 0.5163993131784139 0.13632031080752394 -0.7632036204560602 49 0.0 107.64067439829688 2.4377703233775265 -0.9674819644564174
91 1296.46702578623 690.5564437240444 0.5745375816395555 0.3238205938657502 0.41162495673058846 49 0.0 44.325003619635545 1.3542842425851047 -0.3292745634406925
92 1065.2622515126293 694.7979764962603 0.5506966198037346 0.5589817592135671 0.08895787729613379 49 0.0 52.89365159523562 2.2300561192692103 -0.8707894804704914
93 1100.5680370650418 694.2243854758583 0.5744067551247592 -0.16647888366639726 0.5224137648508949 49 0.0 110.50449024878556 2.4884649966919365 -0.9898288405979796
94 1054.2232912393358 696.7499898716295 0.6081881018617112 -0.17685116673351745 0.5441806996281487 49 0.0 45.44577269229933 1.3446304116311396 -0.3215073237712335
95 1113.1846987028998 701.8274890703887 0.5116837898295726 0.45243059877753994 -0.7487360568320299 49 0.0 43.33280647519578 1.10191125290169 -0.10536654543840338
96 1132.0135484444506 703.4878129191612 0.49241488173660125 0.8347875360348932 -0.17287128660248746 49 0.0 21.13387598996419 1.0235061450838912 -0.025226136226191822
97 438.9392454996769 706.7261356071513 0.8097342499998431 0.0248597006719165 0.03624118379374264 49 0.0 39.89556786853713 1.6733747697808232 -0.5589830416177056
98 429.65692877692953 708.5295542557087 0.7349318582147218 0.1772486627301579 0.029597995410460706 49 0.0 26.358032253122865 1.174605878812839 -0.17473042530784255
