m1-67/data/wr124-jwst-nircam-2022-f335m_BGSUB-sources-fwhm5.0-thresh30.ecsv
# %ECSV 1.0
# ---
# datatype:
# - {name: id, datatype: int64, format: '%.8g'}
# - {name: xcentroid, datatype: float64, format: '%.8g'}
# - {name: ycentroid, datatype: float64, format: '%.8g'}
# - {name: sharpness, datatype: float64, format: '%.8g'}
# - {name: roundness1, datatype: float64, format: '%.8g'}
# - {name: roundness2, datatype: float64, format: '%.8g'}
# - {name: npix, datatype: int64, format: '%.8g'}
# - {name: sky, datatype: float64, format: '%.8g'}
# - {name: peak, datatype: float64, format: '%.8g'}
# - {name: flux, datatype: float64, format: '%.8g'}
# - {name: mag, datatype: float64, format: '%.8g'}
# meta:
#   version: {Python: 3.9.9, astropy: '5.3', bottleneck: 1.3.4, gwcs: 0.18.3, matplotlib: 3.5.3, numpy: 1.22.3, photutils: 1.3.0, scipy: 1.8.0,
#     skimage: 0.19.2, sklearn: 0.24.2}
# schema: astropy-2.0
id xcentroid ycentroid sharpness roundness1 roundness2 npix sky peak flux mag
[from data line 388]
389 826.9993097539924 1070.373731683009 0.9723498965665647 0.02491937779144442 0.013281694499643181 49 0.0 272.8648557879066 9.9885539805304 -2.498756552464081
390 999.8697665369633 1072.2593560883117 0.8732018040868649 0.4096497919841761 -0.23437760607920724 49 0.0 32.641063032583894 1.228159728111078 -0.22313713143909597
391 1074.3999446027078 1072.9194521155418 0.5081277837385648 0.5407902799359982 -0.23588310529625417 49 0.0 20.663063038178933 1.050555595957312 -0.05354760110905018
392 687.3059230857432 1075.320813581249 0.8152924799784225 0.09901602581761096 -0.044042581964835764 49 0.0 60.6755598075323 2.549654214855013 -1.016203213081785
393 1704.6735465180227 1077.7795460843183 0.85145526358632 0.04800370466541806 -0.05247699743664332 49 0.0 109.67820859752759 4.458575242953438 -1.622990250492673
394 2128.984500783952 1079.2709866484336 0.8677139074676943 0.26022396665129843 -0.3067573621280541 49 0.0 42.643689275376566 1.146088716377175 -0.14804559194447572
395 2175.2484340808032 1080.0380200338461 0.8019969806855182 -0.008844723018574314 -0.07095756482574929 49 0.0 35.57807743769546 1.528176594241355 -0.46043385921347457
396 1098.7592485860641 1080.6862848788746 0.7000206911879948 0.20702751435516212 0.8654407031491445 49 0.0 38.070061416966475 1.3859216420570073 -0.354346691518742
397 1231.4666476109926 1083.1451103113654 0.8088284058415144 -0.09476782030969982 -0.08128289950719993 49 0.0 43.56771506998646 1.858030444199565 -0.6726320642941596
398 1183.6557488925998 1086.2332948008648 0.8860654506671691 -0.12076530487600501 -0.05842505862166923 49 0.0 38.61509995162483 1.471657035877476 -0.4195165277544256
399 2107.0401362997704 1086.3627130076143 0.6647513628838013 0.437186075029687 -0.7590294970391999 49 0.0 51.2717330096338 1.1792274770840685 -0.1789939752336797
400 79.44045020996529 1088.0773645671827 0.9814139596876187 -0.030763641287942782 -0.11268659970404989 49 0.0 757.7050607187231 27.752962027953625 -3.608273353668881
401 1880.4031747533556 1088.1556252448559 0.8485852266238336 0.028597915731861875 -0.10397913347313979 49 0.0 38.388912887985924 1.5749520076368446 -0.4931683109711076
402 1094.4660312760175 1089.0307666471092 0.6769540086175536 0.263039487140359 0.5639195095211492 49 0.0 35.97253813254636 1.2340780360659802 -0.2283565571873375
403 1103.386976057427 1089.3437905177345 0.5588853721929902 -0.06066943767272109 0.7625978519586706 49 0.0 31.801827581170222 1.3169334996708255 -0.2989096130780007
404 1388.2352106052806 1090.3694482218148 0.8365954080346122 0.07782163776571673 -0.021113478053396133 49 0.0 120.05265350510727 4.93845608572965 -1.7339779906042307
405 412.85468792407767 1092.5668565318542 0.8291494808874662 0.10978036930235574 0.030986445927038902 49 0.0 28.63864483932575 1.189338882227466 -0.18826404300579025
406 2127.360607399277 1095.1918253980336 0.6494253526670821 -0.7002347135912879 0.08022183815269764 49 0.0 34.22482159890278 1.2153260530096293 -0.21173201999272184
407 1099.1519746738663 1097.5648347903514 0.6179718120926606 0.15567544203662656 0.5010167349459914 49 0.0 92.38817711152808 3.426072491697383 -1.3369913697283453
408 1165.3945901046925 1096.9980039597394 0.7455853780631274 -0.5237302987403787 -0.3156387945467644 49 0.0 39.29260051751359 1.6675517903787063 -0.5551983275005589
409 735.4010674926569 1098.6773311978397 0.7609075346578914 -0.2533862397978786 0.032763762876374676 49 0.0 98.13707788767739 4.193488093845038 -1.5564385357649149
410 1511.1933838474908 1099.8020825665856 0.8917433552908822 -0.15626228500399142 -0.08819686288827151 49 0.0 50.07798034982015 1.9485079707256687 -0.724255466731953
411 1775.9686133442106 1100.7166345149305 0.9256435728606489 0.003471278802205959 -0.017578975894938023 49 0.0 61.73976942512491 2.36642366738111 -0.9352312504910876
412 45.87317110868307 1102.1706656384824 0.9285131053597174 -0.04211548840238386 -0.04227516833267099 49 0.0 153.7453901355775 5.8786757152314495 -1.9231987597727933
413 1056.0293158472432 1105.0248688216222 0.5232688702821965 0.949730389442754 -0.38398304130762234 49 0.0 69.61885191153462 2.840398833211351 -1.1334483139394667
414 1065.3420595274717 1105.4521769004564 0.6255780372496986 0.4285412679180084 -0.25992313468984196 49 0.0 31.73674288928307 1.2916748969482317 -0.277883048412113
415 1094.8483067771945 1106.579308238599 0.5362720553988886 0.582082213943202 0.028043476367469095 49 0.0 82.8842013060162 2.699929187337706 -1.0783809345161945
416 1103.2531573893223 1106.1339885639936 0.5281886101112458 -0.4513288403677527 0.6128771632107659 49 0.0 118.95314022717993 3.982584654438526 -1.5004125400057582
417 1049.444953669299 1110.8292197879744 0.8417740601981609 0.5777599614649865 -0.01264021009709544 49 0.0 23.186464053224846 1.114273892523658 -0.11747988775695759
418 1089.9655850770534 1114.0862882716947 0.5547118799376591 0.6848207048854714 -0.2906805249682665 49 0.0 61.39153553999819 1.8604853712743419 -0.6740656489417086
419 1063.1719588384253 1111.571143403593 0.7108542856008558 0.328075520590329 -0.5455314677290186 49 0.0 41.97942984693798 1.1300105065290424 -0.13270620363415683
420 1117.2369591834427 1114.1393808080857 0.7438375628474315 -0.17019878516269388 -0.11419925373007736 49 0.0 135.5283355959265 4.291207129166399 -1.5814486942103712
421 1127.4028775936831 1113.161282835134 0.6617611365594066 -0.7065913363248673 -0.538908343892397 49 0.0 146.8173468487891 4.963065488799367 -1.7393750146286826
422 1070.7042001990676 1113.45412368232 0.47252433275624545 0.7859997250396342 0.3228236522814258 49 0.0 171.67984507269435 7.7301750544987815 -2.220473322228551
423 1080.5689542308928 1114.402567278572 0.5392830721082904 0.09464715592187237 -0.06006350123411255 49 0.0 122.60646037614256 4.830001206677742 -1.7098680981279621
424 1135.8894213277279 1112.8539183529833 0.7249426528432084 -0.42971522052960187 -0.5681995064484755 49 0.0 42.68155873757718 1.3284149514637584 -0.308334387471065
425 1080.3042066233131 1117.344524091729 0.6664635665363758 -0.22652011675778008 0.17560912443617296 49 0.0 95.19548664227004 1.5450641820566982 -0.4723663118845142
426 1612.0705452766929 1117.9171453528447 0.9752572102935306 -0.013020835702981851 -0.05565340005671055 49 0.0 325.2577710068598 11.991622445008153 -2.6971948658466305
427 1083.5927849997597 1120.0892180433111 0.6710945211804118 0.7115187241820106 -0.880290731361347 49 0.0 275.82656418531514 8.339106806459897 -2.3027988406832933
428 1077.5237206686645 1120.6765156885074 0.5361321152735679 0.2943048473482175 -0.6294898116994755 49 0.0 109.83323688991263 3.704134797387289 -1.4217169568337749
429 1076.8849608935084 1138.1887702264062 0.6331955751173408 -0.7238384450785373 -0.4043341293135549 49 0.0 99.10898716792153 3.8101288079269917 -1.4523491449805992
430 1120.5541917682294 1137.5998842163742 0.6049635946006889 0.6462620864293831 -0.6337332164500626 49 0.0 105.58539170115561 3.939513746348055 -1.4886065505600645
431 1082.0114517789855 1138.8779524360532 0.5710830503470409 -0.8755941743219039 0.3054726802407595 49 0.0 263.9916339439207 10.347036980475345 -2.5370400031630953
432 1115.7894270211077 1139.4690533142943 0.5040119115529913 0.6871598689243906 0.3466421458268818 49 0.0 312.96332458053854 13.908858320373588 -2.8582287082456297
433 1962.489895085356 1139.9893126070076 0.6437567243780012 -0.4196568864760833 -0.16680534605409356 49 0.0 21.10197288522426 1.0358197921825942 -0.03821051287567513
434 1676.573700966552 1141.3590123620488 0.8126055255477954 -0.14918816596076523 -0.04327872380147076 49 0.0 31.431257863779436 1.3259508498974852 -0.3063185650476023
435 1080.5097784222812 1142.2547929923567 0.7059874243062593 -0.3804720856537451 0.854550090920794 49 0.0 108.69925866380404 2.878643376580926 -1.1479696630841194
436 1361.3170239292529 1144.7828770140777 0.8921076877008426 -0.089057128413296 -0.08361421575576268 49 0.0 62.503636429223974 2.4711686041397485 -0.9822559441906348
437 1752.4887761473622 1144.926405646391 0.8317497575855702 -0.09053240110671341 -0.1465219195630569 49 0.0 27.256335287957615 1.1342954436362764 -0.13681546890866664
438 2189.6080078791824 1144.9263384871622 0.7606754199925418 -0.013586499336818608 -0.09564051881427901 49 0.0 81.55127202927522 3.611852077753666 -1.3943248890352755
439 1061.906265640203 1147.0053938732756 0.6180437010066517 -0.8014039556782011 -0.3365182724141387 49 0.0 34.33913234303852 1.1235624330857417 -0.12649302475675966
440 1070.6484243018822 1145.8729129782228 0.5949535847427365 -0.5221811379212559 -0.4941063673768309 49 0.0 136.10037112297627 5.677404905615769 -1.8853746717110698
441 1126.3096455182988 1146.0856500757784 0.3576365635540679 -0.4405793833908988 -0.7475318594026217 49 0.0 114.67499118528329 4.657836688865637 -1.6704606435323748
442 1130.1194546796548 1147.9139179104066 0.5317736731128878 0.9396889530200744 -0.5545465246587887 49 0.0 107.47744189850519 4.282444551470255 -1.5792293712150633
443 1588.75761991956 1148.9260340887186 0.8655174734828686 0.05749142323989285 -0.07015897697701087 49 0.0 112.89544198601429 4.4927353407761474 -1.6312770895351472
444 1103.1828481473203 1152.0294312987542 0.47860036295806885 0.6132799355624727 0.5720498769137468 49 0.0 86.15412695742623 4.011070555890442 -1.5081507535357563
445 1095.0817679066326 1152.5889627115353 0.488693375118966 -0.751813980552202 0.14315228774458058 49 0.0 96.26742785516062 4.525877735884765 -1.6392570438723433
446 1122.543201534332 1151.9779964204452 0.6203403407287937 0.9429790394466433 0.5691142144806413 49 0.0 20.49808854313611 1.0300897813515302 -0.03218769731213089
447 1141.7207173263284 1154.8867797166167 0.665043517049884 0.9306222599269838 -0.9448931877025799 49 0.0 69.90447410075207 2.47078921391603 -0.9820892419573917
448 2037.3654216138866 1156.8655997014996 0.86676467434724 -0.09254263391514785 -0.09371363227558235 49 0.0 80.80903900182454 3.2516125777181153 -1.280246986998793
449 1180.6702769682238 1158.8442738397096 0.8011345323286861 0.08857663318729082 -0.022436231206450188 49 0.0 55.48315834143524 2.3896620672302546 -0.9458412244270138
450 1099.0449167270363 1161.3612339590532 0.7057937320200347 0.17117804120736255 0.5929996159619174 49 0.0 87.00663233111818 3.243063295154548 -1.2773885622992218
451 1107.6496650281729 1161.190530197975 0.6921825809530001 0.5496097830681745 0.711370262994443 49 0.0 25.02668827490288 1.015842410136155 -0.01706585029137339
452 2233.2976570547435 1164.1233664896931 0.8547536700206916 -0.0308497625220035 -0.14340755030987049 49 0.0 33.90338619501242 1.380038815418306 -0.34972825420039855
453 1558.7064543946742 1165.3515167979708 0.8912446728754001 -0.09010340934362206 -0.026077818497972492 49 0.0 37.134448586643515 1.4700492071667672 -0.4183296804815387
454 2030.2887016367154 1165.7792994377182 0.8729604760911652 -0.09622488956327449 -0.05964746546985545 49 0.0 33.958622851370485 1.3575657441012752 -0.3319021768843033
455 1094.689289199865 1169.7706875972774 0.6449743301304474 -0.12376929236596326 0.7935080902367937 49 0.0 37.42333499888301 1.4245160382836273 -0.38416835805047633
456 1103.375268355281 1169.4044130852226 0.5617899038408373 0.5628884172515934 0.8232229377201811 49 0.0 36.77694994739226 1.4629864564974318 -0.4131007642270562
457 1099.0251169534267 1177.8441614129354 0.6709987793040177 0.23667657357939428 0.901690389440776 49 0.0 36.44607481416853 1.361990929917616 -0.33543553858243397
458 1977.385136546613 1188.8558430388055 0.839622431497851 -0.08647977879511615 -0.09735180350861464 49 0.0 703.3973842650774 29.39177830452296 -3.6705646579747726
459 356.69391055325195 1198.237758193112 0.8566408961549075 -0.11680478300480239 -0.07708645952879843 49 0.0 72.53001559622507 2.9485728160276348 -1.1740296432475232
460 948.3370918009024 1198.0744472279744 0.8521975249115032 0.006195104496038344 -0.056238242421762244 49 0.0 66.54014406384763 2.7280647533505324 -1.0896366863037226
461 618.2513386664366 1202.2207122392474 0.9014990965792248 0.04326013725539738 -0.04175647641816041 49 0.0 38.651343408474396 1.5116823106441155 -0.44865132772959515
462 309.1077242329384 1204.3329347767767 0.8648040162755971 0.025714227920513526 -0.01125443883479176 49 0.0 28.001943236458505 1.131097278264219 -0.13374989338480486
463 1779.4605403002192 1211.4441785062188 0.7759263985651638 0.2159451324662171 -0.061652810580502135 49 0.0 48.08884845856875 2.084739489311675 -0.7976294822995598
464 2151.8576092390053 1216.5328117164945 0.8575921122421991 0.0962908380637518 0.03223949705916866 49 0.0 32.082822084716724 1.300822221642158 -0.28554486816137725
465 463.5389115521795 1218.7241450285585 0.8544122725386738 0.10068072682978406 -0.031070828929362204 49 0.0 72.9395602810521 2.9764497523016074 -1.18424638824048
466 1011.4866980992689 1220.824052110213 0.8367614619508564 0.05590283099849095 -0.08874864941496356 49 0.0 126.46282367511441 5.179278685599018 -1.7856732001946474
467 1283.0018248598135 1221.140937505962 0.9662910662906837 -0.005866459937915375 -0.019268129971412522 49 0.0 31.141249068583434 1.1657031773894815 -0.16646995060205577
468 1222.9963503470235 1223.507815138907 0.8779165625574733 0.04184375029432294 0.06321702935309434 49 0.0 27.094111528834212 1.0983593709809096 -0.10186114923448061
469 1120.1053892288844 1225.1415094769588 0.8799157964699784 -0.0024533372134363453 -0.03491197609082433 49 0.0 41.12739091482173 1.6749194532074194 -0.5599848166878956
470 1010.0933293174968 1228.5988196247388 0.8861586196101929 0.013877412163978574 0.013546803648870641 49 0.0 26.58024943403818 1.0350636948181502 -0.03741768959563099
471 995.8487162778961 1231.4984433811392 0.8301313957048404 -0.02326931706203765 0.07513620960466484 49 0.0 48.54328737935942 2.022398067954869 -0.7646666042765198
472 1134.8910262735237 1230.835402343919 0.4630540101600568 -0.20369797899149833 0.2737270754962671 49 0.0 23.96920286035388 1.1001808839161784 -0.1036602365965287
473 2097.0685273297504 1231.0385063285198 0.9186447637858581 -0.00753015936830446 -0.03986828506115172 49 0.0 29.37675939749074 1.1373930164938149 -0.13977639347352772
474 106.83340387172501 1236.7171867110121 0.8475635647383541 0.05510470622043465 0.009234396307846709 49 0.0 97.74826842611728 4.01242184593855 -1.5085164657390602
475 1584.81732940737 1236.9575860551608 0.6946857147207516 0.02951350779642534 0.5061899822517663 49 0.0 32.36276842644976 1.199308496234317 -0.19732727588572044
476 1541.897760365818 1244.3230728290555 0.5767293976641447 0.816908826842231 -0.5119791566823867 49 0.0 29.520342600228 1.115945525434647 -0.11910748789154141
477 1873.9745056673662 1243.7398697913636 0.8822828809120461 0.005863517511622089 -0.013468017865740272 49 0.0 48.37889161498392 1.9249474546723788 -0.7110471976537742
478 2121.529317331342 1243.844012309101 0.8558287971711841 0.025390511601878565 -0.13114603948295078 49 0.0 31.978406463120784 1.2977948129122927 -0.2830150850436803
479 1580.5219587899596 1245.9843834934184 0.5403492025489889 0.25760104601916123 0.10416667551408149 49 0.0 29.3798847243536 1.0448271845428232 -0.04761115911767917
480 1588.7975736321778 1246.118656508756 0.5295465621276566 -0.5633197756405621 0.46237327656401833 49 0.0 35.660752244089885 1.5785357305969037 -0.49563604179080967
481 1601.018039540708 1245.712594768114 0.855186669134951 -0.12446885357211675 -0.04081551222144223 49 0.0 111.09785137627546 4.584218343528306 -1.6531632365842137
482 1965.3360000849104 1245.8048620628256 0.895125414545792 -0.09179501345785798 -0.047421236585237 49 0.0 27.22664185340498 1.068660983116471 -0.07209988389872134
483 2189.634960898235 1245.6205620642636 0.7617605075089692 0.22198715683589695 -0.04034190879060523 49 0.0 52.25804291633476 2.2703645002070645 -0.8902389686662553
484 112.63702879917426 1247.258848948007 0.8151463308060868 -0.11235155140066562 -0.026632828200241387 49 0.0 31.365986719312545 1.326865155281701 -0.3070669731507023
