m1-67/data/wr124-jwst-nircam-2022-f335m_BGSUB-sources-fwhm5.0-thresh30.ecsv
# %ECSV 1.0
# ---
# datatype:
# - {name: id, datatype: int64, format: '%.8g'}
# - {name: xcentroid, datatype: float64, format: '%.8g'}
# - {name: ycentroid, datatype: float64, format: '%.8g'}
# - {name: sharpness, datatype: float64, format: '%.8g'}
# - {name: roundness1, datatype: float64, format: '%.8g'}
# - {name: roundness2, datatype: float64, format: '%.8g'}
# - {name: npix, datatype: int64, format: '%.8g'}
# - {name: sky, datatype: float64, format: '%.8g'}
# - {name: peak, datatype: float64, format: '%.8g'}
# - {name: flux, datatype: float64, format: '%.8g'}
# - {name: mag, datatype: float64, format: '%.8g'}
# meta:
#   version: {Python: 3.9.9, astropy: '5.3', bottleneck: 1.3.4, gwcs: 0.18.3, matplotlib: 3.5.3, numpy: 1.22.3, photutils: 1.3.0, scipy: 1.8.0,
#     skimage: 0.19.2, sklearn: 0.24.2}
# schema: astropy-2.0
id xcentroid ycentroid sharpness roundness1 roundness2 npix sky peak flux mag
[from data line 679]
680 389.97977989278786 1759.617209613078 0.9072651356041934 0.006048353987383908 0.04693346128726199 49 0.0 47.65078746476098 1.8584927736872003 -0.6729021919572542
681 613.679150199408 1760.1700999852765 0.8754278517916502 -0.08499291454570676 -0.04875603585237344 49 0.0 65.5449790195348 2.6249150797741816 -1.0477881446101407
682 1511.9792633041864 1760.6051035238606 0.9060536176825222 0.060120175431023964 0.048535521750877914 49 0.0 152.81944046639623 5.905387060159349 -1.9281209202347038
683 905.5102681223598 1763.0996621078732 0.9009193640938332 -0.05629436931201105 -0.06817078639004323 49 0.0 253.88336033014969 9.879771184911 -2.4868672161549865
684 317.5588736162988 1764.0717545594625 0.8731856639799821 -0.08643468455363838 -0.07865069266407099 49 0.0 129.8455004501773 5.196403561995223 -1.789257179492549
685 1722.642019846703 1763.496443553577 0.7860574272786822 0.1825465245579938 0.03560598627277634 49 0.0 96.66083553764861 4.161312562776537 -1.5480758439109832
686 151.33736469032854 1764.9074212493247 0.8056137090246771 0.0206000448637048 -0.0322724401977255 49 0.0 60.42394412278076 2.562405147496077 -1.0216194952263793
687 1854.718169486477 1767.184578206065 0.9000688021848374 -0.02663814071868959 -0.023073700544680747 49 0.0 48.63752674514038 1.9074810560964495 -0.7011505837709238
688 707.8679545216304 1769.3588570652248 0.8927130868955604 -0.03132524564743915 0.04335111111895524 49 0.0 70.48678571495974 2.7787860049378645 -1.1096377573238767
689 1726.675371344971 1769.9932681077441 0.9120342394495767 -0.24188320783279726 -0.025675374089693177 49 0.0 30.278503950532368 1.1662731027254636 -0.16700064946797574
690 2105.677376469243 1770.1833137351814 0.8521194092600823 -0.016953912447790452 -0.03480007046498228 49 0.0 69.91857436833442 2.8399086819396926 -1.133260938526657
691 1539.9933194185264 1771.0111134557408 0.9245940647903711 0.07190155871214667 0.016035905617846832 49 0.0 40.16429155819984 1.5405986537301235 -0.4692237850302877
692 507.89779246716125 1776.3065301245724 0.9071519298215496 -0.044584050341913574 0.008128025786694547 49 0.0 37.13458168682266 1.4463697325984326 -0.4006983124482767
693 309.74649286304987 1779.3456124175498 0.8638871599868043 -0.09279006259302469 -0.036263336970064 49 0.0 29.207251712405387 1.1724575454585968 -0.17274281480709036
694 2216.2284456097264 1787.7163694941419 0.8872753343484794 -0.05575213337926783 -0.020507206758351892 49 0.0 130.369852967935 5.093793223058263 -1.767603278194695
695 1321.9853243098314 1791.044408320072 0.932806952704777 0.033760595666560575 0.025870907661479398 49 0.0 68.05214802351854 2.5985582944044006 -1.036831159886019
696 921.6972429472933 1791.970288962714 0.8540600482226025 -0.07520150135245841 -0.051365037498264446 49 0.0 30.758317591300184 1.2524568202827158 -0.24440690513822358
697 987.3512894188646 1795.1308023669446 0.8894193684079452 0.020294961715419224 -0.06573571747943847 49 0.0 34.265438373741965 1.3471784633743398 -0.323562828440366
698 513.7820420145041 1796.9148017825562 0.9358194071526089 -0.08275041718266002 -0.06050266191179526 49 0.0 35.03501288332881 1.332240174809013 -0.3114563150728336
699 1152.854001817785 1797.4383667355125 0.8453806419304977 -0.015785662627541018 0.06194232430576107 49 0.0 76.69262497783858 3.1380222055388116 -1.2416400311330729
700 746.3059232281712 1798.1407448847235 0.8892268271085174 0.021948438703742464 -0.024505808817242195 49 0.0 31.089134731166208 1.2307969457163084 -0.2254660246336299
701 1634.57315491153 1798.939816181617 0.8914737383844556 0.03435640557834698 -0.06533932058857865 49 0.0 27.62832159446606 1.09078916183883 -0.0943520352729576
702 1281.6865079974793 1802.3913277480926 0.8110975396691865 -0.06341362328735882 0.037161497072834455 49 0.0 26.006694421588158 1.0958527768854953 -0.09938053117161484
703 1358.0732580085519 1824.4791105682539 0.8203083976097977 0.13153046740237026 0.08337016034528079 49 0.0 121.62694046405268 5.033230212724372 -1.7546169871439266
704 1698.582290307642 1823.7152568995855 0.8496303417719873 0.13526544228106135 -0.0362545297543322 49 0.0 63.264357675739 2.5879342909776715 -1.0323831129243357
705 790.9606873950416 1827.4353131747685 0.8642092191120047 0.01697663894775126 0.059534781060358165 49 0.0 32.663349923778846 1.3232882508228396 -0.30413614128171185
706 1949.084132400565 1828.4935106837804 0.8192432930920016 0.13214301019548486 0.07565291752988743 49 0.0 97.12327947144904 4.0711792235202555 -1.5243005538314427
707 216.81642928350772 1830.516129306763 0.8245943541325397 -0.07256525727801676 0.07699061825350313 49 0.0 28.039071754461506 1.173977527241091 -0.1741494588705571
708 556.04181061834 1831.6626021183467 0.8622200782219334 -0.028439464305444515 0.025307504877654447 49 0.0 58.981390004791365 2.379741136168839 -0.9413242946919038
709 2164.001817175064 1833.3175616288265 0.602031567360537 0.2725971103939292 -0.24959774990849226 49 0.0 39.99959355351407 2.0488178583759753 -0.7787583774350266
710 1880.1625193418897 1834.720776640702 0.8556523997810166 -0.018466248339796074 0.0022858119286074067 49 0.0 48.321857261177165 1.9667770128942408 -0.7343878093570775
711 728.2512713283749 1836.5431451009608 0.78916070417089 -0.03847707832107511 0.051486430958911714 49 0.0 34.42260954436357 1.4707199734782441 -0.41882497626110915
712 1038.2088879256446 1837.9742449002524 0.9036669213336221 -0.025751099359555184 -0.037854700040963876 49 0.0 29.2392444393554 1.1412448416164274 -0.14344706888034828
713 2006.1402088211516 1837.7934933903568 0.9507434019666482 -0.013821274921448762 -0.028596518839685267 49 0.0 320.06232874565825 11.963978331985421 -2.6946890445182934
714 1416.7272290637072 1841.4950603963575 0.7886280053450904 -0.046822031254285024 0.08932997423508438 49 0.0 72.94588697887654 3.1360268272921488 -1.240949423053252
715 771.662448861633 1842.2256328806134 0.875347057115015 -0.08422038126564209 -0.01691604765618727 49 0.0 36.32225595930124 1.4598911465065045 -0.41080118700565715
716 729.6910242335065 1842.8259746728293 0.870103822407106 -0.07776439558467411 -0.04433555761640615 49 0.0 60.745085665700095 2.432636455937288 -0.9651930271797894
717 151.62679744310557 1845.1648962593476 0.9387333771321366 -0.5836552837613016 0.12253718139618261 49 0.0 47.339758236315625 1.688567984189488 -0.5687963766186567
718 1057.5506646638112 1847.1630910858928 0.860230497986649 -0.10623102128593795 -0.07408662589257992 49 0.0 47.776197747518275 1.9352253129853332 -0.7168288400406577
719 1690.1047669271145 1847.9154458923892 0.7792106771303262 0.20545753925673427 0.2582979887177045 49 0.0 50.63487729280502 2.1444502367859526 -0.8282899315904242
720 111.13082151531087 1848.3467125394448 0.9190897829813843 0.02432501564616096 0.0015853928041921444 49 0.0 96.36301536552075 3.7086607432314884 -1.4230427680874402
721 1260.1963270691383 1848.1854159012166 0.947268063939063 0.03198304658824621 -0.03171079548969984 49 0.0 237.238011059221 8.887046556478191 -2.3718936382705156
722 1398.850573907212 1849.9186111143101 0.9100258840777501 0.04456087960692033 0.015677599724498073 49 0.0 41.47302820202179 1.6165938374260214 -0.521502297258374
723 615.58114503862 1851.1663058642916 0.8571672577468661 -0.10555064727040293 -0.06369569224396851 49 0.0 35.528561289705095 1.4467040036296777 -0.400949208343459
724 1689.0408551016108 1851.8355523914195 0.9809042685377145 -0.1196428567596974 0.18941675433991567 49 0.0 61.91558206973596 2.1707095746735177 -0.8415043046586536
725 523.2040296237365 1852.7134411316385 0.9085030373756416 -0.08932012974057688 -0.00013839827166339957 49 0.0 55.824302368571345 2.172539467249389 -0.8424191869133075
726 2053.827840512698 1854.655189719015 0.872746751163438 0.22947997082574745 0.02780543083081722 49 0.0 73.9599184348295 2.9352956689048346 -1.1691296344075164
727 128.0037691149475 1856.983801717963 0.9288064947864476 -0.03251035222314338 -0.012619496062425043 49 0.0 85.03912699689278 3.2700441422167366 -1.2863840380664295
728 895.4121941127611 1857.3951447775908 0.8754634876909502 0.15222263852781712 -0.023472550172711146 49 0.0 175.33188091929688 6.909398918605277 -2.098600669199822
729 577.6371880517323 1857.8605788659306 0.8214608749870154 0.013199541808347879 -0.026306459649790545 49 0.0 79.82305040266047 3.346864495477453 -1.3115953235761681
730 1074.8705275872592 1859.7354917151865 0.9029108372454894 0.06081028023427405 0.016772562435420895 49 0.0 83.59415266821719 3.265634846897638 -1.2849190541528344
731 570.7568453362574 1862.0149810244684 0.9204634722710308 0.2549042835731408 -0.0267306674656253 49 0.0 30.271708769824606 1.1545050536916424 -0.15598959580858296
732 353.45580237476617 1865.5773921881782 0.7635619643483176 0.17633639776722668 -0.02554654193385844 49 0.0 82.86579160379662 3.642841748339255 -1.4036007627768852
733 510.8032676460327 1866.0201445230807 0.9611678155009267 -0.03618703636413601 -0.031565191276803455 49 0.0 57.77827736101535 2.160184308846249 -0.8362270178079624
734 238.46745267872947 1871.0268460813666 0.8318379614431696 -0.06357724249741123 -0.11718332068720091 49 0.0 53.26276404821823 2.2151319454101728 -0.8634990007282752
735 782.0321588457689 1870.914337494934 0.9372714922724549 -0.007842407309357074 -0.010779263732010184 49 0.0 37.31355300818757 1.4184944362342211 -0.3795690917510469
736 2214.623136804264 1871.8435822122908 0.8440424725306663 0.04230871351461079 -0.1330321310421258 49 0.0 900.526882926541 37.23212902991074 -3.9272946775393516
737 460.01859641449676 1875.9478795096222 0.8748725770433182 0.019341354754255913 -0.04002792746723614 49 0.0 25.438534570165352 1.020510686041779 -0.022043891725470485
738 831.4414051703665 1878.4997675290062 0.7752030668001005 0.21976526294039475 0.006925572776347683 49 0.0 25.0866503439437 1.0905527720230113 -0.09411671500657394
739 1431.5554488859107 1881.3235258200018 0.8411722770841977 -0.11588729613646072 -0.021397719858429174 49 0.0 26.05322526274339 1.0756912719165939 -0.07921911201132048
740 764.6445225543432 1887.8101594191721 0.7098173978229808 0.4520782364255295 0.33907236696450055 49 0.0 29.807288336060083 1.3174809089610222 -0.2993608268975077
741 1922.8635925178482 1892.9195748772504 0.9630251726068091 0.04947720918383731 -0.02998684249893522 49 0.0 202.89310274657254 7.504610425728049 -2.188320380905931
742 2211.0286283299315 1894.4184263372258 0.9117099020215178 0.04948297655909391 0.008799952310291686 49 0.0 37.28509360056891 1.4472820480686766 -0.40138293799696456
743 281.72078354484285 1895.9758195011011 0.9194831440626973 -0.03384903602857996 -0.037623278306607826 49 0.0 28.253854682305715 1.092354792018113 -0.0959092955327013
744 2177.579847346819 1898.4385100283293 0.7024753088930263 -0.1240278635413766 0.0054785931477793854 49 0.0 27.890128148317086 1.3005007764466086 -0.2852765395542135
745 540.0250901853557 1898.4976377086948 0.8578091164609947 0.019375439604625386 0.11675290440114254 49 0.0 59.48368984787304 2.412633873962048 -0.9562285528218356
746 2001.2591679283291 1902.6136348751368 0.8303303625457086 -0.05898956129883698 0.03574942014122475 49 0.0 48.0352699700872 1.9960577713290153 -0.7504327669854913
747 378.8766644474165 1908.835850144517 0.8802339928324836 -0.007701985212437854 -0.02058303462369991 49 0.0 57.610758493380274 2.3098135670524034 -0.9089423197867981
748 1910.1985081355401 1910.3046740710752 0.8671463804920787 0.09158654143413512 0.008894440882984854 49 0.0 27.858049419447195 1.1190575310175643 -0.12213103571587657
749 169.04040214554215 1910.9423806276634 0.9303038511009779 -0.046817527410706536 -0.014254892602653781 49 0.0 52.04876855687057 1.993475141403996 -0.7490270609712214
750 1083.6323602705322 1916.6444244725928 0.835967549453265 0.15063638401610116 0.005109332893048854 49 0.0 56.219284417370396 2.3210364720906926 -0.9142049122161418
751 2072.526104697842 1917.5028278791438 0.7573900179035745 0.23546416225779057 -0.02218450457401263 49 0.0 26.739016402936358 1.1828118294151528 -0.18228914824196973
752 953.8605462575873 1919.5315022238658 0.8543865183763909 0.09832046504365675 0.06414846325268496 49 0.0 39.83016349505615 1.6198063034167445 -0.5236577116857585
753 1812.649778143092 1923.3547926542674 0.8310961398373987 -0.025587502969904138 0.019328082373117318 49 0.0 34.79355757712073 1.4393713397075079 -0.3954321272688506
754 191.12157600128978 1923.83357804083 0.9145249417510615 -0.04312005497911155 0.027431772131363472 49 0.0 41.34364610413981 1.5953089697451055 -0.5071120176375119
755 433.1469754252545 1923.9465304802982 0.8925673168942373 -0.07503596381767186 -0.02690285774944279 49 0.0 48.80741897857762 1.925747658291591 -0.711498446079098
756 1568.9034344195918 1929.6362914690465 0.8542146583787334 0.09221960450411229 0.07171531992749583 49 0.0 26.38499853764417 1.0771908094216416 -0.08073159840063648
757 174.17191005697435 1935.8764010655543 0.896958425860101 -0.08258671750477946 -0.024312949080358325 49 0.0 46.7007308882891 1.8408728288127751 -0.6625594690159904
758 1359.1989619225121 1937.1094115664696 0.8951663484204037 0.05533199488105639 -0.02241728883656702 49 0.0 38.7942188220244 1.527787584565312 -0.46015744112291473
759 1206.3942378585632 1939.7432104568475 0.8213936568872406 -0.11319758388203142 -0.034517212638825366 49 0.0 65.16260618347988 2.7234750337986178 -1.0878084960825505
760 801.7374263235868 1940.8133152627167 0.8142553847494421 0.04529324983437637 -0.01711331565858126 49 0.0 97.15203432705201 4.109455087260467 -1.5344605958791981
761 1840.301853185637 1941.2060592173546 0.8123424045721823 0.0627632553736506 -0.04002147619062479 49 0.0 32.89361889872237 1.3836042391060512 -0.3525297098547002
762 1987.915891089653 1941.0006137231665 0.9407700357751805 0.03890119201376524 -0.030594263188004813 49 0.0 27.39882378365554 1.0392252803787443 -0.04177425729543449
763 1833.3266573886292 1948.1358477785313 0.8741640617174512 -0.20786907729168314 -0.06810774722809669 49 0.0 54.26570964514967 2.128865280664689 -0.8203704479650571
764 436.69470752738755 1951.0495554349206 0.8923606535398005 -0.05196907621976281 -0.03496209273117792 49 0.0 26.485686229393597 1.0481441541730057 -0.05105254120070512
765 221.0161126519035 1956.1623400869819 0.8682798104690554 -0.5389161346255616 -0.08276452641127165 49 0.0 26.709633573518154 1.0326716335798585 -0.03490561891295255
766 807.5365733175106 1957.8429419904194 0.7748478761215234 0.055049938343419064 -0.07732870644321985 49 0.0 90.30525875848828 3.9488043701378186 -1.4911640466266514
767 859.6530221267241 1957.7273230204219 0.8737286239957123 0.09146320382206419 -0.026859994408501193 49 0.0 33.31212329052478 1.3368777215965812 -0.31522921511752433
768 42.03275972858254 1959.270123677918 0.880048389430216 -0.003510135537098247 0.013573077911619111 49 0.0 89.2505651507969 3.5716203678242895 -1.3821632273602869
769 136.3639819653068 1962.4104393796633 0.8265227615470457 0.12501610737690355 -0.015287041683231441 49 0.0 30.95213657763574 1.2903541341280895 -0.2767722939476679
770 1400.919360472362 1962.0262126633038 0.8976702662031841 0.030041300700189195 0.00754553305837882 49 0.0 70.0824849107413 2.7578647059920867 -1.1014323923784979
771 1884.819840040162 1965.3915022325025 0.8050884834457093 0.020688959740090877 -0.002916709856613064 49 0.0 37.508555620538644 1.5896554875631885 -0.5032575339740872
772 1670.3172112404795 1966.5585349676212 0.8019911610363273 -0.1552602296023296 0.0328261915853866 49 0.0 28.352260801006672 1.1973964168807687 -0.19559488554462934
773 257.9099926669884 1968.7146459539665 0.913734220092451 0.04465966052718708 0.001548910259608954 49 0.0 407.18379598167195 15.761737755173737 -2.9940102435243965
774 1371.6391261168499 1969.6302758265936 0.8468329100131073 0.17390821833316455 0.02625685018922154 49 0.0 140.4318158060499 5.683771925517212 -1.8865916063385075
