m1-67/data/wr124-hst-1997-f675w-TO-jwst-2022-f090w-OFFSETS.ecsv
# %ECSV 1.0
# ---
# datatype:
# - {name: 'RA, arcsec', datatype: float64}
# - {name: 'Dec, arcsec', datatype: float64}
# - {name: 'd RA, mas', datatype: float64}
# - {name: 'd Dec, mas', datatype: float64}
# - {name: 'Radius, arcsec', datatype: float64}
# schema: astropy-2.0
"RA, arcsec" "Dec, arcsec" "d RA, mas" "d Dec, mas" "Radius, arcsec"
-7.111553596753606 -82.22348244735475 -974.7499968531278 110.43726851221844 82.5304504873729
1.4753207655040494 -80.45102323343816 -1020.8391870043226 69.0485388208713 80.46454940256753
3.0354578965660006 -76.61205262551451 -1054.2844812527605 15.467415422336545 76.6721632126869
-20.66873518045541 -72.6477832427447 -1040.6329106981368 71.97937067650919 75.53076860708899
-2.0929526021692686 -72.33236467146148 -1062.2821846084016 12.406948511425599 72.36263835280383
2.7225810725618445 -72.19997778891616 -1026.5696671398503 87.85234243404042 72.25129230757085
16.344553819356634 -71.32647952024185 -1016.9724723205877 88.70235926253565 73.17520829940463
1.5999482396769444 -69.22209081525722 -1016.0079509664611 97.81464094426494 69.24057835626023
-7.0016219448510375 -69.06373761097383 -1040.9741946171437 126.16658596428064 69.41773952545243
20.405228686960108 -68.10597755012968 -980.960179278422 92.4034160902476 71.09709924249846
25.39691333534889 -63.751243947626676 -1060.4127943685546 82.7115738336954 68.62378808619135
-35.22965304597781 -62.3075662771746 -1026.3861315678903 75.476602411887 71.57765874461734
25.422118940234327 -61.55535416775142 -1027.816493021193 61.114313102784756 66.59839141409928
20.501322709891202 -61.29542307358858 -1064.1047815507086 47.35914440788165 64.63306514668236
13.55076246378739 -59.55357986784049 -1020.6328063986409 106.58665964595674 61.07578925665638
-24.724936783244377 -57.390716753879474 -1016.1983413309372 116.75129327187528 62.4901340427201
-42.58486348297514 -56.85513779559801 -1009.759135885384 132.35022679307033 71.03504237830249
-26.90494737933524 -56.394504011835096 -1041.4722747930593 87.82613076919398 62.48372794723434
-27.9551670911867 -56.408895091680264 -1043.795092236294 77.02693694366833 62.95597503874444
3.3113404668014446 -55.91811934842114 -972.093490044799 107.35792944169357 56.01607846755416
17.939521210929065 -55.02366057895803 -1022.1976754533775 94.16899975407343 57.87425711967421
4.936355927398359 -54.1229584281426 -996.463128037043 105.78149919918387 54.34760563538066
-19.728778994360113 -52.44940728839092 -1050.3815693733734 63.66864399784402 56.037175491938484
-20.13132760105339 -52.04329324013459 -1028.1623933957312 105.63155590279185 55.801207098569364
22.919482036391496 -51.07305083696813 -1024.3486009638523 110.682369148609 55.979988995007105
-34.25771584069567 -50.149043845266725 -1060.4104499587988 44.35658215770707 60.73316779232524
11.859769533623144 -49.279714729030644 -1087.7043715305801 24.09541978485587 50.68672818887836
-36.477322726869325 -49.287192371074795 -1038.5619565456843 83.99937998657575 61.31739051700248
-21.194139399495437 -49.105385838537664 -917.5730054923243 76.94591590718484 53.48392706923645
-48.10938745596061 -48.90178132041056 -1041.9541065990406 104.08389985732428 68.59954325163358
4.122908511978661 -48.793003367152075 -1062.5457490631677 49.997250281217504 48.96688219469248
-30.30248056425715 -48.64650831033016 -968.6206041400304 106.42869647406877 57.31250371522942
42.23325402636601 -46.73146422413356 -1045.6593299775573 134.74279852168524 62.987915219337275
-0.3457834949856751 -46.67636302844919 -1000.4750796104634 114.35897435919101 46.67764381143194
18.574918219380145 -46.263124868750154 -1026.9660515581145 82.37313442595655 49.8528264363412
-32.309719032804296 -45.15840726185815 -939.3827050337004 111.7306718701106 55.52656727833708
-43.486335905016276 -44.88269458440881 -1087.7653974490088 135.13828392054654 62.49414095548094
-37.56111749184476 -44.770587366760346 -1042.44565991035 108.97845230533561 58.440080580425715
20.52907255843196 -44.51423017448775 -761.3004763861303 23.230568626687518 49.019990836311365
14.870638554554205 -43.90777403301343 -1062.032426468241 74.52875069597913 46.357615428451695
22.865437061130123 -42.78919262693024 -1008.6752746032548 112.84203279288238 48.515391476979175
-40.002514702737166 -42.22182722564307 -1254.1677887848757 -60.216684004274526 58.16256402927191
36.723425776050405 -40.12120676648044 -1034.086493710848 106.87626151951727 54.39045151609793
2.3908724308837574 -40.10184093930249 -1050.928394659093 22.65138608496064 40.173049643131016
24.35341325664913 -36.73389741606142 -800.0409413089296 99.52133088517617 44.073438149968986
-15.270340527988196 -36.592438736818636 -1019.3470877175869 132.4149580793307 39.65084955085576
-48.900649127937484 -35.94477478248743 -1050.1778636701567 102.25655673102142 60.690199333103806
-18.38521790876744 -33.958156075929665 -1051.0554229393827 100.24263517319467 38.61570404091532
-31.681840934295327 -32.356813086337546 -1046.0466833711032 85.73281161268767 45.28468162476827
-1.0891998680771824 -32.23588797393486 -1037.652519752419 81.50527013241621 32.25428389859001
-9.437559840295794 -32.249664352005105 -1045.5866235967387 78.851675264387 33.602208049882634
-20.493676130750597 -30.70619018950624 -980.9238543924048 152.60296588414099 36.91694562393246
44.45866781006262 -30.618759541956162 -1058.9930378107374 93.40675489165635 53.98223378876231
19.725304147937354 -30.218595130642697 -1058.8295902964567 62.961624920549646 36.086716567407564
8.206236887922815 -29.70585833325906 -837.3612371076251 -66.88093499308026 30.818506497092013
-18.13307965391383 -28.84510514817487 -1018.3527983868412 99.08543228732142 34.07122930854533
-26.03806594225807 -28.1201645067151 -1060.4939332598556 71.08544885798013 38.323941938286204
0.09746164094636614 -27.993019205903575 -1009.585581046681 53.10398514091301 27.99318886859534
30.37301072710728 -27.740295524694037 -1029.929214563767 92.43777604230469 41.134459652045734
0.5458334644257249 -27.08832189911438 -1043.1133784764452 50.901151390304015 27.093820651196296
17.310915045506913 -26.673467713632277 -775.2121509316714 -134.40584997223667 31.798453703212594
33.347844431801406 -26.59572161495139 -1057.7676280035091 74.66617223001244 42.65455579780804
45.89147269367172 -26.529437662562064 -1030.5563970266023 97.63050743056921 53.00790806168079
-12.216174378687262 -26.001854509789645 -1064.191373938111 75.6698859730181 28.728580779595724
26.96009737742806 -24.398242200629227 -1075.194955749265 61.48624501081904 36.3609827933207
35.61943621192713 -24.267582416719264 -1078.507372604534 84.81487143345939 43.10057756644623
58.998951756932854 -23.923441992090385 -1012.403543253038 129.7088442168845 63.66480479489476
-6.081392624727132 -22.636042316510935 -1031.045212597864 115.64359933654573 23.438723255812132
21.475237713324464 -22.47015883641496 -1037.7557576872468 75.35911859707434 31.08205062655756
19.925049037836843 -22.34018326091499 -1054.4295675520873 17.700644907091995 29.934785212912132
-16.41667143519961 -22.240196681334545 -1036.2818217595195 82.66909383011989 27.642963813419815
54.38362414373181 -21.263696577385574 -1059.9010546211925 64.34811587120902 58.39283651841187
20.367295403696307 -20.71742661243671 -1076.5306090573958 112.67981864936266 29.052340458379536
12.27151340736927 -20.60707725045832 -1055.511884641841 21.57909075380289 23.984196330381106
53.592565908241454 -18.16198628130663 -1043.1938404439325 80.92745907131243 56.58640171352738
4.830912875600119 -17.418382159381053 -1026.062477529638 65.18103923985191 18.075888808231188
-24.433493014184055 -16.967474038419017 -1032.11016471399 133.02428549722316 29.747113385572636
19.523527389264853 -15.779221058131167 -799.2120170463377 43.36728760183869 25.102827294569586
-21.830670730717497 -15.6597875358816 -1047.379811267928 105.53715912883429 26.86646849329038
-40.04872012208122 -15.630267345410786 -954.0123872643159 56.931959504544785 42.99075758379116
49.499397334731526 -14.287275003332974 -1013.2816013757268 59.220201552581564 51.52005977877047
66.72539595587382 -14.169399792905836 -987.8632708124882 108.13194777482505 68.21327106184108
-35.68695738867571 -14.066938439321687 -1009.4576977722264 139.0240399833993 38.35932328307803
-16.265114602686232 -13.023270309143106 -1041.4955358738669 98.58558133504229 20.836494960407816
75.48604187979208 -12.263312834825078 -1028.554871258269 82.2740052537996 76.47569125967341
12.70229920651332 -12.215706996990981 -1047.2184848426643 124.34575788618716 17.623050314339174
-30.041482493099224 -12.207426371068586 -1041.6189212231575 55.027332918431384 32.42702465423713
69.16718691832092 -11.442345784376082 -1030.6757880673908 55.510405102571674 70.10725367849093
57.635689536244335 -11.347043657258649 -1038.5603467677265 28.501852237463513 58.74204716151467
-30.68665244665518 -11.094259391456681 -1075.434577802611 47.59018450538634 32.630556674823616
-34.678717270195264 -10.356000178378011 -1196.346454621953 -59.664489792130595 36.19199041494348
15.314132135053429 -10.091827609752224 -1020.5032102046569 101.91057033265666 18.34032789691561
-26.36034660230208 -10.016128165980405 -1046.3985892231913 134.7038027407022 28.199125799907275
-49.19288273829915 -9.886243483014542 -1030.1438736087734 112.91654691065412 50.17646380978389
17.11013896519833 -9.664856154392053 -1051.1969199852958 41.378808417920006 19.65111446413275
2.002921414966194 -9.470583481993744 -1073.1650979255182 -14.15365534403904 9.680064342833372
-6.742274263232346 -9.171238031144124 -1067.6028328997609 40.06089371971427 11.382876140594323
-40.273546457433596 -9.092506958791185 -978.9585404757198 119.570240624512 41.28719203325212
81.7904515282888 -8.156381809286321 -1056.2129745443647 57.886156923208695 82.19613447084232
-29.98075533476689 -8.077412409512844 -1051.4153342628704 120.09823609270636 31.04980323942077
-17.580926993350506 -7.422072216980181 -1023.6562665533221 157.89640389917992 19.083399849138722
-39.331094028395526 -7.230144187295547 -1019.404574762588 122.72732120052171 39.990123053140316
-24.024390968815823 -7.021950621540186 -1028.339519534253 66.68470374475926 25.029565552087423
68.68195869204797 -6.918402935853877 -1099.0738534715763 43.12095581598652 69.02952808183608
66.82570985663574 -6.824711564376751 -1013.5560266563082 115.86730445156624 67.17329963724292
59.92161605345418 -6.511194573979425 -1006.8416235591858 27.850714663711585 60.274337193002964
-39.5556984615265 -6.1246697722929 -1021.0698287793368 98.94755502051335 40.027051604259135
2.669759766362877 -4.693041018027122 -1080.8122545894978 36.469080773829795 5.399282471408193
-37.32154097614368 -3.648525275609678 -1041.7465886880716 98.56661409465494 37.49945542778571
-45.5114502878203 -3.5416650113339867 -1060.1451729509033 25.86103659642241 45.64904706710783
-41.01086160865147 -3.22565903755059 -739.2040004067672 52.65955529925288 41.1375211452108
65.22253455897095 -2.5396210455908768 -1012.448968779754 52.31833843142738 65.27195944009524
84.76894123297721 -2.1837598720219673 -1041.635093748313 26.877657027780952 84.79706483522205
5.799125104409621 -1.402089477098127 -1049.3822588984078 62.07781409044183 5.966213780799967
0.6177010749937992 -1.3895237383240029 -1189.5101931471202 95.0386217366307 1.520635011285029
-14.805663204205372 -1.467457004178708 -915.2304306673194 99.86325343920777 14.878208661483935
42.36686892601222 -1.323358745801535 -1015.400925994086 63.08656022156446 42.387531904371784
35.032549584800734 -1.2245632577751484 -1024.0704076267064 148.3314627707005 35.053945363903374
-46.66267338242562 -0.8574014849153578 -1001.1042353199564 89.80723523913959 46.67054986259057
-9.144820421285146 -0.552743340310901 -1047.165936318706 87.76881961904445 9.161510014075812
1.3229389160376555 -0.0010980216420875492 -927.7203155020022 -148.82110622253495 1.3229393717561915
-18.138395750602438 0.8682352119543868 -1120.8269440453098 21.281175117677186 18.159163879030697
49.668948033918454 1.4207026773315128 -1045.05362294562 62.342692523946944 49.689262369839064
0.8573095978046728 1.3591930197779318 -1083.8340131830466 -226.44636088545212 1.6069802150710772
-0.47595773738909863 1.489025679729677 -971.6740200512793 13.524161321488965 1.5632444603107467
9.860506199819724 2.349978198370962 -1036.2575298125953 108.50326403942854 10.136665134299932
16.321854971864415 2.6331447226709 -1065.989119074448 99.26232583060687 16.532888460258395
26.626637995061696 2.7867322343524608 -1032.4379751927 84.70218196132912 26.772069913005673
-9.993414441477734 2.966511670403087 -1078.2726663554372 124.5303412244593 10.424419584742123
67.10482931221003 3.20553877834422 -1006.5583629114325 55.495945622895476 67.1813485687578
17.85547091070349 3.4434713552820093 -1027.2440774505064 106.05917160727293 18.18448064662228
-29.963821489061512 4.163847643998181 -1013.8549391749598 109.11954876165895 30.251747475346676
-25.885427381825973 5.18512728202746 -1036.8815656330955 55.452942331563804 26.399638170452313
-2.3506995502286796 6.813607136265693 -1050.0878910604833 130.47309543935026 7.207706332859385
-6.986488211774947 7.491701560967333 -1065.7248877718648 25.671269203374994 10.243857173443972
34.572174535538004 9.159576064575248 -1076.5908737800337 61.218369872687475 35.76497008273029
17.763719497379007 9.47783279065126 -1009.9421363302912 97.14135710719928 20.134027032995878
-20.06676174792002 10.562005804450262 -1191.4456344800149 -15.992075632397444 22.676659659389998
-35.27992828994259 13.041435212574664 -1052.6910951106609 41.106885305150946 37.613194106444325
34.0165842719077 13.837384406338627 -1046.7197260941352 100.82563564767237 36.723306101260334
26.81515739135789 13.78446629487781 -1078.3240279269216 33.488407963539494 30.150691134579944
27.35935189497811 14.053274571473048 -1050.323709150075 111.93486149599453 30.757578921910273
59.61545235590733 14.691366415510464 -1018.5612901887426 27.093354244002235 61.3990097701108
-16.06679227982032 16.477807798519752 -998.7765115988702 148.58902992321498 23.014342559738274
49.69597935832188 17.41661875174849 -1018.5323918622847 70.79051765208419 52.65955722623976
55.32308147825201 17.67367428531554 -995.3989942750923 38.05658868219491 58.07755245790579
69.28003291234306 18.0704327066213 -1065.8671161519771 24.693113089945548 71.59792934344036
-42.028236729362995 19.241605159718514 -1036.5744567486963 97.10749541320526 46.223501020274185
32.957288671929895 20.691585061005593 -1061.7917533967839 170.80901555304132 38.91432339513043
-3.422015762019116 20.747949586877006 -1026.1886363429667 64.24803484936366 21.028257271953056
52.4691282013181 21.502851414677732 -1009.8891144176628 110.53703244930095 56.70433866294831
16.803506286473848 21.906313885398163 -1095.4065387426415 73.82553332678992 27.60877415799806
-37.433233808121436 22.87533520892205 -1005.581778939821 50.17963988024252 43.869442081089154
-9.810157325746747 23.801353430417567 -1026.520080043078 38.60245072547906 25.7438072445951
37.31195378420882 24.47543110804114 -1022.5853983612221 0.13838553216836585 44.62318474280076
-12.21985164996706 25.958405929968446 -1017.3389845214614 205.71996333964748 28.69082801145779
5.433234716257957 26.42624645125265 -770.9807732673546 -52.27456805900651 26.979001850029256
-24.47843274153275 27.491642585190352 -1035.2969183117941 31.17973310986822 36.810108366625066
2.713650889709238 28.13192471322125 -1043.409510386261 83.9847671341917 28.262503236214016
40.57598918609685 29.32828181799717 -927.3913046972222 266.1676494618261 50.06554705319367
56.314856436569244 30.683159252098278 -1026.491967644404 113.925489019923 64.13126611702896
47.48132599991245 31.341041031851496 -728.8478792776756 94.40009680386248 56.892329485768364
38.270145800424174 31.884194344343715 -1033.4686729486396 6.591577618327768 49.81170441678755
54.9063391366521 33.46226869797513 -1043.4196798154662 81.20665202753354 64.29952937128802
53.575415626738526 34.484145420555 -1027.1218330705021 110.08668607366675 63.714059815984776
36.12589037094301 35.676966219062905 -1043.1449986045552 106.08419894169485 50.77327900255917
-26.10199882582539 37.219965707231616 -991.724451575344 92.21342578866143 45.46031436932588
0.445172770360838 38.106061582321196 -1071.832678279699 70.31229970555982 38.108661851471865
11.261971579115993 38.29301742860702 -766.0769050446542 -11.041037201160501 39.91474898056688
