m1-67/data/wr124-jwst-2022-f1280w-TO-f1800w-OFFSETS.ecsv
# %ECSV 1.0
# ---
# datatype:
# - {name: 'RA, arcsec', datatype: float64}
# - {name: 'Dec, arcsec', datatype: float64}
# - {name: 'd RA, mas', datatype: float64}
# - {name: 'd Dec, mas', datatype: float64}
# - {name: 'Radius, arcsec', datatype: float64}
# schema: astropy-2.0
"RA, arcsec" "Dec, arcsec" "d RA, mas" "d Dec, mas" "Radius, arcsec"
68.63945503693706 -11.30445062178047 -9.132491292574283 -19.796614646269695 69.56410990525451
14.757059298098335 15.811043679609012 -12.066468347847636 69.1596285452412 21.62775764934865
21.291790984150204 5.342309610839955 11.315430112600858 20.484211918301618 21.951779772771825
11.356934947964067 12.450570369124145 -11.631955256862163 -28.377064355158183 16.85220085842831
1.7279410662890324 18.66844062144404 -20.078362554788637 27.190590113379507 18.7482387321267
20.195693087124702 2.0163645066650626 64.5867410534792 -6.774211709135577 20.296101721340833
-8.055909644560513 25.58474291685889 -46.482568991084996 6.466144505799769 26.823063769642264
8.14845828163755 11.659620513537325 -47.0045248836391 -40.122920883117736 14.224771450463981
14.092498549067669 6.275164764031438 -4.808677895260995 61.41088291773032 15.426477501647136
12.999648072259955 7.091917465664382 54.18916564588267 -68.88000240128912 14.808313316423604
-1.682916973338407 18.403690631869733 -47.47152097449747 -33.63988850215905 18.48047722342585
11.612481587960032 6.942514806263572 36.4304712584907 -14.340708938982266 13.529532158027308
-8.388420411098652 23.99875041277357 -92.8019271622242 -100.14665858592134 25.422541534018805
7.053379899206251 10.641228671702581 69.97179545118878 -18.799497395301216 12.766593735308353
-1.4316158272051365 17.613030441083353 0.46496962461530256 -41.08273668928756 17.671116693362354
14.068829630150807 4.241106806004113 100.82849542179524 86.19449309590665 14.69418095971816
0.20523827446712653 15.448632347699537 -91.84609809610875 -10.72407549141911 15.44999560400048
-1.3162148668472637 16.593312906473667 -95.65081791688128 101.55045216497567 16.64543345135525
7.595421378459884 8.435671172622984 -124.42268071688937 -136.754730425009 11.351254292747651
7.257582988385767 8.778534397505767 -46.00599282525945 33.69911435513239 11.390135072533434
-0.6115878869883092 14.927479984020282 22.920718750442095 41.669845285236164 14.940003293712044
-1.7603168593734786 15.843812170422174 120.29984117951162 88.49298703602611 15.941301688709157
15.917598720967566 0.12015255753417754 2.5462194882884415 -54.49809488512855 15.918052194940048
-3.437364407872143 16.317890201809416 -59.148057939107524 55.66314373249549 16.676001159892163
-1.6007717998882536 14.829358411468554 -96.26681895398956 -141.95385815936626 14.915506737852269
-3.4923884314094336 15.786051564662927 -1.4943892861062975 209.33276240081625 16.167751882475358
5.235945044663787 6.569980282473719 72.12452411861803 -22.60846606945609 8.401176192295686
15.285883695656487 -1.6461249540999026 153.4257648449716 53.28056833203375 15.37426316015214
11.26835832508291 1.378777057733304 100.29590106235956 -55.303393624963334 11.352397346711035
13.306104680662884 -0.6676303752320168 85.7454332305229 231.3815730508915 13.322843243446446
5.170327623694476 6.028825264138106 53.06944600785523 8.521569725970055 7.942230278432584
-0.2964162821209589 10.267280382697503 -86.31548709045214 -77.0202801101478 10.271558259056295
5.817090794073449 3.6862009384974153 -15.616043583539975 -20.70395783051022 6.886698967074193
9.825982590377087 -1.0419216220921994 77.51137546741 -171.73268960444406 9.881069503468408
14.173829562377353 -4.617919003987803 107.3506802540648 -151.56081162774947 14.9071332038519
3.889679509420551 3.4676235293269078 50.339901719149054 22.71024592733456 5.210951892483437
4.056263002607238 2.459448711012354 23.1433805760994 -44.103394571739024 4.743643906164159
1.3575050752570512 3.696715305088301 -0.9806794064859851 38.51749926002574 3.9380863469557603
1.8105450635647127 3.0841011729587455 -40.58561029810943 -21.443333213462292 3.5762764814543018
10.813377532361374 -4.6271522329962105 -31.64240595671459 -4.679837538469389 11.761788615147248
-4.737161768912127 8.335378594976738 -208.4599362854537 191.05864395476985 9.587452108529282
3.476123700718797 1.0905345463659117 -21.470063872316032 -51.9389136798023 3.6431719119272867
2.958495392505363 1.1299162287918598 21.72576698824313 -37.26186647620345 3.166923692196063
-3.8638496199054684 6.904596687238212 -86.85934600258678 70.85982045263816 7.9121924454105566
50.09216272105087 -39.98593665127225 -8.59694141415612 -23.658511217128723 64.09446048231763
-1.6733278380345296 4.25528239726658 206.41659870110178 151.7626531455287 4.572466985537384
1.343316791907943 0.9775612140875483 -110.02953600206773 -46.35429155048908 1.661362672838645
19.498838395965358 -15.727014140943913 -47.58638404533037 -22.423236504811573 25.05082177981598
-2.8692946800104093 1.4023258796757132 10.08118475500118 -58.85976655203764 3.1936452265487727
-1.8272897986293228 -0.7465922309884361 32.3915266953451 131.22628570150582 1.973927042003787
0.2389209931668489 -3.4445176694140045 49.92614298406037 -38.92550643269566 3.4527938275943493
-9.772117413217819 3.691137445532335 -7.49211418018891 -8.75139203615942 10.445993220797146
-6.35102039821341 -0.806166066816352 -51.769344894153285 -73.8245229447176 6.401981242186811
-19.95081958523248 10.61898251815171 0.33841868324450114 -12.036815340646998 22.60084050411318
-1.4528359988349289 -6.35597778492193 95.0162696825461 -141.98549800437087 6.519906904338848
-0.6834968033724295 -7.097479913423928 13.25374911595631 -102.73208462673512 7.130314789776651
-6.536247842410105 -2.054072059278416 -112.20153720115017 86.70952625166336 6.851404810830569
-7.0815305574398515 -1.9710072636519924 93.73961132674319 111.41721569140576 7.350710487329174
-2.507785657853683 -6.258940769552588 -24.7689030465166 -45.15239356754918 6.742649958309605
0.08994975910322829 -8.369991419120593 -27.09697686270657 -31.008679683277762 8.37047473656643
2.6506227833611997 -12.154897285323274 41.397993620449725 68.31473616283766 12.440551802409104
2.872415920873035 -12.599968623121555 -35.023735854644755 86.58886285287451 12.92323421271734
-6.01925171897853 -7.3690531201582585 -5.214245211001455 -17.095938559079674 9.514953238373918
-19.390686174820058 4.134943952832904 -46.73722571469927 -79.12055212839324 19.82666063087888
-2.312776199583718 -10.604759088030873 23.7542509612211 118.73520720464886 10.854024555875558
-0.2874651598777401 -12.579243358560147 -147.5771131391009 31.27293087450525 12.582527555777581
-6.226161307919656 -7.339479301781151 -106.74240861744848 -93.81722499299946 9.624606019812244
-4.035724945590043 -9.488181101416384 -48.9423674182739 -28.40974462702687 10.31080289981032
-0.1523237760194051 -13.13618945221262 -118.63902166637638 23.45816421018884 13.137072575619786
-3.1753562870582037 -10.67714195241051 13.47778206728509 -6.770556148790212 11.139310921780465
-4.4168194456762135 -10.043345333583856 -98.95754971131278 -67.32552916509523 10.971648895632889
-8.052865715475459 -7.50812984810251 80.5645257959649 -101.82992582931969 11.010025432334835
-5.778850985238367 -10.704612112267707 1.9904994671634444 -28.16653660641622 12.164860835721559
24.351265602105197 -36.63917716897733 -17.3357957381112 -19.98464362064486 43.993333970125796
-5.477115784233573 -11.039085755379794 106.67357374392834 78.07633966636759 12.32315753367727
-0.06808781427424997 -17.516050464082337 -37.02866346284298 -35.300836014791216 17.516182797936303
-6.6628241849119165 -12.38662143027823 74.33342076851372 61.447167889058356 14.064907270236999
-22.34131183091238 0.5350509178869379 -16.433937926763164 -71.65332645141389 22.34771786586638
6.161769028534486 -25.200606336218332 6.652502227184418 48.295686709997575 25.942975100910818
-4.873106240344155 -17.441993003761635 -160.71885838583685 60.22640207460378 18.1099498705779
-5.511473386201687 -16.941509631609843 39.0185691102712 -54.600455612797404 17.81547325827842
-5.599530064787219 -17.85301100604193 30.10024073434102 86.6483690819208 18.710551537828547
-8.220203549936643 -16.119276435021657 -5.272624256557505 18.5893151273143 18.094275864289983
1.6740301857833735 -24.59057780683921 -57.44332524920859 -1.368870298601899 24.647492649855838
-8.810263255983008 -15.76896079414733 -65.40371279030485 -77.8353884286867 18.063246192610734
-8.306650639260528 -16.647881213134198 -23.612916860209086 -56.57162620287292 18.605171151465665
-12.237764210259463 -14.420391913146357 117.59255626863037 54.0887629020227 18.913238103309713
-8.527119428425664 -17.94070116272647 52.47755188572227 -29.45753865951817 19.86405104133274
-10.044205409239169 -17.15988841671505 12.832396021603019 58.066175365285346 19.883355666090253
-7.932072277606767 -18.92232669250968 -146.03426233671297 47.50225314390197 20.51760750912159
-4.992490709750465 -22.143949288758353 62.71376493796754 12.430462992113263 22.699767696941592
20.56360624887621 -44.49253358734583 -8.336810492846283 -21.86691632065158 49.01476757492776
-11.339493872171108 -18.21994264461473 17.93275931200175 38.39004672300271 21.460438740094148
-9.45490241681364 -20.69340049764425 -2.340580143952933 -50.67118221100501 22.751087964490264
-9.677070875022068 -21.414195702405816 22.66613713880744 -52.24022389649511 23.499222922557596
-6.27163061209561 -32.8559186425122 -37.534597237400355 149.3001647018784 33.44913661133403
