m1-67/data/wr124-hst-1997-f675w_BGSUB-sources-fwhm2.0-thresh10.ecsv
# %ECSV 1.0
# ---
# datatype:
# - {name: id, datatype: int64, format: '%.8g'}
# - {name: xcentroid, datatype: float64, format: '%.8g'}
# - {name: ycentroid, datatype: float64, format: '%.8g'}
# - {name: sharpness, datatype: float64, format: '%.8g'}
# - {name: roundness1, datatype: float64, format: '%.8g'}
# - {name: roundness2, datatype: float64, format: '%.8g'}
# - {name: npix, datatype: int64, format: '%.8g'}
# - {name: sky, datatype: float64, format: '%.8g'}
# - {name: peak, datatype: float64, format: '%.8g'}
# - {name: flux, datatype: float64, format: '%.8g'}
# - {name: mag, datatype: float64, format: '%.8g'}
# meta:
#   version: {Python: 3.9.9, astropy: '5.3', bottleneck: 1.3.4, gwcs: 0.18.3, matplotlib: 3.5.3, numpy: 1.22.3, photutils: 1.3.0, scipy: 1.8.0,
#     skimage: 0.19.2, sklearn: 0.24.2}
# schema: astropy-2.0
id xcentroid ycentroid sharpness roundness1 roundness2 npix sky peak flux mag
1 1423.8561779657614 80.68238965802804 0.7590586484974254 0.031402055833424064 -0.10123294889255213 25 0.0 30.332293391466106 2.712138010146953 -1.0832794632827902
2 1274.1006625203122 159.36255999935102 0.8104898990329122 -0.0526820119766793 0.051256863852136354 25 0.0 12.455348056752445 1.0916648538532567 -0.09522332105352185
3 1326.2545378177967 182.59209500287346 0.8614958074832524 0.1399711426561076 0.04670191705477921 25 0.0 14.460690526954156 1.0553139796152835 -0.05845422805895041
4 1440.9807034876283 188.84827237374554 0.7595624549216636 -0.03549530682021662 -0.15434990137002205 25 0.0 14.218624573929112 1.2995908818662665 -0.28451663901335417
5 1357.4542818586967 214.19229398062353 0.8404254071273571 -0.002388035652708747 -0.18320149335484745 25 0.0 121.11790868423034 9.934652933513012 -2.4928817491498196
6 1460.2666320770777 289.5064936877525 0.7220356231951774 0.20874994560641782 0.06134114842739029 25 0.0 13.782515684236627 1.267151644404982 -0.25707147877804176
7 1143.8552397260169 294.02738953995646 0.8684697293140804 -0.22360176661887085 -0.05143988824881757 25 0.0 21.71198144382885 1.8339792641263375 -0.6584860525356341
8 1185.954431131002 294.27190802795843 0.966060459520676 -0.09930967589491313 0.028736487548747875 25 0.0 83.33205779024424 6.563247182569464 -2.0427969020046524
9 1150.2340612498692 305.0901026456726 0.5795487631733315 -0.15868157016304538 -0.06691711580178317 25 0.0 26.330486425296975 2.8231294495281474 -1.1268269809914784
10 1222.8206807590527 338.00758572543094 0.7689001908181083 -0.1867506278339833 -0.0429810798657099 25 0.0 61.30245349993888 5.692302558363611 -1.888219939324549
11 1036.4864145355996 348.7395047656072 0.726723208205552 -0.5911628456028303 -0.0804568051925354 25 0.0 51.58537825416814 4.468827133187318 -1.6254838881305962
12 1100.7000877976263 356.2286453991557 0.6051993658689557 -0.26548677714494495 -0.010463079851525453 25 0.0 26.896673994025825 2.81467461777162 -1.123570491863667
13 1555.128600431555 355.8270502414794 0.7428136989903213 0.030086409651787795 0.03331402234141844 25 0.0 16.421594331354644 1.5377343302484534 -0.46720327547535545
14 1330.0238549182282 383.0572847314846 0.5960351097375889 -0.10615010557385565 -0.02685467354368342 25 0.0 41.753230863637526 4.4860689983478945 -1.6296648724995089
15 1576.7097365558477 445.9511457410824 0.8445971135892331 -0.09053119431330492 -0.1306702543305521 25 0.0 37.712157623487855 3.254698787253072 -1.2812770052352156
16 1054.0431403414316 452.0966951486817 0.9076716785230966 -0.16964844367176624 0.022719483949661418 25 0.0 25.814723739399998 2.1323193520071757 -0.8221306209943912
17 1000.0685904172462 475.9291040961027 0.7663483070914748 -0.11085711029802009 0.059604642446334025 25 0.0 35.652979814480034 3.2545276561180865 -1.2812199160340105
18 905.8299100368264 477.8872872011776 0.7498810750070547 0.0715130828224505 0.2369479959768724 25 0.0 21.52004497820431 1.8652084231386126 -0.6768184200688853
19 1141.093367296132 500.9667042490577 0.8190569419669823 -0.07997791813301414 0.005260200969291074 25 0.0 14.762028140045187 1.308557905537469 -0.2919823638649839
20 1715.6254505272886 503.92635756125776 0.6997091990787738 -0.12698671308146686 -0.2501742845140108 25 0.0 27.906386597213412 2.3998898690840167 -0.9504782810013863
21 1468.3332620256665 511.6797173305225 0.7142235808366855 -0.36726610704497553 0.029126012997880694 25 0.0 65.93911370509085 5.981630857509771 -1.9420490201111908
22 1406.6817295571823 517.5582571460953 0.7705857767825037 0.26238543007701043 0.0691547470438223 25 0.0 11.35594545037129 1.0161618301116848 -0.017407193904681963
23 1779.8719217996697 522.1563222736235 0.6639160826711418 0.028996080716779952 -0.019759542019431742 25 0.0 65.76079352565962 5.958839345101051 -1.9379041916721185
24 920.8317380580422 528.7633049599872 0.5555909834809342 0.058089824477972375 0.10710412858429086 25 0.0 27.89011533269124 3.0408645876549807 -1.2074927026592384
25 1392.7230069767595 548.468821636344 0.8764168956858404 0.46924823875772415 0.20851813316423373 25 0.0 13.405695416315874 1.1387531833110924 -0.14107401006242654
26 1002.0518582889829 560.248203418853 0.8906224040325916 -0.019612472276927032 0.061280180599105415 25 0.0 17.60382431268271 1.4784358265565445 -0.42450619537610645
27 1238.7354474496606 589.7572964604501 0.6949257919802979 -0.007917021162637265 0.02079027551908861 25 0.0 11.664607351685394 1.1482328771944692 -0.15007494450989517
28 1206.97085072541 605.9601015399959 0.9529246760334571 -0.04306779596117861 0.03269544942751253 25 0.0 48.11471735694356 3.9423433768709697 -1.4893861212599078
29 1579.4304413151594 606.1269210955275 0.5692150874405987 -0.02634711420325538 -0.10070222111569085 25 0.0 19.505487191696037 2.078572234320144 -0.7944128041497698
30 1235.906799927941 610.6228864868497 0.663486489670097 0.05685489565232026 0.04490814114804995 25 0.0 21.219690558357605 1.8428266286915782 -0.6637111978628514
31 1609.06851891876 611.3278338613279 0.783072112693645 -0.05342307838524486 -0.01335016445188362 25 0.0 442.18397803922466 36.20013281515169 -3.896775409812312
32 968.9143670646262 615.0030679728794 0.9763366713515284 -0.027211307453833482 0.06171075706960457 25 0.0 342.15889586652645 27.164825155392023 -3.585017285177266
33 1574.511419794752 624.4137910848343 0.8229509116110343 -0.6031137795030083 -0.0895010148733196 25 0.0 57.31865753137467 4.837753952108718 -1.7116094409871419
34 1251.8886277179574 624.7684724103591 0.8083355133042269 0.21362592764625662 0.034450178648679254 25 0.0 44.45636406290418 3.7088121616876224 -1.4230870959877975
35 1761.4511988170398 631.2790779699691 0.887124905216451 -0.5889130775473258 0.19034781325425643 25 0.0 18.79858926489085 1.6224268634913683 -0.5254128214652662
36 1585.8117816745948 632.8878473879561 0.8134235327852515 -0.04315139115509996 0.02412869750602068 25 0.0 66.56902562433386 5.946633530943374 -1.935677938398411
37 1181.7929674912791 636.4002305976082 0.8852551710544069 -0.16817163816875408 0.10012671947224977 25 0.0 39.83130934705589 3.281562614225163 -1.2902017381919737
38 1395.191193573241 652.7284154426571 0.6368010587251388 -0.3981809588871745 -0.21153870618989448 25 0.0 17.96180991608784 1.5993494700969821 -0.5098584269574065
39 674.0663671759335 656.2431702692805 0.919988543458771 -0.2939470425460146 0.4477114358438081 25 0.0 224.24761021440602 15.676287282509655 -2.988108034320831
40 1158.0162422769392 658.5468015759938 0.609042135888976 0.21293235954881262 0.2432981151576611 25 0.0 43.67096685285926 4.563217389612117 -1.6481778971453704
41 1051.7642385675783 662.7561127161583 0.7388105244745142 0.1492635010064193 0.012771712054472063 25 0.0 18.511959580633075 1.697876748829706 -0.5747654025703213
42 781.6633622048731 668.861531791607 0.9085829032482441 -0.13209948855867157 -0.2408370965754574 25 0.0 45.10575174653291 3.669096899503987 -1.4113979536636354
43 1164.5024892779923 677.7176793219061 0.5304582778001528 0.24600606369713438 0.09357531106091092 25 0.0 20.17804385115621 1.7414053678549068 -0.6022496970788156
44 1601.8771739675797 685.723001302316 0.8279851074021783 0.1507692182024277 0.09282239314929913 25 0.0 17.5659975441288 1.512351762938511 -0.44913204229006065
45 930.6698144628497 692.805835435493 0.6451213887137403 -0.4566453215475585 -0.730771722105667 25 0.0 527.6917887299725 39.94076715237997 -4.003541005545882
46 1096.4601418217824 709.6847335784976 0.7875109613110353 -0.49688825791936797 -0.12571062908236624 25 0.0 131.95398256132003 11.268963109560437 -2.6297098929295863
47 731.5617117134314 728.0479386540044 0.8158524270983278 -0.3644327575715992 -0.3534415914354666 25 0.0 14.692039207942585 1.2590370484441764 -0.25009627463052875
48 1092.1405438505737 763.0886063911207 0.7928539969742334 -0.03084325606370513 -0.007230884568544651 25 0.0 253.93926381738603 22.508753623519436 -3.380878618730293
49 548.2154195176968 774.3745015187104 0.5284263156570538 -0.01612327873222019 0.03953866264419999 25 0.0 13.248405975769527 1.4621884701818917 -0.41250838758162983
50 1168.7441928438514 789.2650988075036 0.9383726143659511 -0.15438319992258429 -0.03215412109194527 25 0.0 13.833262651100384 1.1159762706979892 -0.11913740044994314
51 614.0177965794795 791.0002972598772 0.8420102462565692 -0.15368115620970918 -0.06167867645813617 25 0.0 21.925053390250266 1.9041589427240113 -0.6992579917741961
52 1001.0933157257441 793.4111726134937 0.5581563936486067 0.18796419421412516 0.14376619190520848 25 0.0 279.43649913586233 25.665834175031595 -3.523388459990477
53 1325.4630490980637 793.985660693676 0.7403482945253722 -0.21176542177392407 -0.1668113176016955 25 0.0 11.547735719605383 1.0285941558271823 -0.030610131142883405
54 984.5664482699291 797.3968333716975 0.9441577963000184 0.5733113059389983 -0.1257109366913635 25 0.0 16.803823903070036 1.2392097893085292 -0.23286208883454645
55 1573.5957098103695 798.0277591658311 0.5930513799134796 -0.3271932804350316 -0.2789053574688471 25 0.0 29.888915700149383 3.0761530431686954 -1.220019846151055
56 803.3964230482028 809.8306022092648 0.732419142050974 -0.14006103574265394 -0.28973486515207664 25 0.0 30.1476574673326 2.7181807877193522 -1.0856958463129427
57 1165.5761558109277 816.7422025530353 0.7927744607208604 0.16426173346961337 -0.11144370305966947 25 0.0 46.43722655867158 3.9753705601245173 -1.4984440429947397
58 1528.0365522475215 840.0204854922797 0.600130889333186 -0.13356416681037317 0.013456475167334364 25 0.0 36.22706000000998 3.7995949921901704 -1.4493432665216235
59 1523.24936435674 845.8157158816007 0.7065512157160233 -0.18037184506136514 -0.05433455677346683 25 0.0 145.1403734390994 13.75654037814801 -2.846273068107275
60 950.0823194072473 848.0817464167221 0.9075505070847493 0.06688283229453185 0.0014295655531594595 25 0.0 15.522479982918327 1.2568304719004229 -0.2481917541126112
61 925.7821498878532 854.8513440100942 0.9760062654382902 0.04119230584202953 -0.06475872088940222 25 0.0 52.645936031535065 4.158322233259433 -1.5472953507186047
62 1432.6048306274038 865.1631659312451 0.9557647496068201 -0.3543468354920761 -0.12087776616245122 25 0.0 17.74170178630176 1.3286382788859736 -0.3085169014422686
63 1574.2255636936018 871.254284841385 0.7615226181385588 0.12059299004811047 -0.009075222283493074 25 0.0 98.67961847159704 9.195354125726887 -2.4089211479340507
64 593.7912907210559 880.9350259667602 0.8707653966302678 -0.09839614470502782 -0.044743726906177284 25 0.0 12.935193299253632 1.114586987595348 -0.11778492129236881
65 993.8308727671903 881.5926854415828 0.9599353072870203 0.3559686157628148 0.0954412808878563 25 0.0 61.476179016833605 4.757845450384525 -1.6935258267377218
66 923.1636707390126 898.4971441952739 0.6187582601742327 0.20852428911443394 0.10690827519944839 25 0.0 22.051689620046766 2.160556666854059 -0.8364141535670765
67 1540.7954554634264 901.2509151555814 0.8864960576182417 -0.11450627102673203 0.030258286954275654 25 0.0 14.323257974194396 1.273435347529614 -0.26244225168668767
68 978.9655883575474 902.3533147375522 0.9965105014836037 0.11624305190592238 0.09963888573211885 25 0.0 376.1328295372838 28.91345129474124 -3.652749837339921
69 474.15055039375005 903.1214194771501 0.7564683252146899 -0.04342280899330636 0.07486693358605206 25 0.0 243.1605611456414 22.4369411809585 -3.377409123574972
70 414.5829637516878 907.116697673386 0.8222319538802636 -0.42304176743060234 -0.07996335557808674 25 0.0 29.54524070194535 2.557656615169795 -1.01960559180752
71 439.81827466212746 909.6488301988794 0.6092776971443221 0.19596698491245357 0.2859378492869437 25 0.0 11.477279821765354 1.2216307502339543 -0.2173498900342306
72 1253.0563106929667 933.4634381747305 0.7431148849891566 0.15940085699518688 0.07403131003975082 25 0.0 91.84136840338488 8.302633091720724 -2.2980396152339067
73 1589.0432089211988 935.8149390326753 0.6933279640298148 -0.3126524101885756 -0.22350201342720508 25 0.0 22.10657183916033 2.118556983382416 -0.8151003745665233
74 488.78193581985465 945.4481515942056 0.7428969720994232 -0.8760254430257207 0.025735002286164987 25 0.0 262.1879777905606 19.29858567943365 -3.213813705923007
75 1021.0587036552555 959.227869356666 0.9135828539680069 0.1489683081779824 0.06027574384081414 25 0.0 16.993781559105603 1.4040120537860246 -0.3684270908346888
76 878.8387108590034 967.8472752467444 0.8555418098724102 0.04080430589923276 0.00787031573366341 25 0.0 36.49707552587853 3.1424475558923226 -1.2431700962636225
77 1623.198257038466 975.874276000395 0.9968106613426875 -0.12663037556657059 -0.07369618689185735 25 0.0 51.21166546872429 4.303790895032336 -1.5846279061000064
78 1515.7212693628599 981.2363049451184 0.9424590571972877 -0.302848148724405 -0.056581552924457094 25 0.0 146.39345605816303 12.275086834870574 -2.722561432592757
79 1414.4434858947866 989.9324300142938 0.8381677818255043 -0.3278617272236711 -0.3050568568968671 25 0.0 12.968031733679652 1.1984272021993956 -0.19652914547921624
80 986.4772946460513 1009.4746363893872 0.6983941392349682 -0.4978597889235757 0.05750878262698432 25 0.0 12.602391803214156 1.134060028702208 -0.13659010871173682
81 1579.8660247050539 1014.7762631707676 0.946650408470388 0.11635264308260904 0.020423588353369437 25 0.0 17.04817633747876 1.4687707230046732 -0.4173850178873375
82 291.5977038121084 1024.2844982874392 0.928075990440021 -0.2791348446667138 0.06111663444164645 25 0.0 27.401940742803117 2.1215971809140846 -0.816657324133683
83 1584.3076406636965 1027.8978466982321 0.8827547125158337 -0.19394471232317392 -0.07692603655800484 25 0.0 135.7582094706495 11.839354526319976 -2.68332006397002
84 1170.8771859481526 1053.4492280948532 0.7157825446816607 -0.6362433443016511 -0.2988126120448649 25 0.0 57.551848893946556 2.0643852243442384 -0.7869768549611582
85 1253.6959688750653 1053.5280299708247 0.7649783394158685 -0.1463417645490518 0.17013374936073652 25 0.0 14.935003284236316 1.3164490382295815 -0.29851012889753564
86 1169.8327108034105 1055.400652602158 0.7037512559653795 0.22032263330421825 0.36197844638835536 25 0.0 125.4650505140018 7.372663077160663 -2.1690609689048643
87 1160.9691503023514 1060.137225237353 0.7641918394346375 0.07839657386493207 -0.9653817728953212 25 0.0 81.09324178051686 4.624792816387041 -1.6627307044631567
88 1165.9443428424527 1060.4139109467462 0.7509678731616924 0.005970422738698705 -0.7017877333308499 25 0.0 177.1126225422431 9.849873795221042 -2.4835766649774746
89 1182.091278602411 1061.3973471611318 0.7884438813227335 -0.35237065500687337 -0.8692814661340849 25 0.0 169.849019693114 8.718118278172009 -2.35105689192009
90 1186.9582271125507 1061.5452520713839 0.6524297712394042 -0.16828481199321477 -0.5076343321196485 25 0.0 100.85266483698963 6.368412012436661 -2.010077882167699
91 1764.7065738122426 1070.8662382078503 0.7836160760162245 0.041132322478362564 -0.08320391572573368 25 0.0 56.75211492457347 5.350438382051505 -1.8209734172522085
92 1714.281729310743 1074.1016919662684 0.9061942825262868 -0.02383362021139716 -0.1025871822248902 25 0.0 69.19916846753598 6.062456088859021 -1.9566215149287753
93 502.8171362842007 1082.070597217288 0.5934486206599386 0.020055281917526528 0.02861112087773788 25 0.0 9.680728435605115 1.0226677461958449 -0.024336397498118438
94 503.1497597319439 1092.1939096969584 0.8437034361918773 0.24859600951885244 0.09827812233139634 25 0.0 11.657472700633722 1.0053077191638335 -0.005747543145982177
95 874.0610355543836 1120.1721520119465 0.7966143558131159 -0.00513493894086578 -0.0016848633633955263 25 0.0 49.9752555028659 4.487839568052626 -1.630093308256837
96 391.9529346688664 1121.8421668936983 0.7225034088009882 0.33362574424852026 0.14652583799871058 25 0.0 17.622753776609763 1.5600448119799941 -0.48284268389275126
97 988.4456538542486 1145.003257592833 0.8740344849975201 -0.20330714740990274 -0.21211655993035916 25 0.0 15.722471552310079 1.3196927810842 -0.301182102619028
