m1-67/data/wr124-hst-1997-f656n_BGSUB-sources-fwhm6.0-thresh1.ecsv
# %ECSV 1.0
# ---
# datatype:
# - {name: id, datatype: int64, format: '%.8g'}
# - {name: xcentroid, datatype: float64, format: '%.8g'}
# - {name: ycentroid, datatype: float64, format: '%.8g'}
# - {name: sharpness, datatype: float64, format: '%.8g'}
# - {name: roundness1, datatype: float64, format: '%.8g'}
# - {name: roundness2, datatype: float64, format: '%.8g'}
# - {name: npix, datatype: int64, format: '%.8g'}
# - {name: sky, datatype: float64, format: '%.8g'}
# - {name: peak, datatype: float64, format: '%.8g'}
# - {name: flux, datatype: float64, format: '%.8g'}
# - {name: mag, datatype: float64, format: '%.8g'}
# meta:
#   version: {Python: 3.9.9, astropy: '5.3', bottleneck: 1.3.4, gwcs: 0.18.3, matplotlib: 3.5.3, numpy: 1.22.3, photutils: 1.3.0, scipy: 1.8.0,
#     skimage: 0.19.2, sklearn: 0.24.2}
# schema: astropy-2.0
id xcentroid ycentroid sharpness roundness1 roundness2 npix sky peak flux mag
1 1259.9942845936496 180.05529036629886 0.9373882072490074 -0.0631987489765422 -0.0035316295426173023 49 0.0 9.245027440134551 7.3444224355611585 -2.164894121516773
2 1644.6224990701296 474.90456407589625 0.8704912582056483 0.004796026752044907 -0.05283579718418726 49 0.0 2.3301155988054205 1.9916604764081824 -0.7480382626915176
3 1779.8669105437612 521.9253295391949 0.9326347986449651 0.02796611577343933 0.030534253758269864 49 0.0 1.7230238047195061 1.388887564306587 -0.35666772345552294
4 1609.1053890548537 610.7459308390175 0.7013852877386026 -0.017887722151443092 0.03506903277535224 49 0.0 5.129648051862581 5.158466675715928 -1.781301573236966
5 1868.7616583148513 622.5429669056354 0.9581274739470756 -0.49606959609191165 0.016067995762754642 49 0.0 10.518156556550158 8.353506218817188 -2.304672000646651
6 674.0322592340012 659.1736492036008 0.6665726515850469 -0.11246135089549786 -0.03811003133041771 49 0.0 8.077692607010578 7.897989008536895 -2.243791312506411
7 1803.3075144926354 662.1111995861145 0.8543041354414231 -0.24096247699127477 -0.4103040149055499 49 0.0 52.34336672685122 45.275619151717365 -4.139660995192226
8 931.2366755231775 692.0036326469891 0.675680067819337 -0.005732850476113071 -0.20659291204933353 49 0.0 8.03867948718673 7.783261173710826 -2.227904009501843
9 1770.8978879822355 701.7985499455358 0.319815686572936 -0.04422998483317747 -0.32375631622618123 49 0.0 10.064803610468921 19.042801640362693 -3.199327108997217
10 1096.484380786769 709.1715509188949 0.8872847892891885 0.038362807166438445 -0.08946835925201972 49 0.0 1.8690021657981328 1.602434386974412 -0.5119506400039247
11 1702.4800669610236 738.8934254573164 0.8057133900958657 0.2666649350202787 0.026548463952360185 49 0.0 2.8491215441968243 2.6439106819387965 -1.05561694870919
12 1711.2469101521128 749.2145156880675 0.9514253822248203 -0.004770205427951348 -0.26218030774430495 49 0.0 11.532644081190085 9.407312552922235 -2.4336639336656267
13 1692.2802608488466 751.7364791667502 0.4402443038068466 -0.053055299065430585 -0.3561931247024038 49 0.0 2.697365108024272 4.164828004037105 -1.548992677358239
14 1701.8438497088594 753.1329559292612 0.968634727034633 0.051450265443988084 0.2634486796552428 49 0.0 48.34544960639398 38.412582048275304 -3.961183752267833
15 1092.206314836899 762.6739995638374 0.9720956138526078 -0.07771690536911509 0.0362988580492908 49 0.0 3.5660516745852346 2.8164790266357276 -1.1242663038491725
16 1664.528821072589 764.6551423050834 0.568844901700333 0.03261679686795764 -0.20521217581131207 49 0.0 1.9552784985990956 2.5191464580951237 -1.0031335430937798
17 1622.7254094043335 810.1007260253845 0.9297563927115269 -0.3356233367430979 -0.407139140101097 49 0.0 2.382598463184021 1.936651808015349 -0.7176288640712094
18 1641.2026952583826 816.2239148163367 0.917606833853587 0.8108092132780851 0.1166148414067708 49 0.0 8.460354007070995 7.153616952961815 -2.1363142043392207
19 1630.974658222156 832.740265740955 0.5920759391131871 0.3306603764722595 0.2634906737157047 49 0.0 20.599405426413842 24.678104668663693 -3.4807795047371797
20 1577.585682910491 850.5845598034912 0.46814365263745517 -0.10685515855895994 -0.2069093617652642 49 0.0 2.9014716739527575 4.26611740672716 -1.575082008463382
21 1274.1213495411157 888.5832524860315 0.4561168257743834 0.4317975842963889 0.40443895789232437 49 0.0 1.2530816684519177 1.0774849623022371 -0.08102804433312594
22 979.2075964885937 902.0246900568027 0.784595328204176 0.02127395518785121 -0.03099733652257064 49 0.0 2.2950744939478644 2.0964002759411335 -0.8036855204876941
23 474.3126975047448 902.611828135565 0.8783764542433883 -0.1262611888803211 0.043008906202158 49 0.0 3.1382394747947733 2.6563388756038595 -1.060708695581136
24 489.15929996456 945.1519033156943 0.8156067551038296 -0.033358627181100955 -0.005721975811130318 49 0.0 6.341394493645161 5.54170835199224 -1.8591091651937897
25 1145.407755158634 1058.6242112501907 0.7092909714858536 -0.28544683591217135 -0.9022469753156922 49 0.0 1.288690607113574 1.2081383685829572 -0.2052916926471663
26 1162.472343402887 1059.9691984131377 0.9986200291059981 -0.05670193892799152 -0.9270396170084196 49 0.0 6.6431076842561385 3.8889517445319735 -1.4745813857591696
27 1186.4370974180451 1060.9839995135158 0.944654361341524 -0.1409565462462477 -0.5936541324009653 49 0.0 8.811738589417644 6.07285545968949 -1.9584823614568725
28 1195.9027047477061 1061.5862637013436 0.6186985940128855 -0.17196754580709014 -0.8128231593176786 49 0.0 1.25040954403352 1.3817496899450157 -0.35107343950293446
29 1177.4590708121868 1061.7118660524807 0.672423140918873 -0.9739416499724058 0.29603280736769344 49 0.0 19.453752546394337 10.687889849548668 -2.5722299231814776
30 1160.7700019837393 1068.3270077620928 0.7691811572850025 0.16274386922028244 0.6921362153314583 49 0.0 2.433102051743815 1.1430296023924171 -0.14514369494971113
31 1374.6401030773434 1165.0214695378672 0.7053238589380444 -0.040908578007156124 -0.132919002965403 49 0.0 5.983071955626274 6.021514530537536 -1.9492643467198563
32 1208.6348845454372 1221.6772042154885 0.4755758542223306 0.08054063414495842 0.2685337595891309 49 0.0 1.2675375418822974 1.201180196227418 -0.19902040850922484
33 1188.3098676766203 1234.8662854107542 0.6453561335157776 0.5541129505437444 0.10617124666947192 49 0.0 1.506452201548891 1.2292214891109 -0.22407535984416707
34 1158.0104066325625 1238.7915546391796 0.7000123459741302 0.49733089018027443 0.20107787224358678 49 0.0 1.7446858181914537 1.1287201972639869 -0.13146574089599786
35 734.7482160292112 1308.9557505467242 0.9132277867848555 -0.04491414371077627 -0.06670242268181585 49 0.0 1.7711536792308922 1.4559804528996518 -0.40788886111218275
36 1590.1441674350358 1354.1310878019756 0.7224642172364185 -0.8615341384059131 0.29339440604786143 49 0.0 30.704624030646777 28.630045171448913 -3.64205508309063
37 1610.1277503843603 1375.6332020570185 0.9858019204892239 -0.3617365843075451 -0.28623252400680027 49 0.0 11.369933418610254 8.80045627265805 -2.3612629734324337
38 965.5140226384466 1495.0186721786345 0.8424886795462304 0.04098077142020896 -0.03735033753651353 49 0.0 1.4270079835344005 1.2484356539084147 -0.2409154078224193
39 1746.1032599704643 1531.7995052541382 0.6859153729467197 -0.0691342212067957 -0.18654581265768105 49 0.0 15.821874570931547 17.024951965190855 -3.0777147381313696
40 1780.4528153537153 1570.7852551862748 0.5455978380655129 -0.5379636749662923 -0.1997923712372626 49 0.0 30.01295227709204 35.58838356517446 -3.8782706566724716
41 1796.2855527349489 1584.0401524251197 0.7876907878283951 -0.19043496889665157 -0.22537750248374647 49 0.0 2.4815233355986535 2.4027391310271793 -0.9517665534086057
