m1-67/data/wr124-jwst-nircam-2022-f090w_BGSUB-sources-fwhm5.0-thresh30.ecsv
# %ECSV 1.0
# ---
# datatype:
# - {name: id, datatype: int64, format: '%.8g'}
# - {name: xcentroid, datatype: float64, format: '%.8g'}
# - {name: ycentroid, datatype: float64, format: '%.8g'}
# - {name: sharpness, datatype: float64, format: '%.8g'}
# - {name: roundness1, datatype: float64, format: '%.8g'}
# - {name: roundness2, datatype: float64, format: '%.8g'}
# - {name: npix, datatype: int64, format: '%.8g'}
# - {name: sky, datatype: float64, format: '%.8g'}
# - {name: peak, datatype: float64, format: '%.8g'}
# - {name: flux, datatype: float64, format: '%.8g'}
# - {name: mag, datatype: float64, format: '%.8g'}
# meta:
#   version: {Python: 3.9.9, astropy: '5.3', bottleneck: 1.3.4, gwcs: 0.18.3, matplotlib: 3.5.3, numpy: 1.22.3, photutils: 1.3.0, scipy: 1.8.0,
#     skimage: 0.19.2, sklearn: 0.24.2}
# schema: astropy-2.0
id xcentroid ycentroid sharpness roundness1 roundness2 npix sky peak flux mag
[from data line 584]
585 2513.433510779316 4089.1980996730986 0.9917236448047884 -0.08125046540916493 -0.1546496005576737 49 0.0 215.37085609656938 7.880527058654833 -2.241388161430348
586 4029.5544593770505 4088.5701518128017 0.870147128761564 0.09631465766404021 -0.08159905236717441 49 0.0 691.61569967259 28.075052228125898 -3.6208014321347877
587 2844.8901657600163 4095.235157117064 0.8996553294799106 0.27015019892680747 -0.22127160250540753 49 0.0 41.50431950989188 1.5412210105792874 -0.46966230217029276
588 3815.426615369534 4096.377440613937 0.9286140803329967 0.0075799352863670805 -0.0849241626205882 49 0.0 126.1642855243517 4.828291457419719 -1.7094836954691393
589 3626.3782638292846 4120.204048000371 0.9379008928614271 -0.09227907454496671 -0.11190963853469321 49 0.0 129.74060871704074 4.974333245353111 -1.7418371914632784
590 3382.4596486805426 4121.252054095534 0.9361128109688482 -0.10090059230429621 -0.17890191543137682 49 0.0 29.678422171544558 1.135195087466267 -0.13767625763228983
591 2635.402167085102 4130.272880903126 0.7608246749914798 -0.1266388780839448 -0.20515771156056034 49 0.0 129.2022603676838 5.692161557060988 -1.8881930447395017
592 1331.3369938945589 4148.4078049281015 0.8318117516092417 -0.013540101922884757 -0.12820202187779425 49 0.0 41.61289771710916 1.7369645307389163 -0.5994773753324233
593 642.8189931328421 4154.473073781276 0.9196861129859935 0.07073406538060545 -0.004003301525168636 49 0.0 46.82591226010529 1.8163917745897378 -0.6480238163987146
594 4310.528211385794 4154.582274346797 0.6966281284169888 0.024023124779315952 -0.1449062279474836 49 0.0 177.95761735282406 8.277917470700377 -2.294802730627518
595 662.5682063475184 4163.107923347312 0.6997187426857622 -0.058710167288254345 -0.1910845234775142 49 0.0 43.930487110696525 2.0816237320271282 -0.796005576298094
596 438.5966245385076 4171.937900203754 0.7612009769219396 -0.395825711455512 -0.2666165731151267 49 0.0 43.00260339074216 1.8945112488472382 -0.6937429707123806
597 847.9581056918255 4172.676949156783 0.9929369632442445 -0.05809299913787465 -0.06588994619077154 49 0.0 104.77055314186974 3.826594359359143 -1.4570310674837692
598 1828.6002123703258 4182.608853974704 0.9552277441981581 0.05547755635632596 -0.06277816075497468 49 0.0 40.92739462871323 1.536983341639532 -0.4666729012262099
599 2263.113673271771 4194.535009715053 0.9936030958246417 -0.07660502830473347 0.03145749816944519 49 0.0 28.57615565612239 1.0369003188064538 -0.03934252001526324
600 2377.367285161704 4194.573897327578 0.8790574443716004 -0.2576634758102196 -0.08671254107240275 49 0.0 150.14451801812402 6.0196566439728 -1.9489293004532695
601 831.9851017332822 4211.501737095363 0.9601220398120249 -0.07577601735576385 -0.035574464638450036 49 0.0 49.02558747902255 1.8097557249516514 -0.6440498978567939
602 4074.1033529805013 4211.604922938201 0.9112651255589869 -0.14964238261172855 -0.020526290090728188 49 0.0 82.23137195058331 3.2042755661977282 -1.2643246453507617
603 2954.296802731597 4220.452485761346 0.954243543972621 0.054767182029669806 0.054605023138022034 49 0.0 66.8978373487283 2.515469029657417 -1.0015474367009434
604 1917.7733197651078 4226.831991717905 0.9207655847439941 0.014821177396494916 -0.04960177397063858 49 0.0 74.89012437820737 2.858801332531432 -1.1404599396513468
605 2880.9531316107223 4244.546632291874 0.9090975099474926 -0.08036693234024857 -0.018167190538043023 49 0.0 143.79436750437364 5.635191877868619 -1.8772717708225755
606 969.2327568178343 4247.621555450311 0.8793426102767405 -0.16668306098988897 -0.07232939927219428 49 0.0 24.772284595257286 1.0063001275173449 -0.006818819307988304
607 2572.2652527572905 4254.218219481587 0.857784296106788 -0.14230350525120938 -0.17058151948818756 49 0.0 95.43410554070594 3.8923095258660614 -1.4755184227925455
608 2856.364801013354 4267.669099838632 0.9278155417015156 -0.26843057735400444 -0.10701005261615804 49 0.0 165.88740401509375 6.408512292395923 -2.0168930542212538
609 869.2262319178069 4276.394823671903 0.8953000210046128 -0.005153581244811109 -0.07092301357761217 49 0.0 53.72430184137515 2.119392638134173 -0.8155285536207592
610 1129.9665296003068 4279.273290782166 0.9781599554538419 -0.14952315642359693 -0.09307746934076372 49 0.0 38.94269355348426 1.4320146297312768 -0.3898686370718934
611 2500.509139222895 4279.721992815084 0.7876073077211816 -0.47123823415066785 -0.267698450493856 49 0.0 352.57027063239826 14.793575867858411 -2.9251829082803527
612 2230.4726452971477 4307.760515168739 0.7468586028088288 0.1603656707039677 0.3554331959791131 49 0.0 55.822695650246175 1.9111265808016125 -0.7032236322412391
613 2240.738396670899 4308.8147149750475 0.9018335079909549 0.8588243182275594 0.6722799209040128 49 0.0 68.96948279442873 1.681160501150401 -0.5640229442716098
614 2220.8419113355153 4307.668423908445 0.7396550523464245 0.18033321134598843 -0.7049774829522223 49 0.0 31.936999419944712 1.067917718656278 -0.07134448072445462
615 2229.627141659419 4311.696236431639 0.59811620848976 -0.8501733261123909 -0.8855352131445752 49 0.0 95.91423458921827 3.189168487049872 -1.2591936601825746
616 2244.370194353754 4311.534227702431 0.8306292253495715 0.642031283259222 0.00021965139300383435 49 0.0 118.85064608703553 3.4936650093097184 -1.358203150599132
617 2246.315978999697 4315.346183720867 0.4031318508628616 0.29241375775425404 -0.7112815333677394 49 0.0 42.16001866459494 1.1269018026888362 -0.12971518406288138
618 643.2415216420127 4317.061540638286 0.9196570490277507 -0.11597416727005665 -0.17431741842402354 49 0.0 28.955297189920316 1.1241201500263087 -0.12703183169627816
619 2236.6718216094987 4324.37631822582 0.9940930002255758 -0.25876877361355316 0.8605041200553787 49 0.0 103.82719498904363 1.8772900195277051 -0.6838284281580792
620 1642.541308408318 4332.065111707223 0.7795961092055157 -0.15827400811362433 -0.2108844174101517 49 0.0 78.5392907116001 3.4607443422746824 -1.3479237939299293
621 4468.297076929833 4352.635102031766 0.9927436596011191 -0.24982307253035288 -0.03764882392825658 49 0.0 51.69627665127905 1.8824372220482106 -0.6868012542500237
622 606.3945066434923 4383.3204314743325 0.8688590799473567 0.03141380514288406 -0.15253093860358427 49 0.0 250.9948188482912 10.191775898460646 -2.52062466406474
623 1439.8999484900432 4389.551540358282 0.9833909136274288 -0.024640931528034236 -0.018199327408218093 49 0.0 81.00651373675684 2.9839348323224395 -1.186973335312728
624 3907.249026589739 4435.676564239255 0.9664660926034253 -0.19736810984984857 -0.014427681927521143 49 0.0 371.1333257525485 13.696249528307344 -2.841504149250441
625 371.55022199663824 4440.0242139025595 0.8694752717499501 -0.13584693622990313 -0.2839683660676928 49 0.0 49.49826055115037 2.023868138905132 -0.7654555337452656
626 3013.515952612597 4450.726857103013 0.8056392124156259 -0.3162563277526648 -0.1876680829844014 49 0.0 34.56137731805577 1.4861790004043822 -0.4301778011625469
627 2669.501350464484 4457.230088577396 0.9066542817389867 -0.1045093056620495 -0.1974123941940766 49 0.0 66.1777247247532 2.602392440703584 -1.0384319718980952
628 3302.629986494885 4458.0474139694725 0.8870715609968756 -0.24568811283706943 -0.1789161993555849 49 0.0 36.28568786387625 1.4283371490374204 -0.3870768293220767
629 1032.5080615129193 4461.601254501899 0.7627100625443579 -0.29378865551149774 -0.14951339314628204 49 0.0 23.179182532659382 1.0424099744443864 -0.045096395828454414
630 3377.9587370554973 4499.4852369777145 0.8141492283513837 -0.09808512799579198 -0.015073012082033283 49 0.0 78.98695094844733 3.392466448342535 -1.3262889028988907
631 1678.5102259039488 4502.48718641377 0.8557405938621697 0.0841387104874714 -0.13193212435640914 49 0.0 45.20266058534267 1.8343600315081867 -0.6587114476805387
632 190.55168791278248 4507.392406446071 0.9079309107038748 -0.284069135885618 -0.1678726333351256 49 0.0 254.30224838686547 9.530925776581642 -2.4478377185773024
633 2214.059958808121 4519.003721334311 0.7681714672189013 -0.24101517246116225 -0.21800476796923549 49 0.0 135.80594437105245 5.895244855568702 -1.926254619936526
634 1492.1515009204652 4552.841250866521 0.73457968958028 -0.9422847186689536 -0.7089699077861785 49 0.0 37.67865340399384 1.0482880333371447 -0.0512015704121359
635 1474.3546503583755 4560.481219127505 0.9277964948901768 0.04302818571062438 -0.09447947277774704 49 0.0 138.19271475880115 5.275351387486349 -1.8056284824663829
636 2897.2683906297484 4561.196948513951 0.886207905819561 -0.13841463404779425 -0.1293906411064383 49 0.0 30.269747080844414 1.2128268297902767 -0.20949698931531494
637 2809.363255572376 4563.803338379978 0.8358332660058417 -0.27150909846592 -0.12417200288291345 49 0.0 209.89235910865617 8.769129587705129 -2.357391220012401
638 3120.2919156129997 4570.803352983271 0.915980667077018 -0.24854850538562048 -0.1480014079388972 49 0.0 26.9149449253228 1.0566579240899059 -0.059836035617733735
639 1690.0488036474774 4577.588149262438 0.9138077633675296 -0.09706477632121076 -0.08933447184761929 49 0.0 28.71622022863099 1.104908331302406 -0.10831562070678126
640 4121.8665981150625 4582.671828500826 0.9746796670074493 -0.02727845439837828 0.02950754649128666 49 0.0 32.187350198633766 1.1831752051189715 -0.18262264978268722
641 2516.2876817106435 4589.302635333426 0.9643118492387539 -0.04760391061686151 -0.07330825025538461 49 0.0 73.53085128261945 2.741161996478509 -1.0948367553005673
642 979.5677029537069 4592.684063015633 0.8848077612223041 -0.011578504086092383 -0.20179958465640638 49 0.0 54.180946581628625 2.090459042063722 -0.8006041573171708
643 1257.3338632867446 4596.500405304512 0.7993031493361918 -0.2976326901059147 -0.09827476261711685 49 0.0 152.77032107753234 6.482680492141573 -2.0293865433180396
