m1-67/data/wr124-hst-1997-f656n-TO-f675w-OFFSETS.ecsv
# %ECSV 1.0
# ---
# datatype:
# - {name: 'RA, arcsec', datatype: float64}
# - {name: 'Dec, arcsec', datatype: float64}
# - {name: 'd RA, mas', datatype: float64}
# - {name: 'd Dec, mas', datatype: float64}
# - {name: 'Radius, arcsec', datatype: float64}
# schema: astropy-2.0
"RA, arcsec" "Dec, arcsec" "d RA, mas" "d Dec, mas" "Radius, arcsec"
-18.328159195507734 -84.63902429428887 3.8294934118142545 43.1497620157699 86.6007265219539
-4.885272875462875 -72.26776058162905 24.121574256968813 53.61104007626228 72.43269365123776
-29.410098473704167 -54.886215170295294 -2.567445801604857 38.916130316522455 62.26917766870838
-60.558192158828334 -53.82617950556374 -8.353468681068215 26.08373514221955 81.02192391236265
-43.48938742847205 -44.93695391494066 3.0480564081717416 54.25952538419311 62.53524299252474
20.521572074965487 -44.55115085840207 7.501596483633067 36.920457752230675 49.050381819975385
-40.03043554186466 -43.60742003731696 -0.2119051833634179 33.37174827370036 59.19495610358086
50.019691665551655 -40.09553278269588 -5.901992477992156 -294.25212347137096 64.10632786185721
24.32117465447145 -36.82538180614658 32.241870759520715 91.48323799768433 44.131941668814534
7.778156235852926 -35.09380057670341 -3.799976590876094 47.54879096911227 35.94543855296399
8.193227190551394 -29.760609586368716 13.010356315295251 54.75109647734771 30.867828791193347
17.302462005818832 -26.725732075590503 8.454368274638881 52.26414705047045 31.83771261828602
-34.90381817115939 -21.470746736587262 -0.949936989334732 36.964965962448765 40.978890711595284
-39.99585693865248 -18.95502425098864 -6.570210263950023 65.02400817785778 44.260157163155334
19.494182358667977 -15.81771210798847 29.3461329953856 38.49020932607565 25.10424588434235
69.98162936461033 -15.76669180923552 23.40565952826954 65.02268138657242 71.73574429525424
-7.892491457110916 -12.717247887167284 6.900314428929743 48.63573440719439 14.967291509944816
68.5206425085808 -11.506581050700547 21.188882898941635 37.56364145971852 69.48006802237094
-34.141639079539516 -7.938481406614633 -10.519408343416504 46.7687308962913 35.052403705055355
-41.01997935179849 -3.270408891725265 9.115046031568871 44.75040363157556 41.150143137055814
1.287726521091709 -0.01955763117069803 35.212429879187454 18.459542901078784 1.2878750304599405
-1.2602632319825033 0.08502169611581904 -15.707700899950368 54.64467377169519 1.263127904295226
-59.043259405066266 1.0187521711439262 -7.561768816246159 52.16153339237112 59.05204769639549
-54.00147051365771 1.3392273030016586 -6.871362951586105 55.3061191707643 54.01807426570139
-20.040062392624836 10.4861622607532 -26.70158850256869 75.84275748735891 22.61777396887017
67.81036993283095 16.202413825585403 26.031318762675618 51.04527463039553 69.71918297529653
-17.494739361321717 20.66216104483492 7.5329793792584505 55.06222755099149 27.07380289760348
-7.944882941889291 20.966007246471936 21.954850475936848 80.21929467373276 22.42085245038499
43.95270712638244 24.871302755524205 -3.1995402214902833 68.27104430304523 50.501704477610204
5.432297288355414 26.360548652449715 0.9379523119784539 65.69779129203619 26.914464121113486
47.447576368572335 31.311249160554528 33.75170793482877 29.78951819658231 56.8477511425091
-32.91256079004905 36.9450714592364 -18.192282249928343 49.999919779283864 49.479035472589764
11.274137071093595 38.239297638730754 -12.164601782478236 53.719991399219865 39.86665334771581
18.40027891554229 42.24700567247585 11.825026649552257 70.67713335979488 46.08014483189573
20.86321329572295 43.48574705167161 11.906142205759716 67.4552159858042 48.23156496754606
26.787576946665663 48.703768020272435 -13.382923217254541 78.27710880034145 55.5844518252437
21.811139628843733 50.02041492737819 8.778507609557751 57.03898600288135 54.568926250148905
14.000064882566392 53.49148658735726 12.050070566904763 66.1678511387026 55.29322697808689
-22.632596692153175 56.54325988150434 10.915734618597112 61.45870203193851 60.9046357695739
-31.66010580189666 56.69518484373545 0.09214967772507923 35.697265660542925 64.93617064944233
15.866846938334074 65.16953337849704 22.363428259199445 65.84569672943829 67.07328010586554
-0.8651874835059112 73.4026423818185 29.465749040063766 76.21149745687042 73.40774113117303
-36.850983686379216 76.60297264056759 3.9369263964892616 70.47008618109638 85.00594304859928
