m1-67/data/wr124-hst-1997-f555w_BGSUB-sources-fwhm2.0-thresh10.ecsv
# %ECSV 1.0
# ---
# datatype:
# - {name: id, datatype: int64, format: '%.8g'}
# - {name: xcentroid, datatype: float64, format: '%.8g'}
# - {name: ycentroid, datatype: float64, format: '%.8g'}
# - {name: sharpness, datatype: float64, format: '%.8g'}
# - {name: roundness1, datatype: float64, format: '%.8g'}
# - {name: roundness2, datatype: float64, format: '%.8g'}
# - {name: npix, datatype: int64, format: '%.8g'}
# - {name: sky, datatype: float64, format: '%.8g'}
# - {name: peak, datatype: float64, format: '%.8g'}
# - {name: flux, datatype: float64, format: '%.8g'}
# - {name: mag, datatype: float64, format: '%.8g'}
# meta:
#   version: {Python: 3.9.9, astropy: '5.3', bottleneck: 1.3.4, gwcs: 0.18.3, matplotlib: 3.5.3, numpy: 1.22.3, photutils: 1.3.0, scipy: 1.8.0,
#     skimage: 0.19.2, sklearn: 0.24.2}
# schema: astropy-2.0
id xcentroid ycentroid sharpness roundness1 roundness2 npix sky peak flux mag
[from data line 98]
99 1112.188705096016 679.6346983812075 0.7222918044770505 0.5041702966418548 0.12831696155987796 25 0.0 12.534756223906308 1.2541899608216622 -0.24590830034485012
100 1355.5780719882982 683.79583859155 0.7951339381991442 -0.34570296219675734 0.08544138504287521 25 0.0 24.656918012950957 2.213681293663821 -0.8627877378716975
101 709.9477739608702 688.8821588201612 0.3605195617121933 0.19859257922125675 0.47907287464263404 25 0.0 48.05259991316111 5.407514906868766 -1.8324943133254066
102 1689.412318920417 688.8759032206586 0.5092854563060731 -0.04360464948257845 -0.03531617217066328 25 0.0 9.660923679671804 1.2145806115301139 -0.21106586039075892
103 712.9395832476573 689.3504016176332 0.7874201748070856 0.9495280711434485 0.9667700915850012 25 0.0 26.984521257127188 2.045423500587487 -0.776958103506789
104 712.8623104955559 689.8523872803875 0.4358320829423945 0.8348247488665862 0.9480654650471594 25 0.0 9.415194609111825 1.0073140794713273 -0.007912260579459506
105 931.2986993198109 692.2031515700703 0.5276311370424194 0.3147282186920071 -0.2753918815505871 25 0.0 387.0790034822074 35.1919426371644 -3.8661081026743984
106 1096.2621616435586 709.0243951615896 0.8154653286473629 -0.14563042177279603 -0.07084921988993091 25 0.0 71.20024515105804 6.194599139766256 -1.9800330197098894
107 1271.573674059745 718.4065690599355 0.8081456364206069 0.5942744102264167 0.17324740167207486 25 0.0 11.152738534472146 1.0308546269695715 -0.03299356147161883
108 1689.759926797811 723.2005878480779 0.7536363688468901 -0.2426657522106093 -0.3733994027708669 25 0.0 39.271245271145766 3.801034382928297 -1.44975449527091
109 1189.259186383196 724.2617250066506 0.6212322108152302 -0.5456844748275173 -0.3396756755694231 25 0.0 34.650570859956765 3.4229038005125405 -1.3359867340456488
110 580.8539916371692 729.2576693658394 0.6540274560075178 0.17122048202323892 0.4187594135534476 25 0.0 31.0979314963759 3.376555371967634 -1.3211846902218118
111 1288.886776966984 736.5511604824136 0.9208586160048102 0.17449376414675405 0.38511864031144244 25 0.0 14.007643972458771 1.253424717101548 -0.2452456364631156
112 1537.3142404518167 744.2315911193234 0.9525039437041077 -0.02345198545106107 0.009092949902548254 25 0.0 11.519445757436683 1.0122505591790087 -0.013220063374629177
113 872.182765369835 746.1144086456023 0.9098133856081053 -0.15420695037086368 0.16069901755735588 25 0.0 26.42222387121256 2.2324805251363395 -0.871969197610627
114 1508.272036002187 752.6889271104772 0.9622175061319006 -0.5089073810819693 0.015252849266059505 25 0.0 13.959120185283282 1.1873606356754862 -0.1864566168812343
115 1092.1308418452656 762.6694660822312 0.6156773030521332 0.16774108451823555 0.1951286662813057 25 0.0 113.32373310598466 11.55974111366332 -2.657370269863861
116 1103.0100362004923 778.549343413092 0.8778269957055236 0.3310805044358315 0.2446784943295248 25 0.0 12.038775206018382 1.0919447856426094 -0.09550169689023788
117 1248.8168865222772 782.5407440112674 0.8774955974768481 0.040244172702768234 0.3230668446506812 25 0.0 21.63473249380624 2.017193336525884 -0.7618688121685392
118 577.028430766814 785.1454812531551 0.7084284971136282 0.004757845113267164 0.6270208607205648 25 0.0 10.781124675650366 1.0475998871333037 -0.05048860740755193
119 1000.779770207677 792.8165816253904 0.7793062996428742 0.09544398888934252 -0.10566476887639892 25 0.0 140.23828443385173 12.778573553530974 -2.7662059427708225
120 919.2915434652745 795.578733057815 0.6332537652194782 0.19304458990066972 0.2508886230108889 25 0.0 9.786330646519778 1.11189680535304 -0.11516120609758541
121 1295.648503406903 795.1914061557336 0.7798489576911442 0.3260859341916926 0.13711993745415835 25 0.0 16.199335343783996 1.5171716744373978 -0.45258681459446426
122 1613.1537476052447 797.4094188889886 0.9444390992485132 0.39997022968879253 0.19714637542408656 25 0.0 25.155061684387455 2.1896051926795352 -0.8509145358469137
123 845.2985653762818 802.6927251304944 0.7938028021546948 -0.6041128650353761 0.29039833726259445 25 0.0 17.515977356792135 1.600123113709012 -0.5103834965578042
124 803.3198538331081 809.3307476500804 0.9083434331230132 0.35336859770537216 -0.01204105573134148 25 0.0 21.472074402227104 1.7152959806328112 -0.5858476748896547
125 1260.6283949891222 809.0957766264598 0.9151917075947628 -0.1959808972426375 -0.37943729599220233 25 0.0 11.324354028755923 1.000277459597743 -0.00030120614629123584
126 1571.7609666679614 809.9955045909054 0.8946047787029442 -0.28157194529372026 -0.1329420950320959 25 0.0 58.298900626967985 5.2915341026243485 -1.808953998479435
127 1165.2935584254408 816.2930686885207 0.8861937350402358 0.3187170628027057 -0.13588115193021144 25 0.0 17.331546141545353 1.4280776551269536 -0.386879559700121
128 1528.0369427806188 839.4572043156376 0.9532125662841213 -0.09988114038219535 0.1379247168937441 25 0.0 28.02638705918027 2.211332316700317 -0.861635032005662
129 1523.0977484460436 845.2734338009471 0.8922354814326553 -0.03251074589913983 0.0068884903421727395 25 0.0 123.09616526527952 10.367231527582323 -2.539156993958181
130 925.5172193491907 854.1947323483369 0.99479107134335 0.1638270335278897 -0.14784369207379322 25 0.0 25.274739908275 1.8899615348700851 -0.6911324133912301
131 673.0396203920939 857.0086679457919 0.645178673575925 -0.22889500749916972 0.9758638588030163 25 0.0 10.73723112824565 1.083353649244686 -0.08692562642987448
132 1574.1745877163096 870.6131843285368 0.6441601659938555 -0.3067589210335175 -0.04891989207043671 25 0.0 24.69804632279824 2.488371163857004 -0.9897878998465436
133 1303.4981899995066 873.0408790093352 0.8820863983016747 0.018032357451234767 -0.2513162631415781 25 0.0 17.08505220663416 1.5464817978874528 -0.47336203179277386
134 993.4707079921494 880.9937383665757 0.6044102402065442 -0.3684241633476205 -0.29464176572025846 25 0.0 16.065109501248735 1.7051962362412643 -0.5794359134718466
135 1213.5472350346151 884.9192841774665 0.7928112392286649 -0.24831770267876677 -0.16010513230060222 25 0.0 20.02643027900821 1.889912956836883 -0.6911045061527639
136 922.9968749341616 897.7896409362053 0.8245448454101504 0.08806131012944023 0.050075774214885974 25 0.0 17.888998527007985 1.606758564769964 -0.5148765589501355
137 1433.4237553809248 900.0145162180602 0.9717694786728147 -0.2974205414934111 -0.34079953439168026 25 0.0 25.853379666633135 2.271468992465823 -0.8907670317309989
138 773.6512123772941 901.195172830523 0.7310867705335129 0.6717916380188279 -0.8312251908295312 25 0.0 24.449574608280336 2.1903937006007297 -0.851305454487711
139 775.3036525966573 901.8393952756469 0.9400016879410266 0.5033947877237993 -0.9466960682260652 25 0.0 20.3916560493057 1.4755710437525544 -0.4224003103726304
140 473.9688635801306 902.4558383147858 0.8216379849265256 -0.03205765690621244 0.26910894258334794 25 0.0 156.75043670869775 13.490590950249626 -2.8250774354865174
141 1597.6520676410364 908.389380887583 0.8081027437137359 -0.3794705030955031 -0.7045891697104802 25 0.0 29.92872597768181 2.3915762514537446 -0.9467105804751894
142 1000.1784794771197 910.5428413389973 0.641933440136985 0.4613942418163089 0.5064055674904406 25 0.0 21.762527555808504 2.330042120683035 -0.9184094298342251
143 1609.0042537518777 909.3780527836914 0.9636171100627718 0.40543091871804093 0.5449258615535453 25 0.0 21.11086496330166 1.8703487092653046 -0.6798064607146476
144 703.8613434683839 912.6781257008577 0.8993926654325138 0.34605824978275346 0.14161841604542066 25 0.0 17.278525603331705 1.5611928719186823 -0.48364139928908917
145 375.85837023241385 917.0089976474866 0.7742767347908448 0.2075534145368689 0.1819466259281004 25 0.0 13.043864135351281 1.3009807239671876 -0.285677154669336
146 1397.6752859000144 924.0566416794287 0.8619912181302251 0.07755340976810006 -0.049923591867256104 25 0.0 22.83278641742567 2.1051509792128593 -0.8082081210796752
147 1252.9838806993043 932.8780143045645 0.8044078588807771 -0.07830329042571482 -0.10549167039589331 25 0.0 67.71273371691582 6.096679245934043 -1.962733367091765
148 1469.6048421197518 932.8768513208952 0.9517760116354074 -0.33836431977772313 -0.3090123727616143 25 0.0 13.24931459956672 1.1949733144281147 -0.19339551734005717
149 1589.1122316463143 935.1286374832556 0.932082596367512 -0.19164576330025834 -0.1685511946665638 25 0.0 28.324602462136298 2.455442350409489 -0.975324355237523
150 488.7934705473058 944.9428854022754 0.5579520100020267 -0.18626249512150425 0.17494457670920788 25 0.0 165.24221947455592 13.804086080400108 -2.850019147072784
151 1229.702769862408 954.8642517514509 0.8925612027853062 0.06725814887117618 -0.08256451151214443 25 0.0 12.621207202046394 1.1405620911203573 -0.14279733209158932
152 878.4652332143186 967.2787046102371 0.5965830065863144 -0.32217133631061673 -0.2633297346397166 25 0.0 12.20710986755808 1.2950282373914221 -0.2806980951929434
153 1197.2849421405044 976.8842529076795 0.9484932300942646 0.11887146439988756 -0.13949851338562524 25 0.0 24.838169608412862 1.9937576105824009 -0.7491808954892003
154 1515.663540280188 980.7774135523829 0.9126303397387805 0.13657088462690167 -0.0639393562017496 25 0.0 96.90390165864332 8.447010104935998 -2.3167575342950517
155 1105.6361128279407 984.1312884879319 0.8177736574157279 0.20747583202222378 -0.2630719736761322 25 0.0 14.641695280234817 1.3608386103660939 -0.33451655697692284
156 1427.7487380012808 992.2931080800215 0.9722253317668214 -0.20086644041165036 0.10519287255162589 25 0.0 32.85170930671792 2.8456590298560083 -1.1354571530009165
157 349.11550303608686 1001.5473761798768 0.98372388706733 0.5722661767600498 0.3571942573501158 25 0.0 15.675572824034965 1.3166354558656597 -0.29866386523033284
158 280.05473853820274 1009.7775250544049 0.7921817521034283 -0.14400486420881792 -0.1570104717936904 25 0.0 73.03337499314212 7.0308858705891994 -2.117525120682639
159 291.4491190537048 1023.7038923937652 0.6611527513875705 -0.19555729105027694 0.10028840086239489 25 0.0 11.177597160020582 1.045130323851118 -0.047926121812458616
160 1584.4048519662135 1027.3683123549733 0.7121642317395527 0.23054653603301467 -0.06863437778849107 25 0.0 36.33669386035238 3.5500796299164668 -1.3755952364725652
161 1717.333711685766 1030.9081645202673 0.9568289956513993 0.09689476294184772 -0.11324572543223133 25 0.0 14.714519311064995 1.299209775937852 -0.28419819942388347
162 730.9678583360081 1036.5066055108791 0.93014857436664 0.7333848194670046 0.39397980990663645 25 0.0 42.64867539790075 3.5995563133738355 -1.3906224307177897
163 1717.3253307468892 1037.7865599575782 0.9955795309618696 -0.24876052188338016 -0.05147489831687339 25 0.0 17.060125806090536 1.4746705397487898 -0.4217375105292226
164 1724.2082318547593 1041.622221909492 0.8956778516178451 0.5274791127205725 0.3261220347400129 25 0.0 27.845120320942293 2.5255689515959614 -1.00589807465593
165 591.1276929485892 1053.6834177235746 0.9629664292296741 0.057293821129735446 0.11669099764442999 25 0.0 15.984555179348865 1.4015381007462644 -0.36651227132878056
166 1433.1197765769846 1068.897531227667 0.9361659271600379 0.3413329094870897 0.6045285017978463 25 0.0 25.960790879680292 2.2743930099440974 -0.892163779839789
167 1764.6198503502305 1070.2679166327262 0.6954541714614657 -0.29088062560217104 -0.07909130296323436 25 0.0 23.2563422323399 2.345198702956671 -0.9254491133012193
168 923.3383242520897 1072.3422408780393 0.8871524772728163 0.24829784906293897 -0.005708476784037109 25 0.0 14.553968485180176 1.3238715548032733 -0.30461462713575094
169 1714.3281796134595 1073.490673407111 0.8312114899051225 0.27182020023730713 -0.019569347396781085 25 0.0 15.632162026550164 1.3634131831036251 -0.3365687223985003
170 1083.5180145393663 1082.089966162336 0.8396851397540487 -0.26557612487560417 -0.04498595249317075 25 0.0 41.45442324868669 3.8367304833497347 -1.4599032315734208
171 1157.4652481975145 1106.3197632130843 0.9758484284790895 0.4569540703047425 -0.052825073720422576 25 0.0 17.300872245029407 1.4028742815972015 -0.3675468838165008
172 1136.4939279693083 1112.5228896151032 0.6855403464875575 0.2373067806981377 -0.077087715975086 25 0.0 13.926913815434194 1.4595211725182942 -0.41052599863753836
173 873.9040883071053 1119.5699315845366 0.7367741961310225 0.036992084648806906 0.04920491219990624 25 0.0 24.661044041545992 2.2756720653539477 -0.892774196077783
174 1174.6528632283398 1120.4553706724716 0.9673692610215117 -0.442053845089404 -0.047621234242663124 25 0.0 14.291373594306416 1.1549561822829184 -0.15641376976149468
175 1363.0093208252654 1119.4453202875548 0.9721277105188829 0.4430715756448173 0.44858397589967774 25 0.0 21.414076914259063 1.8445871610436562 -0.6647479536860583
176 1708.4570697225665 1135.1067862197372 0.9626967212457516 -0.30188358683897376 -0.24338474328714155 25 0.0 28.29491802193364 2.465883889866492 -0.9799315582066102
177 1302.4499699580097 1142.1513516413295 0.6451346635545822 -0.13109004939821356 -0.3812159319812846 25 0.0 9.534271505212724 1.054703538015964 -0.057826007147773445
178 460.2410921530205 1145.6226153453629 0.7483521553945459 0.5733353309046753 0.28268652238437825 25 0.0 28.775763553183094 2.5878471195390294 -1.0323465405966206
179 868.6450976231872 1146.9489774871597 0.9814067261918004 -0.16654316911674896 -0.2691399287421205 25 0.0 15.120378559988731 1.3198247298906416 -0.3012906539704412
180 1224.454848396842 1160.238787024816 0.9431055076399432 0.5468491314795576 -0.6257096611147547 25 0.0 18.0313993192273 1.3992752590974362 -0.36475788835306844
181 1225.0473264003558 1160.5247612282683 0.9307385193490446 0.6255369975271955 -0.7705246850299501 25 0.0 14.554348457695648 1.149423172929281 -0.15119987118392486
182 1374.4960365306388 1165.092044604496 0.9195220692328699 0.052065399936710374 -0.2344268665001924 25 0.0 375.78150566587306 30.007506862702723 -3.6930747852341317
183 754.4279756649114 1173.0692216503753 0.7295589362494231 -0.6509045888645215 0.5282779721797675 25 0.0 15.983363674782538 1.478110979586427 -0.42426760749571224
184 404.5312591089073 1175.2194889399402 0.5574507797708184 0.0670016010874564 -0.26562389438523804 25 0.0 10.065261991632632 1.1606262173468302 -0.1617309415071268
185 754.1217142479818 1174.598270871613 0.9569923826640381 -0.126754144213198 0.9050222835220082 25 0.0 17.794761946598186 1.3168505639674413 -0.2988412351899997
186 676.8700550512801 1181.8348593183496 0.9569649914008203 0.5249623514728389 -0.010226874361122946 25 0.0 31.16488223119199 2.567851498166271 -1.0239247609221669
187 585.5617306234631 1190.106097411467 0.7789042461390275 0.024509236295931845 -0.26411988940060116 25 0.0 32.10427718905591 2.8604787480747196 -1.1410968138076478
188 1081.4872511695307 1191.0584438484957 0.9527671724176341 -0.039580825992113086 -0.2559653822831176 25 0.0 43.7314566888255 3.8046547790125667 -1.450788141352797
189 1482.1833174852095 1196.3099616939458 0.9271942422188408 0.3661053403686959 -0.011530423072298604 25 0.0 21.462851763090836 1.9019565349306644 -0.698001469653516
190 659.83181209988 1196.95626645019 0.8338193260345724 0.08067478998078648 -0.08209618630844423 25 0.0 32.82120008402546 3.133804008738058 -1.2401795794179091
191 1169.8547098306083 1211.9245902003881 0.8082193065236362 -0.23291212391944346 -0.10667724973419408 25 0.0 26.228769809156425 2.3870183795136284 -0.9446394074777352
192 923.0869770974795 1216.7724949242606 0.9866546204510075 0.08348788276722725 0.1268577147347383 25 0.0 33.04512245543476 2.875080741905403 -1.1466251141046346
193 495.66292650739933 1222.1487750984318 0.6783383515065059 -0.050410686773603504 -0.05464978222480825 25 0.0 34.20240682958082 3.3273673784588 -1.3052518861734308
194 1177.3358229034031 1226.180481690775 0.98849532586279 -0.04736186357269562 -0.12691034416858998 25 0.0 13.578052872967554 1.1667887252881486 -0.16748055967583225
195 1400.741972680619 1238.0619336189852 0.7763840803565053 -0.7587059608057355 0.02629099232134549 25 0.0 19.17359166902216 1.7296122087426018 -0.5948718553916553
