m1-67/data/wr124-jwst-2022-f444w-TO-gaia-OFFSETS.ecsv
# %ECSV 1.0
# ---
# datatype:
# - {name: 'RA, arcsec', datatype: float64}
# - {name: 'Dec, arcsec', datatype: float64}
# - {name: 'd RA, mas', datatype: float64}
# - {name: 'd Dec, mas', datatype: float64}
# - {name: 'Radius, arcsec', datatype: float64}
# schema: astropy-2.0
"RA, arcsec" "Dec, arcsec" "d RA, mas" "d Dec, mas" "Radius, arcsec"
7.949140574267243 85.60019184685052 988.7916602057234 -171.41789982170567 85.96849234724974
35.62837365477553 61.50363265276905 1002.137117670836 -158.9183887227645 71.07796987216612
29.251503478993374 66.49279739363647 1000.7154173614654 -138.8175788040897 72.64256693822239
32.76100304588427 62.5939852004089 928.3381783234202 -147.4380940442692 70.64906418983495
38.24168966720762 57.093366507846476 1003.2571318944066 -162.57631488938048 68.71738710438375
10.847979187423336 79.17193208950911 1005.3702343325988 -161.83633162609527 79.91166045989658
19.86076262110333 71.20788221465521 981.76313298276 -161.73917378844652 73.92572194927169
-0.37175241431119876 88.01262017265452 1018.5095309402773 -119.47192824933053 88.0134052829853
81.73490243577028 16.117297268892735 1032.3021670364433 -131.7720182109757 83.30883226792807
23.918988078797522 65.80345127818045 1006.0792629301704 -167.24178396420018 70.01579944143532
47.8114915338083 45.01406979822056 1012.1926177586325 -149.25059704720076 65.66738281821792
4.771967640304628 81.45668543556064 990.3209782109907 -156.2074602511413 81.59634352178561
54.65774321118413 37.7321231410472 1014.6154501915935 -144.31668008250716 66.4167296420829
-3.0488946326712725 87.93918124941725 987.9008564274269 -171.39891437582335 87.99201871042324
10.665491822992928 75.64585112532647 974.1779327783686 -162.5065355399575 76.39402792890708
30.811431039953508 57.3598994835517 1007.0835741683154 -151.67051701314986 65.11146079625341
34.98916510128681 52.962410593018696 993.4835995550714 -171.0274141784703 63.476441168398765
83.94585982166996 10.012439128095538 1015.2915720821437 -146.1868320448454 84.54085588027189
60.19827052934952 30.414241451037523 1008.3135634819056 -138.64243759122257 67.44522096862043
33.19102313229034 53.18269550252632 1009.2662325206567 -140.4298308655548 62.69005577503869
86.19117512608426 6.9657219387865394 1011.4283981953539 -135.9002748449335 86.4721917666588
67.11636222924393 23.39886494533234 1016.3435700153473 -147.41531385187974 71.07821705911076
82.52921342444452 9.496850307273558 1037.1576846476155 -138.44728858515413 83.0738299911773
61.73400415097777 26.6038901570225 1016.6167495477408 -152.01140728126524 67.22242348250367
62.54992195958055 25.053096389269264 1014.6596278060933 -155.59168829411985 67.38063784654598
30.629192179676146 52.32293370152437 1003.758286348723 -172.58667508199886 60.62867955509199
48.76316479122349 36.162936684155646 1016.631776294589 -145.80587245549205 60.70917727757057
14.872690213692648 65.29263318843756 998.2796722862699 -174.93387421723358 66.96510177311195
78.45502129001903 9.293311424826637 1021.996350254651 -116.37488669362071 79.00351890077016
68.21857009751024 18.049480387389778 1016.3191106579956 -140.69796635371486 70.56597647962688
31.120497079686643 50.341668910382076 998.6740658592419 -176.40024719303995 59.184195085669195
89.83844171897047 -2.1084378463840734 1011.5685783085096 -158.41838754652653 89.86318000367473
40.583812861306825 40.6549635720097 1018.6197828341249 -149.28972429704768 57.444511557443136
28.381394871949855 50.928068845921146 1001.4941768635882 -162.76193792171696 58.30241637261392
29.731562514468926 48.81166974068527 1003.6060515758431 -155.51162953827188 57.15369538293624
66.80429748993609 16.25064133505282 1016.783722229756 -137.97497640960663 68.75243630370638
-13.224705890610826 85.49468598526317 995.839060366826 -161.5527207916382 86.51146841658753
-3.4299672423786602 76.52174776025167 1016.8607067301774 -146.02575484021327 76.59858063323608
77.19368035640842 6.106160103450062 1015.9651014528827 -125.34860439498125 77.43480791241444
33.364993464708476 44.12911678315117 964.8601412172756 -151.93435436714114 55.322705284369306
87.23906605339589 -3.6036804686363673 1021.9606608205953 -128.82463433148624 87.31346492964286
28.754195618552206 47.080870400742 1005.8430198166473 -155.2624444246538 55.16712888130894
3.56246233053012 68.42381074782791 996.9482659882854 -224.02321234098955 68.51648717385949
15.97133940372292 57.518050308814644 993.1356643557492 -160.9915561939594 59.69430280241671
25.76427068842551 48.77231606370232 1006.9013972529948 -155.7961284917349 55.159191853712905
83.73423761854754 -2.2046095985269965 1023.170894011962 -129.61874243979662 83.76325478861943
70.3594997594376 8.707412350111655 1015.5209038974635 -170.6780675151789 70.8962497830637
10.476737002048166 60.55689512982102 992.5487152010513 -174.2232439941314 61.45648511605848
27.903627548117328 44.86612040759321 1012.8344638546401 -161.13651931422015 52.835415948915895
44.45543695852493 29.570517091594617 1002.9316731993212 -180.9595244742939 53.39195953231599
-8.163355034253566 74.7675590173395 1005.2063389517018 -165.14065987153833 75.21188897978874
21.999590242724764 48.111591758396806 982.3714590641429 -176.61011705931278 52.90280922214766
47.86659624619181 25.470214081091033 1024.6886324408579 -141.10393689254462 54.22123965649568
51.46288868006665 21.569880662772864 1012.2260366927468 -162.12078979466952 55.800435961116285
54.331433032013244 17.666113844121583 1007.0439087685825 -142.03558228290652 57.13139405303668
37.24054975405009 31.84777792001058 1005.5336158261211 -139.81066613706585 49.00142338146655
57.8509447525279 13.043965042760064 1012.8349886995185 -139.56998577196052 59.30326153208035
22.091970640821753 43.77361036551227 1005.934971741492 -159.06510481464343 49.03248029525458
78.30530957551363 -5.355897378352682 1028.5508260360991 -130.51593649567656 78.48826118003736
42.90609334497002 24.79124561068319 1015.3867365553779 -108.84089286754015 49.55339237827062
44.238654762014754 23.53540979318364 1013.8906913821505 -105.81610147897433 50.10962064106868
-16.463874287219145 75.58706497844132 982.7390860368237 -201.63682285348958 77.35931447772754
19.903480926972502 43.58692818567477 993.0850638426801 -167.64023635494615 47.916269218040746
66.10200654418806 3.217137838654628 1012.7471872382566 -142.41141705976827 66.18024814628109
-3.9430702373577593 63.99772921675007 985.9121309197028 -171.47399154719037 64.11908567110429
28.890213531549126 35.34456227376779 1004.3301736852749 -175.75659015413194 45.64956201391152
66.01866787829245 2.2752275040227814 1041.9544780416975 -163.5414675734339 66.05786227581818
63.87019604833461 3.780853979349866 1012.2764266059881 -145.55424686664472 63.982003716835294
-5.298579471793997 61.96886930047095 1002.8551953039664 -163.3621953734521 62.19498135662927
17.35788206481656 42.26477053825763 1013.2201432585855 -143.01314117595035 45.69033698949206
31.363255950831498 29.340038627115614 1016.1401054262835 -178.7452084034897 42.947545725568254
17.501152795337923 39.15221942552946 994.8093155026254 -189.31112602727853 42.88573925486925
10.684705518401588 44.531547343625554 1014.388167502211 -160.22448534106846 45.79543251307732
64.21640614977551 -2.53502449908477 1015.2266963198038 -140.7386141974939 64.26642333128906
-6.318547308724987 58.722179910064355 1004.0029945822795 -173.79154251857307 59.06114164494739
30.070088363992518 26.89727431819384 1004.3970336862283 -170.17426891313457 40.34443672728841
-6.408807442658556 57.28087696468775 996.0830845775946 -169.18433817254075 57.63828309054501
54.4377001951708 3.507062774292752 1027.7992840926233 -143.1942190976859 54.55055170714878
17.173534133542063 35.44077562955721 1018.5672796636183 -153.46059534609427 39.38246880226103
74.90457813930827 -15.301283200760285 1031.4199106006715 -139.18278251077308 76.45145573186937
77.33668259520353 -17.636656164565046 1024.270147685186 -133.05460643999024 79.32221694418689
48.9276253844586 6.38990551009073 1011.4400184422747 -154.53536515897227 49.34311925103846
-12.133460944458081 59.26543862877111 998.4801863830088 -173.13006246036326 60.49473602141515
31.900061681946333 20.81823426511579 1020.7037516256692 -184.89835494801113 38.0921620517564
61.72516374655961 -5.2854020512025714 1024.212939665185 -141.48815059390367 61.95103964870787
72.41977618375104 -14.998480465031479 1020.6930893655497 -147.30056339176585 73.95659801204631
-26.951352918976294 70.41941796434361 996.7205465041344 -174.5471490163147 75.40072826153067
-20.692881234633898 64.8422235971387 1000.3223483471594 -172.7055293011349 68.06400870287897
10.432179751988608 36.66317451453648 999.5077455459268 -161.2362998423481 38.11848290154515
58.99530902729792 -5.822165979737306 1026.6976649646301 -162.07656350627394 59.281903672285985
75.54232170361534 -20.301144486236232 1029.4348817015214 -136.73777851001776 78.22262343730648
-22.94751093186886 63.971390160375904 999.2602460780598 -189.6915150403888 67.96268829394715
65.74163731681561 -14.10782378757248 1012.3963761204132 -156.30513568589774 67.23833402451884
62.001136313768754 -10.999340163452862 1022.2361418367792 -154.92571655099457 62.96924951589656
32.975606332998126 13.891661951117685 1011.8780816849929 -168.32298236636154 35.78224256741598
21.70049820129167 23.43246940180677 999.0479950360123 -171.6975221070089 31.93731739565906
-13.827224294998045 54.09186034116525 996.2176828401435 -178.47232429248467 55.831187364134784
52.94265901133839 -7.02020448852315 1009.6693815055487 -163.13867930932958 53.40607093931656
33.501637753717276 9.172902013548768 1026.2559629930747 -151.50949764245175 34.73473568056015
-7.017440343954166 44.16491951328567 1009.6670317829901 -162.06778104953753 44.71895105928332
-1.0809526198261221 38.84878244547912 939.2619275966427 -202.79471786877306 38.863818083773886
56.60261346621356 -11.365201615273682 1022.1386757308013 -137.09271265727352 57.732344969820936
35.23287930831065 6.888227565398687 1020.3511885665323 -154.04884925087828 35.899908953787815
26.314460532925416 14.119298227848637 1023.9636667759942 -169.88942881846532 29.8631112663056
12.914107733617987 25.364777302471133 1000.6848940515807 -173.42043591486188 28.463065634581273
25.746638393550302 13.77425601572505 1024.3563921759237 -144.77433417818307 29.199649250812367
52.09547224760381 -9.536106776399428 1019.474623454686 -143.97941541009544 52.961075887997794
2.397396869792977 33.12502050277649 1013.8637689474718 -160.19070150705306 33.21166203327009
41.35564461268277 -1.3053659057336298 1019.2930789914087 -153.0147803525147 41.37624102618114
-18.864141631540615 51.091621735161795 997.2295992349922 -186.7654682872848 54.46291989735227
18.60686575910324 18.2187016175222 998.174100464127 -147.13895092268075 26.04105491536646
59.21585775840678 -17.77209288541227 1029.7361008335356 -149.1028474671558 61.825278704726315
-13.584526819029882 45.36324599710563 992.8891401184119 -177.47840611338663 47.35360021491182
43.28718670208365 -4.842609013515442 997.3396686500731 -169.785021243559 43.55721977244109
56.99230488059342 -17.97643342009068 1029.6423642892241 -127.86518902431446 59.760145296813945
13.734632243422887 19.539540572095362 1012.4374977650928 -164.24723776522168 23.88375531751268
28.955390923628354 6.053287265578557 1022.7863219372829 -167.6941240819865 29.581361530938807
22.687444717003597 11.437293201743028 1017.4760424310095 -180.27259905372705 25.407318297063075
45.82032546813456 -10.411871222178668 1029.1631619407476 -152.38812074233553 46.98839523293783
65.76332331163665 -27.88674027244393 1046.0293161693805 -117.83201143826841 71.43168029436879
44.747348146744315 -10.48662820900965 1012.2985338936863 -189.12362233295894 45.95970556520797
-32.654620857697076 56.723536504584686 993.9072470799252 -165.29571365647595 65.4513852417286
48.49152189239393 -14.276101622220956 1017.5598184969178 -150.1779359105462 50.5493300569866
3.522773698319275 24.217806551485705 1016.0998947890738 -150.82122150010622 24.472680454714084
-23.913784774149033 46.94546856805126 992.3371886005223 -205.98677410897176 52.68535006451729
53.32686945030025 -21.24616515013704 1032.8655981267252 -151.7733891320282 57.40343655997453
25.581217129374238 2.8333387315186123 1031.742747990909 -167.85492983009334 25.737647098168456
61.50799869817439 -28.658375581656887 1047.4930640158898 -122.19117571616718 67.856734157332
16.75619433295011 9.52707253240206 1005.1135753022492 -166.26985520635904 19.275247323058124
-23.12800979245548 44.161708083851984 1010.6841531746876 -177.97764461678418 49.85139205347845
4.160171402289277 20.353749292943988 1019.6684985456483 -168.38577600400436 20.774555020996786
4.501739148748789 19.89012621405684 1009.4241286185035 -151.50979069367125 20.39320416490529
17.527019324221524 8.488629200736879 1015.9050854586421 -159.52066946909358 19.47442507309255
51.63057290428374 -21.6215908564423 1013.0222820230946 -152.86399385545437 55.97507695244925
-34.461056902732714 53.29626978727458 997.5397480248257 -178.78166576597042 63.46697400745159
7.905892849717203 14.750138411562848 1024.4718337350134 -162.11451163544487 16.73528382806982
55.05673365112289 -26.99363235970566 1008.1034505779444 -121.65021793553512 61.31802419351234
3.7723839474719774 16.56502235031429 1010.0385549376587 -178.7393737598932 16.9891390624713
-39.41082803182993 53.910226715900684 1004.783563401419 -185.34347804118093 66.77968160553785
45.788520087102015 -20.547861134759994 1025.9086304758755 -164.57915151060402 50.18767938497822
-36.874464193827016 51.33593671992755 1002.8496742644343 -187.6190140506105 63.20683887373035
16.83345009676673 3.5018822933813243 1012.6934505825756 -169.64352504494542 17.193842552844895
50.717981264439786 -26.857594940505606 1001.4186361847371 -113.40481590486628 57.39027805296729
-4.43821440654597 20.76410443350226 1011.4232052898449 -167.50230288010346 21.233129302504917
50.396407393582436 -27.4527432053475 1034.4808688654034 -157.78406144210422 57.388596190232754
43.831453324375566 -22.149208271255628 1031.4225786675017 -143.09263711865302 49.10991468322794
28.429201655743572 -9.25781999009024 1043.5526381797833 -144.31819295914138 29.89860761329226
-31.404791156333594 41.84363411137761 1011.4789025171712 -175.45250006140307 52.31778483160595
-0.6785234485080256 15.098663114739287 1032.5735481750435 -124.95400775632572 15.113901611486336
-18.29456087525735 29.98687240788369 1015.6135707828936 -142.93165605964435 35.12696218100202
-41.18285851956262 49.71463993633715 1007.5745080234323 -172.8004158601579 64.55674424091927
-8.906459234081266 21.01410501234632 1002.6562594862207 -159.24358915179175 22.823619898709556
34.723605912646896 -18.371221091384918 1031.6399431521552 -153.61540000200029 39.283973434268376
-43.4792887688578 48.998170448185746 1002.3617490563171 -174.81547855902147 65.50777987047894
-14.841487128677706 23.4568464207733 1016.7412533442399 -168.79958754647924 27.757762576364037
17.707946462285125 -5.038341098627114 1026.9452626735808 -160.3470995788712 18.410764483785616
-41.055139381087685 45.506517084756055 1005.7997003451235 -160.96210329835375 61.289212259841605
-33.00225355154015 38.269942014734674 1006.3316252118697 -179.75973536322394 50.534514826939244
27.418136944688012 -15.215891349748395 1021.2251657730385 -175.58675797275583 31.357257241741834
-33.88999248810039 37.1201731440061 992.1486329033917 -206.42710764555778 50.26369298688115
-6.601087973348095 12.419426387267556 1012.7620161292584 -163.47114144086117 14.064725883126464
36.060468506180726 -25.021439906281454 1018.1938247685944 -152.51195511470291 43.89111342282824
-41.22117956578789 41.56931896282283 1010.3333525678579 -169.78466385480718 58.54224031253847
-29.669719499540534 31.012589669776478 1000.7129875806733 -176.63290136225112 42.91937751844822
-48.090676194817306 46.80483223803623 1004.4210125560517 -206.76946772686932 67.10741701187216
-35.04153943295111 35.5110884690709 1015.092035906818 -169.88588851378825 49.88934633728363
24.122522330212522 -16.10654086792058 1009.6818766581488 -171.7612983375817 29.005460539650247
-18.537434382194736 20.686416942607618 1018.1102450471546 -163.50576992969445 27.777046607617777
43.293792100987964 -33.287342214513444 1012.9318570354139 -128.84215517392113 54.61135019313201
-11.537966348463751 14.134534037774012 1015.043037671933 -169.84046053677292 18.245813758656464
