m1-67/data/wr124-hst-2008-f656n_BGSUB-sources-fwhm3.0-thresh2.ecsv
# %ECSV 1.0
# ---
# datatype:
# - {name: id, datatype: int64, format: '%.8g'}
# - {name: xcentroid, datatype: float64, format: '%.8g'}
# - {name: ycentroid, datatype: float64, format: '%.8g'}
# - {name: sharpness, datatype: float64, format: '%.8g'}
# - {name: roundness1, datatype: float64, format: '%.8g'}
# - {name: roundness2, datatype: float64, format: '%.8g'}
# - {name: npix, datatype: int64, format: '%.8g'}
# - {name: sky, datatype: float64, format: '%.8g'}
# - {name: peak, datatype: float64, format: '%.8g'}
# - {name: flux, datatype: float64, format: '%.8g'}
# - {name: mag, datatype: float64, format: '%.8g'}
# meta:
#   version: {Python: 3.9.9, astropy: '5.3', bottleneck: 1.3.4, gwcs: 0.18.3, matplotlib: 3.5.3, numpy: 1.22.3, photutils: 1.3.0, scipy: 1.8.0,
#     skimage: 0.19.2, sklearn: 0.24.2}
# schema: astropy-2.0
id xcentroid ycentroid sharpness roundness1 roundness2 npix sky peak flux mag
1 615.5487842631329 256.43979007712755 0.5143740233848823 0.09970504690240803 0.9811693489662534 25 0.0 1.4107335717641736 1.0131676836650523 -0.014203322343822815
2 610.6266212796572 258.56439246647136 0.4057560413685637 0.09051833183982569 -0.2472323250853353 25 0.0 1.7750282428213793 1.5165664444243496 -0.45215360637388324
3 612.2063045147099 260.0 0.7672330715055173 0.9164830188408437 0.48437520679814494 25 0.0 1.9825537829501327 1.140509711890065 -0.1427474695430796
4 619.8013308159743 259.04149145568726 0.5165644582762244 0.7597928435452607 0.5066770554971521 25 0.0 1.6088150264488033 1.7493023963602385 -0.6071622276971559
5 608.1804629313006 261.16692673376735 0.6196821475941223 0.7331645714040346 -0.06175611449174025 25 0.0 4.505979428414349 2.5069351597053693 -0.9978577533774645
6 621.3386318066824 262.0682038631861 0.5719021927541689 0.5168219588931192 0.03540004982554165 25 0.0 1.8452323061311424 1.3033397469748134 -0.287644099533702
7 605.1498876460628 265.13955619838316 0.8424329397298727 0.11409937970686614 -0.8401379138905853 25 0.0 2.418877749243442 1.2359436084075284 -0.22999663983479396
8 632.012856763803 266.40015046143554 0.8674377048051757 0.3533519732749434 0.40630817189588075 25 0.0 197.43796576164004 80.21808504133631 -4.760680725829751
9 605.8228124414937 269.9769840368286 0.5409996787962207 -0.9308839487880787 -0.17887376942021876 25 0.0 1.9906569264684235 1.5598012631860476 -0.4826731692837743
10 608.1982908652019 268.73825530836604 0.3767420060391287 0.8292186468154052 -0.19825677529103186 25 0.0 1.6025527364537724 1.427556681347795 -0.38648340246611324
11 615.6005968139029 269.65931215066456 0.7121359723284434 -0.41250968047398384 0.2666998667625569 25 0.0 160.9003075633789 72.87176924996464 -4.656398284665866
12 635.5803852777561 270.130849087327 0.7503475164618876 0.010664236974930389 0.24614156985737695 25 0.0 1.9273011310632835 1.0835449344807888 -0.08711731542572486
13 637.7751044712572 271.25727292713424 0.6982172214158806 0.5203262973973659 -0.43017159198305643 25 0.0 1.7879103990703382 1.070069373275117 -0.07352983546052676
14 634.326423827428 272.31257136446465 0.25708388000370647 0.3954201456292777 0.23992197398642975 25 0.0 -0.041092173115273134 1.6054209389942415 -0.5139723076059219
15 625.94640753772 276.6482322544013 0.5018294123965805 0.0820219357093955 -0.283861632808355 25 0.0 2.2087237653270053 1.8856078499056144 -0.6886284437890713
16 615.3093811864272 280.0004225045323 0.6299407786382376 -0.7584787771496504 0.3058908172111706 25 0.0 1.9952090975422272 1.0128960640221694 -0.013912208816615325
17 632.0917309311083 280.9576848740678 0.30592504790782704 0.25624191039749766 0.01362365095071958 25 0.0 2.4195924150120622 1.8480636327163027 -0.6667923020340589
18 640.9319455292348 283.87372172296426 0.42586646058916894 0.2553356943494131 0.055479825185069595 25 0.0 1.8967261500163841 1.658512619339956 -0.5492969508519846
19 628.170370699548 285.79696725865705 0.6317888357921557 0.7217721663929146 -0.06873380327183228 25 0.0 2.215122932606536 1.4440716957120696 -0.39897188938454287
20 647.0077102556409 284.1611467360403 0.81063149706814 -0.1159307172931888 0.3066746889450473 25 0.0 6.094252811000669 2.627533162555758 -1.0488705151037767
21 623.0311296967039 287.00543992102786 0.6704959098841647 -0.033193328720177044 -0.06923449410877526 25 0.0 1.7624969348613702 1.1208100648301302 -0.12383005560632403
22 641.8865029970535 286.55283641214817 0.47401425303566064 0.5463461242447244 0.11668711821968797 25 0.0 2.150247487727742 1.631414039092229 -0.5314104882434957
23 635.7636023251912 287.83027488502916 0.4659195218609514 -0.2097380377441354 -0.25556903087046506 25 0.0 2.35852587952335 1.0732088386355056 -0.07671060184382016
24 644.404622252644 289.6619140877763 0.4787184913592388 0.16225059449215332 0.7470856943483041 25 0.0 2.029029039826165 1.9230220733500965 -0.7099606732575693
25 652.906100820617 289.9900979537448 0.35677138601940006 0.46735523567864584 -0.18192240436566298 25 0.0 2.010871477795107 1.7528717038792418 -0.609375325978482
26 627.3422152830506 292.9925984608445 0.50541905255677 -0.6519057959976123 0.2825875654010968 25 0.0 1.9336393176464033 1.1774140723699205 -0.1773230554104392
27 655.2202965032646 295.96124920934477 0.5993846360512923 -0.4783942925359977 0.46960090009249805 25 0.0 1.8559456870329203 1.2692150054969218 -0.2588379949363404
28 645.972095652986 296.405871667649 0.5536939651675592 0.98760539156837 -0.23248218868858592 25 0.0 1.8088957972093507 1.002490411141582 -0.0027005681726572886
29 630.1865221658746 298.68346765580515 0.3817884725731329 -0.24394495400310695 0.3165741832208587 25 0.0 1.5725401623964748 1.6924931821732632 -0.5713173197585469
30 639.767474965825 299.0273722250513 0.7710935032265569 0.19453749757593344 -0.34760040787308377 25 0.0 2.1941366562315907 1.0668590956671522 -0.07026766052199901
31 654.701567423356 298.86400831914045 0.4681950459055692 -0.3786008660139417 0.9547915101646417 25 0.0 1.9385464791513876 1.634737144164543 -0.5336198267166836
32 646.1411652519414 301.3641744299376 0.6554175522458316 0.38905931455362547 -0.49257530752284623 25 0.0 2.026782058855846 1.0146904501444183 -0.01583393247501175
33 636.5134567161678 303.1602972958669 0.37409937888517525 0.6806113156565184 0.21877642488765198 25 0.0 1.825145137354973 1.3915500374467538 -0.3587470683501578
34 664.849786850563 304.0147576723898 0.4800403916878511 0.8740237141464604 0.0069907936121981415 25 0.0 5.069865634156521 2.9714965473776265 -1.1824380749545966
35 643.1091048159007 306.9325121389126 0.46803584698576045 -0.003863988249338947 0.78350681449589 25 0.0 2.0918330078685927 1.6113064297447734 -0.5179453502599431
36 656.5750593850724 305.24230877080515 0.4185273100202 0.27355020436057365 0.2087148006241909 25 0.0 1.9056637056143704 1.4258852361501368 -0.385211430703312
37 644.7909206594602 306.9804588004085 0.4289756137612718 0.33664772875606197 -0.7660524831102142 25 0.0 1.9368050210735785 1.4256698706420308 -0.3850474288719642
38 637.2897759155721 308.23145085871175 0.36877524737118444 0.398928939919568 0.35139380634049855 25 0.0 1.4789121146867814 1.1890931914066094 -0.18803973101194638
39 660.6433027710133 309.48261643014683 0.40333222055140194 -0.49748007482594886 -0.5495481564389161 25 0.0 1.780038896987129 1.5751937751102987 -0.49333496719445763
40 650.6590472758545 309.85385836427247 0.5312200115525315 0.48271581629409593 0.15965036123331897 25 0.0 2.1454818679922067 1.4718291973146707 -0.4196435349090919
41 650.1946313866124 314.41294927687596 0.701933896867872 -0.331769184784603 0.07960790573164951 25 0.0 2.1237406212491425 1.4275242731254414 -0.3864587539318659
42 656.2558990893589 314.1816129318205 0.4421583103759924 -0.11236804135212736 -0.102703000787649 25 0.0 1.911217425430129 1.0975618094086979 -0.10107246745456584
43 665.4924098466852 314.045155703071 0.3583189029861179 -0.1436200236134938 0.44938001359955726 25 0.0 2.0325181338198806 1.4770288028526424 -0.42347241092374566
44 659.088371471939 317.2792957593159 0.5687405827353123 -0.308472971914594 0.4805501938073612 25 0.0 1.888493771682468 1.243181145130562 -0.2363360368068136
45 678.538167002162 319.80229632333493 0.644332446267418 -0.03298738015467387 -0.2616009787652512 25 0.0 125.88465732319338 63.453343974243516 -4.506136285591931
46 675.8067078890916 325.05859889332186 0.35287405255553494 -0.9502970114451018 -0.21444117751784308 25 0.0 2.05379077873345 1.6968749633700106 -0.5741246047348535
47 663.7026736908282 326.34246469089953 0.724743046845218 0.735543599879465 0.9646558577726786 25 0.0 1.8285498283736774 1.2088989431804087 -0.20597499480399228
48 658.2622851305243 328.4769262060707 0.41230091914006883 0.5157044645028495 -0.8859136160614747 25 0.0 1.8051554927160263 1.537025704170583 -0.4667028260136812
49 678.0064557035879 329.4392278713181 0.6848735709507722 -0.920813747391733 0.11758909731424587 25 0.0 1.9049844300459549 1.2821424611477052 -0.2698407077560573
50 684.9840023014475 328.7779395315641 0.4126905931565164 -0.2605563591600574 -0.038964960748843085 25 0.0 2.003207213207756 1.692159628918553 -0.5711033238976779
51 662.3523562146834 332.26467895918637 0.36715597123351834 0.2440198639697181 -0.3555846152400678 25 0.0 1.5486970541203755 1.6021968009265888 -0.5117896506362162
52 673.1349053259803 332.0168095906105 0.648433392929426 -0.9460308102743781 -0.40387653732218404 25 0.0 2.2844349591439777 1.3029723119467 -0.287337967722512
53 684.477150009673 332.0629266417653 0.7718187709054816 -0.5840553122281676 -0.7954355590710072 25 0.0 1.9728965533454823 1.2769649267116134 -0.26544742259316917
54 690.829617810544 332.9372913005028 0.5570645066244788 -0.393438042829299 -0.7984811388562062 25 0.0 1.4532019633234898 1.2958265345120288 -0.2813671717639849
55 680.2316489745054 333.80478699023047 0.7059559530974717 -0.12599336533234975 0.4982902247006629 25 0.0 4.3091759512822865 1.6643377096392753 -0.5531036332400145
56 688.7085711461008 338.6841162296216 0.5453677668385948 0.7768524558729406 -0.6534076583845742 25 0.0 2.031253923763965 1.5190559806598052 -0.4539344472370569
57 673.4747719300985 342.4951235611462 0.30486251176310286 -0.0498212175837435 0.8528777539832043 25 0.0 1.6052295584708864 1.5771530547629742 -0.4946846036671434
58 679.4565726333716 342.6769497007446 0.28042557660200856 -0.8275876070338827 -0.3893460017277034 25 0.0 1.8676175160557549 1.332488676167461 -0.31165881741935336
59 676.1399835538813 344.4306069396981 0.3837691423961945 -0.10853681781541845 -0.35245668936487645 25 0.0 1.8894251153000692 1.5296423984522143 -0.46147478205849624
60 687.4792825963849 348.43878023905137 0.38559147840874475 -0.30293890176979216 -0.677023961267756 25 0.0 2.0989804853218472 1.4739289973727023 -0.4211914076000739
61 693.7093979091843 347.45012545011684 0.37223459587897095 0.7463028197354331 0.6500068615168044 25 0.0 1.9977707865027983 1.5998608109643095 -0.5102055009216557
62 671.9901755045961 347.8999612232026 0.34583804607671703 0.21128743668650068 0.2312173422801778 25 0.0 1.1634174062619989 1.0506675856171221 -0.053663334867744356
63 1611.529000219453 348.30415468234395 0.5525101831889523 0.33682083650330125 0.6187482362683799 25 0.0 1.5661486887398075 1.2662965923404972 -0.25633859542550347
64 1615.6594914807015 349.7715489642368 0.6218967476703005 -0.6302998756755231 0.013966501005457424 25 0.0 1.9468697956940875 1.3085168561263318 -0.29194830382779113
65 680.2712273715055 351.45988993498713 0.6131576788007769 0.17569302956254645 -0.529894062705161 25 0.0 3.4873726125297564 1.830642897252076 -0.6565090872993475
66 698.2303742523069 348.88988061656863 0.6398749596316444 -0.18656302135061345 0.9725457777914766 25 0.0 1.8586331929950535 1.3254833810384707 -0.30593571725589314
67 665.5097175130026 351.6819653001735 0.6631290058902812 -0.16529595711817197 0.12291771326093379 25 0.0 38.354067697010976 17.609243123259247 -3.114351724038564
68 690.1918558953255 353.8272749283122 0.5492160190360844 0.4947063569469185 0.5517910113229475 25 0.0 1.507378944631296 1.1235481548683182 -0.12647922714690513
69 678.4677299494386 353.46242956786494 0.32482126681650364 0.15804563343076236 -0.44899134966362697 25 0.0 1.5306227170321494 1.1455791629658392 -0.14756276404340904
70 1600.328502521373 354.1608880710207 0.7310729218586431 -0.3651093879823142 -0.26796684582583247 25 0.0 2.084599320459845 1.135668798060092 -0.13812923480369282
71 702.7344815156464 354.95087597737864 0.4606862329518733 -0.4636514742930376 0.5896818910472761 25 0.0 2.140737408394806 1.5824406554836554 -0.4983185803265755
72 695.0935346057645 356.604656352761 0.2620136335029412 -0.2383043861041393 0.8207125515382638 25 0.0 2.048786777836148 1.0806482997691698 -0.08421093626643394
73 701.7273392446195 356.0410646705568 0.5182963119517284 -0.35874458254734254 0.14837217314628065 25 0.0 1.9012129860648614 1.3588738486872969 -0.33294785198210863
74 1602.5044219255492 357.7950565133122 0.5320685621592335 0.79676549834741 0.44720370204637067 25 0.0 1.611125960428831 1.331901010111715 -0.31117987071972963
75 698.2967117135887 360.2517955181381 0.8995326379230515 0.08753182995573812 0.30707677355139196 25 0.0 3.918542696505125 1.6225876930079177 -0.5255204440512449
76 706.8411473539919 358.4948907605039 0.6158546154554603 0.5658755773558537 0.44853298120523183 25 0.0 1.717726114176593 1.1119802621763382 -0.11524269629859918
77 687.9901150155654 359.9436126496644 0.3300091603744812 0.02979134010771087 -0.9191426567878892 25 0.0 2.532682426517585 2.7305326953873092 -1.0906184528576088
78 713.4572950319432 362.0041105389499 0.34481986840820933 0.03855314623268711 -0.06013940952026357 25 0.0 1.7801943078646787 1.4852032762249205 -0.42946474642441435
79 687.1082631055639 364.27142648296734 0.5781172796572779 0.908329581554477 0.4951410099203597 25 0.0 3.2634919665498408 1.645408337147492 -0.5406842337746207
80 1597.4922379046486 364.1935619062969 0.5425650751937977 -0.3050126833170198 -0.0701688326677688 25 0.0 1.7639658384538752 1.2238483501503103 -0.21931901680080096
81 701.0065188062187 366.4119942395755 0.5014186343201766 0.5553699375185374 0.26281048908229626 25 0.0 3.756915905538723 2.4794520538976843 -0.9858892864791027
82 710.0965445414324 367.48998401743467 0.7866192810417985 -0.5434540252961413 0.27784884250336284 25 0.0 2.2704144252778566 1.4002500272926497 -0.3655139745143223
83 694.8467196069454 368.38014838789906 0.567880149325459 0.4701659310937939 -0.677149557713942 25 0.0 1.5412763144218684 1.2027660708464922 -0.20045292117683383
84 692.2755075913952 373.03310005825057 0.6708761584080709 -0.38217990824030207 0.4527193486602284 25 0.0 2.9892499759540208 1.27808904519932 -0.266402781057379
85 1596.9144741461564 373.19843490535504 0.5429743476100438 -0.3153417047458253 -0.03942106136401326 25 0.0 51.79799604982376 28.404056714952063 -3.6334509278552787
86 1580.2966538884427 374.3397297611735 0.7293347912507078 0.02472784922641754 0.05173494486856937 25 0.0 57.07339322872598 25.952496952716707 -3.5354478718020177
87 701.5904276776146 375.30983938307617 0.6620539453825505 0.19434563364594087 0.09145320417790778 25 0.0 4.728445842852649 2.295491596880587 -0.9021892682015469
88 691.8354798799775 377.6803365213117 0.8058030015320962 0.7220863902543709 0.48496186590197804 25 0.0 25.952193273294643 11.236461274870107 -2.6265738984622358
89 717.305006561715 377.09205869751577 0.4227076055504064 -0.18188383465768837 -0.010480104477124549 25 0.0 1.9500066063156665 1.431806393712977 -0.3897107435563766
90 717.0094416612006 376.96857167228745 0.6199717282760414 -0.760917425752964 -0.9816334988369995 25 0.0 1.9756568845839 1.5405291455062882 -0.46917479803586454
91 726.524938196291 378.16439809275755 0.28093607290133693 -0.6120317521449938 0.2434223510272414 25 0.0 1.7617726848476523 1.4667770821590334 -0.41591028913355965
92 710.6877985576313 381.82093062807814 0.6018815881560403 -0.518596858488982 -0.404028659652806 25 0.0 1.869076160992966 1.2590938108650496 -0.2501452228535286
93 734.7614802331892 382.6491931557563 0.4572020229174738 0.1846870832943602 0.4545215081097735 25 0.0 3.09400908057394 1.5590449345290993 -0.48214658132811067
94 712.9526570967247 385.35288808533807 0.23186417829417166 0.43293448989784866 -0.7170615708346653 25 0.0 1.0152038043006537 1.0922954117349686 -0.09585027343098113
95 715.2904015335911 385.0920316341339 0.6018909479340793 0.888874201687005 0.7600241712240615 25 0.0 1.941874643294985 1.1657310879461047 -0.1664959461896413
96 710.7307200942288 388.09972778311135 0.5593954275081354 -0.38444542985090707 0.9607160098592014 25 0.0 1.5013131425606234 1.0658008067241618 -0.06919011157617339
97 726.2637214834235 388.2619585246755 0.27311460642481333 0.2147238626378984 -0.9030775626352987 25 0.0 1.5335014050901672 1.3573100891164604 -0.33169769322404563
98 1569.4538444129694 387.5431386767609 0.6331248982606791 -0.43984709295532626 -0.5439238743424567 25 0.0 1.5698272379042875 1.1102351656224734 -0.11353744767588562
