m1-67/data/wr124-hst-2008-f656n_BGSUB-sources-fwhm3.0-thresh2.ecsv
# %ECSV 1.0
# ---
# datatype:
# - {name: id, datatype: int64, format: '%.8g'}
# - {name: xcentroid, datatype: float64, format: '%.8g'}
# - {name: ycentroid, datatype: float64, format: '%.8g'}
# - {name: sharpness, datatype: float64, format: '%.8g'}
# - {name: roundness1, datatype: float64, format: '%.8g'}
# - {name: roundness2, datatype: float64, format: '%.8g'}
# - {name: npix, datatype: int64, format: '%.8g'}
# - {name: sky, datatype: float64, format: '%.8g'}
# - {name: peak, datatype: float64, format: '%.8g'}
# - {name: flux, datatype: float64, format: '%.8g'}
# - {name: mag, datatype: float64, format: '%.8g'}
# meta:
#   version: {Python: 3.9.9, astropy: '5.3', bottleneck: 1.3.4, gwcs: 0.18.3, matplotlib: 3.5.3, numpy: 1.22.3, photutils: 1.3.0, scipy: 1.8.0,
#     skimage: 0.19.2, sklearn: 0.24.2}
# schema: astropy-2.0
id xcentroid ycentroid sharpness roundness1 roundness2 npix sky peak flux mag
[from data line 197]
198 854.8944409450065 551.9390704511911 0.7431525921195554 0.8601047094842469 0.33846249038525705 25 0.0 3.016584849618938 1.4377801029542059 -0.39423117308622807
199 859.2301933499994 551.2397666217819 0.9322765520284961 -0.6322058368789467 0.44021617327979395 25 0.0 3.0732074160304905 1.2893489072002398 -0.2759261412647276
200 853.2934021209965 554.7944857547925 0.3859045047817095 0.2974193281581454 -0.6588171094882592 25 0.0 1.4291217570694867 1.10636867093098 -0.10974967336946295
201 854.8904682533921 558.6234066811512 0.4201995931693199 -0.627983275972384 0.22814290530041 25 0.0 1.2607267623675529 1.0121031859605156 -0.013061979897769896
202 1358.0325321194623 573.3575621037717 0.821635834288007 -0.14201481479056177 0.3183684861240666 25 0.0 2.6810216220816927 1.1007675497637226 -0.10423904558279308
203 559.0522538026468 575.5054418453141 0.6410853847690665 0.11555382767180782 0.14663797778246604 25 0.0 28.980504442442996 12.6098807099784 -2.751777445369426
204 1327.0504849780755 587.7108457330063 0.2856432992324476 0.8567605363834192 0.8944837896698112 25 0.0 0.5794421638812738 1.1411668213062718 -0.14337284083739577
205 816.3094425446706 608.7003839630065 0.6428125499635718 -0.12309460030126439 0.012013628662011918 25 0.0 35.29908967169784 15.365164404004659 -2.9663430286905665
206 1714.6781298424635 626.7389827709177 0.6780239970563791 0.12931281540712022 -0.050178886842455556 25 0.0 4.320702476784883 1.8328066210016452 -0.6577916126752065
207 977.7050356496527 678.6916292014976 0.6283464985202853 0.27616635157970143 -0.02025329146347263 25 0.0 2.961835463372178 1.3530837191055607 -0.3283116711332714
208 886.2360926281243 708.975356424779 0.6795434904724682 0.01095722294539547 -0.009826820974363283 25 0.0 9.667305842563355 4.113183311223902 -1.5354451625882684
209 1408.0037456059877 762.1860029418382 0.7013096185541396 0.005092763996365162 0.059973939043488224 25 0.0 3.123073142610218 1.3432696173374634 -0.32040797949341293
210 150.41663903947972 766.4226926362318 0.3801644103213023 0.3312971966591283 0.14708331386328016 25 0.0 32.21597302123004 14.066277217159083 -2.8704479305137647
211 864.283354205506 818.1160582230611 0.6951370917712335 0.08310198150501592 -0.03037615986109566 25 0.0 5.374890391107339 2.259605532441336 -0.885081573491626
212 359.30655377118944 818.8227954560352 0.7213406464304287 -0.09351284740507596 -0.04284665460334098 25 0.0 4.17792243360418 1.7305277520009654 -0.5954464208699904
213 373.8850557445278 861.4394418380816 0.6133198882285599 0.3714911370152447 0.20478356052990873 25 0.0 16.408962438890157 7.440357986741677 -2.1789845794313125
214 1400.9088847101173 897.1955471369297 0.7352037366614763 -0.01540396510147858 0.02170912969690763 25 0.0 2.6433861199329036 1.090040827619587 -0.09360691200254384
215 1061.003621070042 960.2210469140002 0.6158686927246205 -0.19913322086375923 0.42162429165890714 25 0.0 3.7441653333729654 1.259762801616708 -0.2507219507968369
216 1060.7552665488536 964.124475205795 0.5514810147160673 -0.0055244203836782605 0.20468979376238025 25 0.0 8.844731307343773 3.3233495053313202 -1.3039400423744654
217 1072.811974787856 964.8563979525633 0.928514482326436 -0.3259265512167963 0.7331851377595222 25 0.0 6.0531583460446425 2.0549090517088566 -0.7819815129571684
218 1060.4625233519102 968.9519430202075 0.5563076751123845 -0.019224960635530558 0.5745813837726267 25 0.0 12.003940945538465 3.5726785146726048 -1.3824848455821623
219 1060.9631113299747 974.824982267331 0.4691685984151166 -0.6736269050364586 -0.3249661376030048 25 0.0 56.997266276427474 16.39769630364867 -3.0369570968130732
220 1058.7637004708556 977.4717804085236 0.32357969161359024 -0.6543203813757076 -0.442904006528214 25 0.0 56.14834473754659 15.195748835664649 -2.954305266664072
221 1056.7855226331485 979.7596334003193 0.9265182311476303 -0.7995163501359532 -0.920861433371754 25 0.0 56.19699108407554 19.022430753604922 -3.1981650295879307
222 1059.2050357048968 984.6054786576951 0.5308882454193409 0.1983647228361541 0.5912092063384814 25 0.0 13.626686337779097 4.413406257494319 -1.6119347660841372
223 1058.8162419687665 989.3689366236362 0.5745575379858879 -0.129895117781884 0.5006305224784229 25 0.0 6.134939831052915 2.298043310860748 -0.9033955237729384
224 1040.042447240918 993.4187499401264 0.9582835846734957 0.18715177796461696 0.32955782929775124 25 0.0 6.871450519347818 2.4685493166842605 -0.9811045199460904
225 1259.5310301790037 1081.5392704763908 0.5971159475233662 -0.32156605298369934 -0.03255104215497389 25 0.0 10.378460693797118 4.566492553260771 -1.6489568844132338
226 1743.447546336883 1178.6441334656847 0.41706277294396593 0.6756957295550676 -0.07780795082389355 25 0.0 2.144061932182063 1.0716818020504317 -0.07516464033410619
227 620.0017193382557 1224.3615481596648 0.7132238637110875 -0.026613180825505258 0.07910736648767284 25 0.0 2.560486816905309 1.0246225968717406 -0.026409823776848924
228 1004.9400694757302 1239.630787270645 0.6844155149307861 0.08989956197507842 0.10986100977319756 25 0.0 3.3633624811221745 1.4263454652989873 -0.3855618143195284
229 584.3580403636768 1289.5364452869833 0.5961097723303246 -0.41957497761449974 0.10851058912779915 25 0.0 3.433954328762378 1.5194575737044311 -0.4542214455359732
230 1562.3323625386217 1425.3189153212077 0.6950347744114896 0.25969137249325575 -0.037075875628801776 25 0.0 2.1981909306130745 1.1478274805414412 -0.14969154533088747
231 919.2851173006152 1511.1516149797887 0.7325577588904023 0.06484207574370111 -0.04410217663992051 25 0.0 4.743666163355735 1.9664658877200367 -0.73421604276392
