m1-67/data/wr124-jwst-2022-f150w-TO-gaia-OFFSETS.ecsv
# %ECSV 1.0
# ---
# datatype:
# - {name: 'RA, arcsec', datatype: float64}
# - {name: 'Dec, arcsec', datatype: float64}
# - {name: 'd RA, mas', datatype: float64}
# - {name: 'd Dec, mas', datatype: float64}
# - {name: 'Radius, arcsec', datatype: float64}
# schema: astropy-2.0
"RA, arcsec" "Dec, arcsec" "d RA, mas" "d Dec, mas" "Radius, arcsec"
-0.5719407893306742 93.8832245722931 977.1115452088181 -227.72626212080561 93.88496670040226
-0.38609748479443234 88.05554899339536 1032.8546271176306 -162.4007193520883 88.05639545079643
47.79857759242669 45.05654421279403 1025.103578357629 -191.72589933414244 65.68710801914538
4.760276473935761 81.4985277967131 1002.0118536634743 -198.04988617501337 81.63743175750668
83.93975537436285 10.060694956553418 1021.3900689026052 -194.44340391680882 84.5405234769029
33.180976119429666 53.22498786710144 1019.3111850204026 -182.7226703307402 62.72062248781393
67.10753122580876 23.44388772411511 1025.1701356893916 -192.4389500407795 71.08471424621602
86.1844718565156 7.012041302182567 1018.1258033831067 -182.2204767778047 86.4692541285932
82.53974415573967 9.543190823095943 1026.6213310989526 -184.78654294638972 83.08960134411686
48.75189201385778 36.20695201779949 1027.9014027904473 -189.82199668552937 60.7263560980471
31.294753375711718 49.972223989892235 824.4347192633958 193.0524303496308 58.96257067145566
78.44783439514177 9.339330561299077 1029.177941779924 -162.39484046570396 79.00180891858774
68.2096504760493 18.096253679629115 1025.234046010856 -187.47213899842518 70.56933330675479
90.96472163906132 -2.03503757440971 1226.5256008414815 101.03976894317347 90.98748243868963
28.74425515000166 47.120906207268604 1015.7817993466241 -195.29865606171563 55.19612297569802
-18.743510583939297 87.31874394533227 999.9711092629782 -224.98689627669677 89.3077948009982
46.28071611763231 31.198013404511187 1226.241789895335 63.246711041301204 55.814162256767595
83.72633905353841 -2.156931808432772 1031.063595068687 -177.29749199530607 83.75411754588099
10.4660720211073 60.599061315441666 1003.2130499105614 -216.3895780774893 61.49621852369645
-8.175497352326968 74.80944808692642 1017.3491624855515 -207.02956560348835 75.25484886101762
20.864948968535504 49.768226194041176 943.172959848073 174.68096701878835 53.965011123060826
47.85719169879549 25.513115294734536 1034.0901648364822 -184.00579759125677 54.233106472467355
12.770555109415437 53.332451536784326 1212.9463264368633 64.4029318265943 54.84010814260919
54.32364494321598 17.70943457971065 1014.8285411940451 -185.3569278830346 57.13739988657281
-16.476444046865478 75.62895232662757 995.3098627065941 -243.52384850741365 77.40291742748525
66.16007389520799 2.816950107536808 954.7187273380514 257.7818706643807 66.220016501479
17.35105422579972 38.825837402727224 1144.9162455075789 137.0672893476104 42.52651795309502
-6.329295333384774 58.76407029021661 1014.7514111643361 -215.68180684990128 59.10394179246628
64.20892915907531 -2.489732593279103 1022.6994154994437 -186.03121406427496 64.25718132589695
54.229843689294064 3.4389615757869274 1235.6612594780827 -75.10926937218883 54.3387743974146
-26.963132834206892 70.4596270894566 1008.5020572234238 -214.7557900718922 75.44249169752943
10.327059095923453 37.94671743037184 940.7227264276597 182.40940189763364 39.3268548464048
67.37140261413607 -11.5578701284537 1205.439521704453 45.46686171987587 68.35561606295936
10.421196273973102 36.70506557721724 1010.4905845087465 -203.12751456921276 38.155775049964525
61.99425310891943 -10.954132807512051 1029.1152303190734 -200.13368895288585 62.95459030514571
-1.0871843531606937 38.88668089356903 945.493723299602 -240.6931474009556 38.90187554247539
56.59499173711876 -11.319730194943606 1029.7566251133294 -182.5647552144889 57.715936951528846
35.22447117861649 6.930663845204148 1028.7571237784175 -196.485551583229 35.89982549658673
25.733658676747226 13.81408344337664 1037.3346057512276 -184.60223304549234 29.207021232608646
41.34736380656104 -1.2626489721585308 1027.5712917898431 -195.73220453626632 41.36663844402758
18.597208468676946 18.258406708824868 1007.8303079491453 -186.84429193197218 26.061956516492504
4.479621725113343 26.029932632766492 948.3930511642541 193.97761396861875 26.412580403295173
-23.13698714801549 44.20161109206454 1019.6628674603251 -217.8803342337949 49.890906879196905
51.62229545948555 -21.578281374301397 1021.2964436637926 -196.17409140232556 55.95072480195489
16.823808054303782 3.54357295246547 1022.3344648378071 -211.33440810786746 17.19294700420055
50.71292204428894 -26.813704930394515 1006.4745868038929 -157.29519543360612 57.365278870390966
50.39014225639423 -27.40948137705531 1040.7428044408957 -201.04634393951696 57.36241008745276
43.82589015110716 -22.106634656016478 1036.9830116253042 -185.6666020590789 49.08576103108181
-14.84977712425542 23.494578387976592 1025.0320743296004 -206.53136146990644 27.794083782629023
-41.228250343533475 41.61052410000314 1017.4066283137289 -210.98936207484414 58.57648264624061
36.05383141154079 -24.98052838641884 1024.8287536210119 -193.42381656226522 43.862347766285026
-29.678463389847906 31.050343746419564 1009.4585264703235 -214.3865837669087 42.952706891420185
-17.234863467898588 16.53767725027149 1183.1496560338762 -156.6427797768552 23.885880493532433
19.746850349478528 -15.528202757398532 1025.659148807509 -203.66677699461087 25.12097089814548
32.288149679315545 -26.523904549617637 1035.3480392550007 -204.30889664244154 41.785668793567844
18.233173612933328 -15.986232395106052 1265.9265263841544 86.77266567921114 24.248881325261312
50.1151484525637 -45.73409548505407 1053.9333041064287 -194.8262155317033 67.84641149760657
21.486508295577593 -21.344304602138074 933.8328266292106 53.560868743400555 30.286125140744574
42.38840655960277 -40.006877466604564 1044.170950066918 -193.38142033831667 58.286595652561964
-21.033239435135375 10.251948323703152 1028.8636398931033 187.3554862014841 23.39870947736985
-10.186377891749192 -0.46508569526043836 1020.7573357333083 -218.8654037637249 10.196989715388975
-42.41794202847391 26.370012920714625 1023.8210206200641 -216.95475702116502 49.94656522290158
-33.222247666338134 13.845435980493443 897.8790374834884 219.40348426319795 35.9918579103626
-54.33270997916763 31.288204404833504 1009.010924876517 -221.66347709654946 62.69764816884679
23.06299337486508 -36.88047872018985 1256.175368162914 60.47163809575709 43.49794671440408
-39.8494786916631 13.267929824253239 1019.311660275565 -212.8976045241648 42.00022513778253
-46.92699757196306 18.84443301525559 1023.2553425824124 -205.87075314575696 50.5693162961033
21.856751686984367 -42.67808516109643 1028.418513284914 -215.1922608718899 47.94931220054675
-31.77435982229854 2.370361310871683 1015.7369633689384 -223.86025950092272 31.86265140907748
-0.49733310465783953 -27.035656500142203 1037.3767913067632 -201.29804439989383 27.040230446661866
-17.302876412750216 -12.93189467968379 1024.6800811598707 -214.21371259606767 21.601468278070154
19.270539410673866 -44.727111169383484 1269.6025627475053 84.23021199183763 48.701829092100226
-25.046879909472352 -6.957254186834757 1022.1243806619615 -215.4424892061713 25.995183761317133
-52.746462438366166 16.040125002034138 1030.2478316273216 -219.74634573987166 55.13143299625312
6.80406624363426 -35.330783952221346 966.3625553940586 169.8032746109925 35.97998904492867
-22.07939675332247 -15.614377428722985 1022.240069666905 -222.2757217102904 27.04271699633649
-70.10238360291602 22.861582228717918 999.3299525027141 -241.20191990453313 73.7359892364431
34.18826728091698 -68.37410539340789 1044.2245397734755 -200.51864052639215 76.44511668648475
-21.3739522332458 -21.094411281385508 1031.9734608363403 -227.07258648350083 30.030318342977562
-41.95224578687512 -3.530775293946239 949.9936174160866 166.2520440034539 42.10056176074741
-69.71266545232862 20.030539252842704 1261.5321274201633 89.25316183061207 72.53329037042116
19.212946056923137 -56.58813224093439 1046.827735396367 -173.73689697349093 59.76080653275396
-47.65882233464021 -0.7740680816863559 1015.153522699336 -226.05989807266104 47.66510807397905
32.63666148262183 -71.46584063140564 1039.1679811480815 -181.25235594541692 78.56537409869338
23.895755628115047 -67.81227258144914 1042.0138481762538 -201.9503316449301 71.89931452472419
-19.557741487845284 -30.713871972889287 1030.2374582277587 -197.2464542999152 36.41218451071123
-7.19090574535775 -44.86898244579431 1028.6849132283603 -216.2863474477595 45.44155268408953
-37.07277836539436 -19.249010256187603 1043.6281172806666 -208.08991201563046 41.77218317937949
-40.99969570325772 -19.24946209216399 972.4429218427713 175.48618757804493 45.29367321946605
8.463279362501792 -61.45234057341094 1031.7734489363836 -213.6247675465735 62.03238877714609
2.261742306981561 -56.29108847727453 1098.738341834114 261.7871003568515 56.33650787982707
-75.84627383021363 5.253325925468885 1202.3809970339403 -170.98198142680627 76.02798620206993
-32.72341966969353 -32.27624618923166 1035.203305466783 -215.68038593964178 45.96279206282708
-16.624090606525492 -46.52655159856876 1041.4347732301137 -196.53299553829032 49.40729083304377
-77.58671920026266 1.4508898206572995 1018.3654862133299 -239.85833448513142 77.60028400346643
-29.483890085774078 -42.83201256293064 1046.6699864311606 -204.39427543322745 51.99885635553338
-52.417136184707246 -27.50102553039681 1027.2797283602786 -236.1006366984837 59.19343337518377
-43.84216842268904 -37.42604268872834 1045.3831939579138 -200.24799885147078 57.64411836643119
-1.9770135897880656 -74.0686314051477 1034.8038890664277 -211.93964131603533 74.09501157836544
-91.3528476146033 -2.044176939937342 1020.0276611311664 -216.1134075082374 91.37571573673436
-37.51692162682364 -49.208064631188265 1036.9021684188617 -214.5176844561292 61.8785342941711
-44.63910695822179 -44.874129881242766 1240.0166268568767 20.032702509237136 63.2956346929861
-22.992273306460692 -63.86884718705709 1042.8645379439854 -203.95689087768085 67.8813247948634
-83.67028875353473 -12.181822992767703 1039.2434007661382 -218.67151060476127 84.55243357460925
-60.162824910652645 -33.76924176386324 1035.8033457350198 -222.04676331381353 68.99222534598279
8.171345378274104 -94.94511502871235 1036.1733997519223 -212.1522900736445 95.29609513716656
-75.60422149451698 -24.38856861198162 815.6207477041161 35.62605435161349 79.44054732997
-81.81832725628658 -22.668351039061964 1032.9780204937101 -233.13174475560385 84.90048755397763
2.955090305932179 -97.42936465907063 1036.6538929846233 -220.7595577132675 97.47416917284707
