m1-67/data/wr124-jwst-nircam-2022-f210m_BGSUB-sources-fwhm5.0-thresh30.ecsv
# %ECSV 1.0
# ---
# datatype:
# - {name: id, datatype: int64, format: '%.8g'}
# - {name: xcentroid, datatype: float64, format: '%.8g'}
# - {name: ycentroid, datatype: float64, format: '%.8g'}
# - {name: sharpness, datatype: float64, format: '%.8g'}
# - {name: roundness1, datatype: float64, format: '%.8g'}
# - {name: roundness2, datatype: float64, format: '%.8g'}
# - {name: npix, datatype: int64, format: '%.8g'}
# - {name: sky, datatype: float64, format: '%.8g'}
# - {name: peak, datatype: float64, format: '%.8g'}
# - {name: flux, datatype: float64, format: '%.8g'}
# - {name: mag, datatype: float64, format: '%.8g'}
# meta:
#   version: {Python: 3.9.9, astropy: '5.3', bottleneck: 1.3.4, gwcs: 0.18.3, matplotlib: 3.5.3, numpy: 1.22.3, photutils: 1.3.0, scipy: 1.8.0,
#     skimage: 0.19.2, sklearn: 0.24.2}
# schema: astropy-2.0
id xcentroid ycentroid sharpness roundness1 roundness2 npix sky peak flux mag
[from data line 682]
683 2342.7846943718255 937.6598077390695 0.7345262378196087 0.07272717210888402 0.006152790571886995 49 0.0 174.01375668984915 8.020539359299793 -2.2605089359508894
684 2754.103204213771 937.7600819147311 0.7406529932215269 0.007349088159315662 0.05763011985078041 49 0.0 53.777824122085384 2.440700436714063 -0.9687861971442907
685 1203.7240524309977 940.6253986096235 0.6966548419449307 0.1015751697708509 0.033556870599777494 49 0.0 33.04069903281379 1.5797333681927201 -0.49645947926216605
686 2124.504221274756 941.2017619022882 0.6878241321535234 -0.11826294056191133 -0.05668821315059719 49 0.0 80.4197800131564 3.8638102368033156 -1.4675394719382644
687 1123.1155239909351 944.3464351506656 0.7428948397449107 0.09265115500179581 0.043503476016146264 49 0.0 264.884282153754 12.015586531253064 -2.69936243848846
688 703.5562818508795 945.5567672984479 0.7019330821031557 0.17803598279954297 0.010964263626251549 49 0.0 76.75006148149646 3.64299532657453 -1.4036465352663359
689 1788.64059377723 945.5901152736337 0.679808883309988 0.13972048056898317 0.024307305921459327 49 0.0 37.187888614012266 1.8081453771934948 -0.643083363432893
690 4450.423946895384 945.7621807746945 0.7168384813185281 -0.1232417088918017 -0.044599992205763266 49 0.0 31.502953116408626 1.4746139745432667 -0.4216958632135595
691 3829.3336252474614 948.1093605730513 0.7310672920825271 0.031688740254026036 -0.02934093178452811 49 0.0 31.47074480033536 1.4491088791989768 -0.40275254383469195
692 2959.1386851854654 948.795574229779 0.7397761454138375 -0.05400962434659651 -0.022171507614704357 49 0.0 25.682702952130334 1.175319576922515 -0.17538992529230102
693 4366.498812287189 949.5452806182964 0.6931437197767534 0.18903903960324175 -0.01531458950924302 49 0.0 141.50564420320134 6.715719739125301 -2.0677314095930117
694 60.79153723798724 953.226604791533 0.7440305049768081 -0.03895497313909346 0.003136696518964423 49 0.0 468.4114792471049 21.38630721748323 -3.3253395030928616
695 4101.1019287816025 954.0286430390677 0.7554552351744275 0.011981333736289875 0.009929475268681936 49 0.0 22.74789967892908 1.0317874014896773 -0.03397555167875989
696 4474.039701457725 953.6230274206621 0.7231453723187274 0.035773229639939154 0.0950238547362188 49 0.0 22.95469274093445 1.0670129361133847 -0.0704242117490946
697 1139.880096843873 957.3954706680781 0.718529429696466 0.0026350574317167436 0.06042909263406995 49 0.0 175.31599976856813 8.137092988167712 -2.27617319751557
698 1047.3102960906006 960.1058630975324 0.7402784995252559 0.03109224899838054 -0.05952168672178239 49 0.0 141.95589632908963 6.458699333463851 -2.025362669146682
699 2476.2296991092558 959.5141957212084 0.7024567394177295 -0.12375280992706783 0.05526394163761914 49 0.0 732.702758286543 34.456268084463844 -3.843170594410042
700 206.69258806720214 961.9413533997575 0.7578125215487677 -0.01518983752863094 -0.055639927470012195 49 0.0 27.93181608170552 1.2621764402214322 -0.2528001734399431
701 1660.7783889949242 962.2677455852377 0.7250322619473719 -0.05414091994376587 0.011287109091495603 49 0.0 39.296552563661656 1.8184963169615707 -0.6492810645149265
702 965.341715219831 969.1577201787519 0.7260894660372892 0.05130118809654149 -0.062269463138635975 49 0.0 74.6206349669377 3.4248245758111766 -1.3365958281051735
703 2209.639885234636 969.8040990160753 0.7291686415434662 0.05524985452372089 -0.02265509598604591 49 0.0 42.59122068929149 1.978932292388887 -0.7410773385416114
704 3380.7803527087035 972.2280359551942 0.7292640008248673 -0.061175007381691744 0.005789750837370088 49 0.0 95.71027373160288 4.427405607564489 -1.6153732769698652
705 3510.7835245180363 971.6138580462173 0.7090377994703779 0.10020810356067816 0.03256797336894806 49 0.0 37.487497817118665 1.7640920604919765 -0.6163031134413441
706 1381.803226044515 973.3555101749187 0.7113571946915785 -0.03860916853968673 0.039550109798609706 49 0.0 361.0529827625683 16.9629671504216 -3.073754552635833
707 2239.252183423573 972.6480971570943 0.7171682226558661 -0.09804705837777548 0.054664636165979545 49 0.0 204.52093502246308 9.509730941871755 -2.445420574122343
708 3519.889950147135 974.1061374552971 0.7524158120110813 -0.019157368444614888 -0.010408056974399596 49 0.0 30.752182675759922 1.392431000526027 -0.3594342091956605
709 3724.601632711314 973.6586440764297 0.6901038964881959 0.11833432176748548 -0.004219102101569683 49 0.0 125.49430349089323 6.005591532123133 -1.946389476260154
710 2701.005618215515 976.4208866530862 0.7268763970045587 0.034230642159709224 0.07431665016388449 49 0.0 236.97043197041413 10.906618223619018 -2.594225278282721
711 3246.3016536438795 977.2967434416055 0.7175737980904914 0.10069893300679693 0.009418173689841403 49 0.0 298.6753689484046 13.818052230393125 -2.851117074815383
712 3404.6140133484114 980.7031753076152 0.7062803427225325 0.0896449561734609 -0.018332955129444974 49 0.0 37.362676833741354 1.7657996387003316 -0.6173535590560406
713 2115.81134215679 981.8176440887356 0.7261489425849088 0.054617326215708334 0.018107410401218004 49 0.0 31.380767314358163 1.4574012687513105 -0.4089478581679235
714 4168.243463786211 981.7205432380555 0.7016617674413186 -0.07785409747210065 -0.02214099185905985 49 0.0 105.25405971384829 4.975358286666841 -1.7420609018096838
715 3148.9395116823284 982.972304303589 0.7428382994125474 -0.0066290784274009576 0.005884854747147027 49 0.0 28.69577987110463 1.3130785312588094 -0.29572675176684055
716 349.3970441437096 985.9843072052417 0.7433731810164139 -0.04890971644202801 -0.10072505349118628 49 0.0 35.77200904305818 1.6186009917983804 -0.5228495054268144
717 3893.0432425273607 985.5871228001907 0.7152421053269322 0.009091200561296676 0.08115047693080284 49 0.0 57.82768806457925 2.7103323854020416 -1.0825563861289433
718 4667.501379459887 986.1031124735604 0.7236633265933778 0.003280752651987559 -0.1352871031985902 49 0.0 368.17542164730327 16.986693369385065 -3.075272118274496
719 813.6500684241338 986.5455763628186 0.7020044297335678 0.16782424890592407 0.06059491903570181 49 0.0 46.32171711072553 2.1968675986823 -0.8545097088757116
720 2578.617624496804 988.300545650173 0.6957462700105517 -0.11610518612579031 0.012672503874708092 49 0.0 47.81014111953347 2.2729887129091106 -0.8914931978325977
721 4299.180686076018 988.394984033834 0.7121668097731032 0.10143516539747864 0.03405125115925932 49 0.0 86.61653455166619 4.040011532786092 -1.5159565121689702
722 49.935431319113036 993.0788464434019 0.7878719356596228 -0.0068423280248288846 -0.03482675751000987 49 0.0 37.1772789268581 1.6400074836696972 -0.5371145745537544
723 2979.0261472768098 992.5683319280434 0.7144117567017193 0.009519352856592013 0.10121935621401067 49 0.0 41.32766039058206 1.9363127426966296 -0.7174387587973647
724 101.2320813161377 997.3300058835548 0.7462270759275842 0.12815699072717981 0.03549701001025653 49 0.0 48.61239379537078 2.1821916136229844 -0.8472322060128767
725 2472.0273700543767 997.4952247663776 0.6882476884420016 -0.0009616106136638232 0.08137367576194146 49 0.0 121.4418949649392 5.805259891835725 -1.9095541678796846
726 487.4407436748639 1001.6526323305355 0.6783103650433845 0.13993610298858908 -0.06316798834001762 49 0.0 68.90142661243445 3.338872580122331 -1.3089996139689175
727 1415.2619787728024 1003.9736462664005 0.7452021530239356 -0.02545704791431539 -0.0494579202048971 49 0.0 22.86735359599288 1.0388807195813607 -0.04141421585780329
728 2302.1610897984815 1004.4351837925301 0.7153495099204454 0.10526681359768662 0.06573026247020974 49 0.0 77.17945157582429 3.568629281568561 -1.3812535866645625
729 942.4213262237856 1004.9072286405491 0.7328056082552905 -0.068260690921497 -0.06467721803923632 49 0.0 92.27989934215182 4.2109971230741285 -1.560962361782996
730 3786.8503943828173 1007.112312842954 0.7447276156689828 -0.06972576531560688 0.04029969068834074 49 0.0 28.63619929289225 1.2968527560466379 -0.28222667331241963
731 1928.4637658390554 1010.0070048697384 0.7144437949123678 -0.06805041290981764 -0.12366167297889959 49 0.0 450.7277211811614 21.17313095578515 -3.314462709087178
732 1763.6408887327932 1011.0837443215134 0.7015068691551954 -0.05992775778571466 -0.04252615751177846 49 0.0 146.40172379114358 6.960154383042868 -2.1065471819861825
733 3061.851809818002 1011.230393982647 0.7369577320357631 -0.029336845183185998 0.03923521306024529 49 0.0 129.27523134664526 5.930818095910753 -1.9327865099848345
734 3795.8218760082127 1011.4680915310689 0.7238916955094604 -0.04390035244323302 0.08825413478380038 49 0.0 124.2187342191968 5.720016491459699 -1.8934932022883388
735 1953.235312247437 1011.4733281461761 0.6983696021046479 -0.1212218441418346 0.0831605337015282 49 0.0 146.97298524699076 6.929667583576453 -2.101781004970707
736 705.0285035246836 1017.1652268383092 0.7482454268851237 0.048506278586115545 0.038105288617611754 49 0.0 39.7986014683459 1.8088969125731567 -0.6435345437715392
737 2241.4283736539396 1016.9416427045502 0.7111411579451208 -0.08841952861898014 -0.0692905956909239 49 0.0 381.51110350937523 17.760114371892623 -3.1236143955718148
738 4366.594680060253 1018.7769364200828 0.728424726578166 0.04703539834866344 -0.0612770444278197 49 0.0 256.46836308756224 11.88702345328927 -2.6876827989424785
739 1647.5486909720369 1021.2302825571788 0.6900189311625139 -0.10043881495434588 0.0021630307839344606 49 0.0 792.7806410453621 38.09739747259407 -3.952238272397968
740 1932.8285241136557 1022.0492856013856 0.7404803646165009 -0.016485663470628586 -0.0031236778597839745 49 0.0 165.88406114987967 7.600973211725734 -2.202173004854215
741 2122.2737198329255 1021.8960973008758 0.767701842579445 -0.0798426678825619 -0.05532268133505893 49 0.0 58.284150511992685 2.5988546935642027 -1.0369549950709276
742 4179.96954150509 1023.4597425858219 0.6936560533960747 -0.08639458520947337 0.04981916209267613 49 0.0 23.010541520992728 1.0825828560863702 -0.08615286317330433
743 1827.7435494519161 1024.9774222873857 0.7311144915171794 -0.0003474142819492355 -0.02152767683291912 49 0.0 161.2505758401396 7.480047127510505 -2.1847608352872503
744 251.38315080223612 1029.2277871344227 0.7213428884891594 0.09345997775138884 -0.054075716123724145 49 0.0 105.00709809448281 4.809742884254128 -1.7053046519874824
745 2266.5533100570783 1028.9135419717988 0.7125269504671641 0.0008141251921393827 -0.06999336755549941 49 0.0 34.54946526657672 1.625591167820682 -0.5275283274920293
746 930.2116454103983 1030.2965410923416 0.7565657931481222 0.09480769015396774 0.00663676260274242 49 0.0 340.52210657246144 15.239427080482848 -2.9574216005040532
747 2707.235439378806 1030.3299309336035 0.7303542640440123 0.09327376765342983 0.0226467253598991 49 0.0 30.928315407168146 1.4168892662739307 -0.37833977571504107
748 3274.723028757446 1030.4566865316226 0.6996273247785029 -0.11576495409542235 0.03320511095615254 49 0.0 21.508745764373298 1.0188678717653281 -0.020294669329640577
749 3189.113643839481 1031.7708371367953 0.7301965117511199 -0.031754141629765927 0.010293179609315082 49 0.0 24.60314744503176 1.1394689426803957 -0.1417562314120046
750 2033.932047302933 1033.805488413465 0.730999566368164 0.015908283749854795 0.05359399998350472 49 0.0 127.59254720078833 5.90764257644959 -1.9285355294927569
751 468.82856364573803 1039.7316548820977 0.7139859422020741 -0.016057148046575088 0.06520087304777215 49 0.0 37.357259107994466 1.7417408001975483 -0.6024588132181949
752 1240.8613987709773 1041.9071323942674 0.7439166617973484 0.00950198014359637 0.001230362617586582 49 0.0 294.6306523734972 13.520454067169492 -2.827478192689108
753 995.8984509332428 1043.189332663789 0.7431222527370623 0.005920741332305159 0.02397232156296539 49 0.0 82.89566948624432 3.7869708503837027 -1.4457299055494715
754 1646.2160344723377 1042.6377687253325 0.6251871089413032 -0.07740451289854107 0.4433156296097739 49 0.0 30.52232556011087 1.4742241848817859 -0.4214088289802142
755 320.25943580573096 1044.4042577158227 0.7285806269155181 0.16233419938112387 0.03700651885344468 49 0.0 335.53482540816225 15.236439019842695 -2.957208694618541
756 1356.5988414075662 1044.1008914241636 0.7152085845274317 -0.0741152389335776 -0.05781088845379366 49 0.0 302.62709265732366 14.207200151925631 -2.8812712471802193
757 4603.982823958588 1044.3640684832676 0.7283636169427257 -0.05743107446724517 0.057658590857136344 49 0.0 28.06184837394212 1.284674126417575 -0.27198244359060025
758 2495.870658460404 1046.874477654574 0.7507306526596227 0.013262516688320748 0.0187757576580834 49 0.0 535.7925332930398 24.416907900551774 -3.4692266626632366
759 3255.856057060711 1046.962051944727 0.755733327816543 -0.03017439876603 -0.008469131003450947 49 0.0 23.14215370935397 1.050781959855091 -0.05378152019505284
760 618.0171191531489 1047.817278043 0.7520548735440812 -0.00477533372423586 -0.00015700463055782804 49 0.0 24.7369988906771 1.1223244911448949 -0.1252961002756678
761 4527.213755082768 1050.1581061326347 0.7290646033615464 0.01775672425384273 0.034131747588527744 49 0.0 159.72469725538542 7.35362470394316 -2.166253654134798
762 3955.9231703987293 1051.7351404859794 0.730354459672184 0.01827607291108036 0.023398192341109236 49 0.0 402.5231371393355 18.67274741449133 -3.178020556411127
763 4532.185267712576 1054.2810392904648 0.7089481076495677 -0.08160863746268746 0.06802288031586055 49 0.0 56.622178807246534 2.591350010800243 -1.0338151915661922
764 1562.8891601841408 1055.726725120773 0.7438040136248197 0.06473476411031706 0.07219377417351729 49 0.0 74.17493065575123 3.398641751572929 -1.32826347080245
765 2171.9706062049536 1055.6831780509885 0.7195832941987116 0.012582221509079736 0.04933125385656438 49 0.0 59.872407867734786 2.8096415864291235 -1.1216273060225848
766 1634.6125829106354 1058.1750286243325 0.73268148302807 -0.09297534845055824 -0.037843182513385955 49 0.0 98.9494946153193 4.572829632487665 -1.6504625535015722
767 1984.4547614565572 1059.369733317581 0.6672013259809196 -0.18176154158532967 -0.00493597291660499 49 0.0 91.66583720233234 4.460923765133475 -1.6235620035956573
768 2035.2996125563366 1058.6567220612724 0.7338176108782762 -0.16120549163320091 -0.04194991788913135 49 0.0 31.716103737147712 1.4529610639393364 -0.40563494086745194
769 3595.408517729128 1060.5052467261382 0.6821208709250102 -0.1895828712289182 0.01838577915103117 49 0.0 35.4973784972176 1.6968569123245378 -0.574113054810274
770 3672.9036855063373 1067.2387102616437 0.7480087071347433 -0.02531422828318933 0.026031900887135816 49 0.0 25.09883572892527 1.1416035348221307 -0.14378826210812223
771 958.2782104924181 1068.0490924026813 0.7579619234039637 -0.10654667057500447 0.1388275749001839 49 0.0 394.8597727673202 16.893623728566215 -3.06930704229929
772 971.6466988566199 1068.3086119659035 0.7209295840788962 -0.12388863323330963 -0.024634230650103287 49 0.0 67.79629370615962 3.129318058041391 -1.238624265673395
773 72.6481817408327 1070.6883813936718 0.7353587413003527 0.11436806059740634 0.0067901808441706586 49 0.0 121.54876246639378 5.610047780462324 -1.8724164003341481
774 1216.1976552912133 1073.216791611771 0.7293835543498586 0.08001551342102786 -0.007536965358264603 49 0.0 23.43954137726477 1.0789514231112314 -0.08250473045230991
775 4412.2193038275955 1074.394399447962 0.7210560799643745 0.11988378725790472 0.038382771242103014 49 0.0 133.67090099188877 6.200681140098528 -1.9810984975916233
776 4555.961021637152 1074.1922592888473 0.725149087338091 -0.019683614023841466 0.0003007091369724025 49 0.0 70.7433123266411 3.2777910967967507 -1.288953178150674
777 3822.8416223806726 1076.0133700651218 0.7535197724633208 -0.008427384049190169 0.006227401183703606 49 0.0 83.2943733694794 3.783335763692425 -1.4446872144848455
778 4606.0010178461025 1078.0418674347072 0.757232543170741 0.00493674468413483 0.021404768863932132 49 0.0 22.972714482946657 1.0417213514312647 -0.0443789142046226
