m1-67/data/wr124-jwst-miri-2022-f1280w_BGSUB-sources-fwhm5.0-thresh30.ecsv
# %ECSV 1.0
# ---
# datatype:
# - {name: id, datatype: int64, format: '%.8g'}
# - {name: xcentroid, datatype: float64, format: '%.8g'}
# - {name: ycentroid, datatype: float64, format: '%.8g'}
# - {name: sharpness, datatype: float64, format: '%.8g'}
# - {name: roundness1, datatype: float64, format: '%.8g'}
# - {name: roundness2, datatype: float64, format: '%.8g'}
# - {name: npix, datatype: int64, format: '%.8g'}
# - {name: sky, datatype: float64, format: '%.8g'}
# - {name: peak, datatype: float64, format: '%.8g'}
# - {name: flux, datatype: float64, format: '%.8g'}
# - {name: mag, datatype: float64, format: '%.8g'}
# meta:
#   version: {Python: 3.9.9, astropy: '5.3', bottleneck: 1.3.4, gwcs: 0.18.3, matplotlib: 3.5.3, numpy: 1.22.3, photutils: 1.3.0, scipy: 1.8.0,
#     skimage: 0.19.2, sklearn: 0.24.2}
# schema: astropy-2.0
id xcentroid ycentroid sharpness roundness1 roundness2 npix sky peak flux mag
1 1165.647833097077 108.84998617609914 0.4787265242029334 0.0775987545573173 -0.002343414657950534 49 0.0 57.99231608008746 2.900845145001102 -1.1563113640037734
2 880.3386609478866 131.6414400229971 0.46858008404482626 -0.06458849533245987 -0.026544165707909864 49 0.0 24.370278925075844 1.2381282249441754 -0.2319140602199546
3 806.5217190034076 154.03658255962262 0.4788824794123801 0.03460487250616704 -0.06256232779408506 49 0.0 76.97335446404854 3.8201770366338 -1.4552087241978453
4 877.592335801614 274.48485730280845 0.4507675848469192 0.20115809668777565 0.05418946728229192 49 0.0 30.250564938599922 1.6141377148505693 -0.5198514626569274
5 1561.0290574981673 277.9252550947312 0.4591091009490663 0.03816752249592346 0.027878359712733062 49 0.0 153.210046238268 7.761945289994861 -2.2249264432345863
6 1714.2169175412387 385.5518652217705 0.469761041516389 -0.059633934330778245 0.0407514804040029 49 0.0 26.707179688168576 1.3375635914860018 -0.3157860968732615
7 907.4771575874563 390.4114839301656 0.46226285537574135 -0.11947025347508916 -0.05079049342453269 49 0.0 36.08411684076227 1.943285115268009 -0.7213413104335054
8 1033.0825670758554 408.3424668508433 0.437173429414236 -0.25681728000275683 -0.6051981937056651 49 0.0 57.08706655098005 1.5584050771076405 -0.481700886047979
9 1139.227768350997 441.68378401524933 0.41081188012253383 0.05883951772804165 -0.061170114407723734 49 0.0 103.03227924500263 1.86066183515471 -0.6741686242948794
10 1137.874232104204 447.4379106863927 0.43942716441366575 0.002386304555556268 0.38884992970545523 49 0.0 62.75310513161881 1.3319454852822243 -0.31121612528839393
11 1029.5158253705977 451.29338971944355 0.4617707173573786 0.04405327689017343 0.32253938553256767 49 0.0 40.281054183685725 1.1468357333753878 -0.14875304083518173
12 1032.5852551213652 454.12273835439385 0.41846378850604254 -0.5860659421185114 -0.1627305067461667 49 0.0 32.465527874753036 1.0631459888179917 -0.06648226240126766
13 856.1252937409412 457.4447761563042 0.43401077558573425 -0.20985094853636424 0.3342985177157939 49 0.0 39.04996422479522 1.0829096761861128 -0.0864805857695628
14 1165.108735299437 464.61738559768884 0.43366085928908127 -0.502662525026002 -0.6560070928761358 49 0.0 38.306474689534625 1.0356753458845045 -0.03805909511673234
15 927.1206724678852 465.2047799082755 0.42374425482859 0.23678569808629743 -0.07401221541748583 49 0.0 167.29487427457985 3.212510617465982 -1.2671114292524768
16 929.0193793023642 470.56732727239915 0.4195436989583716 0.09425320566577444 0.35623838677240316 49 0.0 97.46435682560269 1.3344491709706467 -0.3132550905179281
17 929.5390504197295 468.661151415339 0.4225657815356554 -0.07713786581890071 0.048847714867589424 49 0.0 96.31448669406974 1.5241939659068082 -0.457600594941329
18 1151.232552152795 470.8835863588845 0.43214545934353105 0.5090638367110524 0.6838163557607904 49 0.0 80.12740914647449 2.5401032682112663 -1.0121284331862916
19 819.5685304589902 475.24283761044495 0.41000432780020196 -0.18321156861104382 0.6336990025569671 49 0.0 53.911194398139045 1.19546382250685 -0.1938410947443361
20 1012.1891051495483 475.52843474107186 0.4025800989695676 -0.01098411839757724 0.8172848365082888 49 0.0 155.04329497012012 2.156651102157487 -0.8344497291637363
21 1084.4673985631382 477.52607417894154 0.40187267430541523 0.5096003887397731 0.16084825821552387 49 0.0 81.01751264788285 1.7767375314746399 -0.6240581909942511
22 1072.194588585591 478.34467384047525 0.43323209429104914 -0.07833785657025279 -0.6530317380254376 49 0.0 45.80524905756252 1.2681353199847332 -0.25791399661469383
23 1111.558787047704 477.8998086107047 0.45448808359689696 -0.05605813071554915 0.4316012211078783 49 0.0 39.89992240971749 1.0709924402417021 -0.07446601327735013
24 1104.8072742402553 481.2809135154454 0.42027055679381836 0.2113586014877586 0.3014126490630653 49 0.0 35.61134940069813 1.2142849889428438 -0.21080156569494218
25 905.3218577216104 487.0244109067148 0.4296670789370281 0.4202503843424434 -0.115827617106362 49 0.0 147.71622036174423 2.87200497313257 -1.145462968976286
26 1063.57398119625 487.5042331249553 0.4373715737997143 0.26087055982155194 -0.005937790225881335 49 0.0 86.87073839644535 2.081147190382473 -0.79575699258855
27 826.5950194588976 488.05142757382475 0.4124823947665905 0.35486915130083657 -0.16599905805664647 49 0.0 48.49754411457852 1.252493379863454 -0.24443859763289982
28 1010.6654514017844 488.9240536014871 0.44401803170281745 -0.1456120314164499 -0.14624982562919164 49 0.0 115.92480092239396 3.2050983958994546 -1.2646034170397613
29 1084.3835020472952 489.6567091240407 0.4242489109467524 0.35180417057315794 -0.6747431996051464 49 0.0 43.61527734387836 1.1669297817892184 -0.16761180956723948
30 911.6801170507451 490.9634508063854 0.4038941214970004 0.5441347347196263 -0.5011830385588625 49 0.0 145.36787748828294 3.4208694358700056 -1.3353412470212116
31 934.4595671638339 492.3046850362499 0.40727909430428216 0.7508016791816633 0.2507107939132468 49 0.0 95.87376530713037 1.1119052216910839 -0.11516942438573749
32 1096.236529764922 491.59068103438557 0.4356672109700294 -0.23136238456360872 -0.03141079680533779 49 0.0 27.97163429581927 1.3055124599038352 -0.2894525527904718
33 934.4185071919845 496.36924412933405 0.43636866948366215 0.4271683727834355 -0.05240057955390979 49 0.0 128.68191950200037 1.9444016584898536 -0.7219649570923091
34 935.5822238713115 496.18027398540534 0.43797033400086866 -0.07079263112292598 -0.025151527851128997 49 0.0 102.5022651495555 1.2924870045027221 -0.2785654627783336
35 918.4515447395727 497.26783594675476 0.4164051056718661 0.11023874370625733 0.3121294583529125 49 0.0 78.08910811192428 1.6666022017799607 -0.5545798781118474
36 1007.0893913747137 496.8456897660686 0.4430483752401073 -0.7946187341453455 -0.4582063256668824 49 0.0 28.53601228171391 1.457472997800611 -0.40900129362938936
37 1026.086969038519 500.40677183475265 0.4062618962067135 0.06534772810585769 0.46541245168772605 49 0.0 207.80917390026536 2.4493828620325444 -0.9726416870586297
38 1191.3013806837828 499.6156769415939 0.43132749934658055 0.03505736750806697 0.8967745743095182 49 0.0 48.28934933576975 1.0839801722934577 -0.08755334586040689
39 1022.9894946405582 500.4788240858373 0.4501635333766801 -0.0026931743035424763 -0.27069074228100276 49 0.0 203.17679371944695 4.124655621570395 -1.538469235005684
40 1027.313570928667 500.8445097956271 0.4109498666658026 0.09946090670354887 0.5901598495816889 49 0.0 184.87977486849542 2.978031172721458 -1.1848230986092814
41 933.0469104069789 504.53949760244507 0.4101258396020981 0.3915988558083336 0.5330187973190587 49 0.0 107.3990435998388 2.8958323405961663 -1.1544335349887753
42 919.8074361825567 505.0041126464816 0.4295930902435466 0.6142355678357377 -0.3309699599337808 49 0.0 63.29745307927615 1.807250713235578 -0.6425460120358486
43 1133.0660441573757 508.95964564823606 0.42389272230820885 -0.24796596270398474 0.04326393104265747 49 0.0 96.82325636499614 3.0770231536500443 -1.2203269104794014
44 905.5450648337336 511.59549124756876 0.4404295382822338 0.6846778590267532 0.07038851083268552 49 0.0 116.26675171159611 3.417282858946672 -1.3342023204205726
45 926.8502119032286 511.0135243155333 0.4032316765968654 -0.09017354728503907 0.8635461916169368 49 0.0 30.63748068380268 1.29602564402786 -0.2815339871497271
46 1111.3163666636333 513.2913426741627 0.4343021280606439 0.02765823720119732 0.11702536933527781 49 0.0 35.12626068092297 1.3012988517476136 -0.2859426164236317
47 908.2879601926974 515.5593728301167 0.4155875495943974 -0.02862652109380284 -0.18752141344477863 49 0.0 43.293236434741885 1.0335795395228917 -0.0358597588830952
48 1022.1034715937574 527.4575727676728 0.42704871707295944 0.6492410489339531 0.5020016712572696 49 0.0 122.73472133283855 2.7920987994539694 -1.1148269547367864
49 1139.101588926278 524.7575637802398 0.4348690673383127 -0.14169781367249745 0.44339378244206606 49 0.0 42.27560503813062 1.4150899472311451 -0.3769601143939262
50 1093.8532317282502 527.6137779032114 0.4418791645100352 0.19808388243940325 -0.5473100404314974 49 0.0 79.46959309471022 2.2156878483228404 -0.8637714396672881
51 1119.8078699454322 529.6712874769835 0.42656163544049025 0.16517735615492396 0.700618786182331 49 0.0 56.577012131689315 1.3204707730348069 -0.30182198271351357
52 1024.82848849707 531.5473748059568 0.4531233343701979 0.3567726055361335 0.5000795983269068 49 0.0 129.7663326437521 2.522389751543329 -1.0045304830179305
53 962.5400068346241 534.595922046335 0.44570270246830973 0.6250547238927611 0.7703922353939687 49 0.0 128.1426090832248 2.492404236432619 -0.991546201924778
54 1027.0081310701557 537.2206123063563 0.44076714532351 -0.1040517498783181 0.3164645997759292 49 0.0 48.7563645609702 1.0708234115515156 -0.07429464413858339
55 1042.997557213474 543.7919655954037 0.41605653913240265 0.3672124866861728 0.28701702287974307 49 0.0 56.384366274932574 1.5851836583347942 -0.5001989663538317
56 1031.0486338023466 552.368033379139 0.4401692194440452 -0.3419914434184542 0.6347799044595986 49 0.0 44.609019032175496 1.2123296154112282 -0.2090517861520374
57 1098.1773884352046 552.6471532574514 0.4142490242256657 -0.19309065088146635 -0.027643710086293034 49 0.0 104.00811516215369 1.6843814661234013 -0.5661011351764657
58 1148.9197873137546 551.6263360361122 0.4313633836184182 -0.9340813696809626 0.351330231080081 49 0.0 41.94091780025269 1.0104092708844452 -0.011243305951235811
59 1031.0840299751912 556.5940303395846 0.472146530012513 -0.4234616051111259 0.23642249239616503 49 0.0 39.70153610807016 1.5673788190253264 -0.48793493394345566
60 1038.1381625974773 562.5191691657687 0.4331036354825005 -0.4351334140293187 0.06946701457198749 49 0.0 15.582185553588289 1.2477232774309972 -0.24029569331286788
61 1130.4938865950548 566.1963274770338 0.41446772018253414 0.34491742902098255 0.5984904199101143 49 0.0 70.49038329213273 1.1822605300439561 -0.1817829770921393
62 1012.4042189327229 569.8785770366301 0.4649847432258585 -0.04697907995737837 -0.5013313488961227 49 0.0 129.39384549594274 2.988388402365418 -1.1885926057180132
63 1019.0992781198615 571.4153204193126 0.44746917373796286 0.1604125313686182 0.40800490288421226 49 0.0 264.8556268146429 7.579540643022925 -2.199107215186511
64 1125.967281740696 571.4009561202137 0.4249335091534883 -0.0223070487098125 -0.37437141440305655 49 0.0 97.25801903117448 3.164036404344159 -1.2506036792534396
65 955.1739374145342 575.7297531600981 0.41941674829326603 0.3306639432067159 -0.21082208545557773 49 0.0 51.86201141713972 1.0474581799137053 -0.05034173161308283
66 943.4692867969845 573.8703868649332 0.44115507869432335 0.425282032834972 -0.7426751565663016 49 0.0 69.12049012648055 1.717663499352234 -0.5873452172938828
67 1042.1959956491958 575.294090540415 0.4756898901017533 -0.4194621304987233 -0.0799013526027971 49 0.0 88.95119263798063 2.537701187749268 -1.0111012073679304
68 1038.4211555040163 578.0607245375336 0.5006316741503367 -0.2095006278346998 -0.34590437379542405 49 0.0 68.15757291318128 1.7282840080541078 -0.5940377785106905
69 957.8407828860735 578.5433619245974 0.4296348215971174 0.11075989984037218 0.12106953972552771 49 0.0 99.94602091557584 2.92453036873538 -1.165140338744608
70 1602.2857375209053 583.0802207965983 0.44039335403301383 0.09163775377329335 0.013641331001522771 49 0.0 199.219572855071 10.031186536545919 -2.5033807661993075
71 988.377838459787 583.8324181554158 0.4843179908191321 -0.4519531219513782 0.2176276724157412 49 0.0 53.77926414265609 1.3033368507693583 -0.2876416868714472
72 1014.1718027496142 588.2717273789915 0.4955844811332916 0.8966844757713219 0.27264585312073647 49 0.0 10.020545137110062 2.2067432736914387 -0.8593795287532393
73 991.2871133629438 586.5771775763988 0.4649345562346468 -0.24248758200348208 -0.17176408949087424 49 0.0 22.163007870217726 1.0638556401705017 -0.06720675098112015
74 1028.2568263065714 588.5779473067208 0.4553768246253282 0.743407018051924 0.3721508940649229 49 0.0 335.992335205592 8.594069119053493 -2.3354971055965015
75 1019.4888266808905 589.3789799927395 0.568325834076131 -0.4802865467506967 0.13174283315156274 49 0.0 104.66700598718775 3.893908474122275 -1.4759643481534108
76 1033.455225678802 591.2943800876172 0.46271384152859074 0.0036542487977124253 -0.21231345330165205 49 0.0 224.98888367985575 3.9384526931466355 -1.488314083235719
77 1014.7625988739186 593.0341879478605 0.577582689036004 -0.3112469209505599 -0.42618509060913146 49 0.0 52.85935010330549 3.4920032537440706 -1.357686599240787
78 1239.995973163847 595.1882100263177 0.46239402730069284 0.44696796537730354 -0.3506090615205789 49 0.0 36.443470082807025 1.350827196721416 -0.32649948967141684
79 1250.5390303259703 596.4476315045733 0.4436674236439015 -0.12240138054098929 0.013319184341535596 49 0.0 140.2426152326537 6.995638867037514 -2.1120684549536457
80 987.359810280094 599.1081967134729 0.39518142921889043 0.16298353554941652 0.6125419612820336 49 0.0 38.51768551073425 1.313662081326901 -0.29620916060736624
81 1037.8466416147635 599.6472871671052 0.5535266657742057 0.2264932975077945 0.6624704689096506 49 0.0 112.70497212061586 3.809738273299273 -1.452237852334579
82 1010.0974349638069 602.197391295679 0.5520092246661938 0.6731271426937792 0.41111490305903003 49 0.0 75.68129668183069 4.254933881893336 -1.572232039751882
83 1045.618441997089 601.2877081715856 0.5344586861370428 -0.6679683249411767 -0.9328920545477059 49 0.0 32.61509073098867 1.6657814664984611 -0.5540450645271172
84 1038.4501349402606 604.5254529222423 0.4909896472632139 0.5310758280603569 0.25634346921285894 49 0.0 111.64410098489336 4.159254443748031 -1.5475387232107298
85 1010.4473904487448 605.6236745717632 0.5257131883324456 -0.10302981714428522 0.6035803132949232 49 0.0 66.39637134049254 3.9683291900816493 -1.4965192289586242
86 996.9244796336804 610.3797995599402 0.4307506248922076 -0.5974040362244946 -0.3799529411795574 49 0.0 126.1005192063997 3.157249447320048 -1.2482722397439345
87 1279.4397613704955 611.8624271184746 0.4395263768005553 -0.7277381991923995 -0.2843412788137884 49 0.0 35.35337916573754 1.1093233633329467 -0.11264539927968883
88 1016.438078280546 614.7997046767963 0.5273938339818651 0.4867945734981308 -0.31150122962902926 49 0.0 67.60388381148995 3.629563829858994 -1.3996360958776266
89 1020.2666293297812 617.3839239722923 0.5278569218261964 0.863514608729871 -0.1645791763139073 49 0.0 106.43745674229982 4.344713916154345 -1.5949029624761137
90 1029.9539139217463 616.3159401032955 0.45888152320310316 -0.6042457439754911 0.16751744303639615 49 0.0 111.76245662416414 4.824221192617783 -1.7085680304437574
91 1033.609092837651 617.4355669590409 0.636601888392503 0.963756230894763 -0.18414550368469224 49 0.0 53.442219899668274 1.7481419340412778 -0.6064417267363608
92 1016.6632691118009 618.9798497963426 0.5250218537956978 -0.7094242623116483 0.469034636050243 49 0.0 65.88733485419216 2.7367807972694735 -1.0931000348582902
93 1046.6343929176167 625.3308837097067 0.42724474655049155 -0.24094759992411427 0.011944700047183015 49 0.0 69.96971305934278 1.6497218168222112 -0.5435267944672835
94 936.2401967677744 635.1998009974436 0.4364929867233744 -0.17955151529498625 -0.6427462554091335 49 0.0 29.9738246041749 1.0042419828589235 -0.004595933311915809
95 986.0418921905757 645.9225606783455 0.4670028439318591 -0.03399644895450097 0.18194258406198782 49 0.0 68.96221757919633 1.9831506884201509 -0.7433892876097867
96 825.9170762745274 647.4749135879399 0.44890985108191533 0.09109352824637089 0.06531354394081083 49 0.0 105.74443812921524 5.287397252829495 -1.8081048526302093
97 1052.1298703850025 655.1869551634215 0.4357771154488218 0.9698981200264943 -0.47542023328064426 49 0.0 65.11289257690606 1.0367537180852349 -0.039189003847084236
98 1061.7464274909785 655.7507880083749 0.48680169991008637 0.31363704576589335 0.030401972710720714 49 0.0 96.51593224497614 2.2587547475574627 -0.884672695976529
