m1-67/data/wr124-hst-2008-f656n_BGSUB-sources-fwhm3.0-thresh2.ecsv
# %ECSV 1.0
# ---
# datatype:
# - {name: id, datatype: int64, format: '%.8g'}
# - {name: xcentroid, datatype: float64, format: '%.8g'}
# - {name: ycentroid, datatype: float64, format: '%.8g'}
# - {name: sharpness, datatype: float64, format: '%.8g'}
# - {name: roundness1, datatype: float64, format: '%.8g'}
# - {name: roundness2, datatype: float64, format: '%.8g'}
# - {name: npix, datatype: int64, format: '%.8g'}
# - {name: sky, datatype: float64, format: '%.8g'}
# - {name: peak, datatype: float64, format: '%.8g'}
# - {name: flux, datatype: float64, format: '%.8g'}
# - {name: mag, datatype: float64, format: '%.8g'}
# meta:
#   version: {Python: 3.9.9, astropy: '5.3', bottleneck: 1.3.4, gwcs: 0.18.3, matplotlib: 3.5.3, numpy: 1.22.3, photutils: 1.3.0, scipy: 1.8.0,
#     skimage: 0.19.2, sklearn: 0.24.2}
# schema: astropy-2.0
id xcentroid ycentroid sharpness roundness1 roundness2 npix sky peak flux mag
[from data line 99]
100 737.9304476237469 393.00301780112557 0.3348259425176392 0.9840356590265359 0.1795268189378346 25 0.0 1.6308188286003913 1.2090131733943148 -0.20607758238619364
101 712.2559540565243 395.1100836010944 0.5278504313346531 -0.7390045896889298 0.046622972588218584 25 0.0 2.44280411145633 1.2038981224678462 -0.20147434288163518
102 733.8709029286575 394.93124036535835 0.5483927815160856 0.9647031623219554 -0.009975109880462778 25 0.0 2.0216832652808745 1.3270762006618464 -0.30723965188005
103 716.9596815752152 398.5736567337443 0.8289915494360734 0.6196107760695058 0.7509475563886053 25 0.0 2.795417451234945 1.249644977355234 -0.2419666199695467
104 747.0132321699085 398.25072057430384 0.970478840436941 -0.5282097573063792 0.46729865296270967 25 0.0 3.374371083747607 1.432728181043477 -0.3904095083198925
105 735.8571187298279 398.3730790907103 0.5742085911600177 -0.566882867485226 -0.09872176036408101 25 0.0 2.0570567952678855 1.715124643343153 -0.5857392175783492
106 745.7312128242477 400.4677545377093 0.6977564081319494 -0.38225990706524937 0.4693555075728301 25 0.0 2.2168271197587957 1.00788896080824 -0.008531721234670601
107 749.6888040116087 400.19342687015006 0.8925807504485768 -0.061957113438221675 -0.31605338849184683 25 0.0 4.04218783848662 1.5606818318159068 -0.4832859367550169
108 727.362304303005 401.9510217981943 0.39449141438883667 -0.9551961419964162 -0.7869512746943931 25 0.0 0.9669244011970042 1.1539280863654569 -0.15544686029055885
109 1543.5001258756172 402.0132740645672 0.27439576550141453 -0.21498797280038678 -0.18962057142773084 25 0.0 0.8191741705276788 1.2010341865425362 -0.1988884236185725
110 721.1175091860983 404.4046518685691 0.7542903534775126 0.24444993949228014 0.3411737095105963 25 0.0 365.0544311800753 163.65426809692343 -5.534818340437139
111 732.7120675557657 403.7064097471786 0.3772905680005031 0.2382382581704576 -0.08873702334117115 25 0.0 1.6702265749716705 1.2744220435473872 -0.2632831870128909
112 740.1847933686743 405.8421159738992 0.4893860104242015 0.3493720467744494 0.08142579793679311 25 0.0 2.020121465926712 1.5365296180533985 -0.46635234026911826
113 728.7047912970396 406.14617758768685 0.41995586785468675 0.5570100754755293 0.047321314057902415 25 0.0 1.7821701794173663 2.1989638868442785 -0.8555452427141191
114 725.980902041206 409.51147773312135 0.8438435760973744 0.2860913855351098 0.46152027690540454 25 0.0 130.32276825725612 53.63684732634592 -4.323658107279179
115 732.3267470429446 409.09994124203985 0.40610865214413966 0.5397834259913984 -0.1823564616340483 25 0.0 1.73566040827602 1.6181104023567663 -0.5225203746161567
116 730.3583723120811 415.3709705209 0.2623106184588959 0.8040388101394974 0.4471199320831815 25 0.0 2.507941139667341 1.5425505123915906 -0.47059848588597414
117 1524.6177086917635 415.7490135061075 0.674818431009133 -0.3624667060536586 0.16921366037381397 25 0.0 162.48610656037363 74.88420098100775 -4.6859755005061245
118 739.9872504864661 419.308983738657 0.5167175003636226 0.1987963501869667 -0.5128172025170709 25 0.0 1.5876460929296623 1.2119252087372143 -0.20868954785338842
119 762.2786931615988 420.46470324880096 0.41509276748082147 -0.3959583320225442 0.6019171733656253 25 0.0 1.7360084169537842 1.6317490375238595 -0.5316334130060628
120 745.101208290587 420.15714200482734 0.41712005242067685 0.2619152923544111 0.04887464227720951 25 0.0 1.6750430648011436 1.0329383457878103 -0.035186000112623385
121 758.340715401859 422.7707766165769 0.6647073878700918 0.5709334144497157 -0.9933674941494697 25 0.0 2.2126059432439287 1.342368010101285 -0.3196789848996784
122 767.5164249791301 420.3492505491466 0.4645679638746871 0.3120132465677459 0.7136479420716737 25 0.0 1.7588365364292704 1.323227939666308 -0.3040866558438794
123 735.5136676514247 422.6873146005119 0.28127382719149296 -0.5063332030488592 -0.5396603354617342 25 0.0 2.4827342195310296 1.5826933187755339 -0.4984919225524778
124 755.3696063020816 428.5644552403882 0.4052825998906994 -0.11748012622408492 -0.23641325517632403 25 0.0 1.5806451223230615 1.37612492546474 -0.3466446530214159
125 747.727227084004 427.62426400261154 0.39391048708284493 -0.24073264097246294 0.16038194529177913 25 0.0 1.5246949879121343 1.3818743173911994 -0.3511713634825791
126 759.6893967141419 429.1944445545098 0.751009442417994 -0.15044649649884675 0.3786009303872522 25 0.0 3.6840148257392236 1.6822167328910453 -0.5647048713938633
127 1528.02192397996 428.42718945640996 0.9082427199567881 0.1678139588036913 0.43998411559533007 25 0.0 9.57332454524474 3.7594592821853285 -1.437813463615655
128 750.2358217698953 432.9491541600506 0.44603344289166336 -0.1938992018292322 -0.5310374323764865 25 0.0 1.4574529487117207 1.0507888619079653 -0.05378865182118246
129 771.7213792574897 435.80009585973244 0.4751512128781477 0.5229962931405888 0.7870266781041774 25 0.0 1.9014121521258767 1.4145950464502652 -0.3765803324024728
130 749.5299756581707 432.6950336736292 0.7875456277149283 -0.06181492250667712 0.3994440149531635 25 0.0 3.086499088441623 1.6344632666428043 -0.5334379114442311
131 753.7193759470086 435.0 0.6730616827168352 -0.017914559442021173 0.7636550237762324 25 0.0 1.379309344885813 1.010946897219143 -0.01182085917929953
132 769.4075337385278 436.2332600038215 0.685508814401539 -0.026334712977126327 -0.10122174517124193 25 0.0 1.8588328776982808 1.0222822177521662 -0.02392701614248173
133 759.3692687384174 438.40137449354216 0.6444454776679069 0.1546019672274899 0.0729330996784334 25 0.0 150.29875917213005 72.7263031805267 -4.654228780247756
134 775.079471435675 437.4671546160577 0.34582940409537843 0.11728843907511081 -0.04435906880399921 25 0.0 1.8379533934483214 1.552589752466944 -0.4776417884250159
135 771.1473978907613 440.8729700488123 0.44985424608650365 0.2419828700057984 0.42284241056324584 25 0.0 1.9796242843653922 1.2255837125024405 -0.22085745183482475
136 764.2069323658768 443.65846101678176 0.8716706849652491 0.6116611431724687 -0.4214132712099188 25 0.0 3.2758590954821503 1.2068048465710692 -0.20409261412124213
137 781.1060275560338 444.1571070095288 0.38244954227272376 -0.5202293913023619 -0.7795401850246857 25 0.0 1.8780042097279326 2.070900625451726 -0.7903981481831375
138 760.7342359671921 445.14009503346307 0.4464688389529012 -0.760893109575241 0.04342549765810252 25 0.0 1.4847354971601991 1.3955232678460958 -0.3618427049153017
139 782.998794087122 448.8430099259808 0.49160801915212465 0.2204683893352265 0.565866155125818 25 0.0 1.5318360365413541 1.1836745242851943 -0.18308075145074437
140 781.5242961582746 452.89692309737086 0.43508493981062757 0.36651631205247015 0.018737803933745 25 0.0 1.790853116265593 1.6147585736401044 -0.5202689978230775
141 771.933113711723 453.67577814942905 0.28502893120369566 0.5904716623761049 0.10984236557031553 25 0.0 1.5209199390100174 1.5568767442800557 -0.4806355786298425
142 771.2976340613071 457.18023902273444 0.5743477807663754 0.3706706751782077 -0.5466903240819603 25 0.0 1.3835623029751505 1.0804881501493115 -0.08405002070667539
143 794.329435085617 457.09605971831115 0.3945659893895719 -0.14659441103244208 -0.42432639614064355 25 0.0 1.6524400008619737 1.9532403539788485 -0.7268892205903428
144 787.7996453714037 459.6684855301227 0.8428563045686442 -0.43886960312655304 0.23760569058729442 25 0.0 178.89735844317065 72.84747136439762 -4.6560362035269245
145 799.3106034799027 459.578582170434 0.38616077866724097 0.3142295739145277 0.9822909161715837 25 0.0 1.5563083689919721 1.4384592464945174 -0.3947439056192761
146 1475.2960221257501 464.87464260214 0.5742732363964428 0.836838531968612 0.9129149795576317 25 0.0 1.3101113069125794 1.0713427510357187 -0.07482108854000732
147 770.1243427982178 464.0711493686047 0.42732083645884755 0.4553237945908 0.0004014114755010708 25 0.0 1.2210653518684529 1.0288479079376618 -0.03087794704849796
148 773.3558781862547 466.0563181969484 0.7738807882406653 -0.6279392611873869 -0.26647167393165777 25 0.0 1.4024627509568257 1.0642171220627452 -0.06757560489299123
149 782.5162155394911 469.5412817199468 0.582284671572558 -0.09007970351112982 -0.8538053680601044 25 0.0 1.7888331510894717 1.1503669559066836 -0.15209099545885363
150 1461.4152020079805 468.84696707330835 0.3398390328038155 0.16006101269016312 -0.186478652067841 25 0.0 0.6716921520695082 1.0091212872552857 -0.009858419110800789
151 800.7959489048864 470.4039054175929 0.46271474727645767 0.07215978554830656 -0.8148019669192238 25 0.0 1.63569996252894 1.5598497510382114 -0.4827069198644318
152 804.9506528739424 470.4160138626896 0.520102861888421 -0.08682023560384097 0.02569442763031099 25 0.0 2.1192115330856787 1.1780006021677873 -0.17786378113212215
153 798.0538261107924 471.02035307555866 0.4791932561796004 -0.6511172622293153 -0.560551807907831 25 0.0 2.025556222602413 1.913848714182893 -0.7047690117730141
154 807.4876141237922 470.50385878974294 0.9295514265832265 -0.06586861291456826 -0.322803357922292 25 0.0 4.10078743889797 1.6886130317822412 -0.5688253414873805
155 795.7551731169439 474.16179912635783 0.4643199892785463 -0.7318082057807056 0.2172386885098969 25 0.0 1.5879168092669274 1.1805378230486523 -0.18019976481000147
156 799.1809931821937 474.1931145964612 0.4294646760059823 0.10781000792620081 -0.7501261247954429 25 0.0 1.6288817150666788 1.2449606014112928 -0.23788901942193366
157 795.5708560973565 477.3296656723089 0.42699412259158037 0.31504423905679013 0.5846377473139504 25 0.0 1.3961362200199254 1.0232676963465595 -0.02497316012982917
158 798.662366026309 479.8914592513222 0.6170034926466597 -0.16448695014073733 0.7977467622026109 25 0.0 1.791756269922675 1.3372835321099665 -0.31555874137135465
159 1454.3566079266056 476.8469898454171 0.8013547447344607 0.5802796805648474 0.46429855640340506 25 0.0 224.23384137201091 84.82738035554301 -4.821340138248612
160 786.923088728085 480.7861621637176 0.8087569804592198 -0.1702470912519899 0.1516042355332143 25 0.0 3.1466302161910678 1.4955455782677753 -0.436999132834189
161 794.7099742647953 481.12419853280153 0.579063165784541 -0.2374355360723505 0.4688856294241359 25 0.0 1.3286900515157385 1.048169399975804 -0.05107869213796673
162 1446.2363254422075 483.16117540672195 0.3271919345755228 -0.5176266486158697 0.36048455078399516 25 0.0 0.7302833549134035 1.1008297414423505 -0.10430038628066604
163 804.9004028389593 483.89063644490807 0.5513454257331996 0.25845338412098545 -0.23808762152724064 25 0.0 3.1833640493006015 2.067651314719599 -0.788693254742976
164 802.7353971636453 484.370403657681 0.5818290031239595 -0.541303414610496 0.29337816435535585 25 0.0 1.7473485025413331 1.5362730546490249 -0.4661710333599136
165 816.6880519920214 487.22032253930314 0.6203510011619178 0.7951962863639945 0.16478988385361948 25 0.0 3.937052369563548 2.0629435699497765 -0.7862183709573456
166 802.7952166275849 490.19314727753857 0.6814279403423 0.3977291073961723 0.061267591482329645 25 0.0 1.688505832010826 1.154523258666106 -0.15600671625684817
167 779.2223033250476 491.5073165677746 0.6915423527688923 0.5368271159762195 0.31387330143020786 25 0.0 3.3055791890078234 1.5157573942394933 -0.45157423877019376
168 812.2570093269367 491.59805797006305 0.6027079181182861 0.20728931168638884 0.8282166794130671 25 0.0 3.755687648585225 2.1686841863908435 -0.8404907817252842
169 820.1479353450286 492.5099831522477 0.422317780028829 0.20991678143892276 0.3109664634753094 25 0.0 1.7156766052456145 1.0657485355031442 -0.06913686133606609
170 823.9096155655881 496.1093746731516 0.2849321741998064 0.8264921654193257 0.47325773681772676 25 0.0 1.5078662845404485 1.1898948115273915 -0.18877142702677485
171 813.0561708836044 497.88413850996113 0.4889012241882003 -0.1381647042766434 -0.7636074438698909 25 0.0 1.5767210563451022 1.0559044410398943 -0.05906154121675175
172 808.7956377827082 501.92253624891987 0.4762195680124005 0.47733510195575013 -0.48155591796898756 25 0.0 1.4552042906344858 1.2996265396037243 -0.28454642866944097
173 827.4729334775016 502.5697110324839 0.6610557557055674 -0.12601231580184413 0.3299114962007749 25 0.0 2.778714526683343 1.8646966346061864 -0.6765204675292256
174 837.7538522326926 505.8529540452003 0.7331135272887299 -0.4047146652406378 0.3357529416272932 25 0.0 3.205510686845838 1.2505616720244133 -0.2427627850672458
175 811.9629183908619 506.3948248148083 0.2848945814055382 0.6911765729078392 0.3160678201133735 25 0.0 1.2319749127651107 1.013932275001453 -0.015022368816191687
176 837.9040721717021 509.2270828364435 0.7446506621769362 -0.39636554891900055 0.28608893304599964 25 0.0 3.5632722430093313 1.3835044481182062 -0.3524513994587557
177 827.6978119204788 513.7200651250918 0.5475620812719373 -0.8205110838232046 -0.18902414808814683 25 0.0 1.486507590239649 1.1175197501682501 -0.12063801813027573
178 830.3625453175365 513.9314724969981 0.4254204454864304 -0.32811979671357866 0.37954978130803213 25 0.0 1.5754757604915113 1.2490238776985936 -0.2414268522476235
179 1422.777802394022 513.9326944949028 0.6403120960193173 0.013749938972280143 0.23164696765113466 25 0.0 1.9780476070665525 1.2181514620372804 -0.21425322697660282
180 1405.8406506343665 525.4168990810549 0.7308801511212107 0.14631879539881787 0.2655683831090212 25 0.0 308.4312739698064 142.37448906643309 -5.383580446387306
181 825.7180625093746 526.8801769296781 0.4464159026084958 -0.5785893661651147 -0.564752216942458 25 0.0 1.4570869693407313 1.2858230910770758 -0.27295305161413436
182 844.0014068832036 527.3731562700813 0.7767327241267584 0.17945961253898643 0.7147986376872826 25 0.0 60.79712762387631 24.64087196392714 -3.4791401802428994
183 834.9394883619335 527.9104368915491 0.49848140465830787 -0.04617932559426346 0.5774082637100489 25 0.0 1.5133362739701508 1.0815738932694445 -0.08514048961091238
184 1493.7336563322335 528.2072406762502 0.6047542518967884 -0.27528962682934605 -0.02858293177288797 25 0.0 11.543192575083978 5.232719331082403 -1.7968186024563195
185 843.9429840725502 531.4427537887932 0.6940234808917907 -0.06412429766811813 0.9820354492663516 25 0.0 6.944837816246193 2.547405610162964 -1.0152452523096769
186 829.3590409587734 532.9726899098513 0.38961141677719996 0.7035875611647824 0.34074302862570693 25 0.0 1.239869463053564 1.078162216794868 -0.08171027076963033
187 839.8685642482199 533.0940272959913 0.45369329575146766 -0.07251681976223079 0.9424780332356739 25 0.0 1.5043841746810465 1.2042898495280014 -0.20182756469014107
188 856.8924991751975 536.3223066789726 0.5659368289168918 0.13317850651508148 -0.6572319204405949 25 0.0 2.02474752377507 1.4183196337396253 -0.3794352871430441
189 838.975829803767 537.2433924893235 0.41639312764988573 0.937990268562486 0.5404933400745017 25 0.0 1.240762389936684 1.2594888038979606 -0.25048577808285555
190 848.3102845937084 537.4844171791879 0.49466186708092275 0.19584240576272346 0.40126720714588127 25 0.0 1.5390443744519389 1.2724804789351671 -0.2616278214202877
191 852.494060043172 538.0189392074598 0.35475141828688217 -0.4018125549016884 -0.8100381128144859 25 0.0 1.4734343729687966 1.1842219614022733 -0.18358277703507495
192 842.2086045811662 537.8453696339691 0.44926748937119915 0.6894460099835501 0.8209840587924352 25 0.0 1.4018457380760116 1.1392912191862403 -0.14158687543004486
193 862.712080826754 538.9122280693304 0.49614224817007546 -0.754085680354842 -0.2194527387105175 25 0.0 1.65438491402611 1.2914804554213757 -0.2777195954431531
194 842.2130907861547 541.2926155615637 0.4982161944353507 0.21826480049059818 0.009585251488554908 25 0.0 1.2089193142677601 1.194128909248032 -0.19262803129061892
195 1377.3756842760147 540.4455325796346 0.42469854677070334 0.015018013679785823 0.943233583839951 25 0.0 1.4672883298583035 1.2014003036826564 -0.19921934347416526
196 846.1601451980183 543.4664032747223 0.4076357889312121 0.03809382896851098 0.14937091977143407 25 0.0 1.2552229178690013 1.0835524364781526 -0.08712483256847536
