m1-67/data/wr124-jwst-2022-f770w-TO-gaia-OFFSETS.ecsv
# %ECSV 1.0
# ---
# datatype:
# - {name: 'RA, arcsec', datatype: float64}
# - {name: 'Dec, arcsec', datatype: float64}
# - {name: 'd RA, mas', datatype: float64}
# - {name: 'd Dec, mas', datatype: float64}
# - {name: 'Radius, arcsec', datatype: float64}
# schema: astropy-2.0
"RA, arcsec" "Dec, arcsec" "d RA, mas" "d Dec, mas" "Radius, arcsec"
63.567371522183244 25.088516058742638 -2.7934641594896386 -190.91636968307014 68.33918597960853
15.87653213160605 65.31803722912079 -5.563046007142704 -200.31449741039543 67.2198650070629
-13.677241949536759 89.87709253684595 -5.321308360777956 -157.46042749859643 90.91181825472121
67.82076826089353 16.284746396110908 0.3093546409820977 -171.97879106215962 69.74847355408066
-0.8483638239598528 73.51845715751435 -12.649482768421414 -176.19889994872486 73.52335182762353
47.530598216603885 31.441239083694953 -23.65716276244926 -179.89245621554923 56.9886766336942
26.77984165900003 48.78836623742254 -8.670408441165636 -171.80637062044482 55.654870281287884
21.818459048027588 50.13991965482628 -10.348763269513828 -196.9817744895054 54.68141081620555
52.480719671705565 21.594307218466778 -5.607072619043144 -186.4689003272386 56.749802038852316
13.978895365182579 53.569772021063876 4.601350890091002 -172.89341541389942 55.36361608158142
58.86962252250629 13.07063545973014 -5.845291360774971 -166.15233253025698 60.303183685743036
43.927542629525334 24.809949231871144 -6.063909173493599 -127.47863716489799 50.449604290313644
20.928156932331685 43.61290366163124 -31.591969728175666 -193.58422630078084 48.374302184675685
18.37805818044359 42.287520068388304 -6.956779561711589 -165.735170169103 46.10843058799232
75.94612265865335 -15.262450399074732 -10.129145551469998 -177.89946945411856 77.46454626822931
11.283576770349592 38.31012532853997 -15.80070052239186 -180.98248913758263 39.93726087200846
68.61336208066038 -11.312033624592924 -36.54463747106483 -200.24516391239987 69.53959703665625
70.03208291888647 -15.617112957314587 -15.947796525166382 -187.33493322813248 71.75226021327627
-5.990187889502762 44.17456308137435 -17.585559191070264 -171.72044532130909 44.57885568105933
13.945600853151229 25.374684384683068 -30.808683504241344 -183.30642823395985 28.95435010146435
-22.629068036336538 56.61199674888999 -14.083869124617943 -172.53702677354335 60.96714593309636
14.772378423059237 19.540587814471706 -25.308950300498775 -165.27202876548512 24.496075925706933
5.447965953465208 26.394775946943668 -19.953814069017522 -170.85782811477648 26.951150813228853
71.45594967388385 -35.14027660693137 -35.699986958394874 -210.66127732290948 79.62908849412909
29.46634284129404 -9.24969947286938 6.410882996688695 -152.39392777998958 30.884013667202748
0.34238054266177664 15.180688742703047 11.66933105794629 -206.9792015442796 15.184549224082192
-7.881654635252334 21.005365164495146 -22.14867514101752 -150.5156499266345 22.435370406275645
-34.01276011225933 35.50000796734492 -13.688079006990476 -158.8568686682716 49.16419840405824
-17.508359652683335 20.687982160322637 -10.964685897043648 -165.09753194699096 27.102311018916552
-46.77347836296098 44.19969698380659 -23.460177566185475 -164.9231229728726 64.35348831365614
50.072298346042245 -39.96611098145152 -24.474290413883157 -183.14288982960403 64.06656739103789
19.508994432207167 -15.736552034471014 -9.901282919692065 -162.8720277751117 25.064714898671223
18.049409295206715 -17.797440668162167 -8.629068273326897 -170.36162582994447 25.348176846370215
39.275751834363575 -39.073587278003686 -23.620272521387577 -177.27951111489764 55.401533250287144
-19.959524167609054 10.62454308012376 -44.840402931191264 -185.2709133540734 22.611137085656143
-56.857287569633684 33.50623101140595 -4.1330938225275595 -131.2106652837487 65.99559559491033
-57.769311862866125 34.02421305753129 -35.594586531361415 -174.93069181655815 67.0443169628084
-41.617713744148475 20.14712016787471 -31.10169588531458 -163.88653958650005 46.237869142409274
24.346680732926778 -36.62787336015845 -27.520890737404958 -192.08870245738572 43.98138200839294
-7.764973961324556 -12.743797323719635 -73.46936738887122 -134.52944422672007 14.923109286315134
8.14807545300119 -29.75708849551689 5.638020586539267 -143.1753961616089 30.852478812216198
0.9188411228470651 -24.293140892215064 -49.408471874977316 -176.4657639376344 24.31051137706142
-57.27850807329709 25.373031464109523 -17.593709940030244 -150.04382349430344 62.64677323081156
20.565843178143723 -44.47214103074689 -25.708717689033193 -170.70173460142468 48.997196113014326
-60.009181236520774 24.072787338105183 -22.98464142647411 -151.35885281620253 64.65756650668642
7.785727790540535 -34.98746360911955 -15.302659551265359 -173.50576395926166 35.843272261980246
25.392088076228475 -53.06292539237216 -31.9135684461927 -175.10934336946056 58.82543815261968
-70.94573953130977 27.205491406894804 -54.556369392212694 -145.1657282298188 75.98313425454444
26.84544570970836 -58.19388931019746 -23.185383687305364 -164.3854513413374 64.08749245584593
17.219259063070492 -51.34677316058502 -18.914066601964844 217.95429724031817 54.15712317472046
38.04796345753761 -69.26240411880333 -0.14279849835557784 -171.44041483216802 79.02485743853671
-34.123875989704445 -7.833550508288847 -25.77926121124616 -175.39955565380342 35.011475626811496
-68.4330605057049 20.26967740257076 -18.04859248381771 -150.0145588251961 71.3718682473272
-40.96708184659198 -3.200498799336719 -35.150199695889484 -164.0836569615275 41.091909026628805
-97.48968797742089 41.08746575645684 -33.32038320996655 -168.36555503476154 105.79422941966358
-0.7314390034895731 -42.32503155649678 -22.776983917143333 -164.18472938135045 42.331351257264
17.473892345827405 -58.35046395155491 -33.535885341141444 -175.16758171745525 60.91070143193308
-54.02470752913642 1.3969052727056 -19.09597187757295 -157.9480373508398 54.0427642511258
-83.02440001222831 25.542176701510492 -28.132570270900878 -156.84481868113022 86.8645713325972
-59.01554474062771 1.0189068289765244 -35.79174393557788 -140.19987524305205 59.02433982809307
-34.76027687468475 -21.304537217734325 -65.89550884154761 -187.25922060484012 40.76959835665558
-40.00134609902073 -18.92996707124278 -25.88764120226076 -144.06746696219682 44.25439343787185
-110.82168221964393 36.39112412360742 -43.314664103300565 -191.8982015775398 116.64372695317363
-89.64673138183022 17.6024424903409 -23.2544663731198 -122.32062059844264 91.35853769381583
22.30734541581671 -81.34981649763252 -25.88817358131445 -209.58831365543486 84.35289134283532
-74.68156550071517 -5.036109807145262 -49.818931178973344 -172.62083015926223 74.85117652059486
-48.45920378877956 -29.073236033941207 -41.58533572096112 -188.51638765389126 56.51148086701228
-93.41172280373867 8.14830741663925 -27.856484649175776 -132.51548995625214 93.76643784634494
-4.752499119938659 -72.08909884293153 -53.06671820640426 -187.94963838894716 72.24558407923843
-40.01111659567956 -43.54906682946037 -25.557738030525996 -159.10823133084128 59.138909773178625
-1.3704768390499837 -76.65246667790598 29.033823705621725 -139.23056101184244 76.66471714216925
-41.15731282015039 -42.64960820993197 -18.659253791993464 -183.3352708561832 59.26983596141848
-90.43219216663331 -1.4184403026697634 -41.85212651004066 -174.369430225956 90.44331568889797
