m1-67/data/wr124-jwst-2022-f335m-TO-f444w-OFFSETS.ecsv
# %ECSV 1.0
# ---
# datatype:
# - {name: 'RA, arcsec', datatype: float64}
# - {name: 'Dec, arcsec', datatype: float64}
# - {name: 'd RA, mas', datatype: float64}
# - {name: 'd Dec, mas', datatype: float64}
# - {name: 'Radius, arcsec', datatype: float64}
# schema: astropy-2.0
"RA, arcsec" "Dec, arcsec" "d RA, mas" "d Dec, mas" "Radius, arcsec"
7.943125389092966 85.59439472713107 6.01525233171566 5.797049524132976 85.96216403759573
35.623503798814454 61.49968978179403 4.87006212989115 3.942616048775381 71.07211709632435
29.24806695425464 66.49759987551244 3.4363181643180765 -4.802629560373222 72.64557921943373
32.75466441493425 62.58700444967114 6.338966642751272 6.9804456403575905 70.63994007641283
38.23866835526273 57.08918720019949 3.0215466655571444 4.179137878073559 68.71223337531542
21.3297675305004 71.63439897946876 4.02333636254152 1.0835784901068706 74.74253194645144
10.843268866729202 79.16671371746081 4.710403511169134 5.2182969755879345 79.90585106716429
19.854614635747218 71.20285908179808 6.148131537497294 5.022953502772965 73.91923192307611
-0.18824150179716018 88.39847071759091 9.167697387948818 6.304674165525657 88.39867114425162
36.56148401054903 56.230362115572404 6.069233250280418 3.3537758927026546 67.07157150084406
-0.3779541596460117 88.00620067915675 6.201741327314051 6.419496943819627 88.00701226219508
81.73168045482437 16.113901032886183 3.2223887818109564 3.3958490435399526 83.30501415213405
23.915833300412128 65.79992590073071 3.154902111057898 3.525266560322941 70.01140843890767
47.804253218877925 45.011912863975176 7.238466247097393 2.1564258027129237 65.66063424320933
4.765918867823757 81.45365739712908 6.048793219697823 3.0279960709346936 81.59296712857257
-3.0553159081545536 87.9328550590335 6.421246537688801 6.326219212404566 87.98591906417928
54.65466992216719 37.72787552309428 3.073630090643381 4.247371134421438 66.41178737610485
10.65671620437842 75.64259589470052 8.775669006487533 3.255093213173 76.38957984476289
30.808024589417485 57.3549448533168 3.406674706414803 4.954476029442202 65.10548405298773
34.984660008239935 52.95727712971352 4.505356807220843 5.133231708615893 63.46967472739074
83.94300798621371 10.009929893605534 2.85214492391277 2.5088827316993805 84.53772696684327
60.19267426179293 30.40890909363517 5.596739111383042 5.3318624068274545 67.43782144172722
19.222548058085913 65.65075753901063 5.38944271205302 6.7244665566067265 68.40707789999817
29.933321898030865 56.08206661226114 7.089762332714767 5.892885425294992 63.57044858482529
33.18527652313503 53.17683694190151 5.7468946334667335 5.858280386055279 62.68204320752136
86.18976945183428 6.9616684408170775 1.4061875901962209 4.053319931151322 86.47046422240014
67.113403833639 23.395244880102776 2.9587525699144543 3.6197734718001957 71.0742318835007
-8.239203805702921 88.79968834046352 6.201378923463649 8.09899785960285 89.18110295641247
82.53179375853267 9.494721872737749 -2.5800759725337854 2.1287474276195995 83.07615012526608
61.73273846189856 26.599309018590564 1.2661046188943514 4.581023619075803 67.21944820621778
62.54652249778761 25.047123330624256 3.4000107051962294 5.972746176347359 67.37526136860465
30.624269340474278 52.318689798033816 4.923030021434315 4.2436819454353145 60.622530091598506
48.75977498921086 36.159051438050305 3.390080351925325 3.8850032026587598 60.704140168134366
14.870661790231846 65.29074857161122 2.0284645308797233 1.8845724891246773 66.9628137382059
32.85151082195648 49.58593246186964 3.705459798051557 4.368719426222043 59.48097545110834
-4.893312718654134 82.04221188356607 6.141949924646148 6.089593462934947 82.18801031080059
41.966408884424666 41.15185845210934 3.543296171917976 3.8004168890550902 58.776312451157494
78.45212130192321 9.288278027330078 2.9005683002548754 5.03306316299459 79.00004709707618
31.11536135649446 50.33594144537542 5.1359849061592495 5.727230191320988 59.17662287015502
68.21554039570228 18.04543491135509 3.0301072671544866 4.045172330940475 70.56201287349124
89.82967350212547 -2.11523372550656 8.769113757339074 6.7947217564489275 89.85457392331946
40.578048169208444 40.65093205824446 5.764932351659539 4.031170026738643 57.437585683156065
28.37702878735923 50.9233300079044 4.366282042491895 4.738655954754691 58.296151549991905
29.729321189224166 48.805641759933195 2.2415884977081917 6.0278828117945 57.1473813003331
66.80124200261686 16.246054067415628 3.055937544055714 4.586967713192225 68.74838322919264
-13.234554757826524 85.49232731365825 9.848820556959977 2.358863132528333 86.51064361748169
65.19538020944015 16.870173927052928 3.5983133838979384 3.9721084468701684 67.3427082876021
-3.4359727455762052 76.5160228878734 6.005474045852963 5.724902693210639 76.59313067595795
77.18946091409545 6.105143532676895 4.21955759211526 1.016092220103702 77.4305214500787
33.3617897556776 44.12574427534138 3.203874274299183 3.3723507531478405 55.318082998032324
87.23697964511177 -3.610076412926188 2.0872280902301013 6.395676805465968 87.31164451853334
16.51588457113871 57.87740336822801 4.2305156627537235 4.304322216519926 60.18777497678148
28.74835620805061 47.076024550466045 5.839615047734959 4.845603596962936 55.15994976242893
27.838583538701656 47.42456798515052 3.50135237169513 4.432933401624515 54.9916027077664
15.967551329697676 57.51143200957757 3.788229168904568 6.618210368258456 59.686912306238106
25.756790552281966 48.76897450953443 7.480262402946063 3.3412710648892783 55.152743557407675
43.3369376665121 33.314320461374685 4.246556684695269 4.643108009563537 54.66199866263145
83.73190638719741 -2.2087104028090327 2.331735857233553 4.100517447930323 83.76103239936398
70.35380670543516 8.703577024102376 5.693450433504469 3.8347374760229758 70.89012884756791
75.22693020962451 4.251448523428654 1.7766985765209937 4.793235776854858 75.34696969688426
10.471679440498269 60.55144716355868 5.057645149788877 5.447888430940745 61.45025484696084
60.37019277558831 16.69108153236285 2.8727242551570806 3.9875646716724304 62.63507300657496
-12.016763593472486 79.67299033214798 6.041688198950454 5.891453397088547 80.57411487907913
27.899559207220097 44.86126681198972 4.068539759318552 4.85342881106238 52.82914585403362
44.45240254196835 29.565928472756177 3.0347162343878344 4.5884206490929245 53.38689169336054
33.55893191800024 38.828626581282464 4.290540130107572 3.1805434286610534 51.32118607715033
-8.169368418712946 74.76105740723213 6.013306061250541 6.501682307583136 75.20607875753424
21.99691362243498 48.108033970199145 2.6767352200695265 3.5577016763090006 52.898460588326714
47.86386932696579 25.467180040715384 2.727132598769129 3.0338485879762835 54.21740711749749
8.797047643840958 58.69538284002887 5.840378819775057 6.40275952161947 59.35095628461887
51.46017143985455 21.567608102868544 2.717412032340571 2.27235443315298 55.7970514834431
-6.862247012592182 71.89523354559684 5.427440270860388 6.132672793695723 72.22198445577393
54.328141174116766 17.664475684546986 3.2919886410832593 1.6378967682670298 57.127756978772354
37.23747266191398 31.84015701981607 3.077509086227342 7.620731800191733 48.99413187598162
39.64973849929515 29.54629413232464 2.8953509145387364 3.430232365040598 49.44780328046423
57.848324218938764 13.040859847781338 2.620797531392533 3.10497221282982 59.30002222639496
22.086156415403565 43.76950423587043 5.81435853017605 4.1059409450398165 49.026195028152706
43.31887171079102 25.242756227848798 2.0594282535701565 2.425563875497383 50.13702602784291
78.30363323031233 -5.360455629303555 1.6768696378063592 4.558058051237287 78.48689992756377
12.867484022843952 51.24619783983782 3.1869012455137757 5.219054667679703 52.83696560847949
42.898045422718866 24.785902614340994 8.048258984747099 5.3424890458570005 49.54375097462674
44.23398134208045 23.53196731093691 4.67364363977162 3.4421784673575244 50.10387791785603
50.2916834044872 17.950519452636783 2.6300567316478847 3.9812816003991673 53.39920001183113
-16.470018903664858 75.58020380188518 6.14444996275908 6.861325266044701 77.35391856447768
66.09786710324875 3.2128074603896435 4.139861492017644 4.329976220719596 66.17590322030323
61.794292531449 6.877926143658275 2.928043277604098 5.09751857303071 62.17588323529549
-3.946778991365705 63.99422798775534 3.7087335239018593 3.501250501073126 64.11581926214471
28.88594958650861 35.34027055160296 4.264127151416488 4.291541191882456 45.64354059457257
44.76259009501666 21.546606885887282 3.3216313890867286 4.375669001812133 49.6784232139215
66.01524259503373 2.271396166943691 3.4256548852985986 3.8310047999488055 66.0543071666182
63.86703412342194 3.7768127737437065 3.162304121823649 4.04090885591218 63.978608628229345
-5.663651915438609 62.3751408133321 4.350032424507676 4.091404258034844 62.63174229992212
-5.304628655721936 61.96479957798374 6.049151948099237 4.069769637830551 62.19144210475589
17.34772616585563 42.259325901442814 10.156037529329451 5.444377930605515 45.6814428905073
31.360804994165512 29.336369728391354 2.451125707222384 3.6687857787304488 42.94324943566026
49.06317208315658 13.455368305062422 4.457823771184051 3.765127941503332 50.87476572593168
5.410199124407741 50.98390053047911 5.107323732036023 5.745103270009042 51.27015084113205
17.497107366979893 39.14808470933965 4.04553458594092 4.134612183710279 42.8803136526091
24.699523277982294 32.704450561912246 3.037142809320953 3.632542302191017 40.98350316418198
10.679603945218917 44.52591790471484 5.101661410892162 5.629358847118359 45.78876831618179
64.21348205333098 -2.538216348217665 2.9243975871560206 3.191573210629808 64.26362749978348
-6.323483078654119 58.71676921494275 4.935719400296972 5.410740988599745 59.056290301756704
30.065721057839074 26.89201255766102 4.367538553696576 5.261567589996141 40.33767366877043
0.7282274473256015 52.20782044793102 4.528997764573746 4.747748282755902 52.21289908754435
3.3990381821908056 49.83149453448204 3.932296132261539 5.016434126464644 49.94728529038454
-20.91554009419235 70.631654201403 5.516718919124492 5.798533672725097 73.66335843250201
-6.413915846480245 57.274203419685286 5.10834078945651 6.67359314428795 57.63221922490515
54.43521346278527 3.5024089893665513 2.4871046086845277 4.653586016183932 54.547771111118806
17.16712666083979 35.43484066317619 6.407622312383062 5.934804756874563 39.37433387011476
74.90535025277504 -15.305297747383491 -0.7716717135262678 4.0146315825837995 76.45301580284647
77.33626131684044 -17.63861062906725 0.4215004443616574 1.9544166226298492 79.32224079547193
13.056986927490879 38.24912998817824 2.2431587159266577 2.3165808131485197 40.41634385399713
-0.2146284729653932 49.68465240298245 3.5490620697333712 4.927147760902661 49.68511597837462
48.92364289973885 6.385224339839081 3.9828212127760465 4.68088395368181 49.33856426462768
-12.137781871356987 59.259485614632446 4.320820551335793 5.953091203349011 60.489770870894745
31.898543194380583 20.814154747078714 1.5186787598309728 4.079446866021019 38.088660941323
61.72360957670887 -5.289396905023702 1.5545321349776131 3.994712847457942 61.949832106024736
72.41875202360478 -15.002598108433792 1.0245982739160364 4.11753439890366 73.95643031819237
31.710171608538072 19.836278585171012 3.6930016633253486 5.413712285683163 37.40338124352447
-26.956640034715267 70.41377758222147 5.286892143436354 5.640591557381345 75.39735066390791
-20.69581056280725 64.8321013834305 2.9290202142356163 10.122302781450557 68.05525645049273
68.98079033444098 -13.432765918950533 2.6649014536717277 2.6617339608922292 70.27651548469443
-18.346654349410425 61.93930077726113 4.726462830205653 6.991639306131305 64.5993552326392
10.42757883422174 36.6596414356562 4.600971849393557 3.533008384095305 38.113825698672265
58.99288073464441 -5.827083931709996 2.428718922130302 4.917741473987732 59.27997034078367
75.54117918776193 -20.306475977917994 1.1431075962468573 5.331364835764199 78.22290394313038
18.064295055297638 29.06109084413379 3.9321371261552396 6.278168670859997 34.21791569830701
-22.951532410022857 63.965365814808166 4.021274687558119 6.024481178029352 67.95837584067012
48.62679345411779 1.4323967489360834 1.0206485517015138 3.9507527485892213 48.64788589482619
-15.892549919003065 57.40764915787293 4.746482142103869 5.545771625890117 59.566864263923485
65.74003353858342 -14.113637327475832 1.6043397586892942 5.813384971293607 67.23798600134256
61.99800269126191 -11.004326008851125 3.134076662131227 4.985559919849611 62.967035224612154
32.97398038079096 13.8879738450868 1.6261308889005734 3.6880272465424366 35.77931243099242
21.69446985492787 23.430944038528935 6.028394947253753 1.5251711026967225 31.932102323557245
-13.83312122016543 54.086184336713586 5.896809602566537 5.676124321166098 55.827149080118595
-30.264284592118315 67.73630541324059 5.971817753352515 6.426479518300651 74.18985078822107
42.66498380289641 3.4540323448973256 2.501342473671623 4.018055532392817 42.80456964119765
34.813829111845486 9.736907184255102 3.3591988860122877 4.897130254502186 36.14982791162888
52.94212265033648 -7.024227712426154 0.5366739589592375 4.023182142533902 53.406068237650516
33.49848234180801 9.168197721274119 3.1556434525541595 4.7041369622413285 34.73045015433791
-7.023114585552349 44.15804230639578 5.674170379203089 6.8772654478639605 44.71304997493726
56.601914556132115 -11.370372380446232 0.6993401140047112 5.170707010166789 57.73267788915814
-1.0847567090726682 38.84330556410487 3.804080464398255 5.47688743722113 38.85844932895684
60.777374391574064 -15.292115448787895 2.8257347504709136 4.990847711596399 62.671668448032776
35.23096139075057 6.883138196037481 1.9181810351382504 5.089270075447595 35.89705045666914
26.312842450106803 14.112620553738086 1.6183409980414212 6.677611543583599 29.85852869140808
12.908271147457219 25.35813828303451 5.836712049882774 6.638908745120049 28.454501231922837
25.742106168517374 13.769295651260322 4.532412645985256 4.960193024321037 29.19331313397348
52.09303654825477 -9.541569718914227 2.4361174749970043 5.462756080104762 52.959663967841124
15.714185052098903 21.92703309922985 6.7013000413234405 4.250001370448587 26.976478485063897
-18.871018044765215 51.085398643796275 6.876240363995682 6.2232820460941465 54.459464460835854
41.35181164970303 -1.3109429902957763 3.833301829617528 5.576851657648585 41.37258631293544
18.602520866165413 18.215269176244735 4.344986754394345 3.4323225161661743 26.035549021260685
59.21272816874081 -17.776157437782523 3.1299432590671836 4.06428005133922 61.82344977243872
-13.590296589692212 45.35801460528334 5.769666032258613 5.231507020157501 47.35024442757555
42.80837994790505 -3.8675133103530666 3.2095098024504067 4.571367768029461 42.982729703358004
7.209536506475035 26.749650859967108 4.478285304860736 5.436160966313731 27.704173647255008
43.283550219228786 -4.847056536813433 3.6367656907803307 4.44729200682843 43.55410056822638
56.98954632079207 -17.980002492795318 2.7588586279000613 3.5688417102974537 59.75858826362914
28.949969711592278 6.046759975178455 5.421489684595751 6.527059805808796 29.574719817190328
22.684387871092714 11.431012024083497 3.0570552698485365 6.281075767811058 25.401761522755226
45.81674101184541 -10.416026515019942 3.584736011979324 4.155051527293061 46.98582087748651
65.76287599623984 -27.891713120325033 0.44779588883504423 4.972804634805066 71.43321001980642
44.74562762987474 -10.491170175252632 1.7208154814289969 4.541853122590788 45.959067026194944
-32.65645351506462 56.725173114160384 1.8327359603205875 -1.636521612194955 65.45371795494816
48.4881854056899 -14.281712889010187 3.3368864717942697 5.611029073855818 50.54771452030004
-19.572143322649723 44.497886801064205 5.9583616254505785 6.432538226885573 48.612042932327185
12.402590925916202 16.57669995863554 4.938792819902322 5.245290663769428 20.702928364475067
3.5191317682555274 24.21308690848155 3.6419544400543384 4.719624170735076 24.467485894215198
38.16766957002155 -6.409260090163847 3.1665110567674843 4.601240855619626 38.702062152291845
-23.923698331465353 46.940906402779454 9.913396592712946 4.562513771712749 52.68578580498318
53.323961462296666 -21.251166525803786 2.908379831608081 5.001147808165689 57.40258648084694
25.576686597129214 2.8285143052285244 4.530713535152212 4.824256016729759 25.73261336169745
61.50832450016489 -28.661027189563853 -0.3255624321277039 2.6516373422170196 67.85814938552498
