m1-67/data/wr124-jwst-nircam-2022-f150w_BGSUB-sources-fwhm5.0-thresh30.ecsv
# %ECSV 1.0
# ---
# datatype:
# - {name: id, datatype: int64, format: '%.8g'}
# - {name: xcentroid, datatype: float64, format: '%.8g'}
# - {name: ycentroid, datatype: float64, format: '%.8g'}
# - {name: sharpness, datatype: float64, format: '%.8g'}
# - {name: roundness1, datatype: float64, format: '%.8g'}
# - {name: roundness2, datatype: float64, format: '%.8g'}
# - {name: npix, datatype: int64, format: '%.8g'}
# - {name: sky, datatype: float64, format: '%.8g'}
# - {name: peak, datatype: float64, format: '%.8g'}
# - {name: flux, datatype: float64, format: '%.8g'}
# - {name: mag, datatype: float64, format: '%.8g'}
# meta:
#   version: {Python: 3.9.9, astropy: '5.3', bottleneck: 1.3.4, gwcs: 0.18.3, matplotlib: 3.5.3, numpy: 1.22.3, photutils: 1.3.0, scipy: 1.8.0,
#     skimage: 0.19.2, sklearn: 0.24.2}
# schema: astropy-2.0
id xcentroid ycentroid sharpness roundness1 roundness2 npix sky peak flux mag
[from data line 1550]
1551 4076.781252936729 3018.342059054168 0.9468340502030234 -0.06195564311595363 0.014664881928589621 49 0.0 37.63803218486273 1.421918457255536 -0.3821867290656429
1552 3549.8086156872832 3022.6782702591536 0.9417194847202814 0.031691627857731414 -0.03418324540263888 49 0.0 393.16337553670735 14.850470102860251 -2.9293505044776285
1553 1946.6792907811027 3023.8122315432747 0.9821644411850943 0.05976632254398915 -0.037532791178952786 49 0.0 46.48358970116552 1.6961362266758007 -0.5736518251638849
1554 3217.9302887133126 3025.281964931611 0.9826125998885786 -0.03411085513181523 -0.0063140751749298785 49 0.0 69.15957830839201 2.525312294482436 -1.005787732754378
1555 2320.5872440568087 3032.3033092685537 0.8986147875265781 -0.14391854231881132 -0.06509344306979419 49 0.0 50.610479828205065 1.9752285820686613 -0.7390434033071718
1556 3839.4631597302205 3033.7193565436673 0.8538882536782239 -0.21685638565114115 -0.09255111894062544 49 0.0 63.69484460879324 2.6041752119872768 -1.0391755018134912
1557 1392.5596842578238 3038.0100679002685 0.9668492029283663 -0.024965977814535023 -0.061332381837560124 49 0.0 150.70288390724366 5.580222081903645 -1.8666287083771094
1558 1240.3020912193783 3038.9008657916816 0.9594664201177503 -0.07085839999104822 -0.0507891346458857 49 0.0 64.10744422813262 2.3955355560644236 -0.9485065532932567
1559 3922.8057815790426 3039.533976029425 0.9410477465626855 0.09011306330102846 0.03297560977725578 49 0.0 85.5449947511035 3.2386337592696846 -1.2759045965449518
1560 118.56034520772283 3042.5974862025532 0.9118952312722032 0.08702311973868175 -0.0975433286756355 49 0.0 41.82931976803461 1.6209104662267677 -0.5243975662737367
1561 2914.327431197286 3043.1472439417903 0.9422912293753288 -0.03597734745954373 -0.07153422668741591 49 0.0 32.27043844863009 1.2191364460890428 -0.2151307867435575
1562 1185.7388297674183 3043.7419358711604 0.9865371351713265 0.041847675572090993 -0.043203271816040126 49 0.0 134.4043108607442 4.883051299544269 -1.7217282171161923
1563 4144.482811353525 3044.4615210622096 0.8491022534184931 -0.22339961532508443 -0.001615171995738687 49 0.0 49.154642076739236 1.992565537840166 -0.7485315369071986
1564 60.119775922317245 3045.6930647126387 0.9631731279534745 -0.09440410874549451 0.06483283610228503 49 0.0 306.38414288932796 11.354997549746141 -2.637967612102321
1565 1987.8454062397404 3045.641359128954 0.9628509965624574 0.0730696237578114 -0.0011980198301217708 49 0.0 39.93274295790979 1.4834697648443809 -0.4281967480594224
1566 3960.3977359912815 3045.837481215327 0.9276222037878523 -0.15573688731031857 -0.09822893025574637 49 0.0 207.87025100111515 7.972152566634626 -2.2539390034873077
1567 623.1001184728489 3047.560376472456 0.8376188015592577 -0.14736349493075535 0.06676294105301149 49 0.0 51.32831078721251 2.1149266206643715 -0.8132382593091046
1568 2068.4869622364918 3047.823910947453 0.9631031294970289 0.059659770869103415 -0.08995207610811126 49 0.0 163.9050207941671 6.019756989020811 -1.9489473990509119
1569 3162.903708007908 3052.2635758903916 0.9912891744329009 -0.0014851065072042674 0.03780269443445302 49 0.0 142.96403027178314 5.185216541029306 -1.7869172444406336
1570 2259.4949872642137 3053.3793686686136 0.8100842043904692 0.1472938152358941 -0.10064077747314616 49 0.0 122.67893045648346 5.12848231856485 -1.7749721563514875
1571 4099.564009596241 3054.243274178436 0.8829342996187866 -0.12978996902050968 -0.07013909962778118 49 0.0 315.6987178951818 12.546717666145295 -2.746325313362099
1572 1136.1752053712794 3058.377299934097 0.9385536351170422 0.06999576912725385 0.03004464226165236 49 0.0 32.23851198789691 1.2212501101437139 -0.21701153973888537
1573 4253.161334609199 3066.434543376411 0.971570945299363 -0.027699859380231937 0.1007944779260502 49 0.0 120.30749818141231 4.370472542151872 -1.6013209902259076
1574 4426.537501128643 3068.0954401484278 0.9629881645570953 -0.08022563963971283 -0.09773674031883114 49 0.0 125.10183788059159 4.67136326455533 -1.6736091028466826
1575 4355.2501644424965 3072.286287105134 0.9288732264559406 0.0473677571139525 -0.034852027035923355 49 0.0 33.95801680002699 1.3003809010100962 -0.28517645572287054
1576 3830.523185955103 3076.922293701287 0.9817793047723388 -0.008567158181431481 -0.1009739712331567 49 0.0 45.8733782158727 1.68513594385975 -0.5665873554318059
1577 2978.2497691123617 3078.07746783165 0.9205192711177382 -0.058926260307144936 -0.08218653197434188 49 0.0 353.36327353532175 13.601091488414957 -2.833934404817971
1578 3639.6197726550363 3081.5352897863495 0.9231844838204218 0.16327035080153654 0.026750331558787983 49 0.0 34.0537783251196 1.30760606359177 -0.2911923145259914
1579 3884.4305966146762 3082.349382300923 0.8658619286062124 0.09677271407052584 -0.031114064050288853 49 0.0 306.13719061176187 12.37037385181354 -2.730957062194514
1580 1650.217533808168 3089.0504072543313 0.987804893972209 0.007069664673083657 -0.03346144255483222 49 0.0 94.019740895786 3.4255550210069767 -1.3368273687917789
1581 843.4916091904391 3089.7836882207034 0.9300660198902614 0.03323135100904704 -0.08323935429462115 49 0.0 41.44083124246662 1.5795182698331027 -0.4963116340736596
1582 3092.189939269671 3092.2098294966527 0.9738649054046015 -0.01783264708661813 -0.04242706688296261 49 0.0 103.29084167665269 3.8123221648201593 -1.4529739852224346
1583 2567.772050387098 3095.431697512999 0.8919332068808312 -0.10349967083137566 0.016045328228213925 49 0.0 55.41901119233519 2.1588839831797877 -0.8355732607468315
1584 4222.529105848164 3096.817587704845 0.9583013615471719 0.04651192374155058 -0.1013089295086036 49 0.0 28.49629039326596 1.0659372404702914 -0.06932908836848695
1585 917.4926485995567 3100.769852063942 0.9363034725838699 0.0613042325799517 -0.09348794398669129 49 0.0 75.39237719860199 2.8589191877356983 -1.1405046986288996
1586 3667.564482754874 3105.8755277384635 0.9195747943009852 0.009388948182092828 -0.09458430482748689 49 0.0 27.174806853380208 1.054942521381861 -0.05807199428162796
1587 915.2440501393969 3110.3389158456716 0.9005737004894039 0.07299625230848374 -0.013796455553189535 49 0.0 57.123914431714525 2.234353498955891 -0.872879710781549
1588 873.4614640269618 3110.9043041769364 0.8849745010059424 -0.14015315735229664 -0.10986522606021226 49 0.0 30.334652188338666 1.2026044431356917 -0.20030701013605876
1589 2506.6546601375217 3111.977309214487 0.9635194709445334 -0.06628927845559489 -0.09737298309697567 49 0.0 144.730288108484 5.354108006091658 -1.821717819432339
1590 1836.3212502500544 3113.6528022880652 0.937795677568219 -0.11301230273579166 -0.04225737845632872 49 0.0 189.12468373066247 7.168139000865082 -2.1385160458774206
1591 4550.719012661592 3114.746000629052 0.9647017285644754 0.0350816791029739 -0.05063467720323274 49 0.0 112.46806762378807 4.182347758308363 -1.5535503529085817
1592 1427.3251434192816 3116.9486847890694 0.9497735664716254 -0.050332056074266156 -0.06190571384617706 49 0.0 243.33050224079966 9.14779202145144 -2.4032907054897175
1593 4291.939514132041 3118.479670646499 0.9300647330137533 0.007069421966379384 0.06059065243117201 49 0.0 65.70779536588526 2.5226452572989824 -1.0046404572199679
1594 1134.7552022496347 3125.077488951024 0.9760347136799 -0.042696530949978606 -0.03427265259926159 49 0.0 325.61741749159836 11.963465611377663 -2.694642513904478
1595 1336.354639334081 3126.1889645540164 0.8879014021145336 0.03741004881423304 -0.06302891407199876 49 0.0 83.67556945774871 3.3157285682933093 -1.3014474279485388
1596 2911.5171865386073 3126.83899776475 0.9650487821584818 0.030974827334016502 -0.1249288393612669 49 0.0 259.6443023417841 9.604400833403036 -2.456175691900234
1597 1721.891572433064 3128.4496623338023 0.9661031587245565 -0.0019258568349817178 0.06866589265090602 49 0.0 44.379583295756994 1.6469177637825974 -0.5416797847685041
1598 829.9880804601333 3129.368518658238 0.9841005404983889 0.0008302605122869758 0.040930675763190816 49 0.0 33.13666692189097 1.2117734311748332 -0.20855356527531627
1599 1567.1279583338912 3140.2703573250683 0.9579291542775509 0.05671875533607747 0.011326036454236266 49 0.0 46.70398478476681 1.7438049577920918 -0.6037447701674493
1600 2084.4077345835167 3141.622123509949 0.955909723821349 -0.1549474307996673 -0.06172590243012872 49 0.0 670.8854977563709 24.924144550018973 -3.491550653308595
1601 1708.520333606252 3142.610074521179 0.9413381101407213 0.23331051516763093 -0.06019478926760214 49 0.0 411.2687035735287 15.42394116517129 -2.970488399849595
1602 1362.0261174779234 3145.850473966782 0.9653648453569968 0.017189774962592528 0.037187630414063685 49 0.0 65.39563421108453 2.429899578946451 -0.963970814437551
1603 812.3256726550143 3146.9482089623725 0.9705449085318514 -0.09386074558405116 -0.08301514221635924 49 0.0 37.31096616132336 1.3753784977453969 -0.34605557607375875
1604 75.79891934614555 3147.935266924107 0.9941286217976901 -0.05970719431480511 -0.07908603487784034 49 0.0 116.40039585055577 4.187366829653917 -1.554852521117562
1605 1703.0412931729086 3147.5000984965554 0.9602846507955045 0.06461505799927973 0.030039021416032576 49 0.0 395.98191343214006 14.70385492758339 -2.9185780229755984
1606 2826.1839978404764 3156.10833736883 0.9803762882751708 -0.04324836692167135 -0.08133211336758422 49 0.0 64.32898667227879 2.3478789748854143 -0.9266892669009621
1607 1115.4227263082405 3158.286745055508 0.8894626699714165 0.06293211416048976 -0.08181932907575296 49 0.0 42.312512463992995 1.675102537805262 -0.560103491476982
1608 3650.085683373241 3157.502293750862 0.9216554708847087 -0.045973992466684425 0.06837403004864243 49 0.0 184.21110537026948 7.095727997674649 -2.1274923980579517
1609 3499.025529225016 3165.186875719452 0.990116384131624 -0.061143681427448734 -0.05158899955845936 49 0.0 28.36920693409879 1.0361560230022246 -0.03856288955358541
1610 1175.2537092812563 3170.333528342993 0.9123481087097569 0.1024289178241576 0.034773092628009115 49 0.0 60.74993496694756 2.3596912518011197 -0.9321379561425567
1611 3597.54512833131 3169.7121140309036 0.9259944328533769 0.08189057193773462 -0.07731960351717386 49 0.0 228.15477944927048 8.690295162955866 -2.347586318413394
1612 4310.137382369953 3171.797442729417 0.9871997453442763 -0.06135563339982725 -0.03656427451854322 49 0.0 38.5363552341718 1.4060394081000311 -0.36999373286267817
1613 681.3485945218187 3183.801101068906 0.9665592940611493 -0.19200437192129644 -0.09848236929667908 49 0.0 86.49292907286637 3.155709684323199 -1.2477426065146626
1614 1439.3578718233452 3188.4398322356374 0.8437830986623229 0.1638113174957292 0.01164387136361544 49 0.0 220.85522831389585 9.08116629405978 -2.3953540713432373
1615 2048.213945618641 3190.7755844045405 0.9545635032366705 -0.029517730749091146 -0.019993201417681496 49 0.0 100.73365290284646 3.7481787343922623 -1.4345507308258347
1616 4198.897875197154 3191.429317735227 0.9408773644555634 -0.004076688171868517 0.053648248801215 49 0.0 82.27959365212301 3.129452581209691 -1.2386709383133248
1617 479.38406648665796 3191.946848588492 0.9107864357168122 -0.1183806222424842 -0.10731353693459501 49 0.0 47.86701972285152 1.8588357373263626 -0.6731025337026273
1618 1991.3544676040951 3192.6736924696797 0.885063109671904 -0.10687926734776114 -0.052493103849947174 49 0.0 35.43058866442888 1.4052476652037391 -0.36938218098079845
1619 1955.6159206516543 3198.9738704076913 0.9813445625478702 -0.024236253832333996 -0.0999262262657227 49 0.0 147.505374293888 5.389208400381118 -1.8288124451589125
1620 101.3949728437795 3201.357492409772 0.8387273992735665 0.07000448524153696 -0.08928275421387623 49 0.0 57.757461984051446 2.37416778401486 -0.9387785189568577
1621 1743.3473652866307 3201.7842152028 0.9344761374818417 -0.09642058593191649 -0.07474179927057312 49 0.0 162.8321535516991 6.204130375994584 -1.9817022891740677
1622 2332.618648465141 3203.7120293879793 0.9626866104214422 0.08392128804760911 -0.05567618225648678 49 0.0 200.4780998158467 7.396154280799188 -2.172514904473962
1623 216.59199295570377 3205.4364191161467 0.9173746247203421 -0.19381751870712993 -0.013783723161648163 49 0.0 60.852875481322265 2.341564779152837 -0.923765442493052
1624 121.36593697263731 3209.4924870162017 0.8885677517865164 0.10184544786249265 -0.03034496831865015 49 0.0 593.4382341806153 23.352099863965268 -3.4208148480507345
1625 3622.1092433739773 3212.5118884311164 0.8977611617731105 0.04045334493141296 0.0397260817668104 49 0.0 35.26682921055475 1.3870321216152504 -0.3552162970212048
1626 4025.459780167286 3211.6697508963825 0.8318193894527571 -0.23926210297029024 -0.09350405818709022 49 0.0 30.720770850706945 1.2787454811228895 -0.2669602799933839
1627 2633.5594455073488 3213.123456765494 0.9172308601416628 -0.12853009439571988 -0.12661246064000545 49 0.0 31.352094167332588 1.1982964529817395 -0.19641068446333151
1628 1324.2468620741856 3215.2249695383252 0.970137338916003 0.04823207698197766 -0.015317673940326569 49 0.0 66.247346026009 2.46686982143678 -0.9803655801254736
1629 1625.970188803078 3215.4711861478545 0.9252704408386339 0.05186477919660512 0.06032196363599547 49 0.0 168.5408348810084 6.42671888418844 -2.0199732588331627
1630 3505.4732851742933 3220.508794460632 0.8004252671440351 0.18164936622739764 -0.040439121369537534 49 0.0 41.98374154006879 1.789270061840337 -0.6316897383878712
1631 3475.407220191805 3222.5290882293584 0.8209592415316425 0.16886107784723514 0.03971139988219951 49 0.0 258.31583116545033 10.84621074990467 -2.588195097111819
1632 118.51291709515186 3228.2237949402115 0.9889702294223373 -0.1665572462342531 -0.06225242893166227 49 0.0 56.84090020180337 2.0636351004509725 -0.7865822654902461
1633 469.61533134675847 3230.2593042614494 0.9734017741568312 -0.14215816101508383 -0.04622528161538486 49 0.0 37.495975934670255 1.384635707077828 -0.3533388175871263
1634 4363.978752598062 3230.544787877454 0.8938113779749594 0.01746571748305011 0.02988646401576428 49 0.0 53.32376881204783 2.1024550432656404 -0.8068167951577511
1635 1755.163698519046 3232.4920776967874 0.902635795063379 -0.060076411772505264 0.028441020595292226 49 0.0 248.5646140476316 9.690389322165855 -2.4658530641624576
1636 3588.229080683865 3233.529204782015 0.9275588988190425 -0.1387323526578888 0.02620947645223666 49 0.0 61.21777982122498 2.3484438444309665 -0.9269504496786904
1637 4204.874980686767 3236.6326371167947 0.9595285994692258 0.04612178305108929 0.0022922960451353426 49 0.0 42.66988943785139 1.5972174001619381 -0.5084100819317701
1638 4126.69467936632 3241.363553051561 0.8667140701780618 0.009318534431678814 0.04723613573830558 49 0.0 36.67277514774303 1.4738543399486235 -0.4211364115172428
1639 162.6627312176094 3242.4256854120154 0.6347646577836313 0.9112426344509855 -0.5785632835637684 49 0.0 28.891067394259018 1.090362391785947 -0.09392715906234816
1640 196.1565680049284 3242.3250874337423 0.662247630299198 0.008365643956893787 0.6201155162558787 49 0.0 37.14116827885158 1.3874193840012021 -0.3555193946208913
1641 3116.4080099817106 3243.1801798306915 0.9192508497151506 -0.06094554511844187 -0.08408303585789008 49 0.0 61.98977469139535 2.3678561263827236 -0.9358882765711235
1642 89.45567012665865 3246.5526602577133 0.8283653094107312 0.16055547286070135 -0.06638485697534056 49 0.0 138.5475296192448 5.780687613755789 -1.9049487522356903
1643 1329.8113271414945 3247.178083774842 0.6926678812736995 0.30022785935664315 0.0411810501884309 49 0.0 53.347341636824176 2.1000358631780283 -0.8055667785578082
1644 1354.5434096120985 3247.3223241766227 0.5957303799433286 -0.15591934932851073 -0.2969534290649479 49 0.0 43.163108603914196 1.6782602484639777 -0.5621482698193111
1645 3160.331555622763 3246.538778592336 0.819288900777755 -0.21634603691674395 -0.050893103882077094 49 0.0 244.79019279497675 10.226151091150259 -2.524280512822586
1646 4544.230035109045 3247.9591897103146 0.9539291496194057 -0.02174102811479239 0.005157941842874977 49 0.0 541.712365286075 20.41394130220131 -3.2748171541897415
