m1-67/data/wr124-hst-1997-f656n-TO-f555w-OFFSETS.ecsv
# %ECSV 1.0
# ---
# datatype:
# - {name: 'RA, arcsec', datatype: float64}
# - {name: 'Dec, arcsec', datatype: float64}
# - {name: 'd RA, mas', datatype: float64}
# - {name: 'd Dec, mas', datatype: float64}
# - {name: 'Radius, arcsec', datatype: float64}
# schema: astropy-2.0
"RA, arcsec" "Dec, arcsec" "d RA, mas" "d Dec, mas" "Radius, arcsec"
-8.586510668359537 -88.00796395806236 45.409680504290755 -15.889565791419587 88.42584396558956
-18.328159195507734 -84.63902429428887 10.7200352913295 -19.059502549845618 86.6007265219539
-4.885272875462875 -72.26776058162905 26.81809489985005 6.545599205613728 72.43269365123776
-47.02147871682539 -58.52654423069492 -16.573722602747015 -11.99704391397713 75.07580023523451
-29.410098473704167 -54.886215170295294 10.238390177547002 -12.655971355688203 62.26917766870838
-60.558192158828334 -53.82617950556374 8.935214613740687 -27.85600082955882 81.02192391236265
-43.48938742847205 -44.93695391494066 27.50633440220608 -43.72294542324548 62.53524299252474
20.521572074965487 -44.55115085840207 18.255975697023985 -20.346317487948284 49.050381819975385
-40.03043554186466 -43.60742003731696 0.5437898801036155 -18.817777647327365 59.19495610358086
49.997635081712275 -40.41325363168763 22.01192786294905 -17.9935984695314 64.28837026150407
50.019691665551655 -40.09553278269588 48.68498958000819 -22.256609727154572 64.10632786185721
24.32117465447145 -36.82538180614658 -30.647879931633987 31.21617421335333 44.131941668814534
7.778156235852926 -35.09380057670341 15.998258619248276 -18.484983500237107 35.94543855296399
8.193227190551394 -29.760609586368716 13.980669421329713 12.837069131718232 30.867828791193347
17.302462005818832 -26.725732075590503 39.808283522737575 -7.195285950264365 31.83771261828602
-34.90381817115939 -21.470746736587262 14.215232751566154 -17.26223964157618 40.978890711595284
-39.99585693865248 -18.95502425098864 -1.4679013213858196 0.914334094319254 44.260157163155334
69.98162936461033 -15.76669180923552 41.56847518839507 -1.5370316277371683 71.73574429525424
-7.892491457110916 -12.717247887167284 14.144854407007763 -9.906461512818868 14.967291509944816
68.5206425085808 -11.506581050700547 20.031067083286626 -12.962876189693459 69.48006802237094
-34.141639079539516 -7.938481406614633 -4.743522649967206 0.8799674325640298 35.052403705055355
-41.01997935179849 -3.270408891725265 -0.6021122825252304 -8.203757888312303 41.150143137055814
-59.043259405066266 1.0187521711439262 1.1166479473685982 -7.669740397323004 59.05204769639549
-54.00147051365771 1.3392273030016586 -11.510644830201153 -5.796170496424554 54.01807426570139
-20.040062392624836 10.4861622607532 10.158132695553652 7.9074691707894855 22.61777396887017
67.81036993283095 16.202413825585403 42.95120395633836 -1.3823050837097008 69.71918297529653
-17.494739361321717 20.66216104483492 11.6146957491555 -6.786507837856309 27.07380289760348
-7.944882941889291 20.966007246471936 30.742858754731724 12.896307121688222 22.42085245038499
43.95270712638244 24.871302755524205 12.812684508519707 -3.854180314929623 50.501704477610204
5.432297288355414 26.360548652449715 35.28174518313793 15.720313907334026 26.914464121113486
47.447576368572335 31.311249160554528 32.40362372006398 -0.10667094158428932 56.8477511425091
-32.91256079004905 36.9450714592364 7.565690428718439 -18.33995250439507 49.479035472589764
11.274137071093595 38.239297638730754 28.253555231401425 -1.7255297428334049 39.86665334771581
18.40027891554229 42.24700567247585 35.851848667409854 -3.951433954702011 46.08014483189573
20.86321329572295 43.48574705167161 2.068699659522161 17.795975485542886 48.23156496754606
26.787576946665663 48.703768020272435 11.630531129153635 24.51898851084911 55.5844518252437
21.811139628843733 50.02041492737819 18.997749568066812 -7.402252097335148 54.568926250148905
14.000064882566392 53.49148658735726 23.09439855441029 -0.391841563312623 55.29322697808689
-22.632596692153175 56.54325988150434 27.534156600709274 4.671723658499276 60.9046357695739
-31.66010580189666 56.69518484373545 19.428209749466117 2.742772309770964 64.93617064944233
15.866846938334074 65.16953337849704 18.982177721196333 -7.050345455197461 67.07328010586554
-0.8651874835059112 73.4026423818185 29.833098957055398 19.065349971638607 73.40774113117303
-36.850983686379216 76.60297264056759 23.3353562269894 6.076844108988771 85.00594304859928
