m1-67/data/wr124-jwst-2022-f1130w-TO-f1280w-OFFSETS.ecsv
# %ECSV 1.0
# ---
# datatype:
# - {name: 'RA, arcsec', datatype: float64}
# - {name: 'Dec, arcsec', datatype: float64}
# - {name: 'd RA, mas', datatype: float64}
# - {name: 'd Dec, mas', datatype: float64}
# - {name: 'Radius, arcsec', datatype: float64}
# schema: astropy-2.0
"RA, arcsec" "Dec, arcsec" "d RA, mas" "d Dec, mas" "Radius, arcsec"
47.535655339968244 31.45731994303031 1.5639962558266507 13.839385780457789 57.001767420671186
21.856745381072162 50.12293462192356 3.2552794588218292 18.66401808988415 54.68112914307444
14.0213630148369 53.57171314541628 4.610894267816645 10.709370420760417 55.37623195658235
11.314276173012207 38.29303961183131 5.651741930716971 14.649455527881369 39.9295595588507
68.63610455564478 -11.316842097494678 3.3517309118146694 12.391137748920775 69.56281879652423
73.77836807939518 -31.436833747070374 -2.6746804265342323 11.409774136422822 80.19677094715306
5.477390688445354 26.37154017434378 -6.386682752787746 14.588170198324033 26.934363548418542
21.38878645991975 5.2482873372800265 -96.99252085374943 94.02532183870952 22.02327646165327
20.835795314682855 4.898117385468996 -73.27931026510345 57.19019009277688 21.403782848754847
1.7241708003548144 18.7928656708768 3.769950703078609 -124.42505897284335 18.87179284179928
20.19434886425442 1.967762501232683 1.3456650136293005 48.601965515424894 20.289992984234072
16.339691890722346 4.1985584267025144 7.821768005342948 89.9907418540576 16.870489735303366
15.562912122528191 4.492092123609937 -28.107763165718463 -1.0981903921411726 16.19824451421553
-1.6860640579183135 18.57385932689811 3.1475061000915683 -170.16868721141856 18.650229550729534
11.695545246464082 6.976220885796927 -83.0642375839728 -33.70465208886048 13.61812896132749
7.131787798137172 10.633561561279187 -78.40781844926747 7.6679320649699765 12.803711517808996
-1.4036317120974364 17.771306254835988 -27.983788645389613 -158.27587147379327 17.826651620024574
14.084827139280193 4.182002340950154 -15.99628588784035 59.10479611829771 14.692566116854913
0.3753619451454741 15.219436241040473 -170.12354376680574 229.19620049968248 15.224064374677708
0.07204489455290676 15.543313046099325 21.53259001513258 -26.61494241468117 15.543480013054783
-1.3072582509871549 16.527846558062215 -8.956741535274492 65.46633119719694 16.579464285016993
7.149982561076643 8.912331880711918 107.5990215487084 -133.7986136443695 11.425931478223918
7.691314722035988 8.393130120216581 -95.8928627895616 42.542136124659926 11.384241535338806
-0.6873997216638147 14.983421585537247 75.81189092934456 -55.9415249526397 14.99918133722092
-1.8459790924498605 15.64454174803151 85.6616924075729 199.2706547374678 15.7530735194568
15.983694612053936 0.1781670436405329 -66.09725357250336 -58.01293379591739 15.984687577501346
-3.456369353557132 16.46827477366605 19.005709479934286 -150.38447531623436 16.827078269953105
-1.7539102490461673 14.733060630731563 153.13820048691264 96.29817542302555 14.837091248107338
13.846205460721455 1.2063413863514354 -73.2519354294267 118.57492380539853 13.898656956627857
5.338198231031905 6.6475375814221875 -102.25379459102632 -77.5564968936327 8.5256152998352
15.166108567817343 -1.7960743668335624 119.7784692826175 149.9467436082333 15.27208997548148
11.321399153721615 1.3054996941493142 -53.039609743454314 73.27824590774749 11.396420852495247
5.232544267638441 6.018323451778976 -62.21656311420936 10.502290712620843 7.974944305512308
-0.2717618429525849 10.348070576078515 -24.654406925182858 -80.79020323018356 10.351638476439307
3.852986567415884 3.3354647195901177 36.693690198159324 132.15860199298336 5.096158394683018
4.037608467254625 2.523280373875602 18.654156665595192 -63.83177353426215 4.761221059698664
1.2133048678329117 3.7651117191507804 144.20008547445806 -68.39667113807 3.9557774153653518
1.8655566154783607 3.1010341526455134 -55.01159836710496 -16.93282887695609 3.618938283725647
10.849087832455119 -4.633686143004733 -35.7101959587892 6.534479277819749 11.797192634204396
-4.801263293529105 8.404367361264086 64.10201142504796 -68.98831408162249 9.679128057005114
3.49255519772432 1.0675586761290627 -16.43137917306637 22.975954577211514 3.6520711022881125
2.991810193742081 1.257978002413537 -33.315364264145884 -128.0616271855286 3.2455256724495256
-3.8905551662597486 6.914146633501967 26.705600844816104 -9.54979359558969 7.933589551141368
50.08516273414279 -39.98717877009468 7.000078171362103 1.2416036980777867 64.08976486670687
1.2847134595631338 0.957003069516439 58.6033711464015 20.55803395246357 1.6019811323861075
19.49125065786326 -15.7355343066388 7.587982095542136 8.519948383515636 25.050267291666998
1.177198327676908 -0.6191637486562622 175.04233248042829 -27.756306176407286 1.3300976094047416
-1.0857567924682214 0.9539137877151637 -83.43362877205531 186.97200114357472 1.4452748274687848
1.7749419740146823 -1.255447131107834 113.55323916838698 -90.52650024836852 2.1740668136238486
1.0259959544357158 -0.8906407182537746 25.030320329186036 -210.73382982722035 1.3586421852899078
-1.156964669329804 0.8098988276663293 -230.0161764980864 17.125485802659394 1.412268868460732
-2.8114245941424847 1.4111571763280684 -57.87004941113465 -8.831535716634031 3.145707046913078
20.93451850042111 -19.13321943875959 -113.74560738240298 22.065282947585725 28.360785420746737
-1.23192715734513 -0.7365101003033302 -176.6661414015444 -135.70082723524638 1.4353019365149837
-1.5739427210751222 -0.6201597392504447 29.35713370583203 241.92468978069937 1.6917132710458018
-6.332689226219252 -0.7667922092956378 -18.330805594258837 -39.37402807958127 6.378943731421433
-19.953191271995085 10.604302817288863 2.3712563114223992 14.679770390700124 22.596041242278808
-0.6415790002300382 -7.077678077269704 -41.917784455996305 -19.801875679373833 7.10669758598213
-6.564394435721152 -2.1166132576072045 28.145989907664227 62.54146980501823 6.897196965931438
-2.5249009405755967 -6.302829898876509 17.11511992585857 43.889192828156744 6.789756217402874
0.16475910064960897 -8.538271368555515 -74.80930079742566 168.279967544883 8.53986086093602
2.7209904309824067 -12.202420447228967 -70.36745753494979 47.52344324087842 12.502113968759279
2.9649951469853026 -12.773513635616686 -92.57846993963555 173.54541581361443 13.11311735667436
17.560357572516292 -26.277488773043086 100.48282219231713 163.33890493485288 31.604945382400572
-5.91860540172013 -7.282612844031783 -100.64556558900588 -86.44115138986912 9.384366772563958
17.554073436364558 -26.956153871036797 39.87365390204327 -211.96298892446885 32.16799222790881
-19.4525831452557 4.160899646455511 61.89771222368859 -25.953924421094626 19.892613625147007
-2.3287126080336145 -10.472477041124812 15.936861114074985 -132.28199239172272 10.728265366916949
-0.25903584159559256 -12.469947645762012 -28.429276512558953 -109.29572362299193 12.472637806622135
17.085597764698342 -26.946505757735807 -157.0657398210007 -236.7613155775138 31.90661094302976
-3.990464946257366 -9.511703794215588 -45.26013728223829 23.522427420577788 10.314859162631013
-0.18980108828134876 -13.112093827504195 37.47731893729225 -24.09561426305242 13.113467466475871
-3.2301615130636248 -10.708567374419685 54.80507668601331 31.42568212232558 11.185140079689782
0.03693376629177286 -13.7656076858928 125.9775512565382 65.67240541241284 13.765657233299228
-4.337658578704302 -10.096203111497719 -79.16120369341928 52.85727337546526 10.988566749078787
-5.914349358564192 -10.707850795338302 135.4983450901433 3.239860549559299 12.232644724614142
24.34120300509269 -36.648492884068055 10.062930013567616 9.315355196268936 43.995524638033686
-5.631154620290439 -11.193870934985794 154.0375552030255 154.78645409791713 12.53046881948636
-0.06505057876575449 -17.58076979726105 -3.037241554093815 64.71933288723979 17.580890143632534
-22.333406248735425 0.5585136827059448 -7.904812370769636 -23.463024241503195 22.340388810478753
6.133663873283547 -25.20361780662289 28.105182187577867 3.0112171310459455 25.93924021375887
-5.534810194540178 -16.980164523337088 23.33649382997717 38.65508150621486 17.859454388580808
-8.138360513873856 -16.153331722208765 -81.84344294987618 34.05430853181659 18.08764875399798
-8.97214138221585 -15.91733550460067 161.87616986353865 148.37684445537852 18.271860616491768
-12.19397917753743 -14.477936861460984 -43.78606377134873 57.54416381429651 18.92891395985236
-8.608288928957554 -17.985166985934725 81.1689378332502 44.46684985245288 19.93912910852356
-10.05916896421803 -17.2246982183937 14.96259701487338 64.81002282776603 19.9468571141072
20.557520833154193 -44.498022967464195 6.085581384037563 5.48919629833836 49.0171980458029
-40.97437220578202 -3.2164943323205017 -20.34363443308562 5.615736293512162 41.10042595044813
-68.44392974479457 20.256256922921224 -2.3608083495937406 12.935163968409435 71.37848028892479
-40.002309687520714 -18.95858256081221 -9.188978432250273 17.22643212366694 44.26751211154934
-89.67174933751389 17.59009588747011 3.1905522716604198 30.35889666705357 91.38070957850046
