m1-67/data/wr124-ALIGN-GAIA-hst-1997-f656n-TO-f675w-OFFSETS.ecsv
# %ECSV 1.0
# ---
# datatype:
# - {name: 'RA, arcsec', datatype: float64}
# - {name: 'Dec, arcsec', datatype: float64}
# - {name: 'd RA, mas', datatype: float64}
# - {name: 'd Dec, mas', datatype: float64}
# - {name: 'Radius, arcsec', datatype: float64}
# schema: astropy-2.0
"RA, arcsec" "Dec, arcsec" "d RA, mas" "d Dec, mas" "Radius, arcsec"
-18.344757462506934 -84.7162675592231 -5.648353246898247 -11.092836563274803 86.67973290568612
-4.897830090675853 -72.34939585698481 13.28509980273875 0.8426306645250612 72.51499030878416
-29.416976227036393 -54.95983946246144 -15.3169154385475 -16.54294322500594 62.337327690576736
-60.56472273286716 -53.88962833849779 -21.2203603257405 -32.79936514085485 81.06896816101646
-43.49301434981048 -45.005979153227294 -10.791180339127099 -2.7488132021607834 62.58738232864223
20.518068374901105 -44.641087438491596 -6.387050618286648 -13.049552780372675 49.130619891841306
-40.033628213187235 -43.67757531113764 -14.202058923336576 -23.25547190039351 59.24881390387693
49.99548125586418 -40.51281980639752 1.8303717764203333 -23.263145356234663 64.34933319416267
24.320194685146568 -36.91656008017891 17.515452886987525 41.92596756264768 44.20751374328186
7.777742911170852 -35.17957457919533 -18.725613760156165 -3.8198695864090264 36.0290959056709
8.194556165435548 -29.84651946371344 -2.500120736107385 3.424604737387204 30.951017339959996
17.304781946541272 -26.814617986321952 -7.390720519254299 1.9405064680026902 31.913621140227683
-34.89977905323183 -21.542577718649113 -17.37353199654038 -19.097783003725237 41.01313482647941
-39.99099577891804 -19.02519182399315 -23.264025929692608 8.402545657580697 44.2858630127488
19.50006575171041 -15.907314630430074 12.298635651742568 -11.596569110287122 25.165357583743532
69.9875258154992 -15.872788088281737 6.356668085986523 20.489533178389213 71.7648880846068
-7.885593703107384 -12.79790360277025 -10.48464633616993 -4.457930267604782 15.032262790276771
68.52793082474635 -11.612200326830767 3.6655777415120956 -7.129522515487721 69.50482353474509
-34.13317905700453 -8.01056196798605 -28.42878920069288 -9.207794612829142 35.06056210316363
-41.00999406272509 -3.340242549499881 -9.307619086045001 -11.986720631164214 41.14579970269915
1.2987720881409988 -0.1032131021776401 16.424381725039673 -33.6302803403496 1.3028667934474545
-1.249183369376313 0.0021986326551634776 -34.499283496376734 2.285669565793665 1.2491853043163257
-59.03187237073809 0.9548064351376025 -26.45328295480896 -6.55402794904731 59.03959358678797
-53.989978904401475 1.2736344303423734 -25.7977594597624 -2.855102824499868 54.004999460475375
-20.025583665687133 10.409473949101194 -46.63123263582869 21.421063610782507 22.56947382441658
67.8267106139176 16.09702469773846 5.4643582781644415 6.274079178533887 69.71066537830588
-17.47693629542562 20.584640686079673 -13.520150971541094 0.9133200940479254 27.003161545206062
-7.926981047497958 20.88536694441082 0.8732784703523231 27.117567197397932 22.339104295285853
43.97188172901278 24.773707317696797 -24.71521886607029 20.882642657103386 50.470416560153396
5.451960863857567 26.275537743187737 -20.74052723121004 14.072016145125437 26.835196306231275
47.46885459805031 31.21251153031398 11.519503967566497 -17.222280572357885 56.81120501880818
-32.88943755712787 36.87258733283718 -41.035959559142746 -5.838670526044535 49.40954146635988
11.297681036088981 38.15237752335658 -35.15199926899491 2.7399278328526937 39.78996740414289
18.425131750955494 42.15775718863132 -11.599641716942694 20.47575742382511 46.00828149900261
20.888470667858968 43.39569384330146 -11.655523380785082 17.524747250182852 48.161337653247166
26.81453863460368 48.61177897676833 -37.51619370325808 29.003887482742293 55.516885036572226
21.83853177585417 49.93005163322501 -15.503937855149296 7.213670935411735 54.49707805846573
14.028591485178568 53.40367501223091 -12.611717747600139 15.482834572048993 55.215522088206484
-22.603071229215477 56.467416285378576 -14.08084522624898 6.744937822780738 60.82325146007486
-31.6305303433263 56.62229059411444 -24.92621592728328 -20.007050027887043 64.85810833504156
15.899188574890285 65.08111121572655 -3.5825050602424406 15.364142725318333 66.99503881652176
-0.8301551865344192 73.3196862662085 2.6175814562764046 23.888329554169186 73.32438579203942
-36.8149042492731 76.53177333768775 -23.2624511429254 14.194487097667507 84.92614110450012
