m1-67/data/wr124-jwst-miri-2022-f1800w_BGSUB-sources-fwhm5.0-thresh30.ecsv
# %ECSV 1.0
# ---
# datatype:
# - {name: id, datatype: int64, format: '%.8g'}
# - {name: xcentroid, datatype: float64, format: '%.8g'}
# - {name: ycentroid, datatype: float64, format: '%.8g'}
# - {name: sharpness, datatype: float64, format: '%.8g'}
# - {name: roundness1, datatype: float64, format: '%.8g'}
# - {name: roundness2, datatype: float64, format: '%.8g'}
# - {name: npix, datatype: int64, format: '%.8g'}
# - {name: sky, datatype: float64, format: '%.8g'}
# - {name: peak, datatype: float64, format: '%.8g'}
# - {name: flux, datatype: float64, format: '%.8g'}
# - {name: mag, datatype: float64, format: '%.8g'}
# meta:
#   version: {Python: 3.9.9, astropy: '5.3', bottleneck: 1.3.4, gwcs: 0.18.3, matplotlib: 3.5.3, numpy: 1.22.3, photutils: 1.3.0, scipy: 1.8.0,
#     skimage: 0.19.2, sklearn: 0.24.2}
# schema: astropy-2.0
id xcentroid ycentroid sharpness roundness1 roundness2 npix sky peak flux mag
1 1560.61847781975 278.02053760530646 0.38994746453748574 0.02298765171515249 0.004128755936551915 49 0.0 41.29255407021945 1.4984029429964965 -0.43907154340240834
2 1032.2488894092241 374.6938435124533 0.3914502452603245 -0.044382562791053105 -0.08920483509582684 49 0.0 131.58363958114728 1.2648341921843984 -0.25508399334669984
3 1028.1793756507554 377.9890591852634 0.4014030479334191 -0.09732356538290689 0.9769313499409285 49 0.0 158.8720355443162 1.5574066711403032 -0.4810050766535282
4 1115.7482048347886 380.99931225056247 0.3979393908086918 -0.4951355662173386 0.3813850055772761 49 0.0 59.21541860724932 1.0365713212398606 -0.03899797267212497
5 1003.3237065280553 383.27638703445416 0.4130134470788374 -0.06402397843176137 -0.0002817921919542023 49 0.0 71.63920567038366 1.9068815108237367 -0.7008092695917306
6 1044.2389405910733 404.5760859232918 0.40616700931025557 -0.12809684086899664 -0.4357810786015798 49 0.0 57.18473864564845 1.1164475128129119 -0.11959577635218614
7 1032.12990554026 407.84531338112265 0.4023561652635356 -0.08304215239955928 -0.7702999053457058 49 0.0 67.30832671802597 1.0705360695626185 -0.07400326139307353
8 1138.720666728777 441.38284783792716 0.39652269138286067 -0.0606800832015234 0.18940079938888002 49 0.0 108.73460089113007 1.668562186140039 -0.5558559928564053
9 961.4515762670766 441.25284992137256 0.4073551823008807 0.2001234999413437 0.15090633302490347 49 0.0 46.391300446814114 1.0643256913126653 -0.06768636382602577
10 911.3944132010405 447.7337309895294 0.3954916786309757 0.6646395256992257 0.03796631503523606 49 0.0 99.91907609058796 1.5545494395100994 -0.47901134628735326
11 1029.1382194914606 451.461438835937 0.4106070476065358 0.1116568847284051 0.7650545374777133 49 0.0 76.86863101440306 1.2332074663825152 -0.22759036368245866
12 993.1983390178483 456.9559699142883 0.39237698304251756 0.1833813706407981 0.7185217825230217 49 0.0 81.45867304197336 1.080605164740929 -0.08416759728502377
13 922.4285642290795 459.65801458150474 0.4134296376621621 0.16444815766848153 0.302550691745678 49 0.0 221.70952756825272 1.7057661169264113 -0.5797987085038346
14 926.3592720676764 465.0418174847292 0.4018888647589583 0.24357531107768277 -0.06224986590963669 49 0.0 349.552262057965 5.095755376947325 -1.7680214285223737
15 1151.250013244897 470.456796609127 0.4044703223916045 0.1517494277220082 0.3915332656579339 49 0.0 49.862279763193555 1.2132941839038607 -0.20991528937946935
16 818.7479035073168 475.3765041843511 0.41234822161852897 -0.044344110398266356 0.2798864684100962 49 0.0 69.04610873784432 1.4530200717827604 -0.4056790340318509
17 1011.6381973898891 475.9843663979054 0.3948170369399496 -0.16357545531447643 0.682092307034674 49 0.0 245.4045588360908 2.958744681484163 -1.1777687256705573
18 1083.6097957817115 477.039461666878 0.40320538910407694 0.36088688602922664 0.3545689856269764 49 0.0 132.15316475820356 1.957152650616796 -0.7290617508275175
19 1072.505159159123 478.40397172524536 0.41088743274638145 -0.11953798639446118 -0.31475390850625506 49 0.0 94.12242108347874 1.6806293141080464 -0.5636798359633125
20 937.5139121142771 481.7944464426673 0.4002428771380782 0.052040657775486915 0.15216369840797328 49 0.0 30.9709948199353 1.3156454988170796 -0.2978472105662013
21 904.7296997601308 487.4385655889597 0.3892596677939715 0.3810294080543547 -0.07331523446406006 49 0.0 246.01908613071515 3.598517779309472 -1.390309131902896
22 1063.4430431557828 487.2943041644689 0.4150935639418643 0.05553388236365936 0.11155213768746924 49 0.0 139.61551365660125 2.6813990040650486 -1.0709036093419995
23 826.0826060120671 489.1867059843394 0.40004997717431007 0.28894655099428623 -0.31525353489977814 49 0.0 71.37515888735436 1.325181701327417 -0.3056885758209941
24 1010.7902969906343 488.5478428320914 0.4167642837152698 -0.035306397894207815 0.13669926318722178 49 0.0 239.89871360267045 4.873273783097185 -1.719552027400641
25 911.4598006070952 491.14738951622627 0.41278637856206746 0.2491017269131423 -0.4474602792435966 49 0.0 305.4327328689632 5.080020393618417 -1.7646636393801556
26 1095.956745495545 490.3147599732438 0.386980414681637 -0.18284725436729024 0.08604206039709397 49 0.0 35.20981701253743 1.0419135270963211 -0.044579191210893834
27 1050.2198428641852 494.1727309132375 0.4172534642230917 0.35634989233104447 0.3243447333560352 49 0.0 51.23776348661582 1.3031146190263394 -0.28745654239235524
28 934.5518380767073 496.69786532258854 0.4077756790810921 0.13310001149519501 0.0059612991613808165 49 0.0 175.3143253294624 1.9586939835791255 -0.7299164733146545
29 916.7365409439489 497.0390551578972 0.41206025832195214 0.42403335518293317 -0.04972469619129262 49 0.0 143.32283821240776 1.677334237551132 -0.5615490295930026
30 1022.012369503959 500.4235087431164 0.42109656181221405 -0.017541329355606865 -0.0665588651846191 49 0.0 278.9737201083244 4.6969110064303345 -1.6795308289324788
31 1026.7994287624279 502.4161425320307 0.4114246628844984 0.20454945956403214 0.39708669992565826 49 0.0 265.4420602779751 4.336597450440492 -1.592872775359049
32 919.647481903168 503.598032197102 0.41566701634917125 0.7583024596741496 0.025139589525767805 49 0.0 74.72939762806192 1.498063133263219 -0.43882529083532396
33 932.4949168404198 504.0251940836731 0.4140325003134274 0.30042030867082514 0.5357297455228699 49 0.0 135.99051103116767 3.5832433694901438 -1.3856907647895769
34 896.7091758894272 508.48487352202807 0.41441323257038876 0.26126573648457846 -0.8668748551525923 49 0.0 153.47540388511368 2.833830067056704 -1.1309345096689625
35 1132.9386615167346 509.2234844860262 0.4018442820774387 -0.25197293740200194 0.1182192173079143 49 0.0 135.48604852837389 2.4181156938605333 -0.9586926892060295
36 904.3491130086376 511.4667385855613 0.3941610504992328 0.4252263008421536 -0.1598559706338563 49 0.0 199.69368833403837 4.425272605461915 -1.6148500731220181
37 926.559291871673 512.4554758243623 0.41159562304470976 0.17626093903244874 0.4091039585374813 49 0.0 60.34815009833318 2.3399678910801414 -0.9230247452108395
38 906.5853467648445 514.0403727655699 0.4019354316478717 0.41910480004996686 0.01222533174422181 49 0.0 68.48917070525482 1.4752034342349187 -0.4221297868422468
39 969.2728609146537 525.730708912494 0.4157086004120457 0.6700451361783119 0.3287544797165704 49 0.0 116.99173610287272 2.7982374899453735 -1.117211427101302
40 1022.2653518808511 527.0948286921475 0.4082826709578294 0.42264006995627557 0.5124763053093373 49 0.0 160.01255660500408 2.511545790841889 -0.9998527517084249
41 1139.374921740396 523.3985028532803 0.399028575974297 -0.11780084568755976 0.31709923021990677 49 0.0 36.61284957718516 1.280379406994847 -0.26834670136294486
42 1118.5731375203732 527.4898925133054 0.41170302581344226 -0.005321717078209967 0.7130318644450415 49 0.0 92.90204198847192 1.2967982679628591 -0.28218105446489733
43 1094.3997611939553 527.3097043821821 0.4168708603097988 0.03085550224646101 -0.4519031777109374 49 0.0 69.20225810356166 2.1497866385883153 -0.8309883982985206
44 954.2301038329814 531.9155274631858 0.41325487351119455 0.1888787827900745 0.21125724565725185 49 0.0 116.37811801747725 1.2982838011662055 -0.283424095968368
45 1024.6773069824421 531.0832820593101 0.3979321632927335 0.38900580532839923 0.36246958326261697 49 0.0 179.14854163930278 2.8821662016237504 -1.1492975525471785
46 1111.6054266593642 531.1184003467313 0.4025743131098169 -0.23560160724742255 -0.7174277620473529 49 0.0 96.19441904627683 2.1008981917481533 -0.8060125181718516
47 961.9363118684214 535.5349907295143 0.40498395018027994 0.3434445737386644 0.9520709966420278 49 0.0 223.0357589852935 3.3943332257104903 -1.3268861881947793
48 1042.5475521289914 543.9308726374658 0.4036013686515345 0.14480413993624833 0.0299368008948699 49 0.0 30.973592014085625 1.0661780387074653 -0.06957433154816538
49 1099.2508499832074 553.2738382431747 0.39610312877608156 -0.3743812573725489 0.17493626285525843 49 0.0 110.42906553186322 1.3891419790337203 -0.35686658907356983
50 1150.0792169673966 551.9399402229576 0.39076070691068354 -0.6043615539992154 -0.2056027924198923 49 0.0 75.62213936740164 1.0109071015948907 -0.011778118654936559
51 1030.8309046213792 556.0488178766311 0.4010439674388048 0.09940621041445047 0.15623615433265073 49 0.0 44.050927601616365 1.4404586519370577 -0.3962519911587467
52 1101.1759372406016 557.1303310973726 0.39878438602428223 0.13813596472849482 0.355740765615774 49 0.0 116.12246102123882 1.4869431080103148 -0.4307358807032492
53 1038.0907463467793 562.5909174299248 0.42136094650782485 0.04840566543490067 0.181517949762565 49 0.0 16.538129316927296 1.3271496510167313 -0.3072997430056946
54 1011.7070017972263 569.5261533363962 0.43073545531256424 0.15223028124009177 -0.25923372401239714 49 0.0 198.83995605632333 3.0972487080560147 -1.2274402011539385
55 1018.4826251439803 571.7057255601363 0.41538631554147437 0.27232547370408894 0.34429464273121513 49 0.0 379.18886554814895 8.774645286044565 -2.358073922979358
56 1125.3135332716513 571.5242681569816 0.40929352170754774 -0.010891118496702332 -0.25772217956230226 49 0.0 138.9005701909046 3.6634430665024125 -1.4097236164133906
57 940.456837189235 573.6905268903839 0.3991184313186943 0.0396775976141405 -0.9116138539653988 49 0.0 207.39128015985662 3.294048053225268 -1.2943248258050064
58 1041.8890887846474 575.6811790071795 0.3996439123572266 -0.2516668307476922 -0.3580501376613029 49 0.0 123.59717648331838 2.4458617895110843 -0.9710797808220468
59 1038.3238841394348 578.0939506438714 0.41572347748910615 -0.967519423029125 -0.5101654694513029 49 0.0 104.01034858003197 2.0464702462957183 -0.777513587010366
60 956.3658917780978 578.4731781060455 0.3965050222199834 0.022729046444596744 -0.09508285585418247 49 0.0 112.59709510583411 3.2372260938052 -1.2754325809616238
61 988.4362538689998 581.4881265351491 0.4134226523216909 -0.0992343265852541 0.27429063178129376 49 0.0 74.47739759252693 1.5239431850260639 -0.45742194032782757
62 1601.901102605308 583.198861943405 0.3910599767266736 0.039236672053580744 0.014195394721479173 49 0.0 58.19249137760541 2.1120922223168144 -0.8117821932350254
63 1027.310839098584 589.4462495785459 0.41050404865138224 0.7989346085441033 0.5626531187158033 49 0.0 392.471787050829 5.385561594484797 -1.8280774931652388
64 1009.6371758928925 588.8003457664158 0.456329129688076 -0.08995382832055696 -0.5097768577096844 49 0.0 -69.06286150643808 1.2475324561913719 -0.24012963295591908
65 1024.8396735324695 593.5128950873578 0.47664705827600684 -0.9411607553796493 -0.7376164944089623 49 0.0 425.32981456651305 9.460487103054005 -2.439783745000866
66 1041.2736032864354 598.4372376586399 0.46059813439545516 0.09927842029187291 -0.3021903012786874 49 0.0 50.91321703029831 1.3494015369704067 -0.32535300120408533
67 1249.8801844065067 596.7860982515473 0.41303255618115264 0.023705334296324137 -0.04818886968697888 49 0.0 49.18713579099452 1.5342765737037969 -0.46475913502757815
68 959.6046116584619 602.0532458917554 0.4023479816740099 -0.09046653693146138 -0.5044987326593874 49 0.0 45.368280756890044 1.2457498739058452 -0.23857712971008752
69 1003.5436485628592 602.8067477393539 0.45073069682790634 0.8068389986813126 0.5385176798460748 49 0.0 -51.33170174350579 1.5646532354459612 -0.48604525627301065
70 1041.449095935232 604.9208237374664 0.454653727318992 -0.1114475638598687 -0.12628968465569407 49 0.0 48.094045773233944 1.4144665062167883 -0.37648167015511486
71 996.8741296521536 610.6291488810632 0.4082503549957563 -0.22549422675194608 -0.16788924473387112 49 0.0 241.31457036863333 5.4462338039953515 -1.8402407036030848
72 923.0925282900926 614.1104413010399 0.3968712633772456 -0.17221470415109993 0.020548692743073055 49 0.0 64.64333012454199 1.2911509794747331 -0.277442572588886
73 1015.6506707708827 617.7969670320306 0.6067709184654059 0.28674886643713743 -0.10572980374970932 49 0.0 36.90041373509419 1.2795320985773249 -0.26762796287757695
74 986.8137515594274 617.4546386542693 0.4000060356336337 -0.3243886699516684 -0.9381953620923067 49 0.0 89.17324059615521 1.1105281157690017 -0.11382389565959024
75 1029.9269755507373 619.8811703531647 0.461046635882903 -0.20885278460789533 0.3799032529096896 49 0.0 28.040860957996642 1.2206409959747262 -0.21646987977856968
76 1020.1734760701191 621.5067536023986 0.46571910778414405 0.05857916920221289 0.29919311112918484 49 0.0 65.18253613646823 1.6803709174265775 -0.5635128912364538
77 1046.739890435642 625.2100979025673 0.39493859753156985 -0.11329298830319312 0.010714164197648585 49 0.0 166.99324394129428 2.6557890721305677 -1.0604839489091962
78 935.7755818351346 635.2090975663065 0.4121258243289167 0.043436711198319655 -0.4655096463757755 49 0.0 56.20040554572199 1.8681956908883763 -0.6785559150425547
79 985.6558232491941 646.6371464480177 0.4155289710485495 -0.11549588016032118 0.427185438018683 49 0.0 150.10199420813368 3.152536532124031 -1.2466503198796113
80 825.525323246778 647.4606395831554 0.4106053514736377 -0.03847120085527991 -0.18275313589663672 49 0.0 41.08995432115232 1.1519809693820064 -0.15361326160546346
81 1071.8322202659965 651.1965136896163 0.4050929577564255 0.03362092931624418 0.04070215736063176 49 0.0 88.80908760325065 1.1677821612327908 -0.16840459196248314
82 1053.1485499158143 655.5072760631255 0.4125399218096315 0.7667661725867673 -0.024699844127280997 49 0.0 98.6593420592288 2.089902825479626 -0.8003152328145855
83 1061.9750870612795 656.2819710597705 0.4197573406088269 0.2714818834294394 0.14767331230334071 49 0.0 168.44544075426657 2.87401829756328 -1.1462238219045888
84 990.3521583733019 655.5225805424935 0.4071729797249424 -0.26707342882643553 -0.24245119123220277 49 0.0 166.11730817816235 3.1714988768277736 -1.253161404825125
85 987.3967755128286 656.7752224142945 0.41457753293697913 -0.6717635342193876 0.507805754121141 49 0.0 127.93924202561524 2.030538457397677 -0.7690280480685083
86 1043.9687701394992 661.070612251116 0.416430064279115 0.2699543073857073 0.34372636003898227 49 0.0 233.62774658238013 5.378066673864906 -1.8265654550715564
87 1074.0375417180408 660.2028205848685 0.40794667074406155 0.3360517074504749 -0.1393849303357471 49 0.0 198.72199621016512 3.2086339941021498 -1.2658004508820113
88 1102.6097984862308 665.5130730056993 0.39741194644862693 -0.19179943659264756 -0.44345736384475576 49 0.0 63.24132479459843 1.1256346137971212 -0.12849359848222514
89 1113.6561272653225 670.0135620014102 0.4088475333763255 0.4248885245823234 -0.013062536127127234 49 0.0 219.1147989335904 3.1974250422240984 -1.262000930077645
90 1117.1548471766214 672.0828458506036 0.39712743740350426 0.02895445132714698 -0.8584149203504753 49 0.0 243.54459461151436 3.642398174378784 -1.4034685490642071
91 976.098749163642 677.507375890556 0.4038341823964259 0.25055688427287404 0.4362925613905735 49 0.0 50.62693189239761 1.3242624224304351 -0.3049351389684662
92 950.1339102995184 684.0259361312386 0.40122017570624763 -0.048305874116778696 0.4244417259274231 49 0.0 121.43619971609178 1.986117445277128 -0.745012315241918
93 1299.2330716290676 684.1740572631379 0.4503011854014736 0.04117291585172255 0.01740836192253969 49 0.0 547.1790436071503 18.194397053597974 -3.14984417005377
94 1026.409077158204 688.9611796291535 0.4019748401960275 0.0527327279182802 0.3632271188553418 49 0.0 106.4101851775786 2.5699625590409823 -1.0248169907014424
95 867.4647239238553 689.302202843567 0.4221172967764667 -0.048868527539773034 0.3421161079182609 49 0.0 112.3655230406589 2.002223438444749 -0.7537813525247179
96 999.6893886780842 686.0880086622592 0.40112608730784616 0.09341468720930718 -0.11195447495227803 49 0.0 103.99311339047532 1.6206383061918903 -0.524215249717797
97 1070.1659951731083 688.2729081960782 0.41198612543616453 0.3936355396567888 0.017293344181510004 49 0.0 109.52593795086449 2.827136238122962 -1.1283668435083591
98 1094.9536525544008 691.5147555409692 0.4039932145003074 0.125641725643684 -0.29356453204956917 49 0.0 222.4879534632505 3.031398198325275 -1.2041074703950168
