m1-67/data/wr124-jwst-miri-2022-f1130w_BGSUB-sources-fwhm5.0-thresh30.ecsv
# %ECSV 1.0
# ---
# datatype:
# - {name: id, datatype: int64, format: '%.8g'}
# - {name: xcentroid, datatype: float64, format: '%.8g'}
# - {name: ycentroid, datatype: float64, format: '%.8g'}
# - {name: sharpness, datatype: float64, format: '%.8g'}
# - {name: roundness1, datatype: float64, format: '%.8g'}
# - {name: roundness2, datatype: float64, format: '%.8g'}
# - {name: npix, datatype: int64, format: '%.8g'}
# - {name: sky, datatype: float64, format: '%.8g'}
# - {name: peak, datatype: float64, format: '%.8g'}
# - {name: flux, datatype: float64, format: '%.8g'}
# - {name: mag, datatype: float64, format: '%.8g'}
# meta:
#   version: {Python: 3.9.9, astropy: '5.3', bottleneck: 1.3.4, gwcs: 0.18.3, matplotlib: 3.5.3, numpy: 1.22.3, photutils: 1.3.0, scipy: 1.8.0,
#     skimage: 0.19.2, sklearn: 0.24.2}
# schema: astropy-2.0
id xcentroid ycentroid sharpness roundness1 roundness2 npix sky peak flux mag
[from data line 99]
100 1105.5709416397804 697.0311319698743 0.45464558925741994 0.8685817491836259 -0.040119363602123086 49 0.0 128.2925418910624 2.882858128856191 -1.1495581760616205
101 1054.0975427874057 697.5697514309278 0.4925536648224384 -0.16381530842087427 0.46860416986296827 49 0.0 53.97739686810975 1.8297178351794559 -0.6559603034615271
102 1046.8908949422844 711.0057298241647 0.4342183335356336 0.4683816496779492 0.0029738222144206805 49 0.0 102.19606163009632 3.8626212505136754 -1.4672053136728525
103 1406.1895545070058 711.1302425120945 0.4088813040784761 0.1218683775774533 0.07622610510452751 49 0.0 302.9322999927519 18.064216145150187 -3.1420478027725944
104 1051.6805934185236 712.6719954264952 0.4943247370037543 -0.10754062429019975 0.743602628018289 49 0.0 103.10079467371561 2.590859390594423 -1.0336096097069594
105 1079.1339678210131 723.8458445193982 0.4861543593445775 0.4628265562207663 0.40800035565544956 49 0.0 30.255873659817347 1.601776224378013 -0.5115046075446062
106 1127.2515419876368 723.7489126947922 0.4552540838750274 0.5831266816169581 0.6667122989162706 49 0.0 58.22656421097481 2.314297800176824 -0.9110481063448223
107 868.3961309596032 730.1835309933131 0.4399378322696897 -0.5864820352924399 0.0922564216377522 49 0.0 44.03387628581254 1.2349337011989523 -0.22910910658772207
108 1214.4032790258416 739.5767127931696 0.44231290427115644 0.5326458681920406 -0.21678856290190868 49 0.0 47.119273713594126 1.72427392388385 -0.5915156510843196
109 1086.2811792980474 751.7212928572266 0.49562398029061966 0.257058491815884 0.25665314377256426 49 0.0 34.04843424322963 1.2618102514328844 -0.2524851286502007
110 1169.536611075181 753.6713096817128 0.46799404229189784 0.03540654045986954 -0.02379939965485619 49 0.0 35.877582661027944 1.5114207703350802 -0.44846346527461084
111 1254.9129071279842 759.1055266059973 0.46454205662437364 0.12308950218045211 0.10738197623707668 49 0.0 18.567695165929727 1.0959712563086776 -0.09949791048441098
112 1063.606615343746 761.3323774185268 0.43303836546717805 0.5907246302583361 -0.003105043746226137 49 0.0 214.0532945750962 7.290780988713794 -2.156935131124752
113 1056.514044263521 764.60744280463 0.4809974029257024 0.5720351498785627 0.34988841748633126 49 0.0 132.1920196034356 4.996684395951502 -1.746704797748283
114 483.6685808211152 765.3770987747884 0.5031283409951486 -0.06888179280169392 0.05129582602525178 49 0.0 23.228660359064936 1.2355142646574655 -0.2296194098091483
115 1106.7474422922314 767.3401112777756 0.4926101065282932 0.5881845794476447 0.3011831139970285 49 0.0 25.726926743698847 1.0198862405875804 -0.021379331756928535
116 1026.013365986592 773.6514701244378 0.44070549329722647 0.01627431950078452 0.33865300364357576 49 0.0 65.81932439339215 2.4648550115046124 -0.9794784453866684
117 1071.1344656117712 776.6300707751587 0.45438023524078575 -0.44417115044922667 0.23637875457280733 49 0.0 111.309047144206 3.1685252674447173 -1.2521429369047303
118 1056.7406493527897 779.9342175389276 0.4417175417111132 0.26382077779815627 0.27045287356765274 49 0.0 154.6173571557151 5.008887063207773 -1.7493530990987052
119 1083.7863855975152 780.4010975354211 0.4318529710425507 0.8434730310860377 0.6686347280972453 49 0.0 36.75280840565653 1.2295161568692692 -0.22433560026118854
120 1426.3289406669337 787.0642720598772 0.39443031202024115 0.0820535138822073 0.045216726910253746 49 0.0 250.4375032704825 14.901773085599794 -2.933094864902914
121 1283.0821447944768 797.1884799342021 0.4600575589660362 0.11676632135465947 0.06320696536879727 49 0.0 24.713452423476397 1.4540425635744663 -0.4064427990705539
122 762.9186374260433 865.3715518192215 0.5061318270221538 0.0711639816616707 0.10324692256396226 49 0.0 42.74388911572822 2.26680233754134 -0.8885341295424719
123 437.169654436692 865.8008821834699 0.505046889004865 -0.004519395146499361 0.0075691739982328005 49 0.0 104.64271622997613 5.50409167919701 -1.8517141478423327
124 306.218641483061 915.3447506267423 0.5045266108395171 0.10876166913521795 0.04893582173440558 49 0.0 20.19748449526914 1.0779788380233233 -0.08152558807321286
125 861.9128743604451 967.4439916840031 0.5076297496107135 0.010847662908794893 0.06369811573509455 49 0.0 39.31905174255371 2.088921697759862 -0.7998054024063023
126 307.4776645838649 1008.5713159808704 0.5226582243748256 -0.2058208816897206 0.05863949845067907 49 0.0 68.99960206899385 3.5613059941742558 -1.3790232267102494
127 337.1048759844308 1095.2644291695672 0.4944841376370789 0.0834208129338404 0.08881635454310469 49 0.0 158.08655680757383 8.53588473382063 -2.3281213546646153
