m1-67/data/wr124-jwst-nircam-2022-f335m_BGSUB-sources-fwhm5.0-thresh30.ecsv
# %ECSV 1.0
# ---
# datatype:
# - {name: id, datatype: int64, format: '%.8g'}
# - {name: xcentroid, datatype: float64, format: '%.8g'}
# - {name: ycentroid, datatype: float64, format: '%.8g'}
# - {name: sharpness, datatype: float64, format: '%.8g'}
# - {name: roundness1, datatype: float64, format: '%.8g'}
# - {name: roundness2, datatype: float64, format: '%.8g'}
# - {name: npix, datatype: int64, format: '%.8g'}
# - {name: sky, datatype: float64, format: '%.8g'}
# - {name: peak, datatype: float64, format: '%.8g'}
# - {name: flux, datatype: float64, format: '%.8g'}
# - {name: mag, datatype: float64, format: '%.8g'}
# meta:
#   version: {Python: 3.9.9, astropy: '5.3', bottleneck: 1.3.4, gwcs: 0.18.3, matplotlib: 3.5.3, numpy: 1.22.3, photutils: 1.3.0, scipy: 1.8.0,
#     skimage: 0.19.2, sklearn: 0.24.2}
# schema: astropy-2.0
id xcentroid ycentroid sharpness roundness1 roundness2 npix sky peak flux mag
[from data line 291]
292 1636.1381620698749 798.1104095798083 0.8951171866247325 0.0056997451898741485 -0.04356356011632602 49 0.0 103.22587507414012 4.056028676030717 -1.5202525419706685
293 330.65834289203025 807.2965667114795 0.8094205862029727 0.35231754812234106 -0.21578676355266282 49 0.0 40.21814791280729 1.6113213138721787 -0.5179553794890605
294 336.8262479264982 806.6160395507526 0.9412409293379038 0.01080757836332913 -0.03808826859491778 49 0.0 270.34798939744985 10.031526503538851 -2.5034175622669124
295 538.7179473074204 808.1103589490759 0.936026586274348 -0.14347966997529107 -0.03798542243256657 49 0.0 32.280168538287036 1.2186797356302765 -0.21472397421216655
296 2144.0906501747204 809.8195140715094 0.9390344756977498 -0.06965897854631267 -0.031543609173373205 49 0.0 39.21007420047815 1.484971835562981 -0.42929554191830144
297 1972.2574224988111 817.8125682450295 0.8809780818048467 -0.09275517295683734 -0.06523679683364343 49 0.0 99.62805709434085 3.962995925793516 -1.4950590646316488
298 1389.1359310417884 818.7566640893423 0.6864657486175938 -0.3447918842619915 -0.2330797633875127 49 0.0 79.9211939959995 3.7579010754846323 -1.437363358426286
299 2147.458263279607 821.2126173795511 0.8665692729972806 0.026342022912241855 -0.12614984963009518 49 0.0 157.91202569440176 6.311201603951801 -2.0002801335637628
300 426.6483666169484 823.2627294448592 0.860165715926899 -0.10534816976248304 -0.03683941724300272 49 0.0 48.1787330784676 1.9548020400545434 -0.7277569589780795
301 2168.464104942414 826.4571042756919 0.7325413557675411 0.17088478451790567 -0.07547715546954377 49 0.0 29.4199925819124 1.3252703879555872 -0.30576123533708766
302 1213.683666460909 830.5459396260514 0.8543260345600348 0.1412402579484953 0.013357549524248273 49 0.0 177.17646088022647 7.163838799152747 -2.13786451195906
303 375.32218429138106 831.7182023880774 0.8092714105566315 -0.1220028304163393 -0.060054271387493745 49 0.0 52.88163361421854 2.2384913787008593 -0.8748885652151733
304 959.0359518072061 834.2446766105384 0.8735243130320262 0.023412843551512873 -0.005638039107388683 49 0.0 98.7565026336083 3.956543333073178 -1.4932898164841757
305 1233.7225287840674 835.0262334180675 0.9365498250930105 -0.04246064776010452 -0.04421154656351609 49 0.0 238.3650942957124 9.047719732818345 -2.3913478479478845
306 1955.8619959885602 839.9858704622229 0.9637356789069639 -0.01964954221236292 -0.027614905264173418 49 0.0 87.19121127573243 3.2508456277187325 -1.2799908668180482
307 144.4441668309367 840.4851283996557 0.7334000758927782 0.21674175534598325 -0.045629060150979804 49 0.0 102.14435372995922 4.6234060381857205 -1.6624050896410483
308 280.54189895629156 847.0900419166064 0.8353784239640006 -0.0844411869651744 -0.07242686183178129 49 0.0 94.90765570718773 3.935602248799179 -1.4875280001347781
309 1685.3681189854528 846.870977543586 0.8682493790598134 -0.08828836427066643 -0.0938160721414468 49 0.0 31.59328518652229 1.271534313557269 -0.2608202112940651
310 331.6595942782741 850.2553774253482 0.8661434257902061 -0.12180336538222722 -0.06855699442840246 49 0.0 31.6927743284685 1.2800048249305727 -0.26802901676962
311 1053.351301311893 860.2932663024152 0.8412577721932883 0.10751316682772342 -0.018815991958934467 49 0.0 82.49787235975818 3.4022992082614802 -1.3294312602452272
312 1379.989018197622 863.3557898861152 0.8486740407806179 0.048003144713268886 0.060438496825092246 49 0.0 70.33894516881719 2.8500144991322527 -1.1371176735976898
313 355.4951140353358 864.8315966924117 0.8786741227899555 0.0652652822136743 -0.1112236233054173 49 0.0 34.0745579227966 1.3545967973637805 -0.32952511120242867
314 2052.881769656415 868.5563663352235 0.9152552449059225 0.04277045901648429 0.0002649998820437821 49 0.0 225.30448043371743 8.687172271021705 -2.3471960846942572
315 759.125071611947 878.0708319800585 0.9276444604396692 -0.004639474959243057 -0.004049337858300175 49 0.0 36.342423712470826 1.370259833416774 -0.342007318474022
316 984.9485848485435 881.7139306956292 0.8761547147054638 0.03541570187132605 0.027670694475536956 49 0.0 99.50285343051374 3.9766668066743467 -1.4987980106025336
317 78.78392205250452 884.7767061152107 0.9028064058119576 0.0215297623528074 -0.04762419145899433 49 0.0 250.4401526052796 9.769689973583706 -2.474701955638243
318 1874.745858443961 888.0204359634306 0.8820577625871643 -0.039703013896919014 -0.06801747539790504 49 0.0 47.94426815099277 1.912432679568563 -0.7039653907321419
319 135.9880168323191 889.1092024965159 0.9202417643606569 -0.015489312386161077 -0.0341346981680188 49 0.0 57.29687918544714 2.2158058988420875 -0.8638292854999035
320 1357.050449271742 897.1350114906057 0.9098929404714647 -0.0009817396368700106 -0.030001620515066697 49 0.0 32.152647266452924 1.263529440659414 -0.25396341395199823
321 20.858469817585622 901.8762231129236 0.980672043263388 -0.019899139525291487 -0.08718109798935282 49 0.0 43.58110058074533 1.6030059425316847 -0.5123378308447125
322 1277.4753564099553 901.9085288415674 0.8093258728628322 -0.114468379321624 -0.12907284212105136 49 0.0 100.35558821021587 4.234381594314042 -1.5669749830732163
323 1999.4967305046234 912.1703994047211 0.8178495458792521 -0.12840247656781517 -0.10873266037406251 49 0.0 71.68622312572523 3.0259056325672193 -1.202138449424146
324 1265.0167485614243 913.0064370669228 0.9570082500158282 0.06028390756112627 -0.024389617627892837 49 0.0 34.699872153141584 1.284103902131968 -0.2715004142715979
325 842.8921036364603 917.0238762703559 0.8729381505662628 -0.07599925408913284 -0.01234949126169843 49 0.0 135.66212118262447 5.407174889373068 -1.832426041500249
326 1075.696109497483 920.333531708639 0.6594240127691913 0.17840583217209224 0.4017147107389856 49 0.0 27.175701869800907 1.1393563497574064 -0.14164894261422434
327 444.54007876557273 922.890722959508 0.8347583261674194 -0.01489120109800148 -0.10809769416672135 49 0.0 29.20277558175377 1.2145297922152376 -0.21102043110933544
328 2001.8630674655885 922.6509014610766 0.9299183402270661 0.04172505162460469 0.01422261718205941 49 0.0 46.73632721102541 1.78456129428975 -0.628828673128541
329 137.1811272791833 924.6392310181437 0.8429024756031837 -0.08128296129398205 0.0030693069441570255 49 0.0 31.580990389525613 1.3031602403278273 -0.2874945527338669
330 1267.1711037688522 927.9972250698119 0.959357097831592 -0.05971265848361704 -0.03389627494211329 49 0.0 33.84610408289992 1.2745314024610637 -0.26337635068533877
331 1868.0042367688347 927.5665388973432 0.8607121156675206 0.019677441995352644 0.04751254856099945 49 0.0 47.40031223040122 1.9196951196064136 -0.7080806519850003
332 2128.4087784326343 929.2969056323839 0.8411521329552596 0.10851713922275738 -0.04599520420529714 49 0.0 66.82707039157813 2.729505512958607 -1.0902099395387148
333 1224.5552129462983 935.6994697170535 0.6647502192730861 0.11865298624210506 0.11476405695268516 49 0.0 23.09618553840807 1.0236100233540621 -0.025336324793551107
334 141.73733812930448 937.3918837657283 0.8556715570442299 -0.10363678024113691 0.004706544779570102 49 0.0 30.610747829079628 1.247224131019568 -0.23986126224168886
335 1315.9874530891054 942.5290347705387 0.8509447800085332 0.022608032479666383 0.07541501858338431 49 0.0 44.14488084415745 1.8049099893634712 -0.6411388714248628
336 681.8688420306892 944.5661979669477 0.8494884201040607 0.07896917778888009 0.04733199387183898 49 0.0 52.920300454894935 2.168385668251846 -0.8403413204702614
337 300.3778266258141 945.7140721951519 0.9443539963509643 -0.18099310391396997 -0.07896001470078426 49 0.0 194.14157647485035 7.204067125787965 -2.1439443770481845
338 946.9905020220002 945.6067307511079 0.9168070124752138 0.031793047880133284 0.010841929054803152 49 0.0 214.496373390721 8.13002554128374 -2.275229774938788
339 1516.3702130789186 946.1842857610546 0.8485460003385242 0.030914422827452402 -0.08334785586718577 49 0.0 25.208528732792946 1.0291563450335197 -0.031203389839869505
340 734.7982679895839 947.3056961612923 0.8786395606293581 -0.0014805676207284245 -0.01018126758456536 49 0.0 33.84786334546716 1.3431118591882294 -0.3202804594550918
341 1092.047458303717 949.7982117091397 0.5974288871005639 0.06949449409158957 0.05123813436138944 49 0.0 31.902314676042312 1.2612510659034792 -0.2520038656858637
342 1301.0680721648755 950.1552813662272 0.9145187788580197 0.1429876783369717 -0.0381321957276218 49 0.0 30.2788474123065 1.1286449527234235 -0.1313933594100599
343 580.8876377951077 951.0438924995328 0.8872961585000916 -0.015108274664512766 -0.035558054439549465 49 0.0 133.1604570642453 5.262402660569113 -1.8029601892738356
344 101.33348706337682 953.4387459471458 0.8314912758737636 0.1579633963419099 0.00974723529327225 49 0.0 106.21587140407124 4.397126644114665 -1.6079224353979704
345 639.8702340462168 952.8930580363055 0.9035881750216381 0.006577369145860023 -0.0357941095285208 49 0.0 27.15583503326748 1.0607339642637668 -0.06401618751096255
346 1578.018960122381 953.4887389917477 0.8579522948666951 0.03290192946181887 0.04467974594022466 49 0.0 55.09153133445405 2.21961914148679 -0.8656961535358975
347 399.82801975444494 955.5182312823144 0.8374281741113087 0.08447070320599295 0.04432693334899437 49 0.0 46.828637514918206 1.9295179920718644 -0.7136220814212957
348 1103.9919375957556 956.4336409235236 0.5848866756651319 0.3673487908194983 0.8589272165680056 49 0.0 25.108049241155303 1.0251632001335744 -0.026982520249084898
349 1288.8596313841508 961.9420132704698 0.5810878366149874 -0.6449646184656899 -0.11321906022288188 49 0.0 27.521926925650156 1.203849344105719 -0.20143035119686525
350 2188.6869846392956 961.6175820433621 0.9108289294602777 0.107761268514464 -0.0023738162188559485 49 0.0 38.692348334208305 1.5022044180855305 -0.44182258733931196
351 1770.600333975072 968.6246038113477 0.8152218995793926 0.13168977752489983 -0.03818869334022754 49 0.0 41.913928413681575 1.7644996979162442 -0.6165539708610815
352 1444.3840319298065 970.5146024759963 0.7719440519602783 0.18834517020460798 -0.016407507518392466 49 0.0 38.11270011458773 1.6653210089984072 -0.5537449024123684
353 758.8889464171052 973.9923864545378 0.9190152528075554 -0.002175435626467458 -0.031395006143375495 49 0.0 39.05886886919465 1.5141810005800485 -0.4504444812633309
354 1719.6119002438504 977.2684863540479 0.8423203035036968 -0.1414057511270278 -0.06261448122456774 49 0.0 67.10743813822276 2.758103749061561 -1.1015264965117255
355 863.2903721840788 985.1142552930467 0.854590406216828 -0.03130309156032173 -0.07014181600095308 49 0.0 45.148610718126 1.8223711614727705 -0.651592085493814
356 81.29295251623125 985.9498330182718 0.8744362029429977 -0.05672938134152579 -0.07411389568094166 49 0.0 90.32544921435608 3.6169981830527975 -1.3958707265001635
357 690.327523096719 993.1953552016453 0.867794844827848 0.05618516543578689 -0.05840292366887183 49 0.0 56.74276445842497 2.2826310208931937 -0.8960892875507219
358 458.42961774638405 994.4758548782909 0.8305898497309447 0.19185828981283104 -0.021911328483083248 49 0.0 26.68075857059411 1.0986477649640027 -0.10214619135869962
359 474.60590341746894 995.2647586661817 0.8432393323876327 -0.12896775191257492 -0.052801707805869465 49 0.0 45.42515119662792 1.8740882687889526 -0.6819751053137358
360 1376.9241968822828 995.054087640367 0.9206237479827769 -0.018550940299771067 -0.04638645929867017 49 0.0 158.64460912428464 6.105403360228981 -1.9642859034356286
361 1192.9552156694406 998.3308511075325 0.9112742452278403 -0.013689461744523535 0.006598747790784605 49 0.0 44.71549871927569 1.7352349606624793 -0.5983957226159722
362 976.7587053974003 1000.8908706090888 0.923926423966395 -0.033803677854137903 -0.08912118133624404 49 0.0 27.27850697796844 1.0115783748547291 -0.012498841465302253
363 1489.1941681529183 1000.9845113714067 0.918109349833668 -0.005823982758141253 -0.01639925247682495 49 0.0 30.52972988882079 1.172538587755124 -0.17281786018072237
364 146.70653489281267 1002.4561574312003 0.7997561117151865 -0.12439158869799094 0.019422124548333794 49 0.0 84.08248415696009 3.5903650372945064 -1.3878465153338566
365 2181.836877353142 1002.5431646177212 0.7662094422941769 0.041224135111648574 -0.011784654538643564 49 0.0 26.264476593035877 1.164048606063172 -0.1649277877784353
366 318.5148432466544 1005.1520642816173 0.819822260782627 -0.12098818480981913 -0.09165974526328823 49 0.0 82.85388299173664 3.4828192737543535 -1.3548273478972437
367 960.1544938228706 1008.6355416434112 0.887446499000429 -0.058158795948615755 -0.020260949853221515 49 0.0 42.08422497456046 1.668511594104497 -0.5558230720351818
368 1599.2848560371601 1015.6071683343574 0.8708216436721867 -0.12394016336136034 -0.025283805101605633 49 0.0 196.67125061994417 7.846838746552344 -2.2367368197472124
369 319.8465044429616 1028.2259269273684 0.9020094204745818 -0.08941656886711198 -0.06909364521743835 49 0.0 254.08370161903522 9.819367339166977 -2.480208767848249
370 2079.4312309492766 1028.0334633463037 0.896703050581959 -0.024594623738902123 -0.1414561936317765 49 0.0 41.16555741253569 1.612916374465465 -0.5190296273228713
371 1719.3083252912456 1033.388853417205 0.6936349276259242 0.5116410326857473 0.17449260333992583 49 0.0 34.323381427190654 1.567502389259477 -0.488020528687373
372 1950.7094656639722 1032.8854527135934 0.8885439053523415 0.01525577809639134 -0.0555483995880607 49 0.0 25.480847297935135 1.0117800408410411 -0.012715269816931619
373 113.67198660368305 1035.722051973815 0.8629834633595143 0.0593654068447198 -0.03788601067270683 49 0.0 24.862327446514342 1.0095431684800764 -0.010312235717350062
374 618.4248657678368 1038.3402038201505 0.8012355957792547 0.1336193369875513 -0.05275073837470051 49 0.0 33.96838018437399 1.447435610794598 -0.40149813307367965
375 903.9878396613009 1039.4418812849458 0.8520997641227114 0.023152432761697372 0.027324726352326988 49 0.0 97.11358377519421 3.96878221994607 -1.4966431710077557
376 1804.929841475341 1042.9696098711565 0.95430043428865 -0.01578888485813863 -0.05152842676220893 49 0.0 251.36800409839037 9.420552997627036 -2.4351909928550275
377 160.117887628242 1046.083965159963 0.9124920655097652 -0.0165624817526969 -0.03808488319649065 49 0.0 49.891482661614454 1.9366780156519936 -0.7176435566387118
378 185.7550256584546 1051.2965553313384 0.7986717950618311 -0.03487449410753903 0.05031711211364913 49 0.0 69.87793147774303 2.98753170867778 -1.188281308598191
379 1888.721390652233 1055.2533060605892 0.8765222367674708 -0.08528363910341874 -0.053208835321592936 49 0.0 45.64937181555829 1.825527165223039 -0.653470749909361
380 520.7576531677325 1056.2618032520418 0.8991217431295342 -0.07268678055385616 -0.0036542053266889214 49 0.0 27.182361228537232 1.0640439076353323 -0.06739887358717901
381 414.419732483812 1056.8824491035882 0.8555248267844393 -0.11472839432825978 -0.13626215557319668 49 0.0 29.51156602447873 1.1965722769280005 -0.19484734141661247
382 434.04983079376575 1057.282239558273 0.844112297937203 0.003105266395597079 -0.035988434211875905 49 0.0 77.78358513474085 3.2021249150525914 -1.2635956744078334
383 322.8596415958999 1059.4609259936506 0.7369546966285494 -0.027409092681500085 0.06924976382001807 49 0.0 1025.8118473634356 46.89692595100358 -4.17786094014215
384 48.968073049788224 1060.2557578736812 0.9178569818943059 -0.019270332918295784 -0.003975709698581277 49 0.0 80.0795256160099 3.0842897669671436 -1.2228879324317294
385 1569.1055449554153 1060.6645722477601 0.9029647544148112 -0.03341783108659586 -0.012411905179913574 49 0.0 170.70535169643617 6.63007368409559 -2.0537958875346694
386 642.3250273739023 1061.9995408513118 0.8420969388489428 -0.14288828337650542 -0.08071325753771849 49 0.0 26.17761393919012 1.071333052458939 -0.0748112596186864
387 818.1742560239499 1064.802802237518 0.9052494600190869 -0.10782985596931696 -0.04193879763288883 49 0.0 39.17136489163992 1.5221698840109086 -0.4561578130364551
