m1-67/data/wr124-jwst-nircam-2022-f470n_BGSUB-sources-fwhm5.0-thresh30.ecsv
# %ECSV 1.0
# ---
# datatype:
# - {name: id, datatype: int64, format: '%.8g'}
# - {name: xcentroid, datatype: float64, format: '%.8g'}
# - {name: ycentroid, datatype: float64, format: '%.8g'}
# - {name: sharpness, datatype: float64, format: '%.8g'}
# - {name: roundness1, datatype: float64, format: '%.8g'}
# - {name: roundness2, datatype: float64, format: '%.8g'}
# - {name: npix, datatype: int64, format: '%.8g'}
# - {name: sky, datatype: float64, format: '%.8g'}
# - {name: peak, datatype: float64, format: '%.8g'}
# - {name: flux, datatype: float64, format: '%.8g'}
# - {name: mag, datatype: float64, format: '%.8g'}
# meta:
#   version: {Python: 3.9.9, astropy: '5.3', bottleneck: 1.3.4, gwcs: 0.18.3, matplotlib: 3.5.3, numpy: 1.22.3, photutils: 1.3.0, scipy: 1.8.0,
#     skimage: 0.19.2, sklearn: 0.24.2}
# schema: astropy-2.0
id xcentroid ycentroid sharpness roundness1 roundness2 npix sky peak flux mag
[from data line 195]
196 1806.8094408985178 1042.9197085171288 0.6647891192449373 0.02125728764621242 -0.005470221957949639 49 0.0 102.28249906442873 5.047271155822217 -1.757641592681254
197 188.42783973679875 1051.2315318336653 0.6527715210826599 0.1310005471363829 0.0098110252839666 49 0.0 27.59413642186277 1.3410437863957896 -0.31860739556043244
198 436.5953851625533 1057.2218950543354 0.6268392738507494 -0.09360938841620026 -0.049467041447858 49 0.0 28.24365738606316 1.435241159049742 -0.3923122008370581
199 325.47315401298323 1059.3666775038214 0.6152446708175218 -0.18353235553788516 -0.025212745614412942 49 0.0 381.4522902488016 19.382806027411235 -3.2185416239960727
200 51.69462939698993 1060.1752327944587 0.6391119081293022 -0.09311530231754292 0.0037391637478783827 49 0.0 27.436870546833063 1.3884071721606366 -0.3562921211518186
201 1100.9748423709916 1060.2631718670502 0.9109448466078989 0.07364678614824785 0.26358566797027705 49 0.0 45.77129426474028 1.5864036171058837 -0.5010342285467826
202 1571.1142741623573 1060.5725934306288 0.652623542719966 -0.022819752285058028 0.07760731512120496 49 0.0 74.66551399240528 3.6731269988993036 -1.412589860999138
203 677.383033570375 1064.848145435552 0.6524521443313107 -0.11168577241692372 -0.0709251783874755 49 0.0 164.03299950304728 8.114892597389652 -2.2732069405135475
204 1979.4736544395696 1066.4406684041505 0.641008911769072 0.18009957594520054 -0.030114619344085315 49 0.0 62.72523540189316 3.091949451680796 -1.225580963248686
205 829.426313715703 1070.2621177820436 0.6289297258687598 0.08152498644095937 -0.05490362417481676 49 0.0 110.5116502492672 5.574592435938993 -1.8655328029359277
206 1001.0030396880499 1071.5053629577908 0.6873163034802933 0.25212376706663564 -0.1017599122709521 49 0.0 25.985503086778508 1.1942827956877278 -0.19276794023419416
207 1093.518926252231 1072.5406789287458 0.8514424600959767 -0.40267980664824404 0.08356875098869154 49 0.0 50.02094822574027 1.5157283006116464 -0.4515533988202407
208 1107.5688771021503 1072.1325727596168 0.9820013104790749 -0.169107168237554 0.20175713493148834 49 0.0 34.71037425983109 1.1739924565472963 -0.17416326593655124
209 689.7432945477574 1075.2660448647162 0.6553961643126412 -0.06339631773204392 -0.019744219884258864 49 0.0 25.355956567093592 1.2552289375616306 -0.24680735687755542
210 1706.5734089849461 1077.675411993497 0.6321869979677976 0.14038436728508555 -0.0011277772111277578 49 0.0 42.358418699873226 2.1252390716690597 -0.8185194791029655
211 2121.436965082277 1078.4219108366026 0.8536478495424589 0.4035128462586746 -0.035876963475103656 49 0.0 44.69568668740271 1.309688216463269 -0.2929198002356149
212 1020.9512518251985 1083.0369336783008 0.7753968071183927 -0.27404159960503627 0.035961333140921516 49 0.0 47.784797836096665 2.0344951849460147 -0.7711416658568304
213 1034.4450370488516 1083.0986540775157 0.7324469730351909 0.032528880534016126 -0.02839744069993538 49 0.0 25.10053317325943 1.0854519745099338 -0.08902653247303409
214 1100.932788400694 1084.3693358065245 0.760240972822454 0.15366532004785147 0.5829831245344665 49 0.0 54.33454248937794 2.163835155165652 -0.8380604309097685
215 1181.203769815957 1083.0029118984885 0.7928033011328347 0.32486081013436513 -0.014344778418982618 49 0.0 42.38485110658751 1.7495551534830083 -0.607319094649165
216 2126.067639822187 1086.2345741706793 0.9368251772160844 0.6531682704338574 -0.18878043161754202 49 0.0 50.56439862795096 1.2257040455505825 -0.2209640488238339
217 2108.951219342558 1086.4903840071854 0.7085378172533677 0.0381076233481707 0.2233192926807304 49 0.0 51.151963481566014 1.551507307435235 -0.4768845635151339
218 2117.810127279456 1086.9648826391451 0.7298672830482197 -0.0034595529747853326 -0.0027192047484419332 49 0.0 7435.952008227316 343.39554793803944 -6.339486650777473
219 82.15015972674222 1088.0530151029025 0.6571349085247586 -0.0011572599099125 -0.022530478596996063 49 0.0 301.4169122915351 14.960439924810606 -2.937360911312512
220 1094.0356861063485 1090.0722379574347 0.7468345691644781 -0.5337950241242407 -0.06787136730856942 49 0.0 29.189256311182792 1.1072305308219936 -0.1105951313309996
221 1108.19273718313 1090.2410573907312 0.7253106636508653 0.16494443569975864 -0.3253464465741901 49 0.0 34.017390444277325 1.304814873659709 -0.2888722465204641
222 1390.317512648403 1090.256224964741 0.6550102373894691 0.08290162483884159 -0.005141862301095024 49 0.0 52.828833585053594 2.6172098591213935 -1.044596369079905
223 1036.1927716246616 1091.8949336762134 0.7697659893068457 -0.3380532060950718 -0.11675101171023777 49 0.0 37.332637788293106 1.4912254822504032 -0.4338582908814254
224 1165.8545744409128 1091.989541079103 0.6917074737610118 0.4421541854435259 0.025922313814931097 49 0.0 37.31230705531054 1.6027218589274277 -0.5121454003738615
225 1027.6997470317222 1094.4546166324799 0.7327876038679214 0.17989600474355627 0.15088990951484027 49 0.0 24.54092031063985 1.059811304080955 -0.06307136860675075
226 1041.218002569178 1094.7326153955387 0.7776835145984325 -0.2893487229689042 0.20267342912113884 49 0.0 92.85332579640988 3.7976144585150133 -1.4487771804663359
227 1054.722650235481 1094.9371367698707 0.7629433450870463 0.3284430755841645 -0.0879946075194674 49 0.0 28.616198880559523 1.2637990306380986 -0.25419504478648
228 1094.9429637234093 1096.2892495809676 0.9243064683478224 0.5255287176690364 0.6913465292062738 49 0.0 48.158306654705626 1.5257303879766386 -0.45869449040531973
229 1147.150288813622 1095.0064840541165 0.7773567467623762 -0.4700638387024552 -0.18339800870191167 49 0.0 29.271067430501205 1.2206577728180814 -0.21648480234885514
230 1160.8720735956626 1094.7018891711955 0.7995064929199006 0.5420443550729622 0.17057172325743167 49 0.0 82.49128503092308 3.309631805640636 -1.2994492037196137
231 1174.3377528953977 1094.802351458917 0.7150993559742964 0.2876089154541014 -0.02017655769742569 49 0.0 24.030144763314592 1.0984354135690308 -0.10193631528243408
232 2113.376627591259 1094.6314913807926 0.8586732417171887 0.7695031432467914 -0.13607843694076677 49 0.0 44.87401135142748 1.1698065927439287 -0.17028516152927914
233 737.8208761821564 1098.5365654334803 0.636668272056373 -0.006541085240109996 0.14297653772017213 49 0.0 45.91976238520771 2.2585208623786737 -0.8845602664377884
234 1067.5603976094874 1098.378585522499 0.8158504248181687 -0.3890976876442286 -0.05501009876694411 49 0.0 19.943190317472357 1.0507168327231293 -0.05371422452459598
235 1113.7712637190082 1101.2964042759115 0.7229185958567554 0.2712346500523381 -0.4546398029184416 49 0.0 26.992016276473638 1.0974029885409642 -0.10091534642316566
236 1777.8753225377784 1100.6227029938593 0.6552377276528233 0.08510148467388867 0.05806694453686636 49 0.0 23.573345921202105 1.1734887041474016 -0.17369728372859755
237 48.69311978676387 1102.0775219689776 0.6558888501574338 -0.04438003145728807 -0.030443827208437857 49 0.0 59.65682854555685 2.96861811424602 -1.1813858328728852
238 1101.1583890537993 1102.0829570274761 0.4746002582214139 0.12775929529521787 0.4116888938399971 49 0.0 103.95067751698437 4.378109273753209 -1.6032164924378156
239 1070.739855111347 1104.2143704854782 0.6828025866514527 -0.01148883141461214 0.40050844698296073 49 0.0 19.195269746538525 1.0749731187842628 -0.07849401060667142
240 1056.4835802875245 1103.6788059399212 0.6414577311495833 -0.4769237378716322 -0.067571747267297 49 0.0 79.1524444638751 3.618308138315652 -1.396263872500585
241 1084.513568294717 1104.0579353089663 0.7005351924020801 -0.7402590684230027 0.10509279729409507 49 0.0 7.254004215314076 1.0601826199314224 -0.06345170089148919
242 1145.5595182372895 1103.6450013120088 0.6301539997527792 0.5218963376980913 -0.04037243485441977 49 0.0 89.65937006806799 4.071577003401892 -1.5244066319227731
243 1048.3007034335765 1105.993177780103 0.7769557228026317 0.2690635428985339 0.282253055725715 49 0.0 43.42381236430763 1.9864918669132317 -0.7452169782708844
244 1061.7225377676941 1106.367868254764 0.7374380403121892 -0.636864764144978 0.12433308125244409 49 0.0 176.16569137641804 7.583030555626198 -2.199607014921277
245 1074.8647411221225 1107.242130398912 0.8210758300977614 0.8950623182811659 0.2268960053029623 49 0.0 67.48988760992076 2.9123139859387677 -1.1605954896257695
246 1140.3919690110633 1106.4557647249526 0.7493415785302716 0.13465045991732943 0.051853043723318434 49 0.0 138.64935074822534 5.524850924175158 -1.855801410109352
247 1153.944273099254 1106.6803263575223 0.7968836501395042 -0.014743160118803562 0.1289257845418623 49 0.0 40.77228796189225 1.7325616555485122 -0.5967217462876051
248 1127.2352734426859 1106.9884705067527 0.9849272702380115 -0.488440222382847 -0.26620747688486884 49 0.0 91.35874957839097 3.0629765421475597 -1.2153591769210326
249 1069.8784592083186 1107.6729853955164 0.8124884284861876 0.1831550803370295 0.924259823957728 49 0.0 34.29166613633383 1.3525006357031908 -0.3278436947650444
250 1118.948414667109 1106.961731844302 0.8957394969176858 -0.0563502599839169 -0.2762219715410897 49 0.0 15.81759750181103 1.170162522052408 -0.1706154610508302
251 1113.3001135280822 1109.872057985668 0.8515724763104559 0.5949444545575966 -0.1482040309079359 49 0.0 71.10308755465286 2.9286938618329064 -1.1666849424633732
252 1072.434535768805 1113.7142799368378 0.8677884153599751 0.07159555026594897 -0.33267339473351015 49 0.0 57.225306319875266 1.928965577960217 -0.7133111945175435
253 1490.6219230593783 1114.6177734395053 0.7845392872542054 0.11513523895565173 0.2581364296002473 49 0.0 33.94556938066247 1.023868788862292 -0.025610760925097127
254 1064.7623956041498 1115.2250373291884 0.6529113229504097 -0.7835056678198622 0.8426712222948484 49 0.0 19.780784029488714 1.1178801259763278 -0.12098808799447688
255 1077.0251817901358 1115.2958792198085 0.753227261290839 -0.38864873776068737 0.10921997658470384 49 0.0 277.3910973837115 12.284928208549474 -2.723431557163995
256 1094.355066133119 1115.80999266001 0.7805203406436884 -0.8105393057939659 -0.9959365631250814 49 0.0 342.2572718743474 9.776468167810362 -2.4754549763716804
257 1125.320838666346 1115.1567592158628 0.6902351982487328 0.33033899298230857 -0.04616760490100046 49 0.0 312.07465202206754 13.982106880173509 -2.863931543955397
258 1499.564299320703 1115.0213625106244 0.6360541826097816 -0.03836442900787876 -0.09003854496985243 49 0.0 4087.248121404871 208.1583028023605 -5.795984345639685
259 1138.5371788423934 1115.7149346484305 0.7964907378989186 0.8829783668346194 0.5037495131704994 49 0.0 37.62767347912339 1.5514443998686207 -0.47684054025658623
260 1068.7513490443068 1117.7065296507467 0.6947997480264528 0.262079357668897 -0.1436660647179946 49 0.0 70.38189681700281 3.7136688144537073 -1.4245079267077532
261 1082.0642521058048 1118.1650445092853 0.884985216851926 -0.06354196307376864 0.3449517691035199 49 0.0 508.5552242468302 18.97252633927887 -3.195312911058805
262 1119.9176156218793 1118.1166550405753 0.9278720726952879 0.8630889652063971 0.24161452286736435 49 0.0 539.536264373677 18.56379246938262 -3.171666761640463
263 1133.135285106255 1117.9856750466727 0.9019027673842923 -0.6600834290162998 -0.5448869424562911 49 0.0 60.634511770052086 2.288691087243079 -0.8989679459073291
264 1614.0663098755947 1117.80153016748 0.6768791733670289 -0.012804244039464197 0.002267348140272722 49 0.0 136.30972477424058 6.628100279505125 -2.0534726760830457
265 1116.7491644407553 1127.5615464469477 0.7883613462774488 -0.37854132889337594 0.06987093389462261 49 0.0 400.7127022548532 12.494107804713636 -2.7417631222798233
266 1085.4612099904898 1128.0643698540098 0.8319946776183098 0.04756486296662503 -0.2838132355593716 49 0.0 445.1379020867676 12.70348663389463 -2.759807337437637
267 1124.636608879323 1127.7679920328333 0.9873515395697928 -0.20092116838277269 -0.9855654261001648 49 0.0 155.91724585807475 4.937754528521511 -1.733823739932264
268 1034.7498090423692 1129.4295248391097 0.659458904839183 -0.2765001330685222 -0.4431140823951219 49 0.0 34.39004622203376 1.3325827380162607 -0.31173545803335506
269 1051.628176756027 1129.8334414092565 0.47136539258693033 0.6115901121106911 -0.0642249975182462 49 0.0 26.463343085216003 1.2048501434443928 -0.2023325842432383
270 1064.5567269131302 1129.3055001430666 0.6676850903418566 -0.26527613654965077 -0.8100946446755932 49 0.0 52.784688752383744 2.530588982905792 -1.008054032441921
271 1069.9383068842537 1129.3693276123872 0.6115796272975584 -0.01221257012335151 -0.005671443187027371 49 0.0 96.29111501077873 5.1671646440311605 -1.7831307497878115
272 1075.7638147452383 1129.4141534694384 0.7251411609010193 0.07953763292087963 -0.06001485046700512 49 0.0 253.3709588561912 11.621079025480453 -2.6631161361976794
273 1132.6184396462274 1129.0188897999824 0.6510572298249335 0.07213416291002372 -0.3937821969492825 49 0.0 88.17216457677426 4.560316459397122 -1.6474874530433012
274 1145.532421988713 1129.4831836971568 0.5566946432867327 0.011469288000171954 -0.6716587456046865 49 0.0 32.85499727252557 1.076858832935141 -0.08039693676026548
275 1044.7245644332816 1129.6439688968876 0.6093640249895016 0.3046836278261274 -0.3109985865816097 49 0.0 29.298021745161854 1.1632237492353825 -0.16415815120613197
276 1126.241955157545 1129.4559405236969 0.7445285886106023 0.1253099671801308 0.039304534352758574 49 0.0 163.9079416980595 7.212660723367638 -2.14523875968814
277 1150.423457504738 1129.5815686529324 0.5543978501745531 0.058895554870771166 -0.4764436677580449 49 0.0 30.889299452332473 1.2747480179006188 -0.2635608633942416
278 1156.9791995916498 1129.381430283057 0.6146073250259684 -0.0971910563252358 -0.11220793429386333 49 0.0 28.573495753907245 1.066782906509352 -0.07019012049702333
279 1167.3292735814805 1129.4882759460302 0.5887236282118943 -0.12066074421478987 -0.591899232202322 49 0.0 32.39398374866503 1.2579023012689108 -0.24911727910960124
280 1085.7475236706748 1131.2594502815944 0.8919518595209233 -0.4827668441649503 0.44130178082177585 49 0.0 315.64365863080906 8.15042712258128 -2.277950921273127
281 1068.8644648171278 1141.2565386353058 0.6732060724791277 -0.44065823814387073 -0.08597683750589508 49 0.0 59.56599689841627 2.730683539046678 -1.0906784308607664
282 1082.2497479694766 1140.3173117922263 0.8754632404992178 0.37346839722745606 -0.019396315201493174 49 0.0 304.4431625298222 11.212159167233837 -2.6242231358852446
283 1133.1258345376752 1140.8560394195317 0.8212809648693774 0.41528463186350384 -0.127832153058489 49 0.0 65.52023431688056 2.8034244419146557 -1.1192221386449304
284 1117.652217121609 1141.8172386273716 0.7114479166036772 -0.2942146574421009 0.039865497162648304 49 0.0 308.4314198009084 12.762138627920196 -2.764808644520545
285 1076.8448308205982 1143.3142184298604 0.7485239656406909 0.5098974117777523 0.0838172199572611 49 0.0 253.26149835620677 11.12847469817491 -2.616089106802377
286 1125.3629583381346 1143.3429222573263 0.6829933294630822 -0.08671034268365277 0.13244284624129626 49 0.0 286.87458631177253 13.35217048407355 -2.8138796722358905
287 1138.2094149569534 1143.2840307490314 0.7967839839782201 -0.9817949225851202 0.2249178187292942 49 0.0 27.861662714280392 1.3534288247884392 -0.32858855419242816
288 1363.4043212681645 1144.6450786811356 0.6500994098509604 -0.18712833105634288 -0.02563492595961527 49 0.0 23.265655151415007 1.1642477033319247 -0.16511347472266819
289 2191.290648336048 1144.7939639561891 0.6329723485102684 -0.0365555531249624 -0.032957074346869515 49 0.0 34.16774890095723 1.7128540562127836 -0.5843009011650359
290 1113.7208864108802 1148.3672377042928 0.8308378125682467 -0.3298683504912174 0.4272115451903704 49 0.0 130.27926604269578 5.2726953675680965 -1.8050817012255107
291 1590.6973758570382 1148.8145486510898 0.6678767187611446 0.12238675737114577 -0.06297131183850924 49 0.0 48.98635173435709 2.3591922151801064 -0.9319083161725318
