m1-67/data/wr124-jwst-nircam-2022-f210m_BGSUB-sources-fwhm5.0-thresh30.ecsv
# %ECSV 1.0
# ---
# datatype:
# - {name: id, datatype: int64, format: '%.8g'}
# - {name: xcentroid, datatype: float64, format: '%.8g'}
# - {name: ycentroid, datatype: float64, format: '%.8g'}
# - {name: sharpness, datatype: float64, format: '%.8g'}
# - {name: roundness1, datatype: float64, format: '%.8g'}
# - {name: roundness2, datatype: float64, format: '%.8g'}
# - {name: npix, datatype: int64, format: '%.8g'}
# - {name: sky, datatype: float64, format: '%.8g'}
# - {name: peak, datatype: float64, format: '%.8g'}
# - {name: flux, datatype: float64, format: '%.8g'}
# - {name: mag, datatype: float64, format: '%.8g'}
# meta:
#   version: {Python: 3.9.9, astropy: '5.3', bottleneck: 1.3.4, gwcs: 0.18.3, matplotlib: 3.5.3, numpy: 1.22.3, photutils: 1.3.0, scipy: 1.8.0,
#     skimage: 0.19.2, sklearn: 0.24.2}
# schema: astropy-2.0
id xcentroid ycentroid sharpness roundness1 roundness2 npix sky peak flux mag
[from data line 3672]
3673 2157.2557445040065 4512.593412950938 0.7078946113365976 -0.12822194518885272 0.04004333542301136 49 0.0 50.64590332230404 2.3837564675098166 -0.9431547109138805
3674 2502.2188721696302 4513.412309759031 0.7008242773835819 0.1230954097392518 0.04575455735559772 49 0.0 26.783481609332032 1.270751270162841 -0.26015138117084324
3675 2892.6023937131304 4512.988754642858 0.7150973125253539 -0.029121639036755548 -0.037334552140887926 49 0.0 620.5885814817966 29.112777854255494 -3.6602091162436254
3676 220.15899127377097 4515.497799800275 0.7095059280817363 0.1331621148261912 0.07558844435234037 49 0.0 252.4439361366529 11.787417462570001 -2.6785466618871316
3677 4336.539084090895 4519.859507272313 0.712916307387448 0.038198889343229445 -0.07541553983367169 49 0.0 182.41062749575372 8.487516072748683 -2.321951524274253
3678 98.71975241986887 4520.671798194689 0.7064083582482829 0.06852848296760626 -0.02963168466788492 49 0.0 529.9057218550638 25.157731582524775 -3.5016786978943544
3679 3776.4694628448033 4523.9497293811555 0.7092968691417093 -0.09063891449680997 -0.058686364784185 49 0.0 385.36082202082343 17.963055028942822 -3.1359505008422275
3680 2603.385427264935 4526.879448044914 0.7419097823751818 -0.11595105192417121 -0.07996928558808666 49 0.0 173.56820918644993 7.908746486810452 -2.2452691363670256
3681 2951.005677416887 4528.196092893154 0.7565724786044832 0.013391899987675825 -0.01780627723325971 49 0.0 98.12251161059969 4.435397186585668 -1.6173312916588036
3682 3864.5460411241443 4530.285786162038 0.7243657659938603 -0.16763770607134051 -0.04303524244177234 49 0.0 78.35105012882788 3.5885930941362827 -1.387310542608148
3683 966.6805248480874 4533.168895966092 0.7306196667708095 -0.04593855951647229 -0.007089052136181687 49 0.0 1069.7646743851071 49.657841667214036 -4.2399695985382415
3684 3854.261483466641 4533.646662974093 0.7128890325500045 -0.12833897975330288 0.0325508069646548 49 0.0 514.3755237463581 23.88539846280428 -3.445331226750305
3685 977.0356141026887 4535.248242311733 0.733431815450647 0.058236235657509114 0.011840089385521762 49 0.0 118.22443972048416 5.357348615392306 -1.8223747696632677
3686 2428.798870915567 4534.9249842590325 0.7218241352438823 -0.009845440428589935 -0.01094010715981708 49 0.0 317.66619036838597 14.861059471531986 -2.9301244303982354
3687 2947.834449369487 4536.4723171628775 0.7088281333014 -0.04340655690905124 0.07151014030164221 49 0.0 238.93590375597688 11.261686641639997 -2.6290085971368864
3688 2440.470500178234 4536.96611449675 0.6930087688765818 -0.02201696772345943 -0.05784109497319246 49 0.0 25.841484720157077 1.2092150045074725 -0.20625881867258988
3689 1044.5330884887278 4538.627790750483 0.6911322977437377 0.13324198905854825 -0.039543975293476995 49 0.0 670.3833156988686 32.0208323659251 -3.763581542508308
3690 4556.57776007491 4539.663077640336 0.6855120847565577 0.1303300478969927 0.008702709106777604 49 0.0 24.67702171842252 1.1771457310725673 -0.17707557996929427
3691 3193.0645750849035 4541.338490777597 0.7083317985964899 0.05121730341746949 0.06094508464577599 49 0.0 85.047544559414 3.9987525483523503 -1.5048113246560173
3692 828.7496883726519 4542.243862125846 0.7219704085572293 -0.0962248954687097 -0.06414282387432005 49 0.0 35.283734762115195 1.6357314163737136 -0.5342799873928418
3693 3242.9459745051095 4542.217073956704 0.7455993526879253 -0.018669917417862635 0.009324375275734782 49 0.0 99.67224736411065 4.578793859855445 -1.6518777294009772
3694 906.0251449534131 4543.387849942991 0.7224823422230249 0.04801353964928729 0.038282231073924124 49 0.0 56.750609836931055 2.627807158688063 -1.0489837285220873
3695 1932.2462825975706 4543.641886709851 0.7020158538974224 -0.1348289762404828 -0.020586554972258586 49 0.0 23.31783250628742 1.082940731724865 -0.08651172192066597
3696 2568.2982932578434 4544.033787155399 0.7295169085242806 -0.009063343551457362 0.00904620377787799 49 0.0 29.29833692969689 1.353249898283927 -0.3284450077991552
3697 1812.3714387481152 4545.727654518657 0.708180709424436 -0.18652135145185028 -0.1002572479316885 49 0.0 240.04975941139855 11.19120667258932 -2.6221922902693846
3698 1254.055301290411 4547.404825945593 0.7309941128038451 0.0859891552636883 0.09471802350621138 49 0.0 38.03727094581933 1.7534299017668558 -0.6097210210893339
3699 1601.682778924346 4549.858022033292 0.7398209504463533 0.0075032128383464795 -0.031441899321068126 49 0.0 75.79427674290874 3.4677327836866505 -1.3501140606482953
3700 1760.1131070407619 4551.104571080962 0.6468193323870293 -0.19126974595745827 0.1985758875433887 49 0.0 53.51228468160238 2.1806011222335426 -0.8464405781424158
3701 507.9884601253921 4559.652549370106 0.7303596833820957 0.02689115431483216 0.05730396491549858 49 0.0 33.29597082414377 1.5117067741414671 -0.4486688980151426
3702 2660.5267668501397 4559.87170022534 0.6961101934164439 0.00834511801999769 -0.059254698865868906 49 0.0 172.273353880212 8.245182473716097 -2.2905006785902398
3703 3420.490908683047 4560.883311290047 0.7025710229815167 0.02764501088916677 -0.04854128432277958 49 0.0 150.9987305406253 7.1293424717033655 -2.13262369346594
3704 2594.21337650467 4563.3753739351805 0.7131206216532554 0.07931406715291806 -0.0012017010722818946 49 0.0 28.087744119657444 1.3156929918854534 -0.2978864035046973
3705 487.2396411939867 4564.474555892442 0.7028494852996972 0.13926119823774602 0.058190832517607184 49 0.0 577.9612262735502 27.054777960509558 -3.580609935033803
3706 4031.728350702832 4567.092756918792 0.715060448660786 0.11089858567441722 -0.0242302957602727 49 0.0 122.28749979340841 5.452233399422395 -1.8414360971397135
3707 3034.2212346975475 4567.704885023299 0.730524189545472 -0.0938290773553397 0.01666256496991464 49 0.0 40.321837666363095 1.8540710506264286 -0.6703159322662688
3708 2981.768731604863 4569.012961545511 0.7544642283275508 -0.041205448697811 -0.036180714631858554 49 0.0 200.4933928888556 9.103733069558674 -2.398048788236771
3709 2113.0752060418245 4574.032515786017 0.7776067748271056 0.011233623222286234 0.04486071150768476 49 0.0 88.11223882925869 3.9390843878588098 -1.488488212234105
3710 3907.199966266926 4576.519980008304 0.7055933645336199 -0.09471067724440953 0.09177028991762608 49 0.0 134.68343320866538 6.302583250284219 -1.9987964773627864
3711 2142.492772729916 4578.75635438584 0.6841997522623408 0.07139232961453607 -0.08467856448148389 49 0.0 342.2232725128326 16.51710683087587 -3.0448349444125116
3712 2819.1790839200116 4579.881813038718 0.7471015789631072 -0.06110036394148545 -0.03374703581299995 49 0.0 109.5427366589894 5.003220334729058 -1.7481240725442921
3713 4608.62899716409 4583.250079481179 0.7516440490300342 -0.10326845920312129 -0.0028653832782311816 49 0.0 459.03996146707306 20.90561977931842 -3.3006576185163725
3714 3045.2861325452054 4583.657548106331 0.7170706097147228 -0.13471735060552376 -0.004777867144454493 49 0.0 23.352612814489987 1.0765066161819845 -0.08004175832606943
3715 2283.631099506569 4584.927695069299 0.72362302008266 -0.01988467628011896 -0.08746150272451904 49 0.0 35.217234048893836 1.6418349536123622 -0.5383237431978041
3716 594.3317042706092 4585.63449678521 0.7084058404656735 -0.17770478989520969 -0.05834744561863152 49 0.0 27.242833285285972 1.2639018888992395 -0.25428340724841336
3717 3318.046315695599 4585.9635800069755 0.7417795205202363 -0.02754468135139884 -0.010548764954857563 49 0.0 145.78074330370325 6.693967642565834 -2.064209021813781
3718 1877.308110231197 4587.570915794916 0.7330704233242988 -0.14690906858362893 0.046128354246985095 49 0.0 23.26895606503089 1.046848259324664 -0.04970933811816339
3719 2241.4596287118547 4588.058095278813 0.7308612148904281 -0.013081853303060925 -0.05904578790720717 49 0.0 111.29523681679518 5.089577503309586 -1.7667043303031331
3720 139.696568694953 4589.435714165562 0.7178179438715793 -0.08838256081473035 0.08118814311580183 49 0.0 48.225674796323005 2.2695603157840543 -0.8898543225816236
3721 870.0397009247129 4589.370420734019 0.7093226721720323 0.023083116879191817 0.008947126741470343 49 0.0 26.726589449659357 1.245398367112385 -0.23827072991570586
3722 3598.4821750724423 4588.951192315139 0.693760392034809 -0.03559350996773971 -0.10883986592112424 49 0.0 24.454489693426652 1.1705260304621514 -0.17095269023404772
3723 1422.220310248469 4592.983354813042 0.8682748308203339 0.7551681778644803 -0.02574152335730336 49 0.0 54.342669997274776 1.7728433606866936 -0.6216759131779666
3724 1422.8070223483312 4595.2641171032765 0.9141015432331747 0.9190505093194066 -0.0742836535800246 49 0.0 43.79914147095148 1.1861898734461283 -0.18538553030626465
3725 3706.3914590241434 4597.424683964827 0.6877391517019735 0.13360387044029326 -0.013848902738539485 49 0.0 36.78840984177479 1.7551692914959482 -0.6107975296636956
3726 2825.542983530257 4597.632699925095 0.7129252679022926 -0.22490584503947506 -0.08782228198261738 49 0.0 77.53843346821606 3.5466489923094913 -1.3745455224582024
3727 1427.651179797845 4600.96012748169 0.9954813901248971 0.6815735144418572 0.4790934549748955 49 0.0 60.6725778064698 1.6233325317782639 -0.5260187301321482
3728 2344.969809519405 4598.93012215632 0.7606942467209789 -0.025618088708712062 -0.030758545306729154 49 0.0 75.78109144410348 3.4425900152985838 -1.342213262036537
3729 1412.2807033551362 4600.677698879887 0.928208615445928 0.3181938575227163 -0.4917835850252016 49 0.0 90.953489802232 2.3506430675065535 -0.9279667221310144
3730 2829.335639688699 4599.20887802414 0.7272692212389664 0.38637852554626984 -0.1575525504814315 49 0.0 25.36245448339114 1.0890466528373939 -0.09261621140932916
3731 3223.7253649401505 4600.348311217885 0.6946245634124798 -0.09425072913755499 0.037181441478538024 49 0.0 28.17963776538422 1.3429295169211908 -0.3201330487688332
3732 3122.35911192685 4601.468368213794 0.6922284362491361 0.17718827427144665 0.037883973034704393 49 0.0 26.94895197026116 1.2710740884346552 -0.2604271636796337
3733 91.06350040319958 4601.941613283501 0.7766064900073933 0.00769743549256495 0.02877396276563655 49 0.0 25.20470165511683 1.122972498160364 -0.1259228010644876
3734 3600.613302461421 4603.527191675678 0.7049686043186522 0.07853162519630423 -0.016069628510777163 49 0.0 42.67914071550012 1.9590151902144664 -0.7300945088239325
3735 1394.1563148203234 4603.7157822311265 0.7448619401401778 -0.07509733512417927 0.026117682236216633 49 0.0 345.0357090273799 15.605994533742418 -2.983228626151803
3736 3595.4890281166117 4603.717375901384 0.7227061518993954 -0.07681244649253592 -0.09951829250379567 49 0.0 62.218070708350325 2.827844009931266 -1.1286386228770882
3737 2553.9421344680327 4605.4474286332725 0.7119096707033046 -0.0006464845721205714 0.0397759737409859 49 0.0 28.47039580333351 1.3351491681317054 -0.31382447375980027
3738 1415.2687333526549 4606.238630349597 0.2304983662644784 0.519981794580092 0.8855822876585129 49 0.0 32.49968069308441 1.1461815734485927 -0.14813355564126032
3739 2307.834220049458 4610.034522011232 0.7537625321470356 -0.05230761935787625 -0.014456907625363497 49 0.0 32.9888942293081 1.5030849423761257 -0.44245881035424145
3740 299.0073987891213 4612.645736668751 0.7269438208008704 -0.0054139446107219725 0.002942920490488751 49 0.0 63.792740394812064 2.9461451377356274 -1.1731353448655364
3741 590.7339839500312 4612.6296219033065 0.7141512400827038 0.09612572560525236 0.004258371705884093 49 0.0 50.1178858608705 2.329890245765223 -0.9183386579500199
3742 3061.4268567596973 4614.236323996728 0.7245743509704354 0.05836563099484672 -0.03713566588600451 49 0.0 37.413400300498786 1.7236594652927653 -0.5911286714820905
3743 989.4894157620358 4618.168425871293 0.6939640351482784 -0.13499493513656818 -0.05556677341353637 49 0.0 27.70716947489245 1.333376177796783 -0.3123817292990778
3744 1921.131854048777 4617.698223820236 0.7109250926010358 -0.08921340818448482 -0.036804301002774716 49 0.0 30.448034734580386 1.4007248082095705 -0.36588205124905937
3745 1773.28142112723 4620.998670399911 0.7244753738060153 -0.03651123724282919 -0.043876844816145906 49 0.0 27.50452791738229 1.2463061719731539 -0.23906186436390503
3746 787.9557029570235 4623.838401198481 0.7682313409557996 0.016226385290805504 0.04156450396382375 49 0.0 320.9952442390672 14.389092498782817 -2.895083511040421
3747 893.7022688551594 4624.750641675176 0.6849770050203104 0.05765192452068778 -0.033553928446419155 49 0.0 185.75365427432956 8.960026926496411 -2.3807732869932696
3748 4140.676415139066 4627.382587156531 0.812218774996729 -0.6717805659022796 -0.02301703082651656 49 0.0 69.74287670203094 1.5619354516130897 -0.48415770575543243
3749 1228.1566172391094 4625.912250921357 0.6984518844274823 0.005801712131560991 -0.07630368854709657 49 0.0 34.813344168340386 1.600830213865008 -0.5108631813102369
3750 1611.675320610119 4625.968108494837 0.719397729836913 0.045008693839231104 0.011216834371932306 49 0.0 58.73842273301166 2.7151477273775404 -1.084483659802504
3751 240.4612550490639 4627.430040864069 0.7189125325435503 -0.18388838098563995 -0.0014754525131504522 49 0.0 33.62790455584394 1.5542827233695684 -0.4788250490826756
3752 4531.986183317161 4628.169444174789 0.7647637217912682 0.03197803412914606 0.07697979288205757 49 0.0 25.22666157862362 1.1357065880120227 -0.13816536262232001
3753 3443.287693897425 4628.9814109605495 0.7453305944842876 -0.03807684461494039 -0.024660159341802705 49 0.0 83.07538826965042 3.778855858736752 -1.443400816092394
3754 3748.0098145349143 4628.6446978810245 0.7339527987072365 0.003493526207948037 0.077489132126101 49 0.0 27.727369118567264 1.2717212646264624 -0.2609798331161488
3755 1294.436989807459 4632.3744206316005 0.6577732856269315 -0.1807246605932732 -0.04749432651265857 49 0.0 37.92158101752887 1.8441149687110074 -0.6644699825753899
3756 4136.561665778495 4632.799611582282 0.9425020561240506 0.11853089224797671 0.19769043911145015 49 0.0 141.21449012793292 3.7279092736716155 -1.4286633359060126
3757 4152.247912806739 4632.661742723935 0.7821955789808267 0.6321263919260164 -0.11993776107224585 49 0.0 104.65894500484289 3.2287688707869058 -1.272592393640366
3758 738.5359053699591 4632.845717208561 0.6768398051248191 0.06455580397686841 -0.034088056878913336 49 0.0 21.097797510860318 1.0081228803754279 -0.008783679024846955
3759 2372.382732939915 4633.495267165323 0.700752121448845 0.18360019965144508 -0.004281281674972674 49 0.0 238.8881159830837 11.267248059704489 -2.6295446396213724
3760 3398.6118184895654 4633.3149808378585 0.6913907386558207 -0.12300016909689462 -0.011953462601928345 49 0.0 33.556481040194285 1.600435913694948 -0.5105957209022092
3761 1174.2382552245117 4635.123379388757 0.7228691623615733 0.01699381723423639 -0.017191798658640456 49 0.0 321.76632218582233 14.892769679019043 -2.932438682670775
3762 393.0680369427989 4636.34833316055 0.7304545491783488 0.015210778851121418 -0.01353408934474604 49 0.0 25.013954151691838 1.1481083718922418 -0.14995720946986235
3763 2831.0743641387035 4637.092247084404 0.7615139336975392 -0.017894242794963797 -0.014096258696734424 49 0.0 96.65366263121066 4.370140365375917 -1.6012384659553505
3764 2852.0987662795696 4637.336007417022 0.7457070383135906 0.04611819307168043 0.028672768562774967 49 0.0 52.38686799910977 2.3901503133594137 -0.9460630350165916
3765 2742.231301610812 4637.715603706292 0.7328386492160153 -0.09862962546538462 0.006776741089818023 49 0.0 382.0864603221984 17.598316236313178 -3.1136777939304072
3766 1956.9904805587378 4640.724935437837 0.7731914929704329 -0.00024027942872346142 0.05765844809882873 49 0.0 172.97032330428976 7.685028430168698 -2.214113696194012
3767 2229.2510215870034 4641.312141790505 0.7306873892373423 0.06427360589623246 -0.04178831069057626 49 0.0 522.6491872577877 24.14366156451679 -3.457007836801431
3768 4140.022250627076 4639.989835443964 0.4185941899977412 0.4117668134622677 -0.10364234342828667 49 0.0 63.621372301117624 2.0888436619671866 -0.7997648418299708
