m1-67/data/wr124-hst-1997-f675w_BGSUB-sources-fwhm2.0-thresh1.ecsv
# %ECSV 1.0
# ---
# datatype:
# - {name: id, datatype: int64, format: '%.8g'}
# - {name: xcentroid, datatype: float64, format: '%.8g'}
# - {name: ycentroid, datatype: float64, format: '%.8g'}
# - {name: sharpness, datatype: float64, format: '%.8g'}
# - {name: roundness1, datatype: float64, format: '%.8g'}
# - {name: roundness2, datatype: float64, format: '%.8g'}
# - {name: npix, datatype: int64, format: '%.8g'}
# - {name: sky, datatype: float64, format: '%.8g'}
# - {name: peak, datatype: float64, format: '%.8g'}
# - {name: flux, datatype: float64, format: '%.8g'}
# - {name: mag, datatype: float64, format: '%.8g'}
# meta:
#   version: {Python: 3.9.9, astropy: '5.3', bottleneck: 1.3.4, gwcs: 0.18.3, matplotlib: 3.5.3, numpy: 1.22.3, photutils: 1.3.0, scipy: 1.8.0,
#     skimage: 0.19.2, sklearn: 0.24.2}
# schema: astropy-2.0
id xcentroid ycentroid sharpness roundness1 roundness2 npix sky peak flux mag
[from data line 683]
684 1222.8982584973023 994.3976544184369 0.8930056017759432 0.19773144013174057 0.2877502913270971 25 0.0 1.1093197404902004 1.3355175619054425 -0.31412400829609577
685 574.9833275351233 995.0276305633286 0.9209015470649231 0.027158232845797742 0.027525243897904374 25 0.0 2.776455150744693 2.2550047521832406 -0.8828686536112053
686 387.09209213969564 995.9852104083247 0.9395516961771018 -0.022686772313476454 0.15786952238990443 25 0.0 1.1983894772877526 1.0757801880228268 -0.07930885471772008
687 781.4837026844123 995.8119575301073 0.7287847408182576 -0.009948912239200249 -0.23255392229383745 25 0.0 2.6138786904822586 2.3131726622732067 -0.9105201276180906
688 757.0562158193085 996.8376960743241 0.9169415381788389 -0.11224572775209801 0.16276025276717937 25 0.0 1.4917048662900925 1.2170995011618633 -0.21331521106224222
689 1220.6400026388703 996.9982319086462 0.7345787941493432 -0.19376948452266066 -0.132592100394997 25 0.0 1.1657263466585035 1.3587530618654435 -0.33285133937758515
690 1198.917675998636 998.2782437976108 0.5011691600520589 -0.2961835236532631 -0.10670996521269158 25 0.0 2.735014636626358 1.8922339478480115 -0.692437074321871
691 1241.8752665870193 998.0299696172484 0.7662328426677101 0.16669843883797036 0.05081355238998993 25 0.0 3.684933378962254 3.28696896663255 -1.2919890094557633
692 666.5080339967915 998.9749570677901 0.8272591018212484 -0.05325911584318029 -0.2724872785304836 25 0.0 2.783032098010969 2.608479355440654 -1.0409685097250672
693 1569.7564351796377 998.907524309583 0.9302374852405043 0.07254293643311593 -0.09394070929571302 25 0.0 4.366943874563563 3.7948274308306535 -1.4479800780214074
694 1619.8268466724612 998.9714411658683 0.9470805176337486 0.12627409359290384 -0.25885198208861965 25 0.0 1.2415131064571838 1.1580735439976642 -0.15934035084936987
695 573.8978396535451 1001.2733535423988 0.8505674666279118 -0.04537714096368472 0.0601330786547426 25 0.0 5.204794238167212 4.467833181782386 -1.6252423730695957
696 1432.91937824592 1000.8792977164436 0.8626588299883815 -0.18645729841497993 0.033602016088349417 25 0.0 3.6960375024224383 3.281372710758645 -1.2901389050056462
697 972.3618543735446 1001.8976591819898 0.6533468555269977 0.11904558484502198 -0.09154327094187521 25 0.0 1.2454361217006444 1.333538589864199 -0.31251396949215743
698 1156.2958697957047 1003.1061069039204 0.8210689216670122 0.07688915659299453 0.1490227607265706 25 0.0 2.3376470062374803 2.4624327520574436 -0.9784109473564468
699 1541.9514610284405 1002.4698174093426 0.9298332069409229 0.5575857764098905 0.49613339394526534 25 0.0 2.420954721339459 2.189630137649691 -0.8509269049731112
700 288.15176973659817 1004.6345458219313 0.6778512274731092 0.8139546015289804 -0.5604600851311631 25 0.0 1.290751203699339 1.2653034451817526 -0.25548672635753383
701 289.22778733998814 1006.0652271839062 0.9020325630445617 0.9689055153391851 0.06828704375214083 25 0.0 3.3392227811153656 2.779052636563332 -1.1097419314922896
702 1203.9882999800861 1006.0461336791407 0.9863816904121002 0.20633624868872066 0.1332700447516472 25 0.0 6.732017355566579 5.421520673378813 -1.8353027954181393
703 1243.7373047228878 1006.0232078470734 0.995750840831484 -0.3177138290616326 -0.21316363403139418 25 0.0 2.6543182470849347 2.4247854621175087 -0.9616832988506308
704 380.5261071449024 1006.861292864659 0.733848713354359 0.04794845955267809 -0.05783148894868007 25 0.0 7.304555245623714 6.768338840888448 -2.0762052312552055
705 546.4768180528939 1007.3309927501883 0.8877079453011639 -0.5457738427340391 -0.1311964062320164 25 0.0 8.544859500057493 6.827531162390382 -2.085659227585378
706 912.6910746386735 1006.7301139190689 0.9534323816032717 -0.11183294816345261 0.25761036521389585 25 0.0 2.4445075042159172 1.9298805616645214 -0.7138260794946582
707 1387.6476617718054 1006.8003904379156 0.9057467535317402 -0.6002042006834682 -0.4992818631657317 25 0.0 3.6059168050315886 3.060437185360812 -1.2144586753769895
708 1443.702773640337 1007.2654731654235 0.9737033626830098 -0.22348250319833488 -0.24646187324713126 25 0.0 2.131350535336998 1.575430054791245 -0.493497815835478
709 1525.566883688088 1007.3215375087052 0.6628475732087052 -0.3514011498129038 0.13949878286430775 25 0.0 1.2858422077436582 1.3280447844610956 -0.30803180150391185
710 406.90527113472376 1009.2295093721979 0.8813909136373799 -0.031025554968946257 0.1398253585738225 25 0.0 1.3770015938923221 1.125415862950612 -0.12828258081107335
711 986.4772946460513 1009.4746363893872 0.6983941392349682 -0.4978597889235757 0.05750878262698432 25 0.0 12.602391803214156 11.340600287022081 -2.6365901087117374
712 498.61146042648534 1011.080025114592 0.8101209016386716 0.2282017749022518 -0.20636187308942555 25 0.0 2.824492882075141 2.684880204901284 -1.0723122823412816
713 731.7771038190745 1010.9232527689823 0.8351706734235731 2.175102132990204e-05 -0.05467879770751709 25 0.0 6.670192106034219 5.683237150320423 -1.8864894466957876
714 1147.5016325645413 1013.2175969452975 0.7247659435505281 0.30240818721582874 -0.06178400377216377 25 0.0 5.270142516639475 4.5988100996528285 -1.6566136911585927
715 1699.9590660712192 1012.5575459097851 0.8787420751467789 0.4554949669551931 0.3717625018247384 25 0.0 1.2800650395253537 1.1633156991444327 -0.16424397252792514
716 1381.9667361173388 1014.0700863746086 0.9124109994676067 0.009478157826004455 -0.07812996911885883 25 0.0 9.060549955233602 7.828957653662974 -2.234259859999171
717 1394.1375357004322 1013.537423275881 0.9937039998580834 0.018249478040391884 0.36828678553338057 25 0.0 2.335949916412905 1.9739451559766712 -0.7383377051962793
718 1579.8660247050539 1014.7762631707676 0.946650408470388 0.11635264308260904 0.020423588353369437 25 0.0 17.04817633747876 14.687707230046733 -2.9173850178873377
719 886.2574062385752 1016.2298374398139 0.981227659547581 0.1150893778365225 -0.11175600126702033 25 0.0 1.6872017097158605 1.4055695477386272 -0.36963084853678596
720 1258.9832236380641 1017.1486426084207 0.6672090084889166 -0.05959571831294467 0.14248298325890985 25 0.0 5.293711647569158 5.332437690280818 -1.8173144735126148
721 1503.3788430087548 1018.9922488361902 0.993722556791291 -0.6853954039010929 -0.49296436526905757 25 0.0 2.013694884952757 1.7348996127389569 -0.598185875202167
722 1206.971402553995 1019.8973802437984 0.744459582075155 0.14319130298507066 0.13148126334051155 25 0.0 1.1050362157390161 1.2513926103089656 -0.24348396516154167
723 259.4812280230519 1020.8318934772295 0.9578858723131082 0.7408061511371983 -0.5988891593201648 25 0.0 3.634966184254867 2.652660989039998 -1.0592043763722456
724 736.2859398269998 1020.7638758636987 0.7237058041597818 -0.38262802398065154 -0.15660287153068284 25 0.0 2.442506956332171 2.1723899225215333 -0.8423444487020447
725 1126.648637413553 1020.8355873119441 0.735553359877527 0.20229690841637304 0.1435067819574423 25 0.0 1.410943718319326 1.5519908164091882 -0.4772228677006982
726 1344.4978249045362 1021.8249229251999 0.9987084407076168 -0.01727358586318885 -0.23775410655980653 25 0.0 1.3236999846528616 1.1172599033621438 -0.12038553231056087
727 264.97880374672576 1023.3545751541955 0.8188574386393033 0.3393901842384778 -0.41091780869822037 25 0.0 5.058978356166019 4.3304123075525895 -1.591323121004771
728 779.0853150182663 1023.1463357510439 0.9139089388152678 0.13447744751061425 0.000758779438254132 25 0.0 1.5873164901388597 1.4148342089894685 -0.37676387996971034
729 291.5977038121084 1024.2844982874392 0.928075990440021 -0.2791348446667138 0.06111663444164645 25 0.0 27.401940742803117 21.215971809140846 -3.3166573241336827
730 540.30040489935 1023.5548474744766 0.6725650574610207 0.0628553710483587 0.2707724231823761 25 0.0 1.0089810346236088 1.0837218456352353 -0.08729456988059588
731 1361.099161037748 1024.204119344706 0.4716170613960349 -0.4377363369291917 0.11293188170581744 25 0.0 0.8240116540022533 1.0309835128976168 -0.033129300660684265
732 1547.4144945037306 1023.6686411800488 0.758200854612584 -0.06402807646711829 0.11058106663457419 25 0.0 1.8680250085480357 1.772193631080417 -0.6212779286342933
733 1066.239994617225 1025.3042292199707 0.7422791239958153 0.07594847760325099 0.040064368814311684 25 0.0 1.2531248473344565 1.2317853249994342 -0.2263375644332186
734 1250.273867453509 1025.5667188319003 0.8537471464443431 0.4110619359400104 0.24780395847307096 25 0.0 4.157264017745973 3.9102997372574975 -1.4805251219089024
735 1374.140285300664 1025.1873495551743 0.9981128628474372 0.5294699206803932 0.7621712104030226 25 0.0 2.1195700672004283 1.7108718034349015 -0.5830436720896727
736 1629.3135769889795 1024.738449263455 0.8872236343020542 -0.15367842196677897 -0.05047524137706627 25 0.0 9.979693481947487 8.916730894026097 -2.375514149697886
737 270.876836546926 1025.4951504344629 0.7397871097752647 0.3316033521821771 -0.3726686190237034 25 0.0 5.194637349337883 4.784909513880577 -1.6996843234149015
738 959.3623989586738 1026.184811508804 0.8769705260382485 0.01941892331779713 0.46436958244610876 25 0.0 1.9284517747635335 1.0379350439667652 -0.040425438382489395
739 275.2197044326588 1027.1286267578507 0.7984110181093024 -0.5435133004314743 -0.41030868166048756 25 0.0 2.791568866383508 2.482438321191892 -0.9871961669882532
740 1529.9654990446172 1026.493017721993 0.9453713515922123 0.2179542741512829 0.4120680357849104 25 0.0 1.143062952024775 1.033161518317515 -0.03542055459913176
741 278.88921318278034 1028.4045254483522 0.8007302010920577 0.11555312492336377 0.11204650168423197 25 0.0 4.9048669759746515 4.6935329419396234 -1.6787496758585778
742 1092.5829451978457 1028.5162033737001 0.5071674596648893 0.4296441274927778 0.050330853752962146 25 0.0 1.899391146114283 2.2060589792278646 -0.8590427979245321
743 1584.3076406636965 1027.8978466982321 0.8827547125158337 -0.19394471232317392 -0.07692603655800484 25 0.0 135.7582094706495 118.39354526319977 -5.1833200639700205
744 651.9439318319908 1030.002462555275 0.7825215520456542 -0.28455619250005915 0.20962960915092016 25 0.0 3.4455543688743924 3.348607747487167 -1.3121606942610278
745 1488.1070171377241 1030.6618142809286 0.9167554703801646 0.06404417521167637 0.09699517830590647 25 0.0 2.9082397807675853 2.7039696349095035 -1.0800045256210273
746 952.7692055673642 1034.103640374909 0.7956867981745527 -0.49410697096847767 -0.3494413118062578 25 0.0 1.4466801185702751 1.2271149681827762 -0.22221313401460205
747 461.56670483219375 1034.8147833110836 0.8180840524812518 -0.008989001020859168 -0.2610011326593432 25 0.0 1.7662157982007094 1.6920735758599643 -0.571048108482187
748 521.9735543859059 1034.7425864430274 0.700591588786986 0.05017739852604402 0.1633828824894536 25 0.0 5.043491299222722 4.887223986169233 -1.7226556090438085
749 1060.1829107851827 1034.7934366497832 0.9351825573834371 -0.11258110171184665 0.024171633200758883 25 0.0 1.5765981244798697 1.5667468924372958 -0.4874971049296657
750 1063.896154237038 1035.5727015249759 0.9739491064231637 0.052960114443989126 0.26770080032079124 25 0.0 2.6054166449818688 2.471115224643786 -0.9822324910449359
751 1308.8233742536322 1036.2878878399986 0.9433995848562786 0.1387476216485379 0.05692677473777324 25 0.0 1.1908686274296103 1.0851327419970893 -0.08870716940298727
752 618.0811146964138 1036.6029989466654 0.6203376446580919 0.26077759705144854 0.6053954429945521 25 0.0 1.3647900024022406 1.5825003872738301 -0.4983595624278528
753 326.50941571990546 1038.2983199272921 0.8439401215303142 0.45668316393855507 0.006632828847191822 25 0.0 6.959668989700466 5.597461340483265 -1.8699777568903895
754 635.9634146292431 1038.6847298802468 0.8074209488090134 0.3832110435003455 0.1317955477391951 25 0.0 1.1766943324224304 1.0678889040154103 -0.07131518490854408
755 1024.3349134187608 1039.7821931592343 0.9290252543967139 0.21944137603529312 0.20645204853491173 25 0.0 2.558824701045299 1.875347131451749 -0.6827041712531496
756 1111.0535063239206 1039.5596303544407 0.9254210362092182 0.2761899113585723 0.2583100244272191 25 0.0 2.1912194110786083 2.0364421699143826 -0.7721802041821278
757 1594.1961775567866 1039.4571703082745 0.9665762747293358 -0.0901374869005458 0.378374634564329 25 0.0 1.2333134778103982 1.0775663203053587 -0.08111002227053354
758 1639.9402911966752 1040.2021519247708 0.8924967049311883 0.043431518368594275 -0.020590828407873574 25 0.0 2.7488263758238594 2.4802292358125895 -0.9862295561457657
759 1671.7410682754667 1040.0492105591384 0.991030030923992 -0.3046445744413242 -0.6189539923779187 25 0.0 1.9033469278495065 1.5547646814298732 -0.47916166622053696
760 959.098226822222 1041.4748239669627 0.5370488451082572 0.4295656645038782 0.564060364230669 25 0.0 1.6325535017716426 2.035087092981823 -0.7714574997410018
761 991.0933321590768 1040.5499873268554 0.9412666496708542 0.07570277279128507 0.16220659268514104 25 0.0 2.63685581958206 2.3142407041902824 -0.9110213198420505
762 1166.9662080403502 1041.0758672607092 0.6385408693655515 0.10948347724997594 0.015194509364231085 25 0.0 5.5352932760468985 1.97651740625555 -0.7397516083056821
763 1399.420666978792 1040.9509913076015 0.7116114296788015 -0.0988839974086971 -0.07758888463544136 25 0.0 7.87811054509938 7.569888545061837 -2.197723713076152
764 1375.5842456473797 1043.1087862712548 0.8806450743278909 -0.35816162832633336 -0.5392518127848722 25 0.0 6.589296760033344 6.275572596761477 -1.9941333948124387
765 1535.4491108421248 1043.1565921293545 0.9602473209353712 -0.11507045662345776 -0.17792567647573462 25 0.0 2.226691554584577 1.92881716552332 -0.713227655984262
766 1036.5533300038128 1043.396598590098 0.9035384618848598 0.5191625625931626 0.05366540137003349 25 0.0 4.355170029096514 3.630370355644289 -1.399877330639924
767 1184.8351068422892 1045.6341127731018 0.7079712221337686 0.3129331136519237 0.4674076062326359 25 0.0 6.474358879524683 1.649377630863109 -0.543300250730577
768 1116.2074946401685 1046.1266516718845 0.8049429396501274 -0.08272560046158908 0.07769576126719824 25 0.0 2.322480660901111 2.121845368416364 -0.816784327694574
769 1168.0217331402605 1046.2530718851042 0.5073696001482747 0.33172695035109667 0.7176195492108127 25 0.0 5.9670167110114605 2.197108245344726 -0.8546286347885916
770 1322.2553885365323 1045.4760098458207 0.5601354627245088 -0.28690252179645925 0.12223977035223495 25 0.0 1.1250369622085188 1.1638216578729863 -0.16471608709108426
771 1331.348528352961 1046.4398991231442 0.6437786894309032 -0.3870303467142245 -0.33324618975117676 25 0.0 0.9839005883641334 1.0707399506377382 -0.07421001761067755
772 1360.8325361084906 1045.7952015782241 0.9253177462046749 -0.3812167496836153 -0.23752348263794956 25 0.0 2.2707144222504874 2.0581465331755964 -0.7836907296181456
773 387.49495042815437 1047.1591944795398 0.9394542959936735 -0.5953179757838 -0.12250062665270457 25 0.0 3.193140250299711 2.720054915692029 -1.086444180435924
774 750.5300421900153 1046.9085751241971 0.6381418916578231 -0.38217447465563453 -0.2679430797034573 25 0.0 3.7360261270076234 3.732765769049269 -1.4300768470358567
775 823.8732224796812 1047.8976098752737 0.9727443480736033 0.062478289817634265 0.038026117733197404 25 0.0 5.175384141180655 4.098049516915483 -1.531443004241291
776 886.7244950197608 1048.0134067538788 0.8067426423120315 -0.2572733074459566 -0.2976255480359091 25 0.0 1.295020617571117 1.0683516737544572 -0.07178558685974544
777 996.9697058686515 1048.319509680678 0.6515650516999764 0.2580935531699915 0.5651297268010989 25 0.0 0.922130583993904 1.0143586867275711 -0.015478881875448146
778 1129.3860238836855 1048.242485545739 0.7029706237680915 0.1152183324772297 0.018438083439400225 25 0.0 2.4794612631961073 2.33196251482248 -0.9193039126696358
779 900.95085440676 1048.8789524139931 0.7736660871137538 0.16597843902811027 0.605672172742689 25 0.0 2.4053604465538587 2.25357288542326 -0.8821790216434642
780 1179.5657080734632 1050.317579609546 0.6516035913086704 -0.7364539284032786 0.7968815547739294 25 0.0 17.987586196850643 5.963486985298462 -1.9387506894687376
