m1-67/data/wr124-jwst-nircam-2022-f444w_BGSUB-sources-fwhm5.0-thresh30.ecsv
# %ECSV 1.0
# ---
# datatype:
# - {name: id, datatype: int64, format: '%.8g'}
# - {name: xcentroid, datatype: float64, format: '%.8g'}
# - {name: ycentroid, datatype: float64, format: '%.8g'}
# - {name: sharpness, datatype: float64, format: '%.8g'}
# - {name: roundness1, datatype: float64, format: '%.8g'}
# - {name: roundness2, datatype: float64, format: '%.8g'}
# - {name: npix, datatype: int64, format: '%.8g'}
# - {name: sky, datatype: float64, format: '%.8g'}
# - {name: peak, datatype: float64, format: '%.8g'}
# - {name: flux, datatype: float64, format: '%.8g'}
# - {name: mag, datatype: float64, format: '%.8g'}
# meta:
#   version: {Python: 3.9.9, astropy: '5.3', bottleneck: 1.3.4, gwcs: 0.18.3, matplotlib: 3.5.3, numpy: 1.22.3, photutils: 1.3.0, scipy: 1.8.0,
#     skimage: 0.19.2, sklearn: 0.24.2}
# schema: astropy-2.0
id xcentroid ycentroid sharpness roundness1 roundness2 npix sky peak flux mag
[from data line 291]
292 391.5912835692718 1322.6925201427741 0.6500737498561259 0.11416422579144214 -0.033955734491289934 49 0.0 466.5807920095398 23.334381692084612 -3.4199907439000095
293 53.70035297811821 1324.7607440858599 0.6431693992278176 0.0584922682899295 -0.035891027195662846 49 0.0 172.91828178409267 8.747476989071858 -2.354707021776397
294 395.93715241930926 1337.2118899631716 0.7134866904327138 -0.05369773085179312 0.001601020439837278 49 0.0 40.507522793081264 1.890890517505367 -0.6916659598442743
295 1983.4009765399328 1350.8567186045311 0.7008575344155508 -0.07877304585977857 -0.0369897055514702 49 0.0 36.729936385130294 1.7274544307836646 -0.5935164994206159
296 714.8417272409579 1363.9181561166479 0.7249713296076786 0.020493386233770464 0.0022481084591337032 49 0.0 24.760696932205832 1.1627624743135523 -0.1637275184840005
297 1139.3657534392703 1364.085371369813 0.802367172896034 -0.0002088500287358922 -0.07251832606729178 49 0.0 286.534269966267 12.251919156129304 -2.7205103061666565
298 497.62113616923915 1376.358943352853 0.6790848154240543 -0.12917395358759104 0.006088291029364033 49 0.0 23.771780904762846 1.1464266089345352 -0.14836564405618932
299 354.7841141741335 1383.3510236749669 0.6941129670454996 -0.03623977189577166 0.07524488360434858 49 0.0 26.14082511962381 1.2508722224597606 -0.2430323711262944
300 849.8459442391771 1387.5629891280014 0.6713663151229635 0.09060898076023731 0.06564517914632034 49 0.0 43.07620712506626 2.115024343635262 -0.8132884260218853
301 1098.416730301496 1391.830630041293 0.7109192273018077 -0.07744072781995508 0.013505721410514761 49 0.0 23.201094015339322 1.0624408511953147 -0.06576190277168206
302 898.7737933032839 1401.6056614531883 0.6928743800406955 0.12464109887657662 0.03261558147342589 49 0.0 23.27378445589933 1.1056283530378979 -0.10902291835049027
303 1819.3289754529005 1403.0342483353988 0.7049897304673506 0.024402795765118716 -0.06923677143392827 49 0.0 26.571877225228015 1.2529634246958756 -0.24484598418011816
304 767.3200545509675 1403.8732314261363 0.6982937265132358 -0.07674691919778061 -0.052671803743471024 49 0.0 37.11949686696466 1.75391145354202 -0.6100191604188607
305 50.03615293075356 1404.7163663645129 0.7085169398471636 0.0011259971044815615 0.05734301410922445 49 0.0 29.43097294878515 1.3824799173768005 -0.3516470780868924
306 1363.8288688852156 1411.9542812619318 0.6456926760721309 0.024602392847928346 0.006720473838217624 49 0.0 442.2401234726209 22.49921630124599 -3.380418477281522
307 707.435594216562 1422.861932269831 0.6850467518709584 -0.5505898319672708 -0.22450938908323842 49 0.0 55.02601497474417 2.44021649804802 -0.9685708975440928
308 1884.3670984213627 1423.2213491714588 0.7039345334070144 0.06430298432763706 -0.045544551968711725 49 0.0 36.58796526203215 1.7230237097839136 -0.5907281340691048
309 1388.781163498397 1448.700752311487 0.6941657638983503 0.07219820284637316 -0.0021065947408034497 49 0.0 59.229548554349115 2.803997621625796 -1.1194441023064254
310 1040.5084912239515 1455.0148099372796 0.6948508179589714 -0.05341306943190094 -0.08942601132112354 49 0.0 24.851304742994433 1.1856762212744396 -0.1849152754555253
311 885.5793806113004 1464.2325968307873 0.6734097101094549 -0.1221916197719079 -0.038440722484035156 49 0.0 41.794006507880084 2.0237061420982894 -0.7653686245072246
312 130.41856183466848 1467.2650321430613 0.6948854480495938 -0.19520773926562993 -0.07278856483901325 49 0.0 188.20685966155241 8.926288254719658 -2.3766772682747157
313 397.12809728527765 1476.6821661665256 0.6995851244703428 -0.02712080641903299 0.06877934161601107 49 0.0 33.926648321302864 1.6045176390199822 -0.5133612395198119
314 314.3625372143678 1477.5725728204009 0.7184670018196119 -0.1479317240428753 0.051528567880776456 49 0.0 64.21223478606933 2.9186922770269272 -1.1629707723843974
315 1660.4532528844522 1478.1255747344537 0.6982891223319365 0.025491473781590362 -0.08380047301733207 49 0.0 64.33543987238092 3.01586861545446 -1.1985310445643005
316 2106.1990697079846 1478.5313606473733 0.694263077194987 -0.07127555654637681 0.053037825917565035 49 0.0 34.01550300506496 1.6048695546447738 -0.5135993457459114
317 918.9361297046303 1487.6488516138866 0.6793657257795039 0.02983843339064972 0.10668528349637721 49 0.0 65.37777584435018 3.079372912664187 -1.2211557130874586
318 1804.2715397378272 1489.871895107185 0.705995905532686 -0.035670563868846865 -0.030300052179027946 49 0.0 59.46522822442213 2.7970089293480576 -1.1167346321072218
319 1834.2382987098229 1491.2631424690653 0.7250536487294487 0.0409062200620102 -0.009408680746172075 49 0.0 89.02097178648768 4.116802647535841 -1.536400120408146
320 1956.6962845234839 1501.151945595001 0.7099900983124785 -0.058249756289895656 -0.04965456892834781 49 0.0 348.72377672454246 16.607567437218165 -3.0507650615679904
321 1011.3348531471208 1536.9226388504849 0.7131566744941805 -0.07598057581350741 -0.05024309050804907 49 0.0 37.032046285351285 1.724061890221746 -0.5913821300838866
322 2027.519798898902 1547.4952122460465 0.713014992663917 -0.22538400795540792 -0.010375696254368552 49 0.0 164.14357075916573 7.552745393938014 -2.19526211175897
323 135.56961669780017 1557.4118309503451 0.626375033676912 -0.1680338041494399 -0.004353035781451868 49 0.0 61.61011549602575 3.124419503557472 -1.2369233503441122
324 318.4413827530353 1561.3034361403452 0.6598725408153462 -0.1554487407071532 -0.025157340448414476 49 0.0 31.59081413049408 1.5389441083551207 -0.468057118334815
325 442.57897690799444 1562.4739087615176 0.6477312247383231 -0.134874128264644 0.05024375389346093 49 0.0 41.22835764416627 2.03062917045481 -0.7690765515824802
326 1840.9443372630526 1565.7353620255974 0.7949584451547176 0.030507234725807277 0.014080236351283812 49 0.0 181.66102708933454 7.86490499799411 -2.2392337026188254
327 1224.1210429437047 1568.6263562380266 0.6914247303178129 -0.03457604021548926 0.0440873547847971 49 0.0 40.539601620157946 1.9287105401321087 -0.7131676346149043
328 824.1468472005398 1572.6022041734996 0.6785639985030799 -0.042511497580021616 0.05094310316771342 49 0.0 45.57541741434272 2.189878833005139 -0.851050214482677
329 1703.1882024995462 1572.7707404573248 0.7169286885000272 -0.018223574805613957 0.039062107783325965 49 0.0 22.76957265127033 1.0623546902718224 -0.06567384909094277
330 255.55216615931096 1573.8631715991366 0.6835848402676045 0.028371933771713473 -0.06201903770541128 49 0.0 51.14194966016974 2.478668897208865 -0.9855462929997155
331 1508.222084443764 1575.5318429631102 0.6924596601296314 0.6557503722102332 -0.17924889231256447 49 0.0 46.27997118389044 2.0274619013622464 -0.7673817550087187
332 35.47513447268758 1576.7606116005054 0.6431418829049764 0.08984518665218605 -0.046949556538017724 49 0.0 30.59343574734313 1.5358538710248693 -0.4658747416694835
333 1511.8734644155438 1577.9297214409876 0.8059992702078352 0.07495763238080465 -0.013965946003744525 49 0.0 162.7580975858104 6.965506893615546 -2.1073818159307884
334 772.9480696351849 1579.6264913171017 0.7711759968678942 0.061050913922042815 0.07910807028085323 49 0.0 321.1507022448048 14.304461859870695 -2.888678810249262
335 2234.700960119303 1582.0783460207817 0.7184158699605445 -0.03491475422817749 -0.0241522663132049 49 0.0 24.465708336451147 1.1430813585643662 -0.1451928557740754
336 1537.4989587293392 1593.204555585458 0.7178183613780021 -0.12749948741567568 -0.07889587335843797 49 0.0 128.00422017175873 5.9715073151107045 -1.940209921629703
337 1076.9216312950848 1595.1095107871895 0.7012083157029201 -0.04688066809079903 0.04128666276478447 49 0.0 32.083037378023 1.4982064676511129 -0.4389291688938234
338 1932.5996021633198 1597.0652276054007 0.7013040258496579 -0.0328947966983994 -0.06275805431284308 49 0.0 23.164502426491083 1.0945841636479081 -0.09812290128928505
339 2045.8266694144643 1601.8608870505416 0.7080601153592191 0.030747807343532704 -0.004375808007197898 49 0.0 33.956069457060806 1.6027616598318886 -0.5121723624734665
340 661.6825630004936 1607.3785591317833 0.6553020708602242 -0.09324945144505117 0.005312000263969833 49 0.0 48.99131722109257 2.396078630106417 -0.9487526645738698
341 1196.7179900541812 1607.3344580328321 0.6542662285404235 -0.08436289645600503 0.023052607002738406 49 0.0 47.402606292861556 2.3135190393970424 -0.91068269482974
342 1620.0968669675776 1612.8832393462208 0.7145312439284434 -0.018906944851315204 -0.029246300979703394 49 0.0 31.23811156429443 1.459996245406903 -0.410879347335818
343 1322.6320005933862 1614.1900313856365 0.6935259022616329 -0.16030521614533702 -0.051874705220981615 49 0.0 24.300324870272195 1.1591172301573223 -0.1603184040500066
344 744.5455359203157 1619.1139144081606 0.6910162574524926 -0.07174412752018319 -0.06073116145527072 49 0.0 23.029071938238005 1.0902820727417173 -0.09384717784972058
345 550.4213021561036 1625.8726532287712 0.6834867490337063 -0.1958773399875034 -0.04687698711074526 49 0.0 27.536612703534356 1.3040347688426601 -0.28822292733025734
346 994.637681802714 1632.0332636607254 0.6776173830981759 0.0019170844494670438 -0.010697316815562909 49 0.0 58.926127366407606 2.7906917622683975 -1.1142796760132618
347 1532.0371405927253 1644.6090795993148 0.6825362187113194 0.013214106952535613 0.06995672844828021 49 0.0 373.2855251772371 18.19903429194335 -3.150120858313313
348 592.149538929739 1647.26458573738 0.7102544239503622 0.05451494438459985 0.02195923369349947 49 0.0 36.0772688596734 1.6992741915488647 -0.5756586535718078
349 1561.1666592805027 1647.3796376555474 0.6996854486375276 0.11534230818519141 0.05941211807824031 49 0.0 22.802447173596757 1.0825627081374536 -0.08613265634938223
350 1916.9141673856257 1646.939083229631 0.8392259057349063 0.009067857385403272 -0.005961630451126148 49 0.0 295.001827804358 12.39448747307583 -2.7330714321934324
351 2179.8163965043173 1655.8761955243024 0.7072065774086452 0.009058329359470046 -0.04291510690552484 49 0.0 39.093722160890266 1.8525697563122516 -0.6694364245044261
352 1314.9701256265355 1657.0714184298981 0.7385802071542712 0.03227810653265661 0.03814607840823666 49 0.0 23.344530855677846 1.0841237519699514 -0.08769714861037656
353 1406.5610734127288 1656.680520318792 0.7204180465333441 0.1492189036795058 -0.012777909181679743 49 0.0 120.60246684849888 5.603671440706503 -1.8711816585796373
354 1183.187724939116 1663.5554374834958 0.7025276701877706 -0.05163935959722131 0.06525009303236569 49 0.0 25.12628929628514 1.1676368876665484 -0.1682695166142355
355 202.79170612303986 1673.4993836804267 0.691405626637939 0.14213047477570473 0.09557688821342755 49 0.0 31.15863778396394 1.4820191565538317 -0.42713454340626894
356 425.955631210385 1674.777519136667 0.7305870510951199 0.05101116184924895 0.0057282774209331516 49 0.0 41.49507869032479 1.8629642508873145 -0.6755113028453639
357 438.3713868498635 1676.3331636091716 0.665582048779425 0.10382082238827677 -0.01186541607024173 49 0.0 495.4424239700399 24.105918881747822 -3.455309226984467
358 1404.6208315564 1677.630262391538 0.686165655171074 0.17866422358428585 0.0318197687854019 49 0.0 21.88247953368766 1.06043686863725 -0.06371204653835393
359 2105.602861808899 1682.658430412807 0.6941619175394992 0.07709992607865984 -0.04632928826418122 49 0.0 38.23181094991924 1.7960028867392377 -0.6357675759478048
360 1409.8209133490752 1687.7554877648163 0.7219627597318499 0.07914058512300869 0.05776029925327401 49 0.0 26.485765058849292 1.238244070950233 -0.23201564284810267
361 1198.8905751168795 1691.3203493390974 0.7018952231946607 -0.011751945175862992 0.04993228556361625 49 0.0 29.012022161814723 1.3682083459743846 -0.3403805881557781
362 1582.013909195227 1691.2876286221542 0.6992015339161959 0.009983185402901868 -0.011072653259604397 49 0.0 28.54101069146911 1.3454588154503202 -0.32217602132819245
363 1758.4104227529263 1695.9735826230944 0.69396368871845 -0.015815150819365936 -0.04549654926601502 49 0.0 41.00489370076853 1.9483392435324645 -0.7241614454822447
364 650.076640892363 1698.689022877015 0.7745155300742833 -0.020881621572988788 0.03679220450491324 49 0.0 115.06671678100291 5.057027799447774 -1.7597383525970742
365 825.4683414103343 1701.3367330417957 0.6525101473040001 -0.17970939007673448 -0.026505732136214107 49 0.0 50.21757568210154 2.451979305454682 -0.9737920011119019
366 1534.1363087546945 1707.62618925564 0.7773715900985616 -0.026368186947490598 0.05925460179159072 49 0.0 100.16569639864525 4.380937170574759 -1.6039175619180774
367 1150.864143785566 1708.8681663085445 0.7147595505990836 0.029106861677776985 0.015684366741552748 49 0.0 25.55797808816902 1.1992075928992663 -0.19723592406647983
368 1174.2152532664338 1709.408629097372 0.6854617778269668 0.13632809048507544 0.05342005630353872 49 0.0 33.60329658261028 1.6144048351530733 -0.5200311240240145
369 2143.074491434188 1708.5913373624016 0.7004385880112514 -0.02364864242507912 0.07444183372518912 49 0.0 63.451561692651474 2.9566343690382526 -1.1769940524996547
370 732.1066203749524 1709.814307145325 0.7162496342360869 -0.3345606969057495 0.048350046540086476 49 0.0 120.76678642870145 5.482587665007045 -1.8474639616237554
371 694.6068694841388 1720.5087417499228 0.662112623822675 -0.16511833566985284 0.04946440854849106 49 0.0 20.7075095919651 1.0119050329140777 -0.012849389913913295
372 1723.0284329115866 1725.470508400286 0.691458435574409 0.07856096269143568 0.08664879685083589 49 0.0 21.08491572188575 1.0070171192040425 -0.007592133962631381
373 1323.419143956657 1727.1745988642147 0.6969261112981573 0.04951470619086127 -0.06034386631455029 49 0.0 32.153438236676095 1.5130507320764057 -0.4496337250339426
374 1459.7835918539492 1730.0458895387726 0.7271841704644322 -0.02132638639425759 -0.02180925419503221 49 0.0 135.9522007473943 6.308561972661789 -1.9998259343573868
375 1494.471483252995 1731.9408093269835 0.7202557674275409 -0.08314439236446153 -0.10652775386733558 49 0.0 108.46170044013603 5.027808426932964 -1.7534468038440034
376 2054.254223598553 1731.7139334613362 0.7007480645799535 -0.08648313654367062 -0.0026185955988630846 49 0.0 31.772892029980248 1.4953337561272413 -0.4368453433016679
377 382.4068367253336 1732.8665042709913 0.7666017847831728 -0.12530873625608283 -0.06388673822768695 49 0.0 150.59809615101304 6.563182253536617 -2.0427861609570512
378 1877.5602616461313 1732.8130486452774 0.683624996612605 -0.2309191359756132 -0.08823018370929427 49 0.0 64.98926950175024 3.065397389255803 -1.2162169579630313
379 869.749915971517 1736.696460221114 0.6979286926129281 0.16173291476566753 0.0006663033074268827 49 0.0 21.895930004068678 1.0310039829868587 -0.03315085764592266
380 2079.387063333087 1742.9509259443787 0.6897513307558991 -0.040959268267539935 -0.033123353296982315 49 0.0 35.24183716063119 1.6735538974023874 -0.5590992588207175
381 2195.725539240276 1746.0453541414968 0.731681185009998 -0.0021849020704125003 0.010977254914910245 49 0.0 23.23812159614146 1.0718327240238439 -0.07531753078472328
382 905.4509129714066 1747.5215392379878 0.6416449488519735 -0.21605669319844187 -0.005324432717211783 49 0.0 339.82020256033064 16.8712127007824 -3.067865751868349
383 87.81390453675891 1753.6281962650198 0.7212739820406587 0.07521149038494422 0.01871242127532663 49 0.0 25.77580260189765 1.1985404194587599 -0.196631711802162
384 389.9727431455383 1759.7379087651475 0.7321650579878688 0.019808912431089978 0.0452130104502979 49 0.0 23.684329900559423 1.0947918530925738 -0.09832889235557225
385 613.6248298914066 1760.283674167523 0.683775821530019 -0.11432914554226407 -0.020026987778728442 49 0.0 31.16329425525893 1.5016347524013942 -0.4414107765663738
386 1511.8921112551086 1760.7474172172688 0.7194225924084064 0.056209177615711856 0.030596588611342346 49 0.0 77.07960609895702 3.586127852882745 -1.3865644224990792
387 905.4906974913423 1763.2410342752758 0.6784739676835176 -0.12250252839311104 -0.06506980063524558 49 0.0 116.12590129848833 5.594630281636766 -1.8694284791938187
