m1-67/data/wr124-jwst-nircam-2022-f090w_BGSUB-sources-fwhm5.0-thresh30.ecsv
# %ECSV 1.0
# ---
# datatype:
# - {name: id, datatype: int64, format: '%.8g'}
# - {name: xcentroid, datatype: float64, format: '%.8g'}
# - {name: ycentroid, datatype: float64, format: '%.8g'}
# - {name: sharpness, datatype: float64, format: '%.8g'}
# - {name: roundness1, datatype: float64, format: '%.8g'}
# - {name: roundness2, datatype: float64, format: '%.8g'}
# - {name: npix, datatype: int64, format: '%.8g'}
# - {name: sky, datatype: float64, format: '%.8g'}
# - {name: peak, datatype: float64, format: '%.8g'}
# - {name: flux, datatype: float64, format: '%.8g'}
# - {name: mag, datatype: float64, format: '%.8g'}
# meta:
#   version: {Python: 3.9.9, astropy: '5.3', bottleneck: 1.3.4, gwcs: 0.18.3, matplotlib: 3.5.3, numpy: 1.22.3, photutils: 1.3.0, scipy: 1.8.0,
#     skimage: 0.19.2, sklearn: 0.24.2}
# schema: astropy-2.0
id xcentroid ycentroid sharpness roundness1 roundness2 npix sky peak flux mag
[from data line 292]
293 4362.391548905032 2197.6194919116215 0.5725432365540781 0.22325577242711683 0.5648068253446662 49 0.0 152.692710479059 4.513575983761703 -1.636301894961409
294 4384.019902015512 2197.240774692979 0.7775538407677619 -0.9765316490570168 -0.41014600010725516 49 0.0 114.4718413883604 3.5940902923012605 -1.388972458612704
295 4352.331577145787 2198.335481205085 0.8055183758735512 0.5086527117368939 -0.6024435029943743 49 0.0 122.09699685103004 3.8563127221713858 -1.4654306128736967
296 1391.0858561736513 2199.4665816101333 0.6103719982583776 -0.3310655952917411 0.04685571898873363 49 0.0 37.46866683514752 1.976751593804951 -0.7398802440759177
297 4379.6744442907 2202.4509184519516 0.7273346655988222 -0.7121613065336259 0.14939666405587482 49 0.0 95.36783912798876 1.807563825552953 -0.6427341032235607
298 182.3875424000629 2209.274114193869 0.8249998270891348 -0.09484502105659248 -0.23678562424959718 49 0.0 32.10416262630834 1.2982130869118809 -0.2833649570366141
299 2113.5607624748627 2209.3660892372873 0.6954202028414316 0.08197746613679818 -0.16696689542253645 49 0.0 80.67443256505652 3.752308725587119 -1.4357464081581937
300 192.54993674439407 2212.9565959550337 0.984983686453544 -0.26437231067162625 -0.1906283940710903 49 0.0 195.2532861630106 6.986321185581289 -2.110621369486238
301 4364.720747112186 2215.5308058196865 0.8673242177736353 0.1396646760968824 0.9551343470662499 49 0.0 337.11602990370153 6.442556853251164 -2.0226456493318277
302 4352.491176544846 2216.556198730478 0.8249927869297093 -0.9193520363514388 -0.993259165856309 49 0.0 54.37326547929368 1.4040145005940439 -0.3684289829735281
303 4357.968629423359 2213.7487094604367 0.7453339298054693 0.10051421556245184 0.24781949266612965 49 0.0 77.65994067119327 1.423339409123068 -0.3832711854407861
304 4580.799208339519 2229.241004124092 0.6968146347259688 -0.22130118456175824 -0.09844457375160288 49 0.0 24.116590388378253 1.1232137251654246 -0.12615600425240397
305 2485.3918833033636 2232.7360254949767 0.7372496929120889 -0.22278539798663585 -0.18864980482938365 49 0.0 62.04672441475569 2.787203466775548 -1.1129216837786622
306 659.4464496077077 2233.748177791161 0.9027827966287251 -0.2637823136504602 -0.23063795722546518 49 0.0 36.94103679107774 1.4619907870859234 -0.4123615896764365
307 2898.3137817543134 2235.025577767065 0.9474963180378396 -0.05801924490577607 -0.07709573553283698 49 0.0 642.2709350908403 24.460730519205953 -3.471173557723943
308 3681.6573500726618 2244.605137776126 0.9112057764436118 0.07508712746109479 -0.056909955926516285 49 0.0 226.6794415606627 8.74347364095277 -2.3542100127617376
309 1168.2647728350687 2246.8739133097656 0.9005463167864678 -0.1962263754870024 -0.17914050431833586 49 0.0 40.73210476126188 1.6050785810835588 -0.5137407483873655
310 2135.402774744226 2256.918902125569 0.9318105532353652 -0.18321287160667338 -0.22536088295559453 49 0.0 26.313339691585345 1.018239635944777 -0.01962499588870429
311 928.462493030955 2267.760486046301 0.8272876968138251 -0.14485468650140254 -0.18428269883197257 49 0.0 56.31255170366198 2.3607591490225066 -0.932629203628516
312 255.09073312439583 2268.5435897189263 0.957025168552545 -0.09389519198073765 -0.05354369952318107 49 0.0 2500.0288115363883 94.84058235365679 -4.942485530077986
313 4100.468838070469 2270.0818710459603 0.9866449911836513 -0.0728886946868165 -0.12558419534764012 49 0.0 39.18853520254798 1.4390039819877831 -0.39515498927676057
314 1580.170509583788 2270.604013452747 0.893242806377211 -0.11115870638478785 -0.04682909607920942 49 0.0 326.0522314551664 12.923036921818984 -2.7784114628246153
315 3123.9238289127497 2273.486191631884 0.8433931576800856 0.9146403587246548 0.7427251602030471 49 0.0 70.53329838081733 1.955140768944578 -0.7279450794895005
316 3114.0155400250064 2273.8534257179394 0.8540653949335221 0.036093889787181525 0.47393370567230986 49 0.0 54.19260212221876 1.4897382235761572 -0.4327749024998117
317 1235.4687885961484 2272.7282846673106 0.9189744276860532 -0.24018722722107413 -0.14895619651836384 49 0.0 32.77854858364571 1.2824751807893429 -0.27012242286015675
318 3112.6054416798534 2277.3494225269046 0.5135553650024619 -0.5082899362124157 -0.7113287017663265 49 0.0 91.60031522913393 3.2041321572016934 -1.2642760515827525
319 3127.0324671374915 2277.3950356467985 0.9072387443507025 0.6845634850315138 0.10630517473445952 49 0.0 102.10043205606277 2.369706099936504 -0.9367362161954802
320 2313.6842970026546 2280.180457948227 0.7811941045047041 0.06060106117397525 0.9540604654805799 49 0.0 119.87138557118547 2.1393836842615506 -0.8257216984724426
321 3130.596727007176 2280.7380411835547 0.6415408041394384 -0.023376205328194424 -0.9569073120430892 49 0.0 44.51186234685351 1.095992079748573 -0.09951853926248466
322 3117.6791802019015 2290.5180540457845 0.438891153071668 -0.38360951335385995 0.25665100813745284 49 0.0 55.65675083374541 1.124319429234277 -0.1272242893042202
323 2260.2196114148724 2291.1492560840925 0.3466915982282067 0.808819594377592 -0.9796813324387428 49 0.0 58.924134204534994 1.7536312206451368 -0.6098456720078447
324 2308.4074248839484 2296.2064339962835 0.5918581233910817 -0.7188465655665556 0.12275237811089575 49 0.0 103.07696411806796 2.081557049838189 -0.7959707955520522
325 1990.250735729959 2295.205774099642 0.8556844829660981 -0.02563995834953816 -0.12146047352667548 49 0.0 48.61617642183132 1.9981162540057888 -0.7515518816523732
326 2337.348578936389 2299.2255174715 0.6998214274008215 -0.8577629965753149 0.6191526499174638 49 0.0 58.94826252382447 1.3079705753553723 -0.29149493507663593
327 2276.620191729336 2297.4800240853724 0.43682003465501773 0.713197449213305 0.0005229853651352398 49 0.0 80.8439058933312 1.3742151623911905 -0.3451368400394014
328 2355.972193852179 2297.4981012842645 0.7958054362544799 -0.6754611045632458 -0.7144414735047855 49 0.0 125.7369966236725 2.5360697290145935 -1.0104029756562858
329 2296.5153690574048 2301.5385393878582 0.45459496387244414 0.7952207065408532 0.329753385125016 49 0.0 28.349849834899857 1.6001164869613633 -0.5103790000820776
330 2344.0290006957316 2301.422896706877 0.38152898450132944 -0.8638013126062326 0.05497326461783344 49 0.0 136.44021897115732 2.515101750338994 -1.0013888986457529
331 2294.139699327841 2307.5875776131597 0.3414378445616935 -0.8043911123229719 0.4700200395980821 49 0.0 303.87767346948306 4.301290873484197 -1.5839970314478233
332 2304.7483311816277 2307.5511179846235 0.9817148240979454 -0.5937477566352921 -0.505677710193077 49 0.0 465.0964364811616 5.310333869847812 -1.8128045669571338
333 2291.636042761993 2308.2561766551403 0.7716371895377453 0.6947070754755852 -0.7979159575196646 49 0.0 556.8215060592324 13.47093060772887 -2.8234939974442486
334 2338.5574807599933 2307.8746923523895 0.7412088910820203 -0.8837248223921644 -0.8447695609162013 49 0.0 467.45542183993837 11.102994417675145 -2.613600303654406
335 4382.406237122351 2307.505329668974 0.9156222649952992 -0.23980504100283434 -0.010284888958550458 49 0.0 25.696688586601905 1.0081517335877421 -0.00881475314244817
336 2330.9766914698466 2312.614322665622 0.7130592265917646 -0.9709545824306918 -0.3986935810143827 49 0.0 2273.620462644767 70.3850985162656 -4.618701807046474
337 3074.193084966855 2328.5418512236615 0.8228630614215412 -0.13030250926936765 0.02162348954337176 49 0.0 35.98515876085961 1.5132566942206866 -0.4497815094627534
338 3482.009643813374 2329.5100454074 0.8406141256862978 -0.06530697717477114 0.0708491846379576 49 0.0 100.21833504704384 4.0898912256625755 -1.5292793942709788
339 2330.4782128250654 2331.6163037808165 0.533702263487791 0.4882498947079282 -0.9512850773057201 49 0.0 1632.6923167734506 57.176427698868814 -4.393042544434361
340 3635.4138429753993 2334.5616159717524 0.7550642879094553 -0.25038604837425094 -0.0002929586018812101 49 0.0 78.1388617936397 3.511784353274574 -1.3638195987668777
341 2291.3481980384213 2336.5821717694394 0.7859505833075328 -0.9411970800557327 -0.7364953585828221 49 0.0 488.901358008874 12.646265421279827 -2.7549057314890484
342 2301.6047736881 2334.9765833295123 0.774234523853098 -0.946610753179464 0.0669035381357303 49 0.0 632.9760069226625 14.444301855543907 -2.8992413892282984
343 2322.3063515038666 2334.6255464598075 0.7779582876088795 -0.3970933872724739 0.3230499089234033 49 0.0 604.9540353205164 8.821344047737327 -2.363836901617911
344 2313.6432072704524 2340.7144266572495 0.4766740347652195 0.07776220351439977 0.31777918241354514 49 0.0 496.2352942410522 8.52051143489067 -2.3261641590660096
345 2880.288180494344 2341.649860473101 0.6854300550565428 -0.13932947562372233 -0.0847278372491604 49 0.0 40.46620377008836 1.9317814858072921 -0.7148949986831519
346 2357.3765284195233 2345.5136265701876 0.347422422282478 0.8591980440231176 -0.454028889735607 49 0.0 121.33331354279822 3.6117026451023286 -1.394279968093723
347 2887.954963601755 2348.840458924671 0.9551265633109518 -0.03516667242387819 -0.06680992952767396 49 0.0 45.69214491156422 1.7120218557826108 -0.583773261520474
348 2323.9023322957714 2346.798246038944 0.7175208381527449 0.968031837729882 0.6106313321606961 49 0.0 57.29911538267011 1.5308623614116421 -0.4623403634756794
349 2268.3106254535824 2350.238086485181 0.4460713139114766 -0.4916971414696506 -0.490407856991105 49 0.0 47.948744911829905 1.1281284778567593 -0.13089640613705847
350 3031.0971585187954 2354.739902464565 0.9458394289027988 -0.07113871053571758 -0.07251889429860253 49 0.0 37.72961597048306 1.4241538061500376 -0.3838922372182547
351 2997.493859202533 2360.316301165403 0.7006536767065974 0.07600301308879419 -0.11752922453055202 49 0.0 20.75199150872104 1.011037082971911 -0.011917712505495755
352 285.4743789558389 2366.1643437319576 0.6571240845417161 -0.1522305230696942 -0.24809845782368095 49 0.0 35.82923953792485 1.7986906427232587 -0.6373911883649976
353 2480.8983946135404 2379.5431203126086 0.5575048678730289 0.04111975412113775 0.16666655696858743 49 0.0 125.07854244828503 6.847653414319646 -2.088854427340959
354 3244.7345854746113 2381.509822453061 0.9231329678803617 -0.1315134971429227 0.00631839763743947 49 0.0 144.6877285269502 5.598902915719463 -1.870257342369864
355 3310.4116890065443 2399.7074553881926 0.8510302878900222 -0.19590509164206685 -0.0942327645764662 49 0.0 63.71817806430413 2.6488927737031394 -1.0576609463928008
356 2316.6896579699396 2417.8120337744044 0.2637258155355508 -0.48403097048217253 0.7085989767435872 49 0.0 37.93976293574337 1.0492855308393945 -0.05223421046108098
357 947.287774678813 2421.9312161538824 0.7728579489727064 -0.1968587291959852 -0.2194772786256644 49 0.0 27.647985874133614 1.2136228791882182 -0.21020938791144608
358 3271.4587233549632 2431.506930037956 0.6237910924283184 -0.2789061321134067 -0.08348759339380474 49 0.0 32.15710530204805 1.66346356861205 -0.5525332346471932
359 3072.4959871182286 2443.284674824451 0.7179665436465442 0.030932453235948596 -0.12668734182730357 49 0.0 43.844031526245956 2.0814402462032144 -0.7959098692884234
360 2012.8766620057686 2465.4824841485515 0.7774184036421534 -0.05449490949034362 0.015178204281864716 49 0.0 227.06084576655815 9.998678990046892 -2.4998565636924583
361 779.2682955669802 2475.372870225203 0.7482640320501245 -0.1589304067994505 -0.06297760030163299 49 0.0 43.77551692937353 2.008767120336071 -0.7573239779889246
362 1607.2832504873597 2487.6444096003647 0.5451111828366823 0.10409635101659484 0.8710786155529353 49 0.0 58.62055782405538 2.057521876330013 -0.7833611537191537
363 1617.4620148089514 2489.492500685046 0.5417199615787939 0.9738107014240882 0.7097347458773369 49 0.0 85.69189855735004 2.776631573188132 -1.1087956443285045
364 1629.2653353358426 2487.421678140468 0.5911648655768805 -0.9028606855059836 -0.3767444041890314 49 0.0 38.05592146631206 1.385589411282329 -0.35408638948480553
365 1597.507610968808 2488.404275730698 0.8562555398953444 0.3908357114871694 -0.6373673171035302 49 0.0 53.20663770502496 1.6635034557522193 -0.5525592685164026
366 836.9920825316414 2491.527155802581 0.975691468240711 -0.058186942574186606 0.09882173157512836 49 0.0 57.999031869950365 2.1483636359837006 -0.8302694818321119
367 1605.87613031084 2492.9372382817487 0.5947642883861798 -0.6864658263438297 -0.45402200637594375 49 0.0 159.0473679876982 5.591996507156247 -1.868917228677377
368 1620.604246772959 2492.817251495422 0.7015998018288894 0.39963835701489697 -0.34869888001463006 49 0.0 142.14561155500766 4.400444397592458 -1.6087413444407037
369 4051.5218701386893 2493.995748411694 0.9059253318235032 -0.1203683775109532 -0.15005277971182618 49 0.0 59.40495615704829 2.347223068033519 -0.9263859116962512
370 1623.021067802018 2496.281721192713 0.398475914148199 -0.09277983595661102 -0.9986768292462538 49 0.0 65.46428812285228 1.986689671451809 -0.745325084858566
371 722.2971657181454 2496.636611241679 0.9538599619179461 -0.25561054024635 -0.13339346407834735 49 0.0 97.227429426198 3.6769506797822147 -1.4137195114126486
372 4333.753714655503 2498.4261476572897 0.832009380400446 -0.15358834604149635 0.037219931132868325 49 0.0 42.661072952439 1.7893607933590436 -0.6317447932391702
373 1610.1808487846529 2505.4698399440476 0.6762582212051871 -0.0512531234143046 0.9969041472861889 49 0.0 117.0852974454855 2.301039238666941 -0.9048100614382657
374 2841.3021640544025 2506.3766851312835 0.8606188946540424 0.07862779606021557 -0.05031518130875596 49 0.0 38.9081456309298 1.6017956622848397 -0.5115177831123372
375 1629.2900159408478 2506.618848486081 0.5697571511613955 0.4193509345504242 -0.9406921062009115 49 0.0 29.664412969046122 1.0716729937545095 -0.07515571648649708
376 2568.469255923489 2508.9102107799454 0.7849907999693667 -0.10575147891682789 -0.14578155476129462 49 0.0 73.50304511570766 3.2275855638452593 -1.2721944107801375
377 4274.63314735376 2515.4816372460336 0.34366249614386474 -0.39856569982928974 0.47527878244664556 49 0.0 15.79961417748685 1.098094067977606 -0.10159886361329726
378 4383.6671320736605 2523.5429622032943 0.935022412451656 0.10273363416187264 -0.0038319712640690257 49 0.0 131.83476045805355 5.025514147425927 -1.7529512497922073
379 2109.9654112133926 2531.5522378607643 0.7143798733154408 -0.0016400428668226152 0.05705323819541771 49 0.0 172.28086130969336 8.140786633237635 -2.2766659305179076
380 3883.7097161903425 2530.5688448474516 0.9375917934000522 0.06000555748748389 -0.0051065856969868826 49 0.0 135.2224273925588 5.111913335935055 -1.7714587061640903
381 4323.624202164407 2533.491476181483 0.7860583256405852 0.0960870734245727 -0.05721555768684051 49 0.0 79.29600167615818 3.467308081139874 -1.3499810794760565
382 3051.554202276342 2553.8247261741835 0.8567586814194984 -0.22725792726248645 -0.1814423184151532 49 0.0 74.63197932675423 3.098426884163265 -1.2278531306082334
383 3297.734149168226 2567.3331417914574 0.781466048240712 -0.2518733797601098 -0.14632869226925857 49 0.0 36.07757005769223 1.0110504328889816 -0.011932048668674101
384 314.81107387712666 2567.892934539616 0.9619036665598493 -0.12176544282327004 -0.14104818772932162 49 0.0 317.03422845046254 11.795147971138984 -2.6792584837929176
385 1650.5942697964445 2568.0012583277194 0.6752693298354944 -0.16002951581759503 -0.21147564985707953 49 0.0 24.86578048567095 1.2258921519996036 -0.22113066189221398
386 3300.0580908642187 2572.7248406485646 0.5677364302082709 -0.771326269278391 0.5604835975058311 49 0.0 105.8778358494126 4.0264301113555385 -1.5123004130998277
387 3306.616711878967 2574.921703537124 0.3572867754111413 0.08186984918437863 -0.11894459149923393 49 0.0 40.58700232865722 1.7882609881070857 -0.6310772557012254
388 3325.1299544985527 2574.901978557884 0.92412434360167 -0.8756742080047726 -0.7932368550232827 49 0.0 42.65123898026631 1.0628205587245123 -0.06614986654322694
389 3277.546911148895 2575.6050026533703 0.7442178161764899 0.8393285126163236 -0.7815054908933198 49 0.0 55.7748885953593 1.5257136562534181 -0.458682583755612
