m1-67/data/wr124-jwst-nircam-2022-f210m_BGSUB-sources-fwhm5.0-thresh30.ecsv
# %ECSV 1.0
# ---
# datatype:
# - {name: id, datatype: int64, format: '%.8g'}
# - {name: xcentroid, datatype: float64, format: '%.8g'}
# - {name: ycentroid, datatype: float64, format: '%.8g'}
# - {name: sharpness, datatype: float64, format: '%.8g'}
# - {name: roundness1, datatype: float64, format: '%.8g'}
# - {name: roundness2, datatype: float64, format: '%.8g'}
# - {name: npix, datatype: int64, format: '%.8g'}
# - {name: sky, datatype: float64, format: '%.8g'}
# - {name: peak, datatype: float64, format: '%.8g'}
# - {name: flux, datatype: float64, format: '%.8g'}
# - {name: mag, datatype: float64, format: '%.8g'}
# meta:
#   version: {Python: 3.9.9, astropy: '5.3', bottleneck: 1.3.4, gwcs: 0.18.3, matplotlib: 3.5.3, numpy: 1.22.3, photutils: 1.3.0, scipy: 1.8.0,
#     skimage: 0.19.2, sklearn: 0.24.2}
# schema: astropy-2.0
id xcentroid ycentroid sharpness roundness1 roundness2 npix sky peak flux mag
[from data line 3576]
3577 2161.1323421331504 4362.024517657834 0.8277049331068327 -0.7543981159402948 -0.2311078684642638 49 0.0 38.75119531618797 1.3027200883545649 -0.28712777538630313
3578 2191.541106976727 4361.892585146525 0.6827079972601384 -0.06127587222485967 -0.22403802847077853 49 0.0 24.569267423883442 1.0157970814026174 -0.017017401688822875
3579 2473.680770513861 4362.044706331545 0.7539042419063323 -0.04577749445811392 -0.011795361068440008 49 0.0 30.873426452686697 1.3976515989120362 -0.36349731420505826
3580 2967.002196207902 4361.774934862169 0.7456041718721063 -0.006889362414097074 0.03527307071413577 49 0.0 49.219768334624725 2.247325890445933 -0.879165137834526
3581 2152.47348078442 4364.173580274546 0.7877059229880676 0.15957521801866303 0.36493223049847895 49 0.0 35.85794159255465 1.381418401720447 -0.3508130922425324
3582 2186.8673822185156 4364.380124345523 0.8293781628263318 0.1620329143342119 0.15650628115167484 49 0.0 41.97650220885748 1.4200924915064552 -0.3807915779343079
3583 2172.5291011283725 4366.388425352427 0.8248642858824482 0.9165235469640122 -0.03698715251793203 49 0.0 113.3387027107804 3.641182450497156 -1.4031061022091473
3584 2594.702450358997 4367.306674283045 0.7112662485703377 -0.1015801704103983 0.00989315980519099 49 0.0 32.421933381140214 1.5278422343486209 -0.46019627779610056
3585 3960.976239627024 4368.185513516631 0.7474012466410993 0.008612523792078663 0.03598299263138024 49 0.0 35.80530762216521 1.6360879674212734 -0.5345166266062592
3586 1686.270613396802 4368.754774319343 0.7208516630456434 -0.09143942463451937 0.005246896720596029 49 0.0 36.29065119767332 1.6687333700649234 -0.5559673768090414
3587 2156.305760474381 4374.142975763235 0.7383814209164428 -0.43976411144371386 -0.2886225040087134 49 0.0 36.01453915520047 1.09788143002765 -0.10138859831506976
3588 3419.800640252879 4371.822217663897 0.7252589444136431 0.024638922387078252 -0.008335926415987103 49 0.0 64.0413306039446 2.9787432226602317 -1.185082668084467
3589 2162.1043768241266 4374.118552695348 0.8921088641201024 0.2297630294436525 -0.11743057002645647 49 0.0 239.92270534798112 7.137180156648818 -2.1338166483834846
3590 2177.391223605484 4373.925477116736 0.3948610447408598 0.34606560189657776 -0.06322695828901113 49 0.0 110.92034221624331 5.00110141766094 -1.7476641543075386
3591 4420.036240143666 4373.603261928071 0.7514944022156274 0.009550977601038416 0.10557065404777279 49 0.0 26.125447635376528 1.1810793402505104 -0.18069768195846908
3592 1674.1292849925196 4376.115990370914 0.7248559492936695 0.026459711795220844 0.030142626939477696 49 0.0 76.46506557832176 3.526326781928913 -1.3683063888904767
3593 1569.2525343789005 4376.86590349178 0.7339380833374709 -0.05425139986793255 0.0004085337086369755 49 0.0 245.55724699522096 11.262965043192974 -2.629131840494537
3594 489.45694318520344 4378.295199280084 0.6779689563803188 -0.170396753599944 -0.06031232922343628 49 0.0 163.58121910130325 7.958677397535672 -2.252102252674186
3595 3436.604882507516 4379.27653077088 0.7068233150522134 -0.13172875782721732 -0.03828196616694598 49 0.0 71.2831632171532 3.36065806391008 -1.316060816645647
3596 4321.76263672961 4380.916864325404 0.7338840619187033 0.0023585259917820764 -0.03462731055150778 49 0.0 162.19125021453274 7.454545567915452 -2.1810529345757903
3597 2165.2517084280726 4381.372766632074 0.566495480870589 0.5543291585284049 0.008994951154434274 49 0.0 117.00439535320172 3.89007229167271 -1.47489418042405
3598 2355.186776480264 4383.508390991166 0.7369806073882917 0.15758049993196757 -0.05201133390422266 49 0.0 36.257255298435446 1.6041897068472775 -0.5131393134944866
3599 2184.2495170399766 4386.021318494598 0.6888996206469316 -0.2836834030811883 -0.3665943691910346 49 0.0 31.44411631967219 1.2353152304450632 -0.22944448988748922
3600 1517.1017236468094 4386.60619290828 0.7264451099697604 -0.04110446385398083 0.06642569196747158 49 0.0 26.74686373397669 1.224311194037712 -0.21972955080613837
3601 3145.711510586029 4388.356311346813 0.7162394828655485 -0.06892203133034092 0.048479625055237785 49 0.0 45.464978114599546 2.1094573629279343 -0.8104268792458542
3602 183.09373537346036 4389.618831692254 0.750461047812306 -0.004585405014652525 0.10171831999251306 49 0.0 29.558596238247464 1.342779907844228 -0.3200120855774402
3603 2173.939605626396 4390.960337417281 0.7237872175191672 -0.3197838065373898 0.07486042659814726 49 0.0 59.63107455645243 2.5180006985390153 -1.0026396156325459
3604 2561.934072238979 4391.9243413520635 0.7336523419065938 0.0015469114494711888 0.01741172026260477 49 0.0 36.06605857577724 1.6748402970465384 -0.5599335039275057
3605 466.65682137407515 4394.486388188699 0.6821376016329901 0.18312650364127436 0.05640538455369945 49 0.0 26.119822429805474 1.2493282948460382 -0.2416914400215953
3606 3428.0842804893355 4394.761185405693 0.7449860776805032 -0.020171614690924985 0.033285204710851404 49 0.0 98.50851157346074 4.475959411303394 -1.6272153490605266
3607 3126.168018499152 4396.169998378589 0.7464527218606672 0.013314349287735902 -0.005343380289154941 49 0.0 668.2064748625095 30.460089802066364 -3.7093279484590544
3608 3103.092241442346 4398.537788592881 0.7259264437606564 -0.03810604106510635 0.07786973097001507 49 0.0 433.69441934662376 19.987952302989672 -3.251920761050209
3609 3243.494732813256 4403.433355828103 0.6907510939713654 -0.22309045584385465 -0.01583416323679022 49 0.0 34.14075189063589 1.6278438797876023 -0.5290318776145673
3610 1990.7274561063205 4403.903715584635 0.7519438077443193 -0.0038211036765200064 -0.01868127394054743 49 0.0 23.360481814004878 1.0634738535867654 -0.06681704217285116
3611 521.4915906698008 4404.795667916821 0.7018298156385552 0.0727616749939333 -0.07202032156904728 49 0.0 319.7975286215779 15.231633750323718 -2.9568662210283674
3612 1273.573244899961 4406.755673807211 0.7177049020069523 0.0643376460617871 -0.05612804735180346 49 0.0 25.63446310665426 1.2026073163077433 -0.20030960409220974
3613 1337.8237977289202 4406.936772635326 0.7430739137279397 -0.01608351886718622 -0.039023859568176715 49 0.0 51.13978588862593 2.3545887398446532 -0.9297876569921014
3614 996.7867100653075 4409.439859931552 0.7155076425366506 -0.06727674450917774 0.041362395277945226 49 0.0 60.331734578722184 2.8214522880298945 -1.1261817764048034
3615 1262.1084071696498 4410.777276327355 0.760339260660701 -0.05422283581459916 -0.01410713509950099 49 0.0 29.11086346613064 1.306460223670682 -0.2902404794689211
3616 2457.913375678658 4414.910791101953 0.7505556665880087 -0.0074380066077128675 0.025918804148033433 49 0.0 26.80588108972099 1.2190847963521483 -0.2150847876452436
3617 4164.781139940384 4419.556696063635 0.7030827794138215 0.10899747659354166 0.032063625493084134 49 0.0 72.6164744572569 3.4126345038545844 -1.3327244436243535
3618 1888.7529076513833 4421.286385987302 0.7228813247444569 -0.06611044989364623 0.040582529290532236 49 0.0 37.39679287860537 1.7429856558775305 -0.6032345326073557
3619 4454.153180857142 4422.176471734167 0.7600661904222556 0.023580093705414345 0.02189187352578183 49 0.0 110.71325635502009 5.007000066843604 -1.7489439929918846
3620 4199.48623740246 4423.103967170049 0.7408358232540685 0.05196965288513569 0.026679560635708737 49 0.0 28.00234250470055 1.2462178285001138 -0.23898490004407846
3621 980.5257130539087 4424.034145416367 0.7171358146283489 -0.06393156292679468 -0.08597677718598953 49 0.0 50.56155391955152 2.369045046515007 -0.9364332968754008
3622 3659.636691372246 4424.070213915729 0.7307758073373943 -0.05254732772804482 -0.023420110543794916 49 0.0 61.34012035990011 2.8312292518183604 -1.1299375917884595
3623 774.1208829789399 4425.386455866242 0.7311580459778886 0.08053593741582922 0.03835779297777099 49 0.0 84.41975319857816 3.8821993132310495 -1.4726945710713244
3624 3093.149877077482 4424.555813763121 0.7225815866470057 -0.07087322655674633 0.06554820944056575 49 0.0 25.649537260809737 1.1844820778327128 -0.1838212347085013
3625 560.7339392290031 4426.239315550119 0.7271996065637137 -0.047001207941198005 0.015464024867476101 49 0.0 35.09974795863594 1.6375419814548868 -0.5354811068969377
3626 3961.4029584469263 4425.6811654945395 0.7140191593520819 -0.17214936498599864 -0.007799335331715575 49 0.0 85.03660064845462 3.950146622588017 -1.4915330404579774
3627 1527.9785024065093 4427.073336389773 0.7572051394790865 -0.01526840606509669 -0.016451763005780117 49 0.0 75.18486562661842 3.3931816646275315 -1.326517778963432
3628 3008.4656958483847 4427.352430151501 0.6945599873024814 0.13056940194705083 -0.048064320611303106 49 0.0 22.456650858029636 1.0618399115628612 -0.06514761303684811
3629 4202.144459010969 4427.257098911198 0.7420858534202527 0.41671233382315426 0.15734141024666962 49 0.0 32.04218165656277 1.4073048709903015 -0.37097047714429277
3630 1363.2659601462256 4430.252844245848 0.744352957146611 0.044713692612158934 -0.03834645564090025 49 0.0 128.38303249354277 5.835770430122151 -1.9152454977673061
3631 2797.3814450312047 4430.603956566691 0.7072623954132646 -0.19036309249298114 -0.0061681807026266605 49 0.0 50.61409766550607 2.360985805497225 -0.9327334401525993
3632 1980.6656583558438 4432.51979021165 0.673942104026069 -0.13652049314828973 0.08206869979620285 49 0.0 62.536611404071806 3.0467457747517717 -1.209590543803589
3633 1160.1060256802252 4434.685935763111 0.7446609826128456 -0.062381644115199655 0.002164288069261846 49 0.0 43.22750231058197 1.958712550255094 -0.7299267650789261
3634 129.46067460615762 4435.906030565121 0.6643493498649427 0.024611170734233065 -0.10060173228016876 49 0.0 29.150213869869887 1.4390446766481244 -0.39518569318160474
3635 1554.5287690557902 4440.876072966324 0.7348651159212631 0.014540901255734035 -0.07091807676492595 49 0.0 1468.5987212910093 67.80125152995457 -4.578094276243495
3636 2759.70846135171 4440.728030208126 0.7294622790085378 0.08473144323216382 0.026721605990913087 49 0.0 26.80039362806353 1.2381242592215516 -0.2319105826031459
3637 1925.423045523269 4441.775516172246 0.6694807664023695 0.08509976356649379 -0.07036801930902437 49 0.0 25.50805661078296 1.2377043635445193 -0.2315423051392259
3638 4580.296105559983 4445.3960833384235 0.6818200299617889 0.11058085628692675 0.019850282045047726 49 0.0 40.80862651751166 1.9470866976137826 -0.7234632242764258
3639 4246.84633624775 4450.285630179085 0.7158118281464432 -0.051558150086487564 0.02916034770760803 49 0.0 23.385271465896246 1.0976704479803752 -0.10117993018904647
3640 1440.8856491790898 4452.0729044242535 0.7533059363429186 -0.039170188544714345 -0.03199837722130705 49 0.0 37.66124660147078 1.6981178467230762 -0.5749195657792414
3641 2765.0887071082084 4451.711797298717 0.718857222951867 -0.012744523407660418 0.06770285256287123 49 0.0 32.87621071267318 1.527752598133666 -0.46013257741093994
3642 36.88035763568246 4456.986601273286 0.7169511351821721 -0.009420596796738116 -0.023225039287338867 49 0.0 34.63044365800579 1.6269533715767033 -0.528437765628681
3643 282.90563277665774 4456.688356382859 0.7488564350203598 0.026707315889532977 0.02451839680984053 49 0.0 133.40960811754724 6.083275799173334 -1.960343766598639
3644 1478.3427433080235 4458.958251595566 0.7416939076902722 -0.07815988453676254 -0.09528010174463503 49 0.0 26.433358773057467 1.189007242178074 -0.18796124972670317
3645 4422.8133992702715 4462.691460299966 0.7154316891149447 0.015052748150200449 -0.03896419022151542 49 0.0 72.09152321198813 3.347582774217855 -1.311828311067185
3646 4382.72872876846 4469.951690785939 0.7324831732391408 0.0015940195964297816 -0.029468085938581315 49 0.0 37.79620570989128 1.74296970408084 -0.6032245959091427
3647 4300.810877260748 4470.586153308307 0.6870690123031323 0.1495807326582856 -0.05003170852720594 49 0.0 73.643011915318 3.4116103905413317 -1.332398571113174
3648 3334.056209703401 4472.388911921264 0.7288545941601918 0.041349397880152496 0.04775044852734606 49 0.0 268.3972006456081 12.409419212566347 -2.7343786401529444
3649 207.98355952484837 4473.704967521518 0.7241640272717862 -0.007237266389323399 0.011958333641872012 49 0.0 66.02362950411943 3.0756892585854625 -1.2198561398369205
3650 313.43152286562656 4474.505653794223 0.6556139953350381 -0.24394509016475993 -0.033508038079252504 49 0.0 40.510272035942315 1.9958472087493382 -0.750318227477424
3651 3003.8888333383584 4477.424792037503 0.717756790780463 -0.02177078383233616 0.06563369196833775 49 0.0 29.90729900774991 1.3996723786256848 -0.3650659806135438
3652 135.58297486083606 4477.981133714816 0.707860467917749 -0.04219223514839 -0.11531703454760336 49 0.0 33.33254155130028 1.5750381684327759 -0.4932277066456131
3653 3531.8132958711985 4479.3542384897755 0.7239975266637775 -0.05258615833273334 0.04340200961859732 49 0.0 53.14688569378915 2.4746195796547124 -0.9837711120575818
3654 4312.3025637266555 4481.30231943858 0.9305007748390587 -0.030637194219825765 0.2969231727279924 49 0.0 36.854883553912266 1.0797605336257474 -0.08331862377203363
3655 4320.194272124295 4481.543693232998 0.8523291711097627 -0.11098284287751728 0.03703054882144724 49 0.0 3427.005673233476 140.54940738389914 -5.369572546942514
3656 3507.532292845901 4485.8114085068755 0.6701752211316575 -0.08023291742865787 -0.00978924830813729 49 0.0 37.4097257697333 1.79368253992554 -0.6343639516216255
3657 1943.5143849888218 4488.044687603036 0.6978560939321526 -0.08516011489594784 -0.07944684273943044 49 0.0 30.535791836612784 1.440312495687659 -0.3961418212608075
3658 3174.9832181074817 4487.778888757326 0.7563272149358602 -0.00601986961850685 0.03287119021007924 49 0.0 36.318861187184396 1.6428705323281265 -0.5390083496848378
3659 85.57376449102604 4492.870249630644 0.7104764688948982 0.012209711650505906 -0.09869460845938836 49 0.0 336.0072021994901 15.810294846128446 -2.997349922909679
3660 950.1104728254467 4493.70567861346 0.7458515099135126 -0.025176475496565872 0.055989462168048426 49 0.0 72.8171497073466 3.3136543157626024 -1.300768000863611
3661 3544.831978808987 4493.782610680966 0.7395853165603649 0.03194211172295549 0.014480921626077965 49 0.0 113.91500297565553 5.234236396582405 -1.7971333325445578
3662 842.7918515922123 4495.407342927848 0.7169247716123512 -0.06988270835725093 -0.01962387427359495 49 0.0 59.01533758570337 2.754054616241505 -1.0999313714808323
3663 2037.464685617994 4495.577134377553 0.680013395208741 0.1951868529225366 0.002618369169280765 49 0.0 27.119375358025405 1.3041008520908428 -0.2882779466893117
3664 4058.698494207063 4495.743189181473 0.711471883701116 0.08188491818108297 0.012826766864018372 49 0.0 172.55129686617977 8.100592151695862 -2.2712919172010255
3665 4046.075483647554 4496.560701961048 0.7256304423962318 -0.048268472554091606 0.04841627631502889 49 0.0 25.810151133323465 1.182899393315408 -0.1823695226307512
3666 632.2530157191776 4500.05910438292 0.7873195379098635 -0.001571933869420078 -0.0379462950439746 49 0.0 54.639760646567325 2.396127974801158 -0.9487750239277173
3667 1122.8845420196842 4503.107218014759 0.7513556061548202 -0.03114865442429038 -0.028238409865048233 49 0.0 62.340360004137466 2.831864845477586 -1.1301813055740255
3668 4529.884457876681 4504.705844159755 0.6592906604524403 -0.15418214617491358 -0.9435632840322475 49 0.0 43.790267952270334 1.827271126694335 -0.6545074796171834
3669 4524.465721906211 4506.806519525309 0.7433267164401169 -0.17310800975249563 -0.057371228997423064 49 0.0 425.7750643001007 19.357419685034774 -3.2171186650709287
3670 4309.675793902041 4509.310269311374 0.7246985169408052 -0.07814338376145201 0.020304078614448027 49 0.0 39.23578198336771 1.8026195063700057 -0.6397601657763035
3671 3960.383456075086 4511.633726569993 0.6784588600736602 0.2828580716455733 0.050807758764256555 49 0.0 28.154894828213262 1.3655141080309863 -0.33824047870742585
