m1-67/data/wr124-hst-1997-f555w_BGSUB-sources-fwhm2.0-thresh10.ecsv
# %ECSV 1.0
# ---
# datatype:
# - {name: id, datatype: int64, format: '%.8g'}
# - {name: xcentroid, datatype: float64, format: '%.8g'}
# - {name: ycentroid, datatype: float64, format: '%.8g'}
# - {name: sharpness, datatype: float64, format: '%.8g'}
# - {name: roundness1, datatype: float64, format: '%.8g'}
# - {name: roundness2, datatype: float64, format: '%.8g'}
# - {name: npix, datatype: int64, format: '%.8g'}
# - {name: sky, datatype: float64, format: '%.8g'}
# - {name: peak, datatype: float64, format: '%.8g'}
# - {name: flux, datatype: float64, format: '%.8g'}
# - {name: mag, datatype: float64, format: '%.8g'}
# meta:
#   version: {Python: 3.9.9, astropy: '5.3', bottleneck: 1.3.4, gwcs: 0.18.3, matplotlib: 3.5.3, numpy: 1.22.3, photutils: 1.3.0, scipy: 1.8.0,
#     skimage: 0.19.2, sklearn: 0.24.2}
# schema: astropy-2.0
id xcentroid ycentroid sharpness roundness1 roundness2 npix sky peak flux mag
[from data line 196]
197 837.5063767307091 1239.5103244318273 0.7077768146824743 0.3616732445979177 0.2099460445561697 25 0.0 14.338391567812806 1.3797696443280372 -0.34951646501055555
198 740.4614457912148 1246.990924223365 0.9177128111251075 -0.3529199829441538 -0.3913757300243436 25 0.0 11.54394461331119 1.0347196832029295 -0.037056776591006466
199 945.4063034244479 1260.7944302174517 0.9104772262893492 -0.24783900255483238 -0.15283912702754354 25 0.0 13.112855066412989 1.1513103494457064 -0.15298102168071187
200 1590.4059269903362 1260.9398999074588 0.8965647994027287 -0.22765131407801242 -0.2528447609379595 25 0.0 19.58660005479392 1.7542187230659354 -0.6102093549845079
201 1496.1579352996741 1264.4433801212467 0.9073264093703064 0.2097025025254932 0.5814860524901859 25 0.0 62.31369099379324 5.509900554292649 -1.8528594013437565
202 1349.026748081597 1266.7047189430552 0.66016334182963 0.15135636174731107 0.05561884711430662 25 0.0 45.84178421624105 4.601055128637448 -1.6571435922467568
203 1240.3539078999274 1268.5286671012866 0.6845634754907264 0.9686931449302569 0.43837653405472815 25 0.0 24.218836877349503 2.352747964715577 -0.9289385159895501
204 685.4028786072381 1269.9344016612506 0.9875019605666555 -0.06958040662249868 -0.22067273173824478 25 0.0 29.23371594126175 2.4246272846703754 -0.9616124700760318
205 1253.3368502671333 1269.938598693412 0.7925862740945225 -0.050623506831540425 -0.1353980815729148 25 0.0 80.47955620347281 7.400370403727927 -2.1731336440129994
206 824.5639136986912 1275.6302177858204 0.5343538004417786 -0.23513865876346957 -0.3012777866610678 25 0.0 8.551813675176323 1.0493280245978305 -0.0522781795014
207 1364.6936776381008 1275.5066929497293 0.7765489500201049 -0.4296072402882361 0.020405399063919954 25 0.0 16.026669876364345 1.4672977593998895 -0.41629563590748514
208 1333.6903562970872 1278.1400869843005 0.8058694007963451 -0.08011566477023384 -0.02982086997189415 25 0.0 15.572410832004387 1.506395201482356 -0.4448473089895022
209 698.0182014063222 1285.3097359878416 0.9474069712922034 0.2898669981073105 0.13791988719825912 25 0.0 14.310086132309767 1.2377738388360906 -0.23160324838594273
210 1387.993896366992 1289.7829662191614 0.588649251776164 -0.614717685311398 0.5857911860793733 25 0.0 13.210194823827562 1.3510305088678747 -0.3266628908440524
211 1047.2360970224381 1293.0716921221926 0.8269172923609545 0.33296283870536647 0.28080582207992266 25 0.0 14.716662302837882 1.4072232327840843 -0.37090749141244833
212 644.6023259518923 1293.9916636417536 0.9349815795020363 -0.3705518776153754 -0.29355996094466613 25 0.0 15.36777235217888 1.3838535716924487 -0.35272534746532885
213 730.0325786983535 1294.7951204939209 0.8837064394630695 0.09155624061318322 -0.14939349210872793 25 0.0 26.26780609094275 2.3749980400043667 -0.9391581388857508
214 816.1432561977064 1307.8754463481118 0.6328007619652612 -0.2646848880526714 -0.31699291280023995 25 0.0 13.356392410118655 1.4935136085402696 -0.4355229603651317
215 734.5396747765357 1308.8164257651692 0.8483718680851784 0.05773911005951695 -0.15816592107682884 25 0.0 78.68099425252562 6.415322607775695 -2.0180462516425144
216 538.1903583855986 1309.4801586828492 0.854541773057779 -0.03564653721952814 0.186876440988302 25 0.0 20.370221702679217 1.6757853454718519 -0.5605459706291277
217 833.4419575952776 1312.9435341304404 0.9390148195609154 0.028716885146438272 -0.20913299641228109 25 0.0 20.912567209081494 1.8298752609938163 -0.6560537143418237
218 983.6553404883249 1313.095318223247 0.7764952479610729 -0.5764241763203987 -0.554121254977793 25 0.0 46.01767980973578 4.605440036819235 -1.658177830323667
219 1343.2679011037935 1312.673764249721 0.8243096911379568 0.05141571355691524 0.15112894088016385 25 0.0 16.823545757744196 1.6202371595453993 -0.5239464708373114
220 1119.5188668811804 1323.910288996632 0.6565989650516836 -0.2678363961468261 -0.3407601908731087 25 0.0 38.10156795343951 3.4417374972837886 -1.3419443585955224
221 1025.50761044702 1330.317238869124 0.816139553578959 -0.5272677405272826 0.13620563094182334 25 0.0 23.72774755438157 2.1636832974051967 -0.8379842313647523
222 1461.8894934360508 1355.6242109629563 0.9849787059863879 -0.12351521204094427 0.33998152464958553 25 0.0 15.412208409577977 1.2321519682360693 -0.22666068778564766
223 1395.1460616418287 1359.5086109012918 0.8899654411467659 0.22023022157094516 0.3413037756730647 25 0.0 46.61476003036521 4.30174908838966 -1.5841126883586587
224 699.3941257551771 1373.2528646827554 0.8138441543777596 -0.5015548924850332 -0.3762839687225755 25 0.0 46.04657357264053 3.553218430526055 -1.3765547653151269
225 655.394193201541 1373.6834225093887 0.9001536267696291 -0.5291827793004217 -0.13846017378740708 25 0.0 25.133580805724346 2.231018894130242 -0.8712581206689829
226 871.4955961532862 1376.8794295721461 0.7005518557998073 -0.2981126057731436 -0.12132305951250263 25 0.0 15.061169712612998 1.5915321521078627 -0.5045385416400892
227 1418.82702518986 1385.1148477054696 0.9137140754750604 -0.2131316987049227 -0.2301187242587744 25 0.0 32.06724297705679 2.9207895873777465 -1.1637506792087657
228 1139.8875756483683 1390.8220631938862 0.8029102011034603 0.21224217555109687 0.09336530408592364 25 0.0 18.94401238174266 1.6416080833180706 -0.5381737047839087
229 1292.85867426995 1397.0627856835147 0.97841630505158 -0.7741567466204182 -0.5031368983545188 25 0.0 25.44110857145907 1.9968983702940628 -0.750889906363509
230 1432.7034691875454 1405.469383380428 0.8129269445847507 0.44435213775408494 0.227478012868441 25 0.0 16.74912212454368 1.5627956371629537 -0.48475547534990615
231 1449.2449702435176 1406.5482824929827 0.6764668806213809 -0.8580481410519628 -0.39481778807255324 25 0.0 49.78255479970245 4.860376344687943 -1.7166747462489722
232 1065.4525172372878 1411.3220687423493 0.9781581310620397 -0.9161216934478794 -0.3172630093629906 25 0.0 19.71326006330386 1.5787448989401358 -0.49577990080754963
233 1514.0218881046574 1414.873917228059 0.8380741849879143 0.11892235531707142 0.058514515270362506 25 0.0 25.218591315446645 2.2234883420868887 -0.8675871418824337
234 797.8881039951515 1416.166385257652 0.8976694407650468 -0.07314687293482729 0.2858183209966815 25 0.0 24.862523162104136 2.2038138345002642 -0.8579372625817887
235 690.7410674361138 1421.5395103363633 0.8191309618073238 -0.19178949701314535 0.18827322706895905 25 0.0 11.86735878531531 1.0987525047185442 -0.10224969525395103
236 1503.2430682115887 1429.4205675578605 0.7877177391770959 -0.05194979451301388 0.23439780050467227 25 0.0 44.54049914067312 3.948281817085523 -1.4910203595108817
237 736.2910590486321 1431.9025232023723 0.6931241870170703 -0.2867905500202479 -0.23571546301595103 25 0.0 16.088298790132285 1.6918777662911262 -0.5709224580121494
238 1310.6307970670432 1432.1344464849362 0.7236117354592312 -0.39243956352263304 -0.3483748597545756 25 0.0 14.25349305671276 1.4840384752750193 -0.4286129015876784
239 1002.8799474371343 1433.659495262327 0.8728902669937606 -0.17989514700616815 0.06127104084442302 25 0.0 39.166370724253646 3.6034459058642683 -1.3917950172783813
240 1201.2332015580528 1439.920125282223 0.8438057376419211 0.40071313525402913 0.1247296248122787 25 0.0 11.365538672366114 1.0547000889820346 -0.05782245662670617
241 1355.0383221248205 1440.1058253570827 0.8050556218691813 0.030862056984574848 -0.40234201324552615 25 0.0 19.48631872154892 1.8100726109138525 -0.6442399922650901
242 1061.169003178146 1442.5224658831896 0.8564120841219216 0.29590170350333844 0.2642920512542613 25 0.0 79.33034637150708 6.808087437016508 -2.0825628120104875
243 1491.6246139400998 1441.9861195494618 0.9469994524507858 0.026748684345250427 -0.23269887750857765 25 0.0 53.38949173133231 4.557551926741636 -1.6468290637886727
244 1039.9489632308628 1461.9914756059839 0.9765295480527831 0.128625397009661 0.003941959850046788 25 0.0 11.892004033432194 1.0365176592748166 -0.038941764049313946
245 853.3548105804105 1463.4281012480624 0.9737519967710518 0.32187671347449326 -0.0921074661687055 25 0.0 14.533189410812069 1.1349601117663333 -0.13745149623654576
246 757.4078138596818 1465.980742470617 0.7870850628288566 -0.29030911661685777 -0.4352124969522495 25 0.0 13.898200649304634 1.2224968632708926 -0.21811938366932818
247 1581.3204838347642 1476.6423385106748 0.5898218250965731 -0.01708589409318955 -0.19654284246336967 25 0.0 18.582142258391883 2.163064796199561 -0.8376738231127849
248 1477.6314551114872 1477.888160526905 0.7108083132493452 -0.08421578871217947 -0.2336462999847117 25 0.0 23.76209657376876 2.3288870724751245 -0.9178710753620839
249 989.8310113643447 1482.5762436867813 0.7729158163864661 -0.041309075703911964 0.4318515035143263 25 0.0 22.722067394039573 1.927090302300067 -0.7122551647804938
250 965.5393199949041 1495.180765638234 0.5971613631369276 0.32031309623434256 0.43891216299768754 25 0.0 19.330632428407476 1.7888134552888642 -0.6314126323535478
251 1060.3592295644241 1495.5977439640515 0.6866002509412592 0.1554448693768219 0.11447512324406134 25 0.0 53.7459831249241 5.664051086877877 -1.8828179045402202
252 1233.9851125152056 1501.3216954545119 0.9166210843685524 0.13633420752038602 0.16123408788367752 25 0.0 83.59974221616298 7.13423432522081 -2.1333684242941358
253 1641.981314230866 1501.3233208509655 0.9506851327066356 0.27379791172955775 0.1608085862809454 25 0.0 26.603621236532017 2.1365946326757306 -0.824305332677926
254 1035.2910001617674 1505.2481718195302 0.9014529171094183 0.01748429505844086 -0.29935158942147055 25 0.0 19.028352404949185 1.6847065315375829 -0.5663106490214183
255 1040.2031034756528 1514.8819940926542 0.7415175014191584 -0.5502359208871441 0.1638635793022071 25 0.0 31.680712958138177 2.8443879941233616 -1.1349720921465465
256 758.2732674270698 1522.8619461100989 0.9832353419855283 0.18386868461224115 0.2447819966260221 25 0.0 34.095114949637626 2.4800397867232946 -0.9861466204282183
257 1403.5815757745636 1527.8406096666993 0.967156226240535 -0.679839544553668 -0.30079430763617365 25 0.0 15.026440755317852 1.1653578628427133 -0.16614827690777875
258 961.400071857401 1532.02139413924 0.9986519006080145 -0.16590110224996105 -0.2643604697919525 25 0.0 11.729888004171073 1.0028328988146074 -0.003071432330128861
259 906.1992999958015 1547.4273392401076 0.6588843578985771 0.3119344023273068 0.2504923339890275 25 0.0 39.73222524742003 3.9637392942444936 -1.4952627051016945
260 1056.2759897834062 1547.4055867984073 0.641490757676574 -0.15104870882257854 -0.17141632422824668 25 0.0 9.565268041880834 1.0569519683631086 -0.06013812969518627
261 1702.2679041527476 1547.7996121014573 0.8942365794456246 -0.18721423602680404 -0.5408039594377796 25 0.0 14.060995305055565 1.1516469590665157 -0.15329841293536894
262 955.889799981971 1560.2753288903837 0.8792365428694607 0.010050468581646581 0.15175434241968308 25 0.0 38.61797059603287 3.2669482364115865 -1.2853556332356477
263 1269.829536463308 1561.8678596236728 0.8533294067523909 -0.09467628251209785 -0.6181645939487164 25 0.0 13.417563628753543 1.1400098398039074 -0.14227149973174613
264 1522.4348480084002 1562.8072989468997 0.832679802851003 0.09204883811694119 -0.015751829309887097 25 0.0 14.51130907063104 1.287705222266149 -0.2745411424292352
265 1586.3627947530993 1565.8681474396515 0.925004637685447 -0.26697609011653695 -0.13938802691102006 25 0.0 12.787853025259771 1.09855957086482 -0.1020590302382912
266 1352.7627993235003 1569.874453658493 0.9495827494051038 0.05714488925904946 -0.11599815050532414 25 0.0 16.475831441330566 1.3561549930142813 -0.3307733181568119
267 1033.9590711767382 1595.057298994473 0.7215898912127597 0.013756310787362768 0.009538099055594348 25 0.0 111.14922055339649 10.973181810873982 -2.6008314373379573
268 1557.9084043219036 1598.2163782680568 0.9021291389422689 -0.013288015955685059 0.035889548594997184 25 0.0 18.93685193527541 1.5776867300280057 -0.4950519317103289
269 1269.2941810157986 1616.1593218881337 0.9184774569079068 -0.15355208362353498 -0.11555561093309352 25 0.0 12.492513592645974 1.1088368681132168 -0.11216914380050054
270 1773.364404689525 1623.5334093029758 0.9378100481087295 0.6229188505263054 0.16048326903365734 25 0.0 11.764728657131176 1.0115141136383459 -0.012429867130604852
271 1400.2408398496655 1625.6310553217647 0.9543026012942077 0.5575740992979243 0.185265314083106 25 0.0 33.427323661062466 2.564708041652329 -1.022594833837824
272 1327.3985887512745 1626.5964691839704 0.6542352679847909 -0.10624499375532209 -0.95865060227381 25 0.0 13.590108221255173 1.0963952250094966 -0.0999178386103189
273 1329.6435224344568 1626.3000901985881 0.8288026215442414 0.09646725872984326 -0.4965485166330628 25 0.0 18.384681985711076 1.404018801508562 -0.36843230890175155
274 1490.5969713791499 1627.1323504193056 0.7528390123596619 -0.2177524594787821 -0.1610593593601158 25 0.0 45.199006108798315 4.189410114666081 -1.555382192272253
275 1654.1733951073418 1626.6326461203253 0.8240624938095024 -0.6594568667236798 -0.08760884039763617 25 0.0 17.365905766550387 1.588766473155858 -0.5026501664403294
276 1661.2556213211055 1645.7587470371861 0.6320749944031929 0.6791814704656391 0.24626429062970398 25 0.0 10.879187856843378 1.1290685948408457 -0.13180081906377925
277 1383.5185766317427 1648.3006889547182 0.9823895141966003 0.3708524078052384 -0.20371854032411837 25 0.0 27.370672646646046 2.2936917352472985 -0.9013376242825377
278 1060.8895411323572 1677.6867799338536 0.9371484930814633 0.10965286032761531 0.37979983637658743 25 0.0 31.01031566837747 2.7651661767416953 -1.1043030899818334
279 1529.4669612877565 1678.144992917685 0.7634121254126737 -0.1757755669805216 -0.33419561206871357 25 0.0 17.394517431822763 1.712979383281272 -0.5843803400158486
280 1393.4222120365025 1698.5484779240326 0.6845758073198993 0.31023886987253685 0.04596328596413987 25 0.0 16.071583823598544 1.5570355056634906 -0.4807462901517007
281 1370.8153041124697 1707.769354883527 0.7599508733996347 0.0657623201999537 -0.02698235022725 25 0.0 14.220802668172947 1.329034945631352 -0.30884100106889373
282 1584.1738962645977 1708.6973522606752 0.8392610583991637 -0.4021895149855324 -0.20994682058962144 25 0.0 28.41426926401603 2.5443974080265797 -1.013962361224129
283 1015.3306529837943 1711.7709167007247 0.6088244570888518 -0.3475884492505881 0.026095053335026246 25 0.0 32.69914405875241 3.401574289429019 -1.3291999006747826
284 996.136987408202 1713.507081974999 0.9486133232904538 0.1138412297737732 0.30168686181654064 25 0.0 13.150838612735866 1.1490620941957654 -0.15085874543247607
285 927.3866063395519 1725.8042633761377 0.7807825245919686 -0.6692652812646781 -0.9410314374725788 25 0.0 20.794927282206743 1.8728532395094342 -0.6812593663312616
286 1412.04921052811 1732.5516753374106 0.8477712957250103 0.1500102834803235 0.20440543344735812 25 0.0 25.97057871866602 2.3168137082839464 -0.9122277854708751
287 1606.3726511546558 1740.6008743487016 0.9550847315436015 -0.34464122859654206 0.0180632090026776 25 0.0 24.624694514828306 1.873074071887658 -0.681387380405517
288 1336.151756573512 1748.8982918020952 0.9438124572055543 -0.019019866739958848 -0.033911452777241294 25 0.0 15.077136218277175 1.3309284687154859 -0.31038678692682553
289 1534.1539538725922 1754.5431033049167 0.8386268376568604 -0.2241197495888717 0.197024383150198 25 0.0 11.131059440649254 1.030958024686425 -0.03310245850906889
290 1626.2856073826028 1767.19469747779 0.5955852201279335 -0.6714785498524193 -0.2822211332920846 25 0.0 14.501657050296526 1.405004162160558 -0.36919402697407366
291 1554.4694312400604 1785.524873141907 0.706665245529603 -0.3550457546879537 0.011569270433514517 25 0.0 26.797099393646292 2.7108869867525804 -1.0827785320065595
292 1182.5412731326455 1794.3656303728503 0.8264299602733409 -0.43679075741264917 -0.09403902085216735 25 0.0 37.46355104803411 3.230452604380148 -1.27315843416701
