m1-67/data/wr124-hst-1997-f675w_BGSUB-sources-fwhm2.0-thresh1.ecsv
# %ECSV 1.0
# ---
# datatype:
# - {name: id, datatype: int64, format: '%.8g'}
# - {name: xcentroid, datatype: float64, format: '%.8g'}
# - {name: ycentroid, datatype: float64, format: '%.8g'}
# - {name: sharpness, datatype: float64, format: '%.8g'}
# - {name: roundness1, datatype: float64, format: '%.8g'}
# - {name: roundness2, datatype: float64, format: '%.8g'}
# - {name: npix, datatype: int64, format: '%.8g'}
# - {name: sky, datatype: float64, format: '%.8g'}
# - {name: peak, datatype: float64, format: '%.8g'}
# - {name: flux, datatype: float64, format: '%.8g'}
# - {name: mag, datatype: float64, format: '%.8g'}
# meta:
#   version: {Python: 3.9.9, astropy: '5.3', bottleneck: 1.3.4, gwcs: 0.18.3, matplotlib: 3.5.3, numpy: 1.22.3, photutils: 1.3.0, scipy: 1.8.0,
#     skimage: 0.19.2, sklearn: 0.24.2}
# schema: astropy-2.0
id xcentroid ycentroid sharpness roundness1 roundness2 npix sky peak flux mag
[from data line 878]
879 1491.8275938044999 1101.045826676823 0.8309072266026855 0.08470026083830975 -0.8457692861803298 25 0.0 1.1228428308286298 1.054391412158544 -0.057504650021307495
880 411.8061454343831 1102.1585516542355 0.9890316193979658 0.0607021547802575 0.12189450121846007 25 0.0 3.9894582433626056 3.086712955503077 -1.2237406118998688
881 1076.3153668936 1102.7267727942742 0.6872885831037957 0.5546033047119484 0.6102405964376424 25 0.0 1.5571203245800407 1.2342662097993498 -0.22852209895554254
882 1366.6987403933333 1101.755926064416 0.7154425499441458 -0.6531756376393411 -0.15765909340929962 25 0.0 1.4087707057372738 1.0824488873110476 -0.08601849585947251
883 1384.4914561793319 1102.0937063272715 0.8460990787013105 -0.31445801587472194 -0.48368876156434243 25 0.0 1.3940137415159803 1.1877579418968396 -0.186819857484879
884 1473.8361460431158 1101.7912888794478 0.8714239036966339 -0.16731800105006722 -0.03620160385038209 25 0.0 1.8624226575054301 1.7323527630957214 -0.5965908327516458
885 879.12449301198 1102.694255633153 0.9431432620948883 -0.1952308747023453 0.13306838183006733 25 0.0 1.6106244687174136 1.39942013018968 -0.3648702920041514
886 362.19478524826025 1103.5467767459818 0.8266314652590586 0.43727683065285716 0.21697184515176077 25 0.0 2.0495342054261854 1.9210518566090447 -0.7088477207632797
887 1747.8339417169582 1104.2819609004537 0.8139498141555532 -0.7018754716749664 -0.231619824512101 25 0.0 1.0636668254918922 1.020253323123895 -0.021770045030864826
888 383.86703588954094 1106.0378535926263 0.9817487631693728 -0.5978676667105717 -0.42028986484018993 25 0.0 4.179767802541283 3.540138847607213 -1.3725507395045096
889 740.2346072076132 1106.8525829746043 0.7908706850416053 0.7768558901108669 0.3753883780910314 25 0.0 3.236615696704568 3.0614728032421796 -1.214826014276423
890 1362.4450541052797 1107.0544696173436 0.8608538815792639 0.7329261667536882 -0.38098427985722627 25 0.0 1.6636154115360906 1.352384927731586 -0.3277508048212144
891 1503.4457592200863 1108.5872640545851 0.6479753963449864 -0.44638715566506004 0.09711094802371469 25 0.0 1.240531568901275 1.2620511386483342 -0.25269238248188824
892 1350.519942689567 1108.6968134719098 0.5041381769393931 0.5004941563839546 0.4986329609844924 25 0.0 1.0393088604084453 1.3009527888626051 -0.28565384111863956
893 1453.9427380971204 1108.6635356482818 0.9159426977652984 0.2997500287036405 0.3490313908790873 25 0.0 1.8146122187524407 1.5906414389968655 -0.503930730991027
894 662.9734814005596 1111.9657220605786 0.8048569834270888 -0.07463236317676607 -0.036850916548694344 25 0.0 2.627461561458484 2.3515740774083023 -0.928396660238666
895 1433.0520532281976 1112.00348482139 0.9648904146411075 0.7425651476875977 0.30684153723478547 25 0.0 1.3332028644744733 1.0645531136009405 -0.06791833627323011
896 1737.222137072003 1111.875281118419 0.9833385859260695 -0.20353464374295918 -0.36312938193297445 25 0.0 2.7558853600542363 2.460574053876572 -0.9775911004278799
897 1175.666979553446 1112.9584753893034 0.8554204410870677 -0.81147821106012 -0.45730617269250107 25 0.0 1.3210068487657516 1.0222642757640032 -0.023907960311571406
898 533.3551679991407 1118.6146829671213 0.9068975765177412 0.6637805017188352 0.21118199481475725 25 0.0 1.357869079049402 1.032286581991798 -0.034500705678825225
899 1122.8026446556419 1118.616124788193 0.549353434295572 0.3054747076673124 -0.22826906697358768 25 0.0 1.9549596630311645 1.0134896325634528 -0.01454827615048445
900 1742.6546482137721 1118.3945628848423 0.8717818795446982 0.003358045910014759 0.016242992619244077 25 0.0 2.4411243565442486 2.2958624328027866 -0.9023646543665123
901 844.922015554648 1118.8780148223912 0.9641196543269293 -0.35216302575017905 -0.19469374667112044 25 0.0 3.088055555239859 2.6149201323484927 -1.0436460718131693
902 1352.5797384079096 1119.6301691192157 0.9271268791026328 0.656633403888743 0.060011258021076694 25 0.0 2.3471965421715155 2.0076467440858368 -0.7567182470406488
903 874.0610355543836 1120.1721520119465 0.7966143558131159 -0.00513493894086578 -0.0016848633633955263 25 0.0 49.9752555028659 44.87839568052626 -4.130093308256837
904 366.1389504261443 1120.959563606114 0.8683217963753086 0.15418012382891158 0.08155952832379279 25 0.0 2.749413800134827 2.3080712061525563 -0.9081230077019815
905 405.8299322940383 1121.3257561211503 0.789770813401824 -0.27453424567976326 0.007956409879791715 25 0.0 1.328159084923879 1.1479866622927284 -0.14984210576830412
906 391.9529346688664 1121.8421668936983 0.7225034088009882 0.33362574424852026 0.14652583799871058 25 0.0 17.622753776609763 15.600448119799943 -2.982842683892751
907 657.5785546484273 1123.2012664932245 0.7491626859134827 -0.18207626983987238 -0.06358285868762763 25 0.0 1.7470373139696846 1.7013293958649447 -0.576971014715036
908 832.562818139614 1123.0364116722558 0.9980428974825829 -0.3658496519952203 -0.3089188010665918 25 0.0 2.7255740691775427 2.354180963114192 -0.9295996087379901
909 911.3800413606109 1122.7524841108375 0.8293385605594895 0.024523543359918482 -0.06897978652287014 25 0.0 1.931130250918285 1.8357313942359463 -0.6595228379484954
910 570.0572514537516 1124.3783178930946 0.6230966483714361 0.3525524640705491 0.3587925732857413 25 0.0 1.5706515653037776 1.787750152790344 -0.6307670595748851
911 674.7855128046804 1123.552339324826 0.6678229702001199 0.2698534181681171 0.13323029069646647 25 0.0 6.711076939045257 6.399589082707081 -2.0153802221307586
912 1171.6590619884255 1124.4121854423754 0.8678604297078771 -0.13150792293977373 0.45027588925497675 25 0.0 1.8276979537672107 1.5372745126994602 -0.46687856709905856
913 1488.1027540648645 1124.431715203875 0.9268962238707119 0.23952619846966788 0.2670917993522921 25 0.0 3.2631946600322315 2.756234734107394 -1.1007905035048136
914 1152.1482053983161 1124.6520506030486 0.5229261201338247 -0.23318476116247128 -0.24020076188445094 25 0.0 3.1461160062673335 3.4160700813980047 -1.3338169293780708
915 822.8689002282812 1126.3093554747943 0.8836140574154224 -0.19297757548639724 0.22065793047631838 25 0.0 2.072674054518613 1.848134758273823 -0.666834087449626
916 1665.3699171379953 1126.6194612232084 0.843848294496409 0.57559470523402 0.16547906072379298 25 0.0 10.375775644733988 8.941772511477307 -2.378559041858761
917 1077.7293164181222 1126.8443538765764 0.916092351226023 0.42405654742480253 0.2881458775300705 25 0.0 1.586360389433767 1.4482428247599268 -0.4021034637202631
918 1212.358338354162 1127.574203099049 0.5719188120608949 0.4161768178945733 -0.24241878345437032 25 0.0 2.0616026416904365 1.0409817987808714 -0.043607840207328635
919 1132.281259165603 1128.199610127367 0.6690086203769012 0.3325801808566471 0.26334270072446037 25 0.0 1.1784486234467548 1.4697259508748994 -0.41809090639709806
920 1197.7045317323184 1128.284817797205 0.8346649481267933 -0.29129338985587516 0.007017904782874367 25 0.0 1.816041927304592 1.7677066307304783 -0.6185254774467038
921 1707.9912141761301 1127.5331689966645 0.9807928405241345 0.3191318864120243 0.37055397987561517 25 0.0 6.28334337054775 5.512524753401838 -1.8533763815827942
922 545.908785621257 1128.9439352579373 0.7956584321926647 0.09991222522750816 -0.005517499589658156 25 0.0 3.404541682949486 2.998867752230218 -1.1923932853199166
923 811.4045718636172 1128.9353089033148 0.959780558273594 -0.3443379579286119 -0.16874841619795844 25 0.0 11.635629117827117 8.876407330856457 -2.3705930585631405
924 1058.153749064141 1129.1093998524047 0.6388272681594483 -0.1923626400541512 0.3499039726645879 25 0.0 2.0647392401150397 1.0793827853107238 -0.08293871844338316
925 435.38905613527805 1132.4187913376713 0.6497329959354228 0.4947848027505673 0.033858052778593405 25 0.0 1.612230030801221 1.4949830385391025 -0.4365906634058703
926 673.6739572461765 1131.9177475777867 0.8824259702236754 -0.2095270745801548 -0.2243712175064765 25 0.0 2.850325345238442 2.6080610039447123 -1.0407943638984698
927 911.7617289248935 1132.6410870679263 0.8379271337302654 0.22288139540084917 0.4004506761051681 25 0.0 1.5379574732399965 1.4548070214670172 -0.40701347115640685
928 959.6700277925778 1134.4772568935437 0.8921339107499515 -0.23968105703393086 0.29617414013236476 25 0.0 2.2518947664846625 1.9569296040394317 -0.7289380080296415
929 810.8544191610558 1134.6544528765985 0.9216087690507877 0.1925518352928193 0.2401678678868675 25 0.0 1.8892278511745475 1.6633224528333894 -0.5524411250200283
930 1244.06231873479 1135.0664446868147 0.7151255360539374 -0.19963937276308044 -0.1601298836943343 25 0.0 1.3064313104637404 1.4203969901947808 -0.3810243584135969
931 1474.225656049142 1134.427118828967 0.796669037166534 0.5671137506379118 0.02535357791803903 25 0.0 3.3953193654412765 3.338322877700955 -1.3088208467526963
932 1555.2239944886733 1134.8135522771954 0.9601952112204902 -0.07480336845536689 -0.23243779063529427 25 0.0 1.1801684542129856 1.087082763772787 -0.09065652461664865
933 1104.4732053838236 1136.6551776731378 0.717874530259747 -0.3860276703811023 -0.6075113869413684 25 0.0 1.9219290883762128 1.3965600401378835 -0.3626490284671825
934 1314.5877310697824 1135.8902548031726 0.8288976103011528 -0.6195709493894697 -0.11403418521476409 25 0.0 2.4388593876142117 2.2723812296485186 -0.8912029831384929
935 1300.2480994620603 1136.8645092192826 0.9543234985958333 -0.19630780113185883 -0.11891445945581347 25 0.0 6.494139982998151 5.696958722720546 -1.8891076819751924
936 1323.534457551799 1139.4796995815698 0.6448734833393936 -0.5109746012651407 -0.03298101700807739 25 0.0 2.507822555505325 2.339382047078236 -0.922752881787527
937 1508.1940933473536 1139.0673192234408 0.9972612356019468 0.09261080152658437 -0.08321603104654327 25 0.0 2.155311550738761 1.8217493116486696 -0.6512215352447306
938 847.4499587784381 1139.5908592767555 0.7130387079955152 0.1335997901615937 0.10251277946184523 25 0.0 2.5648317214306138 2.6769966385388115 -1.0691195646268743
939 992.5254837383212 1140.3164476450538 0.8684868910950903 -0.6356273049108093 -0.8089236776997123 25 0.0 1.5587227145007507 1.382239143644327 -0.35145796899233905
940 1100.7392026919476 1140.632276069339 0.5519909409107011 0.6861577694879979 0.33843474787833555 25 0.0 2.5043899829460012 1.1928533494179845 -0.19146763588707735
941 699.5428332882698 1143.2111956085798 0.8661480010078075 -0.18602800539567702 -0.17423723471609756 25 0.0 2.178824874722674 1.994320840109706 -0.7494875688412972
942 922.8619824387938 1143.2972234445617 0.8189984945633985 0.02106343076344923 0.12174035146369334 25 0.0 1.5797584971862833 1.5393835084293022 -0.4683670740195517
943 989.090334510788 1143.310606085798 0.9971969162400215 -0.8702108985701859 -0.3466588586194086 25 0.0 3.8425863079361315 2.718650996183311 -1.0858836477291602
944 1128.2666911859344 1143.7219199679867 0.8523104204044275 0.31749233556438977 0.19132811294430394 25 0.0 1.1114277094344107 1.1064056220323812 -0.10978593477102427
945 988.4456538542486 1145.003257592833 0.8740344849975201 -0.20330714740990274 -0.21211655993035916 25 0.0 15.722471552310079 13.196927810842002 -2.8011821026190282
946 460.54082326347145 1146.1004068519878 0.7561305534973987 0.0159347685286915 -0.16838288622407543 25 0.0 51.54827632584381 45.528867734830136 -4.145717124747533
947 1019.4507988672831 1146.5807510899406 0.7897271989857664 0.5825591820120498 0.07581481090168748 25 0.0 1.5209766441889274 1.5185560059603238 -0.4535770344799417
948 1038.9954443579782 1147.8098657733299 0.9328558536365711 0.3843212179264029 0.4785383370366437 25 0.0 1.8463853801066246 1.7572133880554217 -0.6120612586440929
949 1103.5100433276073 1147.799765870259 0.5807687704162708 0.887640259863959 -0.09786379712842187 25 0.0 2.7936872012351275 1.1711007537785683 -0.17148565127556104
950 1464.1935103361816 1148.2505231576356 0.9371478810534231 0.35723007943146196 -0.04410904183886803 25 0.0 1.3030170736136366 1.1531354057974499 -0.15470076723478976
951 869.7667441393089 1149.2256660641485 0.4827025755733794 -0.26997620659936133 0.2276722792459993 25 0.0 2.0561828488362828 2.5217258436687606 -1.0042446732236863
952 1236.6864671931705 1148.8564199220916 0.9965980616532741 -0.1539270383165656 -0.05184327779683002 25 0.0 1.8388488407926893 1.595467473124514 -0.50721988659093
953 1392.6350258808507 1148.9079883557217 0.7958562204018307 -0.5745376803161475 -0.15866418203773366 25 0.0 1.322385267217625 1.176191048326859 -0.17619467445079162
954 828.4754443130182 1151.7390716434732 0.8896056706252194 0.13092843497112935 -0.1419759891819014 25 0.0 12.053599020940457 9.415334019915761 -2.434589329318536
955 379.2646595952524 1153.5525235189161 0.7218176899907085 0.6934015677161626 0.22828651348766382 25 0.0 3.255508358380617 2.9184809515480996 -1.1628921577144307
956 1308.3541705709188 1153.153060329504 0.5507319235390056 -0.6664894078847962 -0.16450250690706467 25 0.0 1.0195807504940597 1.2925951325649414 -0.2786562904934664
957 541.1347931046115 1153.5108494388382 0.9612903676291316 -0.03237417297804069 0.30360305797300036 25 0.0 5.578618523751677 4.857651777848339 -1.716065947653157
958 737.6143091488416 1154.3445453305967 0.5633899075184364 -0.687002217798484 -0.2565089291793923 25 0.0 1.1853533191414276 1.1757016382699246 -0.1757428084039397
959 996.5599489005391 1154.9241129582629 0.6175634252851155 -0.2821114253235309 -0.18882489169389013 25 0.0 11.095987380293261 11.428858021008033 -2.6450070939339785
960 1688.287779684091 1155.4605509677965 0.8441357776775241 -0.026938277926894003 -0.06076867265745866 25 0.0 1.3790921155178897 1.3175668708438357 -0.2994316657863872
961 589.0211276724892 1156.8923388119367 0.9276394917253787 0.3135662768448395 -0.044178444673313985 25 0.0 3.925955221652829 3.1754603550322 -1.2545167375796953
962 754.0788889089038 1156.882175809425 0.7756626359865002 0.03565495914786824 0.1183417266539832 25 0.0 1.4863906624937704 1.207655210794199 -0.20485739899282568
963 772.6269204618261 1156.4953103370053 0.6308309103041462 -0.6238037303359012 0.019541626323642657 25 0.0 1.1065178771856665 1.0326292575671396 -0.03486106446432397
964 405.9145890022134 1158.0263667480517 0.8131290838411601 -0.21832809891086627 -0.379507530939643 25 0.0 2.19870190825968 2.068256695877275 -0.7890110975207055
965 815.5054857620077 1157.7082518472528 0.5967120554607344 -0.2944378463047299 -0.0325112529455185 25 0.0 3.2079673246990974 3.316401413519164 -1.3016677289457808
966 1375.301523766402 1159.8147301832353 0.6103841913141866 -0.766958380724947 0.8939920401364385 25 0.0 1.9646296064278972 1.1262366381948803 -0.12907412874103905
967 852.6183621306909 1158.7976656670874 0.8748678234801687 -0.5110290172442237 -0.37874574022574914 25 0.0 1.1659286348120579 1.071560715510445 -0.07504195889284584
968 1190.046414738837 1159.2531357436724 0.8980413208194301 0.14132999345824906 0.040261143965256825 25 0.0 5.434347899493567 4.143980202098855 -1.5435441797412528
969 1577.6359576424925 1160.0582321565566 0.8895578163122269 -0.16922355749743975 -0.2710513834027309 25 0.0 4.865883433080616 4.431153065822069 -1.6162918804354627
970 1633.7412413318516 1159.8973184527672 0.9753173883242929 -0.2711450034417038 -0.4582201763469984 25 0.0 1.4922156861104783 1.3124762688791232 -0.29522864897970885
971 586.7166630676292 1160.8585805391153 0.5647637721245139 0.5857264959141739 0.12669183751147575 25 0.0 1.193268302796619 1.2648271689901804 -0.2550779646059739
972 552.2742016549678 1163.7760952437395 0.8809119223066494 0.4336175059525149 0.5357627177365238 25 0.0 1.5795852145135016 1.2298590169571832 -0.22463832399117342
973 816.3976260640748 1162.754601963865 0.7632338081397592 -0.23177210726374967 -0.21288643911795846 25 0.0 1.7599038833527225 1.8155752666138016 -0.6475356444104641
974 728.2927526397714 1164.0313294859354 0.5860420089089943 0.006502352993398606 0.19661678651779205 25 0.0 1.4217580750208323 1.594041361481884 -0.5062489652197049
