m1-67/data/wr124-jwst-miri-2022-f1280w_BGSUB-sources-fwhm5.0-thresh30.ecsv
# %ECSV 1.0
# ---
# datatype:
# - {name: id, datatype: int64, format: '%.8g'}
# - {name: xcentroid, datatype: float64, format: '%.8g'}
# - {name: ycentroid, datatype: float64, format: '%.8g'}
# - {name: sharpness, datatype: float64, format: '%.8g'}
# - {name: roundness1, datatype: float64, format: '%.8g'}
# - {name: roundness2, datatype: float64, format: '%.8g'}
# - {name: npix, datatype: int64, format: '%.8g'}
# - {name: sky, datatype: float64, format: '%.8g'}
# - {name: peak, datatype: float64, format: '%.8g'}
# - {name: flux, datatype: float64, format: '%.8g'}
# - {name: mag, datatype: float64, format: '%.8g'}
# meta:
#   version: {Python: 3.9.9, astropy: '5.3', bottleneck: 1.3.4, gwcs: 0.18.3, matplotlib: 3.5.3, numpy: 1.22.3, photutils: 1.3.0, scipy: 1.8.0,
#     skimage: 0.19.2, sklearn: 0.24.2}
# schema: astropy-2.0
id xcentroid ycentroid sharpness roundness1 roundness2 npix sky peak flux mag
[from data line 99]
100 987.873210149364 658.1823676514329 0.435138887904961 -0.5745542150011 0.615334443730233 49 0.0 50.93362384310574 1.0052192770867745 -0.005652021160624079
101 1044.3381778282142 660.7106297265359 0.4421505779268738 0.4149151041483454 0.20649209650099332 49 0.0 143.2683201305744 3.8604111567294614 -1.4665839051958702
102 1074.5058470863519 659.9259780725827 0.422514573022559 0.5453092515219484 -0.06733695941597774 49 0.0 101.59734006218338 2.2782319063211975 -0.8939948244997208
103 1114.2381103745558 670.8184393117106 0.3970226840589597 0.6810095626779403 0.04515387566689797 49 0.0 171.78664183835176 2.9452890082706613 -1.1728197915589627
104 1131.757695631705 670.6549945527216 0.4170238205068234 0.052649923135097816 -0.3874349177783767 49 0.0 74.8044022740993 1.223217765517801 -0.21875944991664495
105 1118.3672282575899 672.564559278371 0.43133710044155416 -0.2338593610053939 -0.5869944361237659 49 0.0 190.3038263954155 4.230235010426973 -1.5659112381163882
106 1298.883333126581 678.342239889004 0.555150836748239 -0.7112012647549306 -0.2760782621900763 49 0.0 60.32673430807098 2.328204888966033 -0.9175529921695941
107 1302.192588960486 680.6298258030682 0.5468002846798765 0.843569185168191 0.22467283898248594 49 0.0 80.90949523132065 3.409992393228054 -1.3318835254997443
108 1099.1870235852905 684.0982050585 0.4386873183973573 -0.6593004749240479 0.7220909790808812 49 0.0 32.96866382963246 1.4007667950029905 -0.36591459575619906
109 1294.2191887963688 682.1072537988798 0.532623320593165 -0.44300581996500915 0.6967036667677756 49 0.0 81.96411013894632 2.988253256557913 -1.1885435036622005
110 1111.9043006260235 684.2113984334651 0.45041643598274644 0.3710647811559833 0.5192930451710355 49 0.0 17.096971462464325 1.4054747686037992 -0.36955763365534194
111 1026.8092128282128 688.9080020602253 0.3929623326311297 0.13143801855246237 0.2558718626266459 49 0.0 70.38409548823333 1.587960410465727 -0.5020991770120129
112 1304.6076923539965 685.9503449762718 0.5392191030280874 -0.6898222771707 0.3906573380989672 49 0.0 68.04881267366451 2.9106574804786463 -1.1599777541584664
113 867.785348350238 688.5810151936921 0.4785827408094578 -0.6505616332513195 -0.09703513911913614 49 0.0 55.71480317939614 1.300244080427777 -0.2850622131381247
114 1071.1645418176795 689.3195410163498 0.42510325639413804 0.5500744042881983 -0.1292728655217973 49 0.0 135.41613771295783 3.1625235410960943 -1.250084417459749
115 1096.6121642858343 690.9575851206397 0.4461040746442257 0.07025093725768737 -0.9299699750435323 49 0.0 144.51630960824696 2.5017467601859678 -0.9956083650920926
116 1025.219176421247 689.9192005660461 0.41975539886321905 -0.30381451710548274 0.5020718345589285 49 0.0 92.46411849777651 2.0826831334759612 -0.796557999820344
117 1052.8192042686012 691.7814144556078 0.44253110543305046 -0.34479402168864876 0.04868164033528232 49 0.0 105.7294039679081 3.534264684959492 -1.370747677947259
118 1300.140959660604 689.9572248945743 0.5544360814942102 -0.5404899180181816 -0.38782075968736596 49 0.0 67.9606459742752 2.9714220994280782 -1.182410872551534
119 1100.8042620740086 693.9779065663168 0.4252023820726399 -0.09651407952284098 -0.06240013275849795 49 0.0 200.7030573439975 3.1271941040901754 -1.2378870965507585
120 1065.6836355034638 694.8747326352898 0.48804974749568625 0.5917437393313197 -0.18921951808480833 49 0.0 51.78106518635671 1.5213643707357754 -0.45558310293074045
121 1106.269220686281 695.9884051834348 0.424570467453854 0.7344403372233176 -0.7152833924283849 49 0.0 156.52485894628796 1.9054976983839442 -0.7000210713302181
122 1053.4665441415723 697.8176220009553 0.4655098960165398 -0.20593605831834924 0.22836383615764447 49 0.0 81.22029348976474 1.9127511198015088 -0.704146162223863
123 1013.7022627000059 701.788734521926 0.44904556523347827 0.15233624368838422 -0.06288718467236136 49 0.0 56.85114668565306 1.3691553700531522 -0.34113183532406477
124 1100.045092086232 701.6882032997158 0.4200108334735969 -0.3163418408732402 0.9045714514624215 49 0.0 133.93821925351335 1.8925053409507588 -0.6925927845546743
125 1132.3776055287897 704.5235305948244 0.4277751640429601 0.7756597917708324 -0.07511572542421538 49 0.0 32.97907348944365 1.3169979031621586 -0.2989627087677304
126 1048.0204600137108 710.3341227233525 0.4673508691979219 0.24728617856981505 -0.2864062578860358 49 0.0 114.80071568049796 3.157729128599987 -1.2484371832436203
127 1406.4247078115359 711.1557032644861 0.43564033929591855 0.06677982424972652 -0.0028779176454304277 49 0.0 216.43454697466294 10.870104972687065 -2.590584345229217
128 1052.0481522560553 710.8541413935312 0.4356570441775469 -0.03107575006374382 0.30775260548525496 49 0.0 142.00686921045022 2.19695208978909 -0.8545514652790863
129 1168.9966335843355 720.9993042566829 0.4270174137503223 0.2444007798440621 -0.18367477633403617 49 0.0 48.80619623244981 1.0648754784919092 -0.06824706599653808
130 1127.0719219346383 723.4696488189862 0.44431607695105485 0.48218562898740364 0.300034518733389 49 0.0 55.184423200904405 2.0714584053412906 -0.7906905428401647
131 1051.8346774580193 727.0347864889806 0.42430910589239945 0.2969354463661179 0.5327122204537534 49 0.0 76.4029003077446 2.062308648483143 -0.7858841575844687
132 868.7003740028925 730.5344522558446 0.42496208002314484 -0.7652794304564471 0.08817481082227509 49 0.0 75.36387549112574 1.3507954282949657 -0.3264739552903767
133 1133.2777877786261 732.5598725163446 0.44391640454332937 -0.12889135791443032 -0.15630714628795217 49 0.0 51.713189473082394 1.5403619856958222 -0.4690569805274537
134 1214.7987026082574 739.5379522969398 0.4256939759358412 0.3398002433377458 -0.2369676693227585 49 0.0 60.93969595667527 1.3353080552039618 -0.31395367219481946
135 1216.623299936836 741.3957070438167 0.427911442310077 0.9841503729526262 0.1720877437094536 49 0.0 59.745652188765014 1.1590609333680932 -0.16026566999940486
136 1169.3366801532534 745.2898589922036 0.43038600700926305 -0.8908090922163889 -0.33862685841103773 49 0.0 40.581822522945565 1.3731439541113328 -0.3442901726603683
137 1093.7409224552898 751.1474299606347 0.4234230416187494 0.19236414858040896 0.28922566694789636 49 0.0 53.829563404835426 1.2328006624946335 -0.22723214773974224
138 1086.434783270203 751.4654410504259 0.4298618402276884 0.2889118203639575 0.38473893483800914 49 0.0 61.808591957422536 1.512849638448326 -0.449489414510701
139 1286.903942348041 751.5668031113505 0.4424255173631818 0.3998573404536327 0.19857231866994574 49 0.0 25.763334763651017 1.0823631755691678 -0.08593252041340393
140 1091.178515306019 758.2223676412101 0.4249984882017171 0.6119837962916128 -0.23315964447372997 49 0.0 88.1779991992404 1.6272926714278624 -0.5286641714561071
141 1063.067028308101 761.724786275266 0.41481532620182054 0.5210506357991016 0.19453962017471965 49 0.0 203.18346432564567 4.810537955814893 -1.7054841141040697
142 1180.496048065532 761.685247181849 0.41183202368773775 0.29248191675683627 -0.5754826539777055 49 0.0 56.977039208597795 1.1956155775620716 -0.19397891196439643
143 1056.9724554080474 762.7875338127845 0.46766166903216744 0.1710014520463414 0.13867406580405106 49 0.0 151.2245751555257 3.5571252258432255 -1.3777478861408665
144 1065.5758231202178 765.8508462742051 0.42595109001690673 0.8140220972843144 0.7268967924203037 49 0.0 167.98265177179016 3.376891503356878 -1.32129276837091
145 1058.0402669277235 771.7371308425161 0.4539167455174529 0.1365513304224332 0.9405740073527381 49 0.0 84.7708725143774 1.1766484373856305 -0.17661680598168422
146 1073.7756900495185 773.0687966134241 0.43668796311018854 0.1921691659713021 0.8177001692755947 49 0.0 122.99490775743664 2.5222053372460906 -1.0044511009165915
147 1025.596451913484 773.659521179211 0.4271142306401546 -0.32609260561040954 0.06541920744554132 49 0.0 100.38242076708117 2.441714831888689 -0.969237353189928
148 1071.6497227817313 775.9950843122583 0.4407063059689927 -0.5167462395389099 -0.22915243986547532 49 0.0 154.41517421092655 2.8768749461791288 -1.1473024602830597
149 1056.6832820655413 779.5481780647654 0.42782219474549765 0.26971432166378495 0.08861713488121531 49 0.0 185.07667865315372 4.762256705165328 -1.6945320048833863
150 1081.4815162891173 779.2252192353671 0.428327034421017 0.6430935834227497 -0.15952183059287878 49 0.0 63.04638452754162 1.6190192462032391 -0.5231300287243591
151 1120.5038502982002 784.0387100489227 0.42955005854367573 0.11399470752843073 -0.435108896096437 49 0.0 47.004245494067504 1.0746457038092658 -0.07816326704288523
152 1426.558695692551 787.1394221338882 0.45261286250978794 -0.02663644484967586 -0.013843837968858937 49 0.0 198.5513282151363 9.82655164309122 -2.4810028522818954
153 1054.0333090596096 794.4034027047186 0.4351510190188381 -0.8197526601093401 0.15897824087512225 49 0.0 50.84469432677665 1.3292018650371555 -0.30897735494200884
154 1081.4443528370784 800.2829891211736 0.4241609265326 0.26484571925232536 0.3652068443082749 49 0.0 51.74843029828715 1.133899380874149 -0.13643629540917546
155 918.5321058932852 806.4528869438248 0.40949718804841684 0.6204414451024148 0.7643066432937411 49 0.0 81.81868040319844 1.5580506774544052 -0.4814539487792135
156 1084.151289964568 806.5209435542876 0.43438119050173246 0.8535254987317451 0.7300257238187122 49 0.0 59.191838878690206 1.4022631838352986 -0.3670738296554004
157 1174.3384749887514 848.8767842367638 0.42917470159936355 -0.2202913263162186 -0.12966440943940882 49 0.0 68.56295618874167 1.434628145344013 -0.39184836704265746
158 1174.5796844838774 864.8791261790938 0.4388461470060583 -0.24667115278728444 0.632629768846707 49 0.0 69.93390366551697 1.2172106398976477 -0.21341434990839064
159 437.2972630382644 865.8665957063625 0.48575800518038126 -0.03392453936654241 -0.04714589099191989 49 0.0 68.63862072575023 3.385513098610188 -1.324061246074356
160 762.9660605587354 865.5954902202534 0.46493172678116407 0.11505571379896366 0.046690959210815605 49 0.0 27.7445793722162 1.3672223950810778 -0.3395979087691153
161 861.9677460444893 967.523812612469 0.49465951118774615 0.05504891587776778 0.06267756161550456 49 0.0 24.998101906885843 1.2442297845420998 -0.23725148332890733
162 307.5399430862505 1008.4841215965411 0.5160971483587317 -0.1235144735194411 -0.016875346340182208 49 0.0 40.569104739787825 1.8607550599187952 -0.6742230215873207
163 33.206427419380006 1093.993436358239 0.44817425844639774 0.031035480588096225 -0.0285628262786254 49 0.0 25.87175696454526 1.1683465710482557 -0.1689292207420761
