m1-67/data/wr124-hst-1997-f675w_BGSUB-sources-fwhm2.0-thresh1.ecsv
# %ECSV 1.0
# ---
# datatype:
# - {name: id, datatype: int64, format: '%.8g'}
# - {name: xcentroid, datatype: float64, format: '%.8g'}
# - {name: ycentroid, datatype: float64, format: '%.8g'}
# - {name: sharpness, datatype: float64, format: '%.8g'}
# - {name: roundness1, datatype: float64, format: '%.8g'}
# - {name: roundness2, datatype: float64, format: '%.8g'}
# - {name: npix, datatype: int64, format: '%.8g'}
# - {name: sky, datatype: float64, format: '%.8g'}
# - {name: peak, datatype: float64, format: '%.8g'}
# - {name: flux, datatype: float64, format: '%.8g'}
# - {name: mag, datatype: float64, format: '%.8g'}
# meta:
#   version: {Python: 3.9.9, astropy: '5.3', bottleneck: 1.3.4, gwcs: 0.18.3, matplotlib: 3.5.3, numpy: 1.22.3, photutils: 1.3.0, scipy: 1.8.0,
#     skimage: 0.19.2, sklearn: 0.24.2}
# schema: astropy-2.0
id xcentroid ycentroid sharpness roundness1 roundness2 npix sky peak flux mag
[from data line 1554]
1555 1463.294052672284 1788.0426735046863 0.5572375353533284 -0.7008178861013732 -0.9261415057958663 25 0.0 2.926958836194787 3.065022728563308 -1.216084248402828
1556 1053.5662202089106 1788.9721939560293 0.9177545505369313 -0.507552864283681 -0.28201045172606737 25 0.0 1.6803245812972372 1.5099945936409802 -0.44743848088839916
1557 1278.9534558680252 1789.260077382502 0.885676943627707 -0.12971518199232307 0.07629362748195634 25 0.0 1.3825906453511305 1.246499833880614 -0.2392305624048606
1558 1379.4472165765033 1789.216312007215 0.8277094799612653 -0.3978162869033122 -0.3744046450590128 25 0.0 1.5847495632924928 1.5316791493200457 -0.46291950091540474
1559 1455.7778125628886 1788.8267196186396 0.9625870086395494 -0.17093303178266375 -0.323206363499384 25 0.0 1.4611903795973333 1.217743018399418 -0.21388912085218076
1560 1519.3275642600706 1790.7527265254378 0.9032834837148837 -0.26102413883482556 0.04243128033676884 25 0.0 7.173132326725995 5.694538648121598 -1.888646361998672
1561 1593.6479086709 1792.4554343450468 0.44047036123462835 0.3084640806778613 0.05642577044831485 25 0.0 6.214720522107091 7.20389798487491 -2.14391888525783
1562 1128.1587735375201 1793.9521260641352 0.9431748288542869 -0.07874595108181211 -0.017833358276271947 25 0.0 3.1675211178054896 2.5199125218520386 -1.0034636615407968
1563 1182.5449374900243 1794.9370919773435 0.6905878150177374 -0.11270291129516248 -0.10066200239428168 25 0.0 37.80804987466714 31.588130821411877 -3.7488098199097726
1564 1349.3705790260535 1795.358645082096 0.6957727460643731 0.2727585858579517 0.10469358804518812 25 0.0 1.107754290127405 1.067281496368055 -0.07069745014465618
1565 1248.2252887457198 1796.84028348038 0.8736940926098098 0.10100006258710979 -0.2901962510089733 25 0.0 1.1857716851056348 1.0867748014254646 -0.09034890016343707
1566 1513.0574074363456 1802.3249228554969 0.914220768574867 0.21538480400364002 0.03138835073731428 25 0.0 1.444700056693019 1.2789745203101488 -0.26715473140983376
1567 1085.3594315615576 1803.1682104996303 0.9323328237715964 0.005596774489569159 -0.12312385678831454 25 0.0 3.4643475039355733 2.7642731028648275 -1.1039523699174512
1568 1432.5745510509648 1803.1201170589648 0.9634968367871513 0.17069116591267336 -0.39966070614995075 25 0.0 1.6297649139972565 1.375951426761921 -0.34650775723854543
1569 1028.1269537735805 1805.3573763726595 0.8071836103714791 -0.41391026616784704 0.1799572863296023 25 0.0 2.0780839098793478 1.9733555090641581 -0.7380133311188897
1570 1125.1174169259032 1805.9739201735676 0.9768773348919373 -0.02463118486270773 -0.017889878056467315 25 0.0 1.7709799990655537 1.5426081533348814 -0.4706390561553154
1571 1245.2086444590846 1807.5722239136182 0.7044719412433803 -0.20290634951996975 0.07853313430284126 25 0.0 11.600628273130557 10.728799340701093 -2.576377807038779
1572 1444.842633763986 1808.226404199077 0.9477716575021898 -0.07051246934695649 -0.02394290535023936 25 0.0 1.3962369430397106 1.1722806362734006 -0.1725789784272483
1573 1356.9315198479965 1810.385401333333 0.8328780493616142 0.046439414663641224 0.1919036278341509 25 0.0 1.454876476871513 1.3061205971536343 -0.2899581955259384
1574 1436.855322922033 1809.794260952171 0.7949614333878977 -0.1464624169278495 -0.03282855265683852 25 0.0 1.1530957645132367 1.0235929347662804 -0.025318198893166267
1575 1135.4756965518357 1815.366978220774 0.6863575955758309 -0.6383960186105947 -0.17505558134817034 25 0.0 1.0937515690595818 1.0503639050016862 -0.05334947280272503
1576 1329.041118381473 1814.5226444789705 0.6820019659607752 0.13842500295810803 0.17394216646290875 25 0.0 7.961372185144146 7.56765234270248 -2.197402931002183
1577 1057.219037760426 1816.0071488067547 0.7158762565967582 -0.16429373806869024 -0.44530176896734 25 0.0 9.210986579384798 8.149714808685646 -2.2778560282360725
1578 1460.675361974603 1816.197993920974 0.9166225673004683 -0.21668495773009097 -0.18819373404802378 25 0.0 3.4207252938800874 3.040399034379656 -1.2073264648249107
1579 1395.1594956856966 1817.99566594824 0.9355877546741819 -0.6661392520349673 -0.40822939784589896 25 0.0 1.8045777253655269 1.553864296988153 -0.47853272013485076
1580 996.6996686742721 1818.8919282598017 0.8341322803235102 0.7204543964912686 0.20942786537409055 25 0.0 4.1725521611993726 3.557325868500158 -1.3778091262826622
1581 1062.1871190060897 1818.6416997771628 0.9759670043833534 -0.362148199611996 0.1490888949610116 25 0.0 2.0846355985217864 1.7658743734787234 -0.6173995102136995
1582 1166.1541699373684 1826.5416160668742 0.7601207956012445 -0.04989795765078227 0.09653722236066509 25 0.0 2.4613723613897402 2.2087035603867107 -0.8603435781265303
1583 1197.3372847044116 1825.867166253144 0.6745763769214376 -0.20294279593921977 -0.3140845343770797 25 0.0 7.611413136313261 7.451140977747558 -2.180556951132075
1584 1542.6576872677065 1826.8883033243503 0.7015735880828446 -0.026937582670118542 -0.15514422590920987 25 0.0 70.98197800211187 65.3718054270672 -4.5384761985011215
1585 1372.3929559924431 1829.9867152062004 0.797422385318057 -0.14605345388517374 -0.1872928207900781 25 0.0 1.961677648947063 1.718737301715561 -0.5880237563864141
1586 1051.876302157111 1832.73594945185 0.716143616784244 0.7088099443012286 0.37239175612439057 25 0.0 2.0996873820058384 2.097039185924909 -0.8040163647565299
1587 1364.1975438930901 1834.1095009881162 0.8998955773590871 0.11544715183706597 -0.048534400228325766 25 0.0 1.6676585323051871 1.3604538740938454 -0.3342095542528626
1588 1136.8669367430482 1836.138513256399 0.8197926147772833 -0.7333736913123717 -0.16329669368131092 25 0.0 2.118147579287994 1.8485065381773929 -0.6670524775342987
1589 1050.415341455454 1836.5982011492495 0.460943191528935 0.342813634924988 0.18372276463565942 25 0.0 1.0106893653622133 1.0957078142701693 -0.09923689730571979
1590 1560.3551197718211 1837.6477341016487 0.7970007543722487 0.7072284959206856 0.30456825072340904 25 0.0 1.7036923520628018 1.62951841067368 -0.5301481789694905
1591 1417.6163682585004 1838.3628716171506 0.6327656370507859 -0.6256609590090279 -0.2740466158020145 25 0.0 2.7785623209212704 2.975044419287333 -1.1837336360079456
1592 1001.1307249501311 1841.0946646924651 0.8821145381827945 0.4983296409253068 0.19684156247592857 25 0.0 1.8618258120220832 1.6585273609448996 -0.5493066013200518
1593 1551.7650572682273 1841.4156799744417 0.9709346029399726 0.7091262004973852 0.20446861686228032 25 0.0 3.104214533572005 2.5550731440265513 -1.0185083429698114
1594 1246.053867567973 1842.301552057073 0.7847612793122617 0.5604495301008962 0.7603211732799092 25 0.0 3.1334505183418186 2.4939242122383463 -0.9922081289641772
1595 1236.4975474857235 1843.7409889480546 0.7134881147319295 -0.5331309097897629 -0.2283808457057609 25 0.0 2.773062484700978 2.7797285312237783 -1.1100059617841525
1596 1346.02231895888 1844.2062397704938 0.9171539471717984 -0.04990822015374743 -0.1558528144088999 25 0.0 2.525533782983545 2.2185429977330013 -0.865169625562714
1597 1195.4375410270072 1845.0719656945255 0.9354719749354529 0.7170110018638425 -0.008840848535134746 25 0.0 2.8640297474265646 2.3387877344841748 -0.9224770189035716
1598 1402.3581878979471 1845.6574212877647 0.937856314589835 0.7434530428608646 0.35950032675567045 25 0.0 1.3262300403904128 1.0872884351697798 -0.09086192182092817
1599 1412.4311662638345 1844.8741708532148 0.7660394567884339 -0.3404171931097252 0.16523954006611152 25 0.0 1.3384600584237623 1.154767732919686 -0.15623660027770275
1600 1440.5205768106523 1845.2170038391728 0.8240397048195501 -0.1905846701968721 -0.1494542886751646 25 0.0 2.0639839148328227 1.9013697735911084 -0.6976664639331099
1601 1497.7029470453317 1845.580843742922 0.7438865818458101 -0.11503973507112476 0.0997680210891237 25 0.0 1.445318467988418 1.4173064538391016 -0.3786594118246702
1602 1174.8697773635877 1849.9751597507516 0.9874846337037302 0.20792828507342512 0.009364133933514733 25 0.0 2.0868763333328024 1.7645243239208566 -0.6165691236878241
1603 1272.5217180161796 1849.7780197872241 0.9915540244653397 0.5904552919483924 -0.062490657043161243 25 0.0 1.9041078933330338 1.5435637737010863 -0.4713114436225618
1604 1055.2641584197718 1851.7828766485798 0.9537037237363749 -0.27505505659451723 -0.06214230865324567 25 0.0 13.286450052590906 10.271254785061865 -2.5290587557654405
1605 999.521679193228 1853.6172701766739 0.5114185416642515 -0.256951918401636 0.14095736924671584 25 0.0 1.5952100105238225 1.6527693954782108 -0.5455306559222968
1606 1386.610557142879 1854.3564548114744 0.9010155620341731 0.3248312577959596 -0.26758883960663704 25 0.0 1.4060632065638834 1.1016894966880433 -0.10514802241362783
1607 1283.7577845035817 1856.1684782105153 0.8535891417818986 -0.07244615574019947 -0.010155900800769963 25 0.0 4.481850902859574 3.889059423781283 -1.4746114477523848
1608 1366.9246569123754 1857.177565936869 0.8149673619632261 -0.23653482786130114 -0.05362610870801715 25 0.0 1.7472384242537995 1.5136516936309479 -0.45006487790874566
1609 1233.1533619565457 1859.5245623268224 0.8459071846256696 0.29165553720905685 0.14739519851360372 25 0.0 1.3857799365251042 1.198138129029503 -0.19626722296551807
1610 1332.7099310335218 1859.9318293922126 0.9606790793157722 -0.1808065297313075 -0.18805038485265982 25 0.0 2.470562467670766 1.9434663295190069 -0.7214425522422828
1611 1150.2203873118417 1866.8199828004203 0.878170519506684 0.5129011028382662 0.10552431112668356 25 0.0 2.978161063448057 2.715584102170408 -1.0846581438047898
1612 1186.9868698313633 1869.506738644174 0.9421259960136253 0.08905452312929799 0.06099073676359304 25 0.0 2.9411354827847873 2.487139233811442 -0.989250246029096
1613 1375.1365186269365 1874.0079526326103 0.9130082477115228 -0.45097125918032055 -0.3202491052375257 25 0.0 1.5623870933144683 1.2799634178933041 -0.2679938935843038
1614 1116.517991236251 1874.6756952392354 0.6960464490360838 -0.5174037827707404 -0.16154101692833758 25 0.0 14.793144804020617 13.406572389208199 -2.8182943937847855
1615 1457.6626678711946 1875.0423448065526 0.7678103918382921 -0.3130035219973721 -0.4081901603097354 25 0.0 1.734946574393373 1.5667943368821113 -0.48752998284489646
1616 1225.6592501265934 1876.2672585312198 0.8461476706915857 -0.7227541491185212 -0.3952498065407812 25 0.0 1.8689294223537485 1.5226692266444732 -0.45651392668384194
1617 1234.0658034101914 1875.7091886697572 0.7815545188633855 0.1265335472241922 0.0964221547088651 25 0.0 1.8325920624069583 1.624042629252511 -0.5264935619644769
1618 1213.48303948405 1878.3393452678995 0.5230831169870223 -0.12134488172804227 -0.1345956520652595 25 0.0 1.6422689810628504 1.823075064689803 -0.6520113774923579
1619 1452.4197463067676 1878.1936584140576 0.6878649230110001 -0.4313746371557746 -0.3726097188622908 25 0.0 2.477958621953586 2.400650212238935 -0.950822214010695
1620 1232.292220159849 1881.0267101031395 0.6670958714887657 -0.6931818375110523 -0.9098992000736005 25 0.0 1.523563178921736 1.629323647217439 -0.5300184017465996
1621 1300.013381775803 1882.7629286393742 0.5110828702961454 0.04496788451329019 0.2704776054650756 25 0.0 1.1570647593655634 1.3066049556230515 -0.2903607525658793
1622 1108.575253177828 1887.8383508488268 0.6094026258721846 0.060154990749296165 -0.06289069070829548 25 0.0 0.9853101558180356 1.0068939136902701 -0.007459289278918548
1623 1134.3429905505989 1892.1093545444055 0.928449404146597 -0.4709514010054885 -0.35423926257553673 25 0.0 1.2009322519161194 1.0672939191739865 -0.07071008768378126
1624 1252.6035479721647 1892.6525894295353 0.9852327702204507 0.5022094724435474 -0.07358520439175997 25 0.0 1.8729123709381312 1.49238723287312 -0.434703812667371
1625 1084.6458565229416 1897.1614460118578 0.9057461121808129 -0.19448201757652586 -0.2242720104951807 25 0.0 1.1142122151655571 1.0116145015665798 -0.012537615898997113
1626 1363.325405762504 1902.2661396418903 0.9489016146834067 0.6369965809902011 0.043976340501584235 25 0.0 1.464040362685674 1.199704542801153 -0.19768575838939478
1627 1483.5772955389632 1902.3613810937004 0.6938221937785445 0.3254707863046505 -0.18669709421657485 25 0.0 1.869222114628015 1.7250165139256985 -0.5919831425413139
1628 1366.3106631980613 1905.9708549243835 0.5807202078415109 0.8220013376462509 0.492330366492171 25 0.0 4.254567902375616 4.2977084248294934 -1.5830923693362924
1629 1181.0841864620704 1911.3446672481691 0.7897218936188827 -0.01410959702140533 0.021297632355494533 25 0.0 2.9569669636665417 2.683212581994373 -1.0716377043501626
1630 1124.4891767468744 1914.3858602116577 0.9856741367197203 0.3103826439113338 -0.027159883058671064 25 0.0 1.8674424759863475 1.4384177413609993 -0.39471257746284993
1631 1287.754512790632 1913.9140291090196 0.800517342662613 0.01293439218837672 -0.0729968135604576 25 0.0 1.772611908532289 1.5788625772464033 -0.4958608276476664
1632 1296.0938606193638 1915.1743475501858 0.7743155782939644 -0.05828035053153108 -0.07420041427212844 25 0.0 22.500836571803095 20.71429533328415 -3.2906754097300506
1633 1084.4278625808392 1916.0226368782983 0.720550284724492 -0.2831460352081227 -0.2923050164383697 25 0.0 4.507476794984032 4.329605045189859 -1.5911207024781575
1634 1224.024193564932 1915.7911753654032 0.6491329446755276 -0.215626259206317 0.05675018975204895 25 0.0 1.174714396756191 1.1798208361392264 -0.17954015431664339
1635 1164.0180803707842 1916.8886094333286 0.737517740523398 -0.018945485113231023 0.012785455715563603 25 0.0 2.227692479268172 2.0836027092291642 -0.7970372836439594
1636 1426.725721487285 1924.0014614636873 0.6986956852449262 -0.07149527098615185 -0.1423596687279417 25 0.0 1.3866778574638754 1.3842846376640208 -0.35306349816472404
1637 1276.553557768149 1929.7007295655094 0.7654981879499183 -0.6431884135308461 -0.14299651625757015 25 0.0 2.2796040427957935 1.9075840865781077 -0.7012092270286264
1638 1351.5926608815146 1932.1414134793085 0.7261321528709945 -0.22215758912154865 -0.3553313476192372 25 0.0 18.203336478363934 16.9217564144489 -3.0711135979268063
1639 1438.322881793526 1932.3382093855494 0.8117759633202243 0.007623717352962879 -0.2240047937829905 25 0.0 27.883612979895446 23.54094600487376 -3.4295597780061584
1640 1252.2059154848748 1933.4225983803099 0.8751117593262683 0.5753258197680781 0.18554788187937332 25 0.0 1.4839851054580333 1.3125626028908752 -0.29530006579818197
1641 1361.2385778102714 1934.1615672375694 0.8985209329430908 0.2668348915246572 0.005478464472910583 25 0.0 1.6813743777273653 1.4944430290987343 -0.43619840897747464
1642 1203.8926152139468 1937.305154096458 0.8971858753569043 0.5857107523017906 0.05141614040688401 25 0.0 8.830905881078804 7.832089329423269 -2.234694080495861
1643 1135.3517192597687 1938.2710858081996 0.939918844722788 0.09275612675207821 -0.10897638022510349 25 0.0 2.6570988434846505 2.103463173796825 -0.8073372826143786
1644 1194.631647638705 1938.9997534341512 0.9570234986444551 -0.028368735292532494 -0.17852816734059646 25 0.0 10.250592529212792 8.036895741561409 -2.262720836223977
1645 1167.9464255439866 1939.8535535632207 0.6290424034896351 0.255997577132458 0.09507447843170105 25 0.0 3.7133253631254015 3.5906032210140606 -1.387918540352906
1646 1209.136068487909 1941.156694696945 0.7255737039797635 0.1504873672274732 0.2004376327559288 25 0.0 2.086041191870598 2.1070247511687437 -0.8091740932120752
1647 1274.9704790587198 1940.5355350529644 0.8014745400699357 0.3433265750684651 0.03924029786746489 25 0.0 1.4846394160750709 1.4147387074179723 -0.3766905901009651
1648 1166.568344955741 1943.2065615855413 0.7931088709262296 -0.24787292173871628 0.4711311292107345 25 0.0 1.4129743962005101 1.012580501951612 -0.013573901108315758
1649 1083.8119350850404 1946.2715339990305 0.9019062798262044 -0.11080292803620823 -0.017729648268978753 25 0.0 2.628811192905214 2.1557639240172444 -0.8340029996932775
1650 1101.9579415324083 1946.9849057458869 0.9848860431712692 -0.3375148538437134 -0.16147398117839787 25 0.0 5.1311874393060455 4.034432781955871 -1.5144562101094363
