m1-67/data/wr124-jwst-2022-f090w-TO-f150w-OFFSETS.ecsv
# %ECSV 1.0
# ---
# datatype:
# - {name: 'RA, arcsec', datatype: float64}
# - {name: 'Dec, arcsec', datatype: float64}
# - {name: 'd RA, mas', datatype: float64}
# - {name: 'd Dec, mas', datatype: float64}
# - {name: 'Radius, arcsec', datatype: float64}
# schema: astropy-2.0
"RA, arcsec" "Dec, arcsec" "d RA, mas" "d Dec, mas" "Radius, arcsec"
24.467983557730204 73.32468830277233 1.121100679394881 -4.654011738516933 77.29936680764456
-0.5716064457585598 93.88425460120112 -0.33434265611468966 -1.0300291906234909 93.88599467401617
53.34502798586677 45.27529464328091 -5.890440438766931 -2.1597465308003088 69.96816611971974
85.69880977280478 15.352320884939365 -0.8030731008964201 -0.6247908447426224 87.06307908329465
31.471331975798876 63.57204355956994 -0.6004066909939676 -5.756390940256922 70.93553007704269
16.68545039958994 75.9160558878749 0.8569451299911061 -4.1670571008936435 77.72806304057305
14.71592221284444 76.11452218249828 1.9302734684149623 -3.373441273748141 77.52405332420567
36.59927064066772 56.268665956201055 6.708100343304554 1.3349740485173947 67.12428283927278
87.20197605295485 10.677196823337404 0.9041758174109903 2.8351588421309493 87.85321367351983
67.38957863589103 28.14566972612585 -2.690005651922496 2.654364445217547 73.03104822521213
-7.63302975733956 95.17810165688341 -0.3477666324254618 -2.889829932156033 95.48368538211415
-0.192793532134954 88.45212434358999 3.5435590981957175 -2.8898826708415393 88.45233445330679
26.00397722970575 64.52110172575995 4.422854725094377 -4.166064523566428 69.56421046499669
-0.3873904739486882 88.05661376781296 1.2929895206557411 -1.0647736793748799 88.05746589370965
51.03928725962343 41.533519906009666 -6.2585353040057115 -4.789479925987053 65.80305528282696
64.41692642838451 29.315811694025 -4.999595875592195 -5.713283694403818 70.77398673116372
64.12185253902895 29.455761119754637 -5.0755183315269 -0.6071674904859391 70.56382790230057
-3.3039509840757235 89.75148145697105 1.5269715460019178 -2.351234240074934 89.81227374438916
40.7619843489445 49.710038838896516 -0.9693235744068375 -5.173743457732302 64.28551389904186
83.94293652731362 10.059570590803034 -3.181014309781644 1.1247581060897331 84.54354823242033
32.71951593082282 55.84761802266427 0.5290925038428017 -6.015301727002081 64.72652574789716
-1.7263980683671685 85.2137345338096 3.257450069075281 -3.7525445094615577 85.23122082499522
32.36520530541989 54.61539905445169 -0.43739794059264747 -7.405895154283949 63.485024248743734
82.54219229763368 9.542906108092184 -2.4481073392019033 0.28501192477194737 83.09200058633144
33.18011692707962 53.23096097352181 0.8589010986035593 -5.973148323136838 62.72523687495474
7.7790401762317956 74.32601308606 1.6717071319251378 -1.114095662920026 74.7319856869528
13.045754460151223 69.61810460918953 -0.8795856438689542 -4.8499720684623755 70.82988205799475
46.27125731803332 39.56401174454521 -6.0400691808453955 -0.1720134401266173 60.87971955309632
55.28835503356028 30.797001269077242 -4.959727352949014 -1.1946207771398103 63.28710347912552
91.08660619476613 -1.4642959885822002 -63.112878027880704 156.7536873890252 91.09837534605508
-10.438451585474947 89.27106128997094 -0.4322238244146176 -1.7155635167223606 89.87927263021074
91.01786567248705 -1.9127926151902315 -53.16038137906339 -122.23785088408972 91.03796266903106
68.21416328355198 18.09501878555574 -4.512683751807223 1.2353464007474408 70.57337858845632
32.84321002860926 49.63922065089165 2.6099169657827725 -6.1462500396643724 59.520825355380666
63.3969946932772 21.630968268234202 -1.929114889033367 -1.376823374816205 66.98565301344783
87.35203559680906 -0.0008397305406220842 -0.03583757415098264 -1.413596757210005 87.3520356008327
2.8083850681520124 75.61762607469376 0.2192844773354125 -4.113705336755977 75.6697588175862
13.383430200473992 66.1143179406668 2.818685353808256 -5.9233252648293995 67.4553128712329
-11.69160368534296 88.32074713106681 -0.617839631802981 -3.6757874747062154 89.09123392438876
-4.899588147008697 82.09293526786585 0.12432286358312153 -3.878832696304562 82.23901740437063
1.16784596828586 75.94323444062752 1.5644689689467348 -4.725351962960943 75.95221340715757
3.606163880207411 73.56106076146418 0.5437602246117633 -4.560645464276204 73.6493997106034
38.115322658614296 42.62532819994679 -1.895600473443925 -6.1474644492306245 57.1812592100831
-0.24030292585184315 76.75713286378169 0.9508700152283145 -3.6635802323110562 76.75750902004135
84.23824077136885 0.43540493317574663 1.8774744757753798 -1.0080052934261816 84.23936600964002
65.19380700580406 16.918422729886 -2.213500201277522 0.15524647693457738 67.35328863574573
76.17492041472173 6.033919899947606 -1.422159957956634 -0.926740910159566 76.41352424733925
46.44043642447979 31.728038600829898 -84.11461724330348 173.49531591728305 56.243955690787026
46.75247152756173 31.435391747182315 178.97439241070813 -41.235568762635666 56.338063787355935
24.976431768852333 50.68440516571763 2.9300238980597775 -6.108760986667255 56.50425699318046
28.74134295576386 47.127057718753804 2.9119343342812196 -6.1516344808346 55.19985824037638
83.72730279936097 -2.1570104854144536 -0.9637361591423922 0.07879553494511375 83.75508299816522
1.7648392469979206 69.96915840304247 182.74726011499257 69.11171727000837 69.99141222377555
61.74039344719778 14.664753711800484 -4.070511620526636 -1.305651442425944 63.45810569208476
10.464388125338408 60.604027469720435 1.683819339346416 -4.9661801818756235 61.50082569560515
33.55632118361831 38.879060239470505 -3.384645267419016 -3.638919790138332 51.35764795193735
44.227340826341766 28.89491200946113 -6.437975624291245 -2.4393641903047287 52.829665944539485
4.317758343649275 64.57261086631846 0.638312661276506 -4.234588701434355 64.71680701794905
33.35170606517927 38.52218967966333 -2.204798203669038 -4.265158796132965 50.95385542082821
49.95963381196719 23.44539429949375 -3.155649910352384 -0.7420377820203767 55.187421698578284
-8.174943331863227 74.8130721708963 -0.5539768621539883 -3.6240906358637366 75.25839131415987
85.19099135321903 -8.960050844910995 -0.03974174827802278 -0.7471394311683223 85.66088672400289
35.08273972671887 35.782996513468206 -0.5741885797993278 -4.28840240424507 50.112088899542435
-0.13772330886796058 67.29127107050725 2.200647465309761 -7.863699187668518 67.29141200773793
54.327679389726846 17.711651427109125 -4.0346234831895496 -2.2165253362461432 57.141922761573056
-3.7682256312548135 69.08264021799032 2.375776300730192 -3.924521126398295 69.18533589834483
53.68335436029697 17.563837619678615 -3.3617069849230012 -1.2157797530248207 56.483545571657615
13.216804405530759 53.55436498134477 177.08969858596592 -40.29662561372954 55.16116317957747
29.34966732860881 38.956013450738915 1.8315745642397676 -6.431957895245063 48.7747265090652
44.751175396387275 25.144027323052306 -3.800012498066226 -2.9190816513169655 51.331177655115084
-16.88963179204606 80.05472139163803 0.9078899559402567 -3.2096239360190393 81.81697907427535
80.73423160363136 -8.098621115280944 1.762923314306763 -4.599802071915038 81.13940974178237
52.520295505253564 17.052880261203125 -2.752674873899504 -1.7760144735590007 55.219400203933475
-16.44526624220988 78.21106581494082 -1.0777748302018544 -3.9408036745734645 79.92132121484023
67.17614879189847 2.453964792543876 -1.4622992501254022 -1.5831379025660677 67.2209558806725
-20.347295795281795 79.74076303237486 -1.893689881169001 -3.705736613175481 82.29581832963771
48.67744179599476 17.48733636351624 -3.491316002903362 -2.2056404081875804 51.72330487530135
-16.47380321592724 75.63221407297762 -2.640751795858627 -3.2618102851269897 77.40554234557051
28.202275695589393 35.529709679826 -1.1551436497390632 -6.089343921703526 45.36219369118519
75.89163681405425 -8.335842988094393 0.2055979983967823 -1.9796200236533557 76.34806358710695
-11.971958849312296 69.31285689115197 -0.3115419567808639 -3.5697075934094897 70.33917772981151
73.53179550862504 -7.896037306282111 -0.6569777362468994 -1.0200708077602916 73.95452895680395
6.8837769635044275 51.29705920636182 3.1449868603328457 -6.93686451348472 51.75688038828658
49.06234045069558 13.505650012566194 -3.9195764796072017 -2.509155459174429 50.88728553699244
-13.225940731917863 69.2709687166577 -0.23893505353496697 -2.561523542632434 70.52228448236642
36.289368372587205 24.475514899198853 -3.7931199663604573 -4.007635760456418 43.7717840655572
-0.07887290376465098 56.90963289909108 -0.27802039639338555 -4.212306435058052 56.90968755530813
5.405315760796505 51.037659750822215 -0.7211081610223341 -6.192482688108541 51.32309568527537
77.63850814406794 -13.923457368160571 0.613463580405624 -1.189671664849944 78.87712344374306
-4.281455049587968 59.49601915252522 4.020451444234365 -4.1971720811173325 59.649871347985815
64.21008058083618 -2.4873982646157113 -1.1516419659014092 -2.3342200142008473 64.25824148026351
-5.535334693614432 59.11886155662687 1.5359201421926314 -5.5605681018736925 59.37743444341091
14.827780425485699 40.87593217810807 0.13184859156487272 -9.810953825816652 43.48223661333302
63.0023501754578 -2.645905134509831 -2.880258799636408 -1.8610089795504896 63.05788564007471
67.58288049175825 -6.875391425014867 -1.5632202551899108 -2.3998237444213832 67.93170644940683
68.72990587785714 -8.48982695697072 -1.0509413503763323 -2.4223779940229386 69.25227159511547
0.7235956016374957 52.260558116433444 -0.6114915703475792 -6.786503944857378 52.26556730031164
9.626234827151102 43.97350735701505 3.2496383316221324 -6.167831337233319 45.014816947549846
59.939615696730826 -1.3672701639447173 -2.437254207784602 -1.3650322711066805 59.95520792670913
65.81214245731684 -6.708942310765942 -0.3814761559612833 -4.21441655497814 66.15321609890115
52.1212608074521 4.638162130101706 -4.008249102437857 -2.4151530345585295 52.32722403928073
57.28957025475152 -0.9152348755362014 -2.358667108582205 -3.1361170973704664 57.29688049828201
-11.758125701372329 60.75452535736719 -0.6996010365330032 -3.1861589651177704 61.88187026433645
13.049761249293741 38.29855884163521 0.8002853587125582 -7.291618151539986 40.460794308239656
67.38868160802258 -10.755292697902998 36.082996841439716 -107.33344121892351 68.2415615720144
67.95149078025982 -11.436398552115524 56.53808311649411 64.49069068242608 68.90715714908502
12.527639228681332 36.94034092237565 1.9039916723378256 -7.361333209230631 39.00680107913095
-15.865117301329398 62.12631369939538 -0.09473818996369315 -4.857164120635829 64.12004985375113
58.07950481629818 -4.263107015223607 -1.9248961605927737 -3.3845175999541026 58.23575328484136
10.188120939201768 38.58145990455087 -79.80431997187566 173.66510811527021 39.903970421848214
10.495894843654884 38.28196518399289 182.14678564000977 -37.63562021613704 39.69474355194315
13.31800956477553 35.46777068599991 1.461059089516229 -7.75803067040874 37.885777469307094
58.91477198113884 -6.48343103672693 -1.399895118475541 -3.366462592266047 59.270441490323186
-12.995019993210772 57.19451082058513 0.3569273627078755 -5.7505412628145525 58.65221742016511
73.30004288548648 -20.448097023270865 -3.8751735750101752 -3.136791399135152 76.09875781706693
48.62388986390351 1.4829705704396579 -3.54847933359352 -2.8458421929949096 48.64649902282987
24.248292343737397 20.56767071250409 -23.35846312213902 -262.0240685070272 31.796363914442182
-2.361275845637262 44.08286706667362 0.8470274518667198 -4.957274328523164 44.146062025404625
-8.924196902358535 49.760600769993545 -0.07881078634092231 -6.591579003777388 50.55451194300633
-30.270294373217883 67.7863136181652 1.0452403282431095 -5.262283180449481 74.23796200319683
56.59712677785224 -11.318628286243479 -2.1351323924148593 -1.1017311319180931 57.71781443005691
-1.087761332974926 38.895039503332754 0.5769930962285805 -8.35860883655558 38.910247013728075
20.617797636425344 19.295591395210376 -2.4360568129136744 -5.82754333895255 28.238509617668917
-0.6266599723653418 38.17637465068779 0.9280578315476454 -7.683419445213676 38.18151757313591
43.68434584808774 -1.964268410425933 -2.3802513602503392 -3.5724379940091104 43.728485252829074
-24.494631975958416 58.9867874858303 -1.5376918918057119 -4.888050727597455 63.87040063420919
25.73683204203059 13.81791368498564 -3.1735100734439867 -3.830121581541535 29.211628869005434
15.708097919011635 21.980113841841902 0.044135718920455216 -8.164888389344567 27.016101565606455
41.35146407475347 -1.260333926171617 -4.100408936310143 -2.314796846388796 41.37066621065945
-34.79035462904507 64.74497939535796 -2.6904869181902327 -3.475030763978933 73.50021151245264
23.858133520285907 11.100783584559117 -4.5531678262812365 -3.409244704008506 26.314215373332406
53.39501066252763 -16.237723702741384 0.17058315231969443 -4.154960683018027 55.80941523438574
37.2734385110341 -1.9769948578524836 -5.801501626409432 -6.04600318751459 37.32583190055165
-35.35602666820895 62.87242830485179 -1.076776573676199 -6.480779319277774 72.13176016145808
4.326315309250514 26.676900039715203 -66.68551337403558 154.8599957216562 27.025432462408425
4.662254353999301 26.373967197850362 170.46637201561336 -52.661220769995175 26.7828818706351
-8.428503178205354 37.92302617940019 0.4858178475857062 -7.231389061292372 38.84836649885873
-31.025242602579358 57.68296221791922 -2.0481472243204513 -4.172390555227883 65.49725019944988
1.6702410347503704 28.215906789565214 -0.134168498327307 -8.46208461071798 28.265298531142207
-7.4541507900957535 36.31149006427572 -0.7812926420822079 -5.383583027313398 37.06870208296846
34.008471543219 -1.0762830394058178 -3.4443559934090886 -5.635707126123703 34.025498113660916
34.87825035897771 -2.172023216790975 -3.977364705325624 -3.906760211879417 34.9458156711051
52.549365694419166 -18.081139498005733 -1.8536773633653922 -2.7391122495768356 55.57304592481859
-0.15922345875200827 28.883486418484686 -1.4075288771776027 -6.830868068315063 28.883925283724203
8.38745614208952 21.078665586393964 -0.27078729598121354 -7.452049370249674 22.686109476841704
-26.54096686857934 52.218518652909516 -0.9512998137601956 -2.7086787075406966 58.57641673556952
57.986536966608384 -23.793819440823643 -2.3793307805033366 -6.315927130833074 62.67841971564892
24.928106951400682 4.721258657076041 -6.085319202009614 -4.827770352813936 25.371259317948905
46.23426030684497 -14.462235731114541 -3.1049786362780547 -4.63321260168303 48.443400840221514
62.28754353283369 -29.722268660535132 -1.8994703891803801 -7.685719131281669 69.01558741932796
-14.398551912998034 38.56884170374323 1.3803537981459608 -5.084110065665687 41.16884556486049
-20.349274919726682 42.48497471902419 -0.8472092663667525 -5.748577485304245 47.10696403696629
38.485873785961275 -10.710582339074941 -1.5766301251045596 -4.988419041313857 39.94845496112843
-3.3664496051300166 26.758198205894846 -2.9719434128392965 -11.24185417322122 26.96913335843892
54.07240091734114 -26.309959549266217 1.9575571048667704 -5.153351127836598 60.133505607007024
-25.97791415634361 45.128777143705264 -1.7659247706818908 -3.171217062724161 52.07166734065974
30.740319463798215 -7.704104991969582 -1.3791799673685572 -8.651465806821522 31.691015667404436
16.82822405088228 3.5495050456349673 -4.41614324073885 -5.931983981449779 17.1984915253527
51.68441971491775 -27.68830021311594 -0.4919995863868171 -5.165273826359958 58.63378884161211
-10.511404057320274 26.800163738588296 -0.7885997552740396 -8.214853942862844 28.787816712093377
-2.8889489786497404 19.902600393126267 -0.5191655741209579 -8.991779006545366 20.111179194251886
-42.88255277812784 55.54062751669826 -2.4307167175812596 -8.133025944951124 70.168900470731
15.255863472345869 2.732382952873171 -3.1606899241672686 -5.185939547830525 15.498622095996772
16.97854305999969 0.02534695213015504 -4.168818728709506 -5.963254552605882 16.97856197999655
51.59374047877042 -31.383742757358004 1.7793104353031923 -5.290131816996012 60.38918235511187
15.958371700234807 0.2718028180144526 -5.118668148468305 -6.101254002330352 15.96068620377232
-13.237186948688734 26.164145630061807 -2.2379361433619445 -7.483960774829662 29.322101458214966
44.1625356101123 -27.10145126774914 -1.121915575670928 -4.569591678867572 51.81523136208313
2.653185574465047 8.654960698828061 -1.595539474307821 -10.506258296830454 9.052499013370099
8.824247098047643 2.45846791798748 -3.7721051001358425 -4.401665131917779 9.160316662028842
