m1-67/data/wr124-jwst-miri-2022-f770w_BGSUB-sources-fwhm5.0-thresh30.ecsv
# %ECSV 1.0
# ---
# datatype:
# - {name: id, datatype: int64, format: '%.8g'}
# - {name: xcentroid, datatype: float64, format: '%.8g'}
# - {name: ycentroid, datatype: float64, format: '%.8g'}
# - {name: sharpness, datatype: float64, format: '%.8g'}
# - {name: roundness1, datatype: float64, format: '%.8g'}
# - {name: roundness2, datatype: float64, format: '%.8g'}
# - {name: npix, datatype: int64, format: '%.8g'}
# - {name: sky, datatype: float64, format: '%.8g'}
# - {name: peak, datatype: float64, format: '%.8g'}
# - {name: flux, datatype: float64, format: '%.8g'}
# - {name: mag, datatype: float64, format: '%.8g'}
# meta:
#   version: {Python: 3.9.9, astropy: '5.3', bottleneck: 1.3.4, gwcs: 0.18.3, matplotlib: 3.5.3, numpy: 1.22.3, photutils: 1.3.0, scipy: 1.8.0,
#     skimage: 0.19.2, sklearn: 0.24.2}
# schema: astropy-2.0
id xcentroid ycentroid sharpness roundness1 roundness2 npix sky peak flux mag
[from data line 99]
100 1046.8961629844139 710.2694397280058 0.5921796599439573 0.3322108620808923 -0.15385435497988562 49 0.0 78.17275639664432 3.059588423160892 -1.21415752243596
101 1406.271685137817 710.5652407809216 0.4773710818093128 -0.09135043244757357 0.010355163912551583 49 0.0 664.3275288764369 39.265526576770284 -3.9850285650115507
102 1051.9234074255414 712.3496649808981 0.5395770919924594 -0.14484278718284216 0.7518107866677033 49 0.0 90.12144816782762 2.804840121783413 -1.1197702778787508
103 1079.3365860128663 723.3374872949901 0.6481058304253617 0.5667226269772471 0.3529800080068764 49 0.0 27.286324654786377 1.2642014403770017 -0.25454070202141643
104 1127.4324322042453 723.0464711224502 0.49230453595083623 0.698348612250423 0.7481839691548752 49 0.0 47.49136106331781 1.9169336914221389 -0.7065177261863825
105 1046.3288481495404 735.4057303310217 0.6978198132140491 -0.04410413548848119 0.13758339511596693 49 0.0 32.796022410612665 1.503051042592798 -0.44243432295761154
106 1214.7482824697538 739.0327192001098 0.5128130841303026 0.6266914105879808 -0.39897655149855304 49 0.0 39.3520189933008 1.3919722163404589 -0.3590764171905858
107 1169.638980170242 753.0176141664132 0.6714022816921558 0.18216205470120253 -0.16419089246884133 49 0.0 38.78715507861939 1.5658392381749382 -0.48686792949407764
108 1255.0692861695275 758.5422447054835 0.6480698508070931 0.08339695944128914 0.07957658068440178 49 0.0 71.86829882781754 3.5902943163416894 -1.387825128913716
109 1063.970616624976 760.9816627986465 0.4339753807291651 0.6644091191922508 0.12183122430435833 49 0.0 151.32273763501288 5.013033247080599 -1.7502514622985244
110 1056.4416550400201 763.4609706986936 0.5520952348717598 0.45176823413786693 0.4726039764897979 49 0.0 95.09028577579025 3.629458224854417 -1.3996045050721386
111 1173.5259029586423 763.5390998733913 0.7113045903738405 -0.05755488823949192 -0.10415130955947571 49 0.0 61.903928929348744 2.6157176302285694 -1.0439771489657572
112 483.7624700791242 764.8791305691166 0.7109757100110284 0.01617865691850081 0.004157814768750304 49 0.0 98.66897448477825 4.632437912482612 -1.6645240181981182
113 1074.3106216573497 770.8287470643279 0.5304342577049643 0.35299577733571214 0.8133977097988481 49 0.0 65.11927508272444 2.1905466024071063 -0.8513812423394239
114 1026.031275794805 773.1914083472351 0.5379865228209936 -0.10771333922048869 0.3288575743945473 49 0.0 54.83400153086551 1.9835165764257123 -0.7435895856580612
115 1071.1117739649442 776.2129859751257 0.4877474864335508 -0.5043951449733894 0.1240981354875859 49 0.0 80.66948763552121 2.3997383186451824 -0.9504097157742862
116 1056.942165442871 779.4536905306637 0.48989038494175496 0.3604604270357115 0.20275824508256932 49 0.0 102.34901790772332 3.4964887277077787 -1.3590803311530706
117 1426.3992114309337 786.4466790492477 0.6332389255106075 0.23408992234160986 0.00717073248696343 49 0.0 729.7812717963308 35.6962173887011 -3.8815554944646182
118 472.69435161438724 789.7983255130341 0.7373634958856528 0.04096941723073296 -0.03322742558183691 49 0.0 33.93193495531109 1.5453705974300316 -0.4725816125068221
119 1283.2684352507588 796.4763333319041 0.6905002553733085 0.133137589670034 0.025945755503119894 49 0.0 99.47263607154882 4.674715076712622 -1.6743878645548254
120 1509.83217059141 816.9523047369222 0.7694168123438732 0.014686681636233465 -0.02310735195571401 49 0.0 52.65433213301805 2.3331923785372846 -0.9198763728016314
121 379.4439617067997 832.5016505259359 0.6921954719920066 0.22738825318233552 0.0429468845141211 49 0.0 42.74603242334313 2.014914326024293 -0.7606414617686075
122 1549.8790486793478 843.5553903229406 0.7305910979554181 0.13737946001495838 0.09123143263845582 49 0.0 23.860890195596816 1.0633061842770144 -0.06664584944284654
123 1443.812157898363 853.1425060740085 0.7892239558775941 -0.02252471683951327 -0.0014750366686273975 49 0.0 24.6630189018235 1.0603478931180637 -0.06362094446678437
124 1691.499485080458 853.6228886926823 0.6997738563102354 -0.1438866476839826 0.0075123170053041635 49 0.0 27.314676890353 1.2702333854340158 -0.2597088076932553
125 837.0660851855821 856.4025407206482 0.6549316546147679 0.14877895431105345 0.0550810975209466 49 0.0 35.94697010938047 1.701198032222614 -0.5768871792335871
126 437.32999105039926 865.2475828494462 0.6088467916265977 -0.0022266022357385487 -0.02130934808281817 49 0.0 287.54249288490786 14.94349156935234 -2.9361302072423117
127 763.039364258754 864.8236179817246 0.6440135310883315 0.017206263854363944 0.046659143048629254 49 0.0 152.10994638989126 7.559029007343011 -2.196165029812474
128 116.28870044981095 893.1608487257932 0.7311504499801922 0.05434689471690651 0.03156865960473098 49 0.0 44.52785608357694 2.0387885018300804 -0.773430439074797
129 1267.9975261795857 896.6707103503576 0.72462366307583 0.015226288913738261 0.023113655731892946 49 0.0 53.6744623949345 2.495684012216402 -0.9929739921512577
130 1486.6371030039047 899.5981961424105 0.6849163805833032 0.15401288844074545 -0.01697026882813075 49 0.0 35.1647898914853 1.671666069528226 -0.5578738187544845
131 646.6760268243524 909.9407592355634 0.7779631860060523 -0.010843317845446553 -0.030383556425334045 49 0.0 74.76720793625053 3.217552330920603 -1.268814047717464
132 306.5064809444118 914.7391537964681 0.7534761105325352 0.07664488305887479 -0.06246390067067636 49 0.0 74.56548927746007 3.244147192159 -1.277751376557589
133 614.7245425930658 941.803470297702 0.7528286039246025 0.053458477043955566 -0.016939973004981932 49 0.0 23.325349227204196 1.0339833213757246 -0.03628383361408343
134 911.7260559760468 952.3617559672856 0.6822061717379202 -0.1181074560151043 0.001706800159440993 49 0.0 42.07777926950863 2.0222182725524993 -0.7645700757746811
135 861.9156320282593 966.8473756759989 0.6553030427714283 -0.005749514695875602 0.016737383746145872 49 0.0 143.46451383800792 7.109785473868133 -2.1296412420069517
136 52.56139166233416 1003.5150351508258 0.6075308980751185 0.18822281371119284 0.00115297994321392 49 0.0 46.14548788204079 2.316940782301829 -0.9122873349624221
137 307.7402912146414 1007.9415765983694 0.6102592282725546 -0.05457030260804691 -0.07461042232977867 49 0.0 218.47034892691562 11.414423666794661 -2.643634970325666
138 1654.6359703406467 1028.7067827429769 0.6413653420062949 0.14434121085570203 0.0350589076757572 49 0.0 50.254412403427885 2.5034118982777414 -0.9963307800652133
139 542.9874271762379 1075.1502679790815 0.6973066309912606 0.04814160325655357 0.0582645590764078 49 0.0 25.639359838359077 1.1986060840287827 -0.1966911945254396
140 863.5082094217669 1085.9025050971495 0.7155697747803752 0.008110691983412549 -0.07305722596501214 49 0.0 24.882086153555576 1.1415807599943861 -0.14376660160958396
141 337.41932173996815 1094.751687632112 0.6170514583438561 -0.045972046880427817 0.04363638869500658 49 0.0 368.7286132898607 18.92773748648573 -3.192746759967711
142 1415.0557111302714 1124.0305267454426 0.761146969356727 0.015193901443926478 0.010258484848706772 49 0.0 22.656216248229384 1.0204313117955413 -0.02195944102280432
143 1006.2573426427812 1135.4541671146567 0.6549997792084318 0.13409487341953677 0.041789882609845355 49 0.0 64.15266403441593 3.1238059265667424 -1.236710111317181
144 1464.9774290054527 1135.4346918112524 0.7410202625479931 0.04416074151369133 0.09468174159858347 49 0.0 25.070124866701782 1.1244317865166327 -0.12733278540513943
145 993.1341847565262 1136.0194725245215 0.7253280662452509 -0.017914595276813824 -0.053089703363635325 49 0.0 30.65260256031348 1.3859481211891092 -0.35436743517183533
146 413.93385973225816 1142.771336091987 0.7720084155732135 0.016797025145331046 0.03049225081387876 49 0.0 28.80933776203028 1.27711905108909 -0.26557845854838413
