m1-67/data/wr124-jwst-2022-f444w-TO-f770w-OFFSETS.ecsv
# %ECSV 1.0
# ---
# datatype:
# - {name: 'RA, arcsec', datatype: float64}
# - {name: 'Dec, arcsec', datatype: float64}
# - {name: 'd RA, mas', datatype: float64}
# - {name: 'd Dec, mas', datatype: float64}
# - {name: 'Radius, arcsec', datatype: float64}
# schema: astropy-2.0
"RA, arcsec" "Dec, arcsec" "d RA, mas" "d Dec, mas" "Radius, arcsec"
62.54992195958055 25.053096389269264 1017.4528062192213 35.324685556736796 67.38063784654598
14.872690213692648 65.29263318843756 1003.8424227343579 25.38063137989918 66.96510177311195
66.80429748993609 16.25064133505282 1016.4741106735272 34.00381418309363 68.75243630370638
25.76427068842551 48.77231606370232 1015.5715490995509 16.010255113001293 55.159191853712905
51.46288868006665 21.569880662772864 1017.8328302407785 24.348118925408137 55.800435961116285
57.8509447525279 13.043965042760064 1018.6800313318596 26.58235551753683 59.30326153208035
42.90609334497002 24.79124561068319 1021.4504543306607 18.637753400102305 49.55339237827062
19.903480926972502 43.58692818567477 1024.676741710494 25.944037543461775 47.916269218040746
17.35788206481656 42.26477053825763 1020.1766741262126 22.722039446993428 45.69033698949206
74.90457813930827 -15.301283200760285 1041.5487840314274 38.716702458079965 76.45145573186937
-7.017440343954166 44.16491951328567 1027.2523313910856 9.652690824311087 44.71895105928332
12.914107733617987 25.364777302471133 1031.4932995384695 9.886039046531447 28.463065634581273
13.734632243422887 19.539540572095362 1037.7461959366526 1.0248296325524533 23.88375531751268
28.429201655743572 -9.25781999009024 1037.141522816524 8.075725053998767 29.89860761329226
-0.6785234485080256 15.098663114739287 1020.903906741785 82.02517626943371 15.113901611486336
-8.906459234081266 21.01410501234632 1024.8047078256704 -8.727905848413984 22.823619898709556
-35.04153943295111 35.5110884690709 1028.7798746583496 -11.028999132468847 49.88934633728363
-18.537434382194736 20.686416942607618 1029.074681253932 1.5917785968913996 27.777046607617777
-47.79573498336457 44.224271600687935 1022.2583204231529 -24.504291031538333 65.11695974330175
38.220185948921475 -39.087770096641236 1055.5666612825469 14.122074352018249 54.66842203329704
-57.877976227284975 33.52725493016115 1020.6904284089256 -20.93858253272977 66.88749453970124
-42.661009412437224 20.16451953818897 1043.2967518980022 -17.335440650808806 47.18654009863679
-58.803101949684034 34.04609330638876 1033.7919595837268 -21.79239305433235 67.94807750731904
-8.839469159218131 -12.740787989008133 1074.4952349162747 -2.996848449844801 15.50689825523838
-0.15353997068596592 -24.302419423014882 1072.381084047666 9.277303685076395 24.302904442363314
-61.05341913201217 24.10018334559685 1044.2403417647988 -27.303797171167513 65.63793726217182
24.32897200187905 -53.07029827725776 1063.116302044674 7.333415471953091 58.38112216161452
25.77709362760795 -58.20276558884762 1068.3523750030467 8.834349404510762 63.65548256389825
16.156391916290584 -51.350185813726796 1062.8671947337807 3.3859547577591367 53.83187324870808
-35.169349730805 -7.823148598225545 1045.4742764496423 -10.349354432851369 36.0289441127747
-1.7861399583174769 -42.31756560937541 1054.7009523364015 -7.464648088037247 42.35524353619081
16.406753625458094 -58.352139319741525 1067.1387179420212 1.6481761975919982 60.614797867667875
-55.06950897387055 1.4240989758905602 1044.8036416838474 -27.11063148775403 55.087919514732484
-60.06793837031613 1.0531138778905456 1052.3966448779133 -34.11563369591297 60.07716928139155
-35.81930424123485 -21.283650096929396 1059.0284588272111 -20.8328543266364 41.665529076403274
21.231954191155527 -81.35302210971605 1075.3912404968435 3.170598877394053 84.07799986791422
-75.74522286640244 -5.00442276028638 1063.6608853637786 -31.570136805476004 75.91036182976498
-49.530067533700745 -29.051671039980473 1070.8653008317237 -21.488532671440407 57.421486952849435
-5.828516191324388 -72.08000534274262 1076.0170834589062 -9.085754569468648 72.31527342006505
-2.451860946969523 -76.64879303156746 1081.3840466784595 -3.671219418311627 76.68799837668514
-41.069736852187155 -43.52936132475951 1058.621420072369 -19.643094817410592 59.84587335321548
-42.21352341456101 -42.63353133129472 1056.2115670924704 -16.012839125391142 59.99666263605696
