m1-67/data/wr124-jwst-nircam-2022-f090w_BGSUB-sources-fwhm5.0-thresh30.ecsv
# %ECSV 1.0
# ---
# datatype:
# - {name: id, datatype: int64, format: '%.8g'}
# - {name: xcentroid, datatype: float64, format: '%.8g'}
# - {name: ycentroid, datatype: float64, format: '%.8g'}
# - {name: sharpness, datatype: float64, format: '%.8g'}
# - {name: roundness1, datatype: float64, format: '%.8g'}
# - {name: roundness2, datatype: float64, format: '%.8g'}
# - {name: npix, datatype: int64, format: '%.8g'}
# - {name: sky, datatype: float64, format: '%.8g'}
# - {name: peak, datatype: float64, format: '%.8g'}
# - {name: flux, datatype: float64, format: '%.8g'}
# - {name: mag, datatype: float64, format: '%.8g'}
# meta:
#   version: {Python: 3.9.9, astropy: '5.3', bottleneck: 1.3.4, gwcs: 0.18.3, matplotlib: 3.5.3, numpy: 1.22.3, photutils: 1.3.0, scipy: 1.8.0,
#     skimage: 0.19.2, sklearn: 0.24.2}
# schema: astropy-2.0
id xcentroid ycentroid sharpness roundness1 roundness2 npix sky peak flux mag
[from data line 487]
488 369.1781550470709 3313.529228040337 0.7968449067567951 -0.20306320684381496 -0.041281574554161836 49 0.0 33.205155141243154 1.4410486788714163 -0.39669662900958225
489 1503.5732756615419 3314.4422184838627 0.9174763373717418 -0.24625062246755736 -0.04106577542096001 49 0.0 89.67312603262427 3.439081951984958 -1.3411063125346654
490 1709.747635430552 3318.6413368512476 0.9927200998853831 0.055011720345371114 -0.02968081159432989 49 0.0 31.200972876751834 1.1253803980156436 -0.12824836575166043
491 1532.1199384776464 3335.423960672654 0.9748796813078398 -0.024430120704530617 -0.01171453213925758 49 0.0 70.67632900931177 2.617731517085228 -1.0448127546701178
492 1221.8777809445658 3340.5549822898497 0.7993783584168528 -0.09687147518443005 -0.01626983251746638 49 0.0 168.29683805204303 7.124943520468211 -2.131953565088662
493 4117.871433417427 3348.651501352899 0.8442768943066598 -0.05867068739777093 -0.013235686786102383 49 0.0 35.02843255597506 1.4301103678730036 -0.38842388790847643
494 455.7185871699428 3355.5336664754195 0.9094370418360992 0.0060882028770000984 -0.0605732251348639 49 0.0 42.67447651220743 1.645029192246793 -0.5404340230693983
495 1306.75435997593 3382.7935600552855 0.9572779458361792 -0.08300219224429006 -0.08777442872963194 49 0.0 244.89381091696382 8.990015573334453 -2.384401110147132
496 2501.203238609773 3398.40775498532 0.9337578943458208 -0.008146788206058941 -0.0707524436050427 49 0.0 188.28582890775135 7.20860301112356 -2.144627772289357
497 1550.502737130186 3399.2595523955024 0.8555745960462938 -0.019734479456202787 -0.16210568846251533 49 0.0 175.50938521554852 7.236486262021587 -2.148819354914345
498 3459.337946810343 3400.5321239141854 0.8999995528324535 -0.26727139212559753 -0.060014550157758056 49 0.0 163.64749051968778 6.480523397486926 -2.0290252073697355
499 1765.2911996595797 3420.063386561618 0.9731692313355996 -0.09826049332200106 -0.10921145148958715 49 0.0 82.16202602846255 3.046290182561577 -1.2094281771476603
500 3307.4721574477016 3442.753006643088 0.7897165690992299 -0.2667573859752421 -0.14744466232781844 49 0.0 239.41459246742215 10.512810566749954 -2.5542970970288312
501 521.1268815585756 3446.992112290715 0.9886197690006617 -0.24749271722744515 -0.18264378772057271 49 0.0 277.96849369372165 10.102744020257232 -2.5110983728229197
502 3914.4413715614755 3453.4445758260113 0.9690750835618649 0.0632054066786918 -0.06948042413205034 49 0.0 180.5873250906504 6.681291871854989 -2.0621511107445603
503 2613.389338629559 3461.618664919715 0.8496690106220569 -0.23743220281375943 -0.13118509633213443 49 0.0 31.20864086459164 1.2873979129921893 -0.2742820018908922
504 349.45597335884224 3482.569905849574 0.6830133725255307 -0.34587122742458 -0.14059915849128077 49 0.0 22.890242932188603 1.1197110357573166 -0.12276489647898775
505 2484.4187238016343 3491.2681570061995 0.8735831444654755 -0.0011825422516726768 -0.16168741439835954 49 0.0 317.91942839337923 12.926035739944997 -2.778663380985712
506 3593.185765491502 3507.6228987387085 0.9298783078924693 -0.20011037653167846 -0.016022691055024085 49 0.0 88.9469262434446 3.3815392841255827 -1.322786092725795
507 4262.323081884097 3510.441154847009 0.9920505588272104 0.052416189705078935 -0.018079879131900928 49 0.0 174.91532281793954 6.403395733400734 -2.016025855732316
508 2734.577273684675 3521.3313475553514 0.9048377928602179 -0.21894689161655176 -0.09430732046133034 49 0.0 154.02089109782028 6.012794392958284 -1.9476908835825069
509 2603.7818446865526 3526.5383482610264 0.9899429795990478 0.0713797863228468 -0.026124055671804727 49 0.0 72.63743642582367 2.6613144811432377 -1.0627404928002493
510 4313.413754068421 3532.4693734681973 0.8620995826132606 0.05516802576378179 -0.06160395012820093 49 0.0 325.33239142774687 13.167447236664785 -2.7987539669242345
511 1697.6934825636397 3551.4862208066693 0.9976596947945819 -0.14354530839892937 -0.009380346883967773 49 0.0 32.93816790374183 1.1697328177925332 -0.17021668639660975
512 2296.569325512664 3551.8132109861685 0.8684311879079664 -0.1836487165354858 -0.08794865501054074 49 0.0 86.57876197767601 3.423108620614089 -1.3360517005067363
513 796.1851806568568 3569.8891734710237 0.9300869115691086 -0.19504831567984637 -0.13736002125596525 49 0.0 69.29171855954804 2.6537453978608743 -1.0596481350473752
514 1344.150231846966 3584.786967416785 0.9936346012968537 -0.18987240614397724 -0.1108365371709901 49 0.0 31.323981165440898 1.1355561092775721 -0.13802149532729224
515 3593.3507308765456 3584.689804054516 0.9741906259808897 -0.24308254344851005 -0.09419718226424778 49 0.0 636.959542947142 23.761972136110124 -3.439706205702067
516 2028.3120642804122 3601.439344488565 0.9174915163674527 0.06547252027725063 -0.058052701427330655 49 0.0 57.14827663180088 2.2235479894924715 -0.8676162675036053
517 1353.4755708728676 3610.308055640864 0.8158445096118807 -0.006194036752637743 -0.10735479134120958 49 0.0 203.97950202142002 8.72317641809835 -2.3516866394126197
518 112.06945658981056 3611.8852741562478 0.6584037305049628 -0.23271903978984418 -0.26258746880617906 49 0.0 205.27112045451565 10.026695063475179 -2.5028945179399593
519 291.36395954988825 3612.1607981803963 0.8753107229723188 -0.10206270344748761 -0.14630931061097083 49 0.0 204.94168653781074 8.346906215174734 -2.3038138346214065
520 901.7287770351361 3615.74349182899 0.9338207137927016 -0.08026430551723852 -0.1033286277339565 49 0.0 189.854350601201 7.187371794307428 -2.141425277454158
521 419.90278277053164 3633.408977008353 0.936347154306803 0.2499716109337312 -0.03986833680940689 49 0.0 135.75300732375396 4.926635936708569 -1.7313761760747624
522 1140.325510925035 3646.019351501306 0.7639245973795609 -0.18567579696086867 -0.1698570906137816 49 0.0 87.07241002566334 3.905085783949569 -1.4790764464210895
523 740.3532309505358 3657.9725672473746 0.7659400065229595 -0.22626865351612088 -0.20090649455613058 49 0.0 98.12948359202863 4.380935966286978 -1.6039172634570464
524 1976.4185134365723 3665.5883371233544 0.9009225729563815 -0.5527024427543564 -0.14681119771366596 49 0.0 50.966908367016906 1.9598494441128327 -0.7305567751993338
525 2377.3637360650796 3674.71399298281 0.7800511092868764 -0.3141500829604702 -0.1690973582135522 49 0.0 29.257517628262846 1.2922346316951943 -0.2783534397184707
526 4233.510954077858 3675.068578035697 0.9978866132936474 -0.1951175114254608 -0.1803979547093658 49 0.0 64.00191380997428 2.3100584923172938 -0.9090574416881769
527 1622.4798799112982 3683.1244205990315 0.8848278271320544 -0.09330613806541192 -0.16208946966604187 49 0.0 141.38989468895264 5.689646360637511 -1.8877131842668515
528 1152.7477709524794 3687.408753337727 0.9694696160236741 -0.22334295416684363 -0.04547474009081321 49 0.0 109.37325109526147 4.000846562286328 -1.5053797398382962
529 581.5616525810073 3696.6475864043573 0.8919028655132469 0.00890510395458957 -0.13599300527157684 49 0.0 28.89434675349343 1.1205778281509489 -0.12360506307169675
530 4485.696195870363 3712.0950632415734 0.7793445259917123 0.021180740008336328 -0.678684736046454 49 0.0 64.64451861371566 2.6622714413462534 -1.063130833583791
531 4487.856509269987 3712.7119247358733 0.6189977825104467 0.518828584252327 -0.04116822692139673 49 0.0 67.68548318073822 3.2883529544708074 -1.292446065625229
532 732.3167293080768 3714.6070283879803 0.7386672080516419 -0.23817964881399561 -0.06014681042197028 49 0.0 27.602997977210062 1.271391094502254 -0.26069791269032894
533 4205.605511615711 3716.938545508743 0.958799442916739 -0.14823510242984206 -0.17982499950113642 49 0.0 33.39543338937429 1.2440527200142104 -0.23709696279638715
534 4652.507497297852 3720.241233839513 0.836748961738341 -0.249943639790139 -0.13074414968954812 49 0.0 49.97340511658525 2.0881212868481027 -0.799389301772711
535 1741.8997092375907 3727.5195115972706 0.911861181609093 0.03611284649241006 0.006980734826658164 49 0.0 26.600923679207877 1.032586159351849 -0.03481574881122078
536 1713.5354769570383 3740.9503128804076 0.8282874286894805 -0.18771780598783333 -0.19371062530888383 49 0.0 72.50505162128923 3.07528577953149 -1.219713700040084
537 1655.3117924314272 3742.210660065707 0.960372837488614 -0.06925274027417411 -0.10190329199739628 49 0.0 52.838994550285065 1.9802644248263506 -0.7418079637541337
538 242.33507631363054 3742.831934127424 0.9202686639797545 -0.1741686055529895 -0.0906774379889707 49 0.0 66.4956769098854 2.605856849416906 -1.0398763860623828
539 1239.2306307991578 3756.336302121268 0.9750943678835123 -0.059001407684414454 -0.055067720529797116 49 0.0 311.43303688141907 11.566708353709108 -2.6580244632370786
540 1063.2384427004467 3762.9553999067793 0.8470775953247754 -0.2195874420351675 -0.16915610759458768 49 0.0 26.806951571590204 1.1032992517101512 -0.10673330906878137
541 2252.5182889274943 3773.0546583724463 0.7710078037866013 -0.08822962849242708 -0.14682915549862058 49 0.0 184.73535911601024 8.281170335604708 -2.295229294370951
542 182.44869726702152 3774.0154627421057 0.8045156506861949 -0.20748476501378943 -0.2832112163400029 49 0.0 64.06311729366044 2.747453514246182 -1.097325882695909
543 1590.090255297641 3773.9036503064813 0.9767803913887168 -0.1684655631614357 -0.12948838749302902 49 0.0 120.10828579561097 4.393251895302936 -1.6069652626612463
544 4597.4976787077585 3784.2354401240964 0.5900452497726744 0.5124243872401677 -0.3665770088757834 49 0.0 27.921539213675135 1.026508554951047 -0.028406432860171776
545 423.4504835110579 3794.7247675458934 0.6849396422177002 -0.23758158332119464 -0.1748899708068628 49 0.0 191.5717618113683 9.460232116562565 -2.4397544809900977
546 3119.287419892426 3798.1429475366713 0.986446047455875 -0.1431618550035717 -0.14712329876281102 49 0.0 33.398065234771266 1.2257334452065431 -0.22099009090812585
547 1982.4558041237624 3798.6986929047266 0.739687626248952 -0.2681024749276494 -0.15108632198667443 49 0.0 29.586006434825144 1.353272421353833 -0.3284630783040703
548 1173.543913376087 3799.8129711288248 0.7233976185111559 -0.30370138926841217 -0.20762819014802622 49 0.0 186.794220408322 8.761706222710137 -2.3564717183177777
549 341.21086081612077 3802.950485095326 0.864411209140849 -0.13789851643885967 -0.12889109500851129 49 0.0 339.89302492712227 13.971870924876093 -2.863136412197698
550 1283.6285295505022 3808.500345823381 0.9940938902897587 -0.3366602010324224 0.0701943350602413 49 0.0 176.69882798076594 6.216927671833967 -1.9839395369638524
551 3793.4625573072217 3824.00330125608 0.9824139014804537 -0.19757713767913465 -0.1993093831894001 49 0.0 38.334163041827175 1.415520910736 -0.37729072337357383
552 207.7542729310319 3826.4943898805836 0.9552163606105807 0.057546628130956616 -0.07330158200578199 49 0.0 38.820189335250596 1.4614334499385713 -0.41194760862038293
553 4583.495316278119 3834.802668425016 0.8868923430574098 -0.29215688514522026 -0.18473354493270433 49 0.0 138.1718208742919 5.510658497060253 -1.8530087451114157
554 1046.6566716878137 3848.697961077987 0.9628279521925823 0.040229778957211526 -0.14204048560868965 49 0.0 66.56670778735375 2.4412905020485587 -0.969048653714977
555 461.4477000871357 3859.250751839851 0.7606542306456753 -0.011450851143654859 -0.13482415454696023 49 0.0 24.272610743597575 1.092839794153675 -0.09639125205038972
556 1662.3177371463867 3864.8318867097646 0.9460526102003324 -0.15462651557039778 -0.12381162149175191 49 0.0 66.65063570634763 2.473430755935524 -0.9832493918282825
557 3827.500222619081 3865.7203665081947 0.784233513759806 -0.33069394915864486 -0.16636268013622948 49 0.0 47.92123090202449 2.112402460792994 -0.8119416618444424
558 1365.4060324084662 3871.1084485020474 0.7828124526238868 -0.15320061810581287 -0.19814617384126545 49 0.0 47.347923854842605 2.0769767781321256 -0.793579102212259
559 3976.3943371835817 3875.700632168381 0.8260373767282465 -0.2824148870995047 -0.12081094229660493 49 0.0 52.7636540593338 2.228655865609262 -0.8701075318944955
560 421.4090107132461 3881.0382586828523 0.7738100144118808 -0.12856339328274138 -0.1634431655783292 49 0.0 79.7671492832813 3.55223922997116 -1.3762555154844482
561 4304.47206660025 3885.443296125652 0.8428230378769801 0.05139828535586895 -0.06544335078328113 49 0.0 165.75690443394225 6.879755805240629 -2.093932558409043
562 4618.560406816997 3895.1513495517324 0.956192960370363 -0.20731016367929198 -0.11921969095468611 49 0.0 56.82470101366445 2.14877602962614 -0.8304778765990618
563 750.2659244649677 3900.5549109867025 0.7102055506808627 -0.22120747860604711 -0.06625715282902137 49 0.0 66.95947898697409 3.1549783460283236 -1.2474909571019812
564 3836.314170637412 3940.0805606469207 0.8841996531087245 -0.2696143193008626 -0.15014471214075614 49 0.0 110.13995501640112 4.4236658276799945 -1.6144557802148662
565 2864.5133155848393 3945.9494501784648 0.987099437351431 -0.12701758232309282 -0.1523003893586099 49 0.0 131.04600406210776 4.803325907506789 -1.7038551367150063
566 3184.3862206849158 3951.9960111920896 0.9856783745881792 -0.20508584963216184 -0.1698234517310073 49 0.0 35.30186305467302 1.2886382897836 -0.2753275788844169
567 504.8824088538374 3953.1347682663823 0.7035712044623426 -0.052958948074577815 0.11853211065016696 49 0.0 64.31079143867548 2.9965013501379114 -1.1915361942830887
568 1738.4926765392863 3969.5706606298154 0.6918698676001771 -0.3314414708961607 -0.12473959847685813 49 0.0 299.906840225226 14.354039190260577 -2.8924353190870367
569 576.3514088167941 3970.951014837248 0.8492187414191011 -0.1550861430894226 -0.18378727290940972 49 0.0 35.57206037237513 1.4680605268282092 -0.4168599038098144
570 115.74311066766252 3973.050912512557 0.9901977604136072 -0.1285777610974762 -0.18677486459937986 49 0.0 67.23484530670342 2.389338791521584 -0.9456943350867806
571 1117.1268486189695 3972.558246062968 0.7881966261459843 -0.18527631618205295 -0.04638972673129934 49 0.0 26.3286208195882 1.1490802914885097 -0.15087593971920474
572 3926.7932905727175 3987.614487039757 0.6876846888949261 0.14592456898626163 -0.24747805069464252 49 0.0 91.9748297871353 4.356318507956615 -1.5977990631495884
573 2949.49393387635 3995.0264640979453 0.9972389663638807 -0.16720135174282905 -0.18060311192630837 49 0.0 324.21810809522856 11.80896272574202 -2.680529379454914
574 2968.160935801508 3997.5855375941737 0.9455044175339826 -0.14392236442511144 0.03296599298121847 49 0.0 76.60344454765111 2.907491800382647 -1.1587962465462782
575 559.4092843973086 4000.2671899969887 0.8021726568424269 -0.07498437232955252 -0.3157508992251792 49 0.0 27.614193076568764 1.1641114785323925 -0.16498642886294101
576 204.461005029873 4029.0220670358653 0.9724891544278161 -0.1464377410690472 -0.27667259852130466 49 0.0 275.74129677097375 9.927636102631192 -2.492114624309966
577 395.524279470189 4032.597901657803 0.6848073634172742 -0.3223250640284334 -0.222933226679883 49 0.0 124.23512689009827 6.099431035760136 -1.9632233131194357
578 1223.3400278774263 4039.996858531022 0.8152284023270863 -0.20560875751401556 -0.2098838379054803 49 0.0 29.22548863097776 1.2419987834403687 -0.23530292610423453
579 449.87694767072423 4044.719749710409 0.9198550284279315 -0.030137244580973496 -0.08390909784772267 49 0.0 35.27088564621098 1.3696669723513994 -0.3415374586721038
580 128.10712739460038 4046.231233413571 0.7298415565357801 -0.15259302780093226 -0.22532658143870032 49 0.0 237.7874954183817 10.659542750477366 -2.5693464392114644
581 1074.1009198825334 4045.6691274627565 0.9896718607052284 -0.12496632657823925 -0.05254978741353348 49 0.0 51.96266201193382 1.9095266476874038 -0.7023143084659884
582 360.6727241416558 4054.914582401784 0.9048750422286339 0.01564381402119136 -0.13615803510912305 49 0.0 57.2797148385513 2.2122814500393218 -0.8621009444923543
583 1781.4925680327694 4054.7169957570445 0.9516624366847628 -0.2461581447011944 -0.1681156433842115 49 0.0 1749.9712643571875 66.67248138506278 -4.559866546985434
