m1-67/data/wr124-hst-1997-f675w_BGSUB-sources-fwhm2.0-thresh10.ecsv
# %ECSV 1.0
# ---
# datatype:
# - {name: id, datatype: int64, format: '%.8g'}
# - {name: xcentroid, datatype: float64, format: '%.8g'}
# - {name: ycentroid, datatype: float64, format: '%.8g'}
# - {name: sharpness, datatype: float64, format: '%.8g'}
# - {name: roundness1, datatype: float64, format: '%.8g'}
# - {name: roundness2, datatype: float64, format: '%.8g'}
# - {name: npix, datatype: int64, format: '%.8g'}
# - {name: sky, datatype: float64, format: '%.8g'}
# - {name: peak, datatype: float64, format: '%.8g'}
# - {name: flux, datatype: float64, format: '%.8g'}
# - {name: mag, datatype: float64, format: '%.8g'}
# meta:
#   version: {Python: 3.9.9, astropy: '5.3', bottleneck: 1.3.4, gwcs: 0.18.3, matplotlib: 3.5.3, numpy: 1.22.3, photutils: 1.3.0, scipy: 1.8.0,
#     skimage: 0.19.2, sklearn: 0.24.2}
# schema: astropy-2.0
id xcentroid ycentroid sharpness roundness1 roundness2 npix sky peak flux mag
[from data line 98]
99 996.5599489005391 1154.9241129582629 0.6175634252851155 -0.2821114253235309 -0.18882489169389013 25 0.0 11.095987380293261 1.1428858021008033 -0.14500709393397887
100 1374.8646037437834 1165.7714137783428 0.8092231257873272 0.4164602702481151 -0.16992250141600584 25 0.0 357.89341911051633 28.098443642521136 -3.6217056630915305
101 585.6941972781831 1190.7041252616586 0.7338792739177442 0.210679335981254 0.024330398339939486 25 0.0 51.611609812128926 4.75604261945214 -1.6931143443188812
102 906.0449356370407 1197.9891158923137 0.6860395708466899 0.024767123516801676 0.06007418579112763 25 0.0 10.803051656777345 1.0762111527126577 -0.07974372075469685
103 1279.4500437557913 1201.5653377678386 0.8438214456312515 0.5169399883661716 0.017461954385440917 25 0.0 25.68417470938263 2.0198324895353097 -0.7632883841524156
104 1170.04838774426 1212.5023335382364 0.84051096970891 -0.01789382209563391 0.14372560594052475 25 0.0 42.42800456177136 3.4676225264493636 -1.3500795389060005
105 495.83216989384835 1222.6730365453632 0.7531560477950411 0.23294092993730586 0.09167290108422647 25 0.0 71.01722161349838 6.385506172186141 -2.0129883225476646
106 1126.2202903693844 1224.9782583237893 0.6134084286861333 -0.1158558905809471 0.04788457481623613 25 0.0 12.509004966601426 1.3282711863666994 -0.30821687944571924
107 620.9651154758017 1236.8770026969887 0.9250759790296768 0.01166764886292658 0.015590365893841685 25 0.0 17.848794952705607 1.4733189773984532 -0.4207419572743493
108 1026.4570014924502 1255.2456570139445 0.6618880167060769 -0.05615858329893567 -0.12337766085256908 25 0.0 18.845358753656622 1.7788661826614125 -0.625358197475686
109 1480.953574443564 1258.4253849705929 0.9642967812001314 0.29491757603843555 0.3445969759929123 25 0.0 16.688426038641282 1.29754743650349 -0.28280811001053086
110 1590.453569088183 1261.608839411522 0.8593335447835917 0.6765743545851535 0.06998309919649129 25 0.0 30.906969331596645 2.6016155086035546 -1.0381077820336195
111 1349.067540242828 1267.3232079582958 0.8899769569999011 0.17100964610796657 0.12895890955705785 25 0.0 109.77368841358566 9.42691748705282 -2.4359242643953807
112 1253.4247125796892 1270.6118308977989 0.9725199707227771 -0.5711073126480962 -0.0817462511116943 25 0.0 137.00804429103778 10.248946215290694 -2.5266980350864503
113 649.5040858181883 1275.1691947509437 0.6346530325769866 -0.04769148665883578 -0.2341065969294663 25 0.0 20.40669642370703 2.0234320979240517 -0.7652215874333806
114 947.2487914688787 1293.858424147852 0.9219492966341749 -0.3372786334259952 -0.051148906721821444 25 0.0 24.0437431507781 1.9144881520433426 -0.7051317075683418
115 734.699832992 1309.5376700430427 0.8755721500991389 -0.37624740387688915 -0.0040118824136139795 25 0.0 140.42607540179296 11.004365755233335 -2.603912541816775
116 538.4440730786856 1310.0891022595772 0.7854084443777078 0.181371994822859 -0.14674356724113988 25 0.0 48.42071956023776 4.2320843890767 -1.5663857977007025
117 730.6750789120757 1312.290295548379 0.5575940229134405 0.26352161887775527 -0.4626041067608016 25 0.0 11.421992253024928 1.0112974745020282 -0.01219730671227827
118 1119.862301442761 1324.410066093654 0.7400045968593675 -0.17976381614191392 0.12031303616480274 25 0.0 194.20364420464546 18.01771914595405 -3.1392495325037073
119 546.3815864942636 1325.8072130731998 0.6723529427225846 0.1427013543146626 -0.2819393610714929 25 0.0 17.67879032042106 1.6571764997171374 -0.5484219149395004
120 850.0440147033064 1352.5039355405763 0.8581415372592394 0.029319509915393286 0.10169261833468417 25 0.0 15.264946839924685 1.2770864845995624 -0.2655507719614985
121 719.692360507107 1354.5122468319914 0.5819557608001232 0.23809856501687113 0.05884200057682105 25 0.0 10.104998516295257 1.048240491336844 -0.05115232894427651
122 1346.5913391223742 1361.0196936147631 0.681808329819239 -0.10344758983257724 -0.14337500270618672 25 0.0 16.92951465853557 1.6232401152729308 -0.5259569172872234
123 699.3806613567809 1373.5518273266023 0.7265187069697737 -0.3864210082330252 -0.028142020341975653 25 0.0 212.91128405513334 18.356446921023593 -3.159471557097246
124 1139.958390423238 1391.7614743219622 0.9840158237337343 -0.08722409974156646 0.033473246416209315 25 0.0 54.41054921261732 4.2944671286956 -1.5822732071327448
125 991.8485819564313 1414.9233184969003 0.7745521062087499 -0.010048787917037085 0.05632605828650199 25 0.0 14.798928624471602 1.3479784676626325 -0.32420738730465226
126 1514.1119665303088 1415.3697961408577 0.9637363353965628 0.23925555995033487 0.1542694153331907 25 0.0 68.2486378229668 5.381019092043097 -1.8271613323529268
127 1503.5006048383107 1430.103982573116 0.6974924350972378 0.04024300680551954 -0.1660597470481911 25 0.0 66.02546058251292 6.297967361844331 -1.9980010141207813
128 1061.5731857770672 1443.076920366649 0.6025489094726773 -0.21136342933387717 -0.28941130307851803 25 0.0 143.2694075954818 15.072330173410043 -2.945450997943839
129 757.6627112833538 1466.5736499047312 0.7123925204343385 -0.33992604984989305 -0.09021662169115674 25 0.0 22.881922002774925 2.0525850963310015 -0.7807529279998803
130 1477.744085515771 1478.4016235680317 0.6669482944615615 -0.03250122600166224 0.02040235326295075 25 0.0 36.759732281119945 3.67209211236464 -1.4122839167464438
131 990.0712887811205 1483.3225264287767 0.7855961440869675 0.07940325038302583 0.024661433842569275 25 0.0 61.258335693434795 5.3544332679101 -1.8217837758541109
132 965.4409534806097 1495.6773596341043 0.7668345166574962 0.2653040438754754 -0.016815733542306352 25 0.0 97.99749237295514 8.82751074588664 -2.364595637274733
133 943.0467258801308 1497.8231202892373 0.8570579007012322 -0.15160166969409206 0.08358699715735499 25 0.0 24.07273887068782 2.0674221766813456 -0.7885729263063517
134 1234.0567673729568 1501.8257106989895 0.5860416800306326 -0.02037976254177206 0.02811428570738583 25 0.0 98.79321921978124 10.845659238982636 -2.588139887913552
135 1642.0783930782216 1501.9593063811772 0.5961362471062005 0.10678433496672046 0.01925538133433658 25 0.0 40.43562137199164 4.288267056883887 -1.5807045593187772
136 1056.867044702526 1505.3936699822423 0.8049483765666053 -0.10274585528013234 0.11520261885979861 25 0.0 16.241818956024353 1.4232724413939033 -0.38322010064810186
137 1663.7809133272776 1508.0260963518665 0.9516478676156238 0.09583957153792079 -0.019164679713405672 25 0.0 24.871035766143592 1.9515373749737444 -0.7259421827780212
138 1403.5062067496278 1528.2828550348943 0.6180203307793043 -0.2765694038209304 -0.20975153330483287 25 0.0 24.355865883697014 2.507452104235983 -0.9980816153830034
139 866.7522361906244 1548.1818816311538 0.772225996508055 -0.09968804143381398 0.0735261068625035 25 0.0 15.025578957569703 1.365666596873695 -0.33836171759669104
140 906.4494477937635 1547.964914304369 0.6852784782636552 -0.23977113217964577 -0.16744849688098568 25 0.0 54.782072654926495 4.970668101580819 -1.7410369141519815
141 1727.7282853978227 1557.0940796366565 0.6408669953123797 0.06363339212839231 -0.063067590188065 25 0.0 11.703338109214714 1.127430398210215 -0.13022435064048082
142 955.9920035711084 1560.9197395356912 0.8381604621493927 -0.051638862588052885 0.0403801399916899 25 0.0 101.60424237311678 8.902748735099626 -2.3738102908199985
143 1352.8157045463186 1570.3209717974523 0.8522174504084323 -0.08752831388504931 0.04015297650711631 25 0.0 24.319771669304043 2.085797685815623 -0.798180453185321
144 814.5788853608636 1588.9902518975289 0.8962800505088395 -0.10761008764560613 -0.04034472001498159 25 0.0 25.48713368579657 2.091123669974511 -0.800949294860157
145 1508.765493966219 1592.8265612059222 0.895302948156698 0.19334987901833023 -0.018303713707741545 25 0.0 18.565668747627594 1.4985098512451411 -0.43914900588741157
146 1034.0695183555274 1595.7228953175756 0.9463282500634453 -0.17016141658478942 0.054866060249843335 25 0.0 349.66326116646695 27.711131828249453 -3.606635660966292
147 1557.9171176355162 1598.8083693728327 0.6122247251653491 0.09296123547770646 0.04434183445576484 25 0.0 25.73112701235663 2.678589375537246 -1.0697653547496713
148 1678.2734994213724 1617.8306219091653 0.8876113234369283 -0.15444682313001853 -0.03138088879807634 25 0.0 17.790511929324854 1.4561697639935538 -0.40803002272377054
149 1400.406996831277 1626.1989331330594 0.7240944121469464 -0.008117637202845801 -0.08716366316431354 25 0.0 74.29522943077033 7.084967341893863 -2.1258446317769857
150 1490.7903118116674 1627.4619072363166 0.7447746066712051 0.40726826012573636 0.07531442029900617 25 0.0 66.2774126789045 5.97992322742342 -1.941739020957483
151 1216.604142014806 1679.9707853078555 0.738360105632539 -0.280483161474158 -0.16865972746784216 25 0.0 12.014360440200873 1.138508473264339 -0.1408406679186427
152 1393.5090650266498 1699.0278351807003 0.7553073998730355 -0.13057586323599446 -0.199723305286323 25 0.0 33.91105268104111 3.045632003250577 -1.2091935684024533
153 1203.9018984944287 1699.5564485944824 0.6582857302722369 0.20151794905223872 0.16489222448263163 25 0.0 12.185975288933097 1.2392983204238552 -0.23293965278264936
154 1370.8719513150315 1708.2859946169835 0.7740994370401351 -0.05662759464170504 -0.022378509848040965 25 0.0 30.97424859017235 2.910697393261758 -1.1599926423604734
155 1015.2968467415363 1712.4998774832325 0.7283463357760922 0.338684231530641 0.16511152087978043 25 0.0 57.07417119603508 5.244630360432394 -1.799287211742672
156 1606.4865088658821 1741.0967662813105 0.9367380575048233 -0.0017510229313480773 -0.1706482383254588 25 0.0 66.39485372970044 5.258169630768305 -1.8020864812983945
157 1128.3350846967203 1742.1486044785204 0.5355681022737085 0.03163391959574765 -0.008899789884528666 25 0.0 11.852171739385518 1.3179588893285799 -0.2997546591499067
158 1626.3540808139087 1767.8382727195299 0.7976929618846594 -0.898280012399056 -0.3616299678431689 25 0.0 30.272253697344475 2.367130003706974 -0.9355552755178247
159 1182.5449374900243 1794.9370919773435 0.6905878150177374 -0.11270291129516248 -0.10066200239428168 25 0.0 37.80804987466714 3.1588130821411875 -1.2488098199097724
160 1245.2086444590846 1807.5722239136182 0.7044719412433803 -0.20290634951996975 0.07853313430284126 25 0.0 11.600628273130557 1.0728799340701092 -0.07637780703877875
161 1542.6576872677065 1826.8883033243503 0.7015735880828446 -0.026937582670118542 -0.15514422590920987 25 0.0 70.98197800211187 6.53718054270672 -2.038476198501122
162 1055.2641584197718 1851.7828766485798 0.9537037237363749 -0.27505505659451723 -0.06214230865324567 25 0.0 13.286450052590906 1.0271254785061865 -0.029058755765440585
163 1116.517991236251 1874.6756952392354 0.6960464490360838 -0.5174037827707404 -0.16154101692833758 25 0.0 14.793144804020617 1.3406572389208198 -0.31829439378478547
164 1296.0938606193638 1915.1743475501858 0.7743155782939644 -0.05828035053153108 -0.07420041427212844 25 0.0 22.500836571803095 2.0714295333284145 -0.7906754097300501
165 1351.5926608815146 1932.1414134793085 0.7261321528709945 -0.22215758912154865 -0.3553313476192372 25 0.0 18.203336478363934 1.6921756414448899 -0.5711135979268062
166 1438.322881793526 1932.3382093855494 0.8117759633202243 0.007623717352962879 -0.2240047937829905 25 0.0 27.883612979895446 2.354094600487376 -0.9295597780061582
167 1310.603939060739 1958.9143936899604 0.8206094439918119 -0.01848953959857948 -0.23559618523559128 25 0.0 53.38340224609039 4.502531753963032 -1.6336419608762311
168 1368.3495543415097 1973.228905706782 0.6582488219439949 -0.0513902092035195 -0.15485060919714416 25 0.0 40.89059336198224 4.02484296402281 -1.5118723507728846
169 1367.8477872812555 1995.912491643023 0.6418963663984991 -0.08979474254324789 -0.1316256075689462 25 0.0 11.928279253059616 1.1961240059113034 -0.19444051662939912
170 1170.5531227510273 1997.6365017473452 0.7803256491421419 -0.43969764630714614 0.04007116693932545 25 0.0 16.095216020914553 1.3573220101697863 -0.33170722904232336
171 1319.210817561641 1998.1282484464614 0.796512084941054 -0.13935321871881115 -0.19308138441203984 25 0.0 21.14601678681018 1.8585963705066693 -0.6729627117959026
172 1302.3835813543205 2032.6985466273907 0.8580641790587353 -0.43587597229190644 -0.15042960060998112 25 0.0 75.52638323091344 6.159594461585371 -1.9738802995290077
173 1204.8926547211815 2066.720778675639 0.819510653179587 -0.5774648439486834 0.09580421655610426 25 0.0 58.576809834691225 4.762166881052399 -1.6945115258925922
