m1-67/data/wr124-jwst-2022-f090w-TO-f150w-OFFSETS.ecsv
# %ECSV 1.0
# ---
# datatype:
# - {name: 'RA, arcsec', datatype: float64}
# - {name: 'Dec, arcsec', datatype: float64}
# - {name: 'd RA, mas', datatype: float64}
# - {name: 'd Dec, mas', datatype: float64}
# - {name: 'Radius, arcsec', datatype: float64}
# schema: astropy-2.0
"RA, arcsec" "Dec, arcsec" "d RA, mas" "d Dec, mas" "Radius, arcsec"
[from data line 171]
-1.5608890151289911 11.289387556035717 -0.4391394393140422 -10.213258293203822 11.396782261039787
-34.57903917896037 40.665552347193135 -1.4387455989985054 -4.524613034078773 53.37974412402929
2.1852949247164424 6.82063797991834 -3.2252816464159277 -6.01356494567939 7.162165619377386
56.00854728182214 -41.53978028135206 0.9217478527817771 -2.7029248436719953 69.73170492711546
-34.449043569515055 39.29036685843822 -265.46615396598986 34.572362231093116 52.253894748393925
43.39966866122917 -30.52542049366059 -0.04648185762568049 -5.962487414266711 53.059707146528396
52.16686075042842 -38.425871624500004 2.2862041775967423 -6.179406974902059 64.7914264326657
-9.239634439356799 16.321167551387873 0.8833048089468399 -8.193710447373578 18.75503544746888
34.54092439443513 -24.182822520132163 -0.6636392528161563 -3.5172147393357744 42.16496599782424
39.5265009682434 -29.02406291721426 0.8878325384525122 -7.1562451707937 49.03815347975113
6.513489722934578 0.45679598892107603 -4.207961046752267 -9.84429589605346 6.529487801297653
30.104282304098955 -20.67565868608497 -2.9386237387963354 -3.654391186186425 36.520551366521595
16.05894100410157 -9.623502304059572 -2.3582783582890428 -6.00585757494756 18.721682151494452
49.3286057152872 -39.55512864189832 158.46427471428598 -194.29031268423188 63.229103377118385
-41.225274619240075 41.615685137985295 -2.9754115710861644 -5.161218237474529 58.57805471230897
-7.957749173464546 11.54337477526199 -1.4931404120495178 -8.702040969622265 14.020530412381307
49.080705604646965 -39.602094995830264 10.348241848112457 209.2684907975796 63.06537529504708
49.38157428522236 -40.07413911845489 68.56782880543331 42.974311046137984 63.59619858362083
48.83212130918452 -39.40928500035328 40.676264182602196 -115.15467312396422 62.7508389328529
-19.976685672594265 22.215443063821397 -0.9145092334711217 -5.491220749381994 29.876309668945485
48.76190871680987 -40.066639941328575 -151.75351982652504 -45.22775385153839 63.11148348745705
48.45648636476802 -39.83584744418818 -93.53297905011375 -42.80517077662176 62.7289867862984
48.64216920502909 -39.88467032761024 -13.602189374594989 25.83612297191927 62.9034778261717
-37.68528032376827 36.651338269657195 -1.808659639737333 -3.7515564777830925 52.56901116708032
32.29007313761446 -26.521105801570616 -1.9235910441514505 -2.7986568017625775 41.785378667943334
-32.14455642917411 30.26056387835216 -1.5001195973314716 -5.023696138118872 44.1471882099526
41.488023010353494 -35.83224476216876 -0.37250558722660887 -6.785676236034853 54.81975739355063
-17.065565286437753 16.62642187720938 -169.29595539824672 -88.7488721840028 23.825856172541936
18.733484479426735 -15.580359085289723 211.8517578155655 105.65242259460715 24.365775778786873
18.39014578053987 -15.434455427708366 -76.6777424279335 165.79549587442406 24.0087458137097
18.737507523842684 -15.887733512418073 44.378478570639516 -14.605570998991878 24.566527301882076
-0.22652413026018378 1.1327467629574044 -220.83655756806397 -104.19156294113594 1.155174623412112
18.233839627944207 -15.84597440038352 -0.6697726039305657 -140.25797683228438 24.15714825104971
-1.696790392070462 1.9910544281722797 -19.790213582778826 -12.19577457066122 2.615988411707979
-0.6827471702464465 0.8703482559746909 -52.958970621615855 49.840334715341626 1.1061870478856322
-1.4476317479139806 1.502551989941131 -113.60742808757792 -9.91075680738842 2.0864563642422578
-1.0699922354638964 0.9940755515680539 131.2195998651451 -34.67455638420774 1.4605031962682782
-1.3231879763028875 0.9396190581734447 -64.44560911361452 70.27458462962484 1.6228710346687458
-1.0039305344064222 0.6830081014779845 231.88726531066567 -5.926891629699278 1.2142390968878434
47.25787262810591 -42.57126809026473 1.79021870990534 -6.536283179023994 63.605183439985
16.432095343612144 -15.82386052174067 -1.5661913919733719 -4.987037828193445 22.812459724058236
-1.6479290607683172 0.11140262505201565 -122.64010068918475 -255.33835366326534 1.6516902658098858
-1.4877522228831204 -0.27251031591916597 -78.24612434170484 -22.365524181122296 1.5125040658337046
11.655078399312806 -12.091379314815812 1.7192529919584059 -6.054042711205138 16.794115221547
-0.5718092043180368 -1.2944847268847202 -45.987252569609716 57.48222569751856 1.4151524561674618
11.683463092872218 -12.418022943197112 -0.8918129581085976 -3.3679902966461976 17.050237637539684
-1.376109003833331 -0.6274158344394304 56.640541146236984 -72.52842177291696 1.5123910274632004
-2.7390352745455906 0.45006118163184494 -1.2279121353405535 -120.1442036966234 2.775764633740839
13.988967181163712 -14.965110305826272 -2.6179584245227874 -1.9676008474565103 20.48525637917053
-49.12889464852619 41.36133952520838 -2.603202218178143 -2.8568565861678925 64.22155918654174
1.588947368280568 -4.6565747077080655 5.124943845943596 -5.092627924424778 4.920207490276112
19.290761417473952 -20.60477754047126 -1.123731270371932 -2.9218509704558904 28.22570339817571
20.437479572176425 -22.394830993451006 -0.8472021215687161 -1.860498882190677 30.31862504874645
-3.022104445925053 -2.126796031532375 -3.95542138175617 -14.88245650604716 3.6954535096091314
-34.9169971298119 26.28748225249486 186.31423549872858 125.47126497092124 43.706159807712744
18.870618946289902 -22.322512016072704 -2.194608072869528 -2.0424235082934645 29.230032513424586
-39.932452106956035 28.544157835590433 0.28144511335219197 -3.201553749236918 49.08533047283941
-20.95440205915376 11.020434022995369 18.231498970059814 206.44702057553525 23.675661158517965
-20.75644068653825 10.765591121321163 16.850068334060673 224.8794934742136 23.382210797326845
-20.439154371126474 10.567956565644307 -134.59973305519347 19.028214471644326 23.009579244646343
-21.097280213397045 10.926784846782903 -60.80217871171581 165.38627054803877 23.758995329584135
-38.92793646946642 26.967150615541925 4.097076174276066 1.1581236831700792 47.35621861442476
-20.768658975615573 10.492152318840185 7.440295295830059 31.424218137177913 23.268486318432764
35.6893334978061 -40.01438483136 0.09964924246401917 -2.397459789521054 53.6179028214681
-41.69850099780221 29.236331119291528 1.0774627490876219 -1.6988113011262678 50.926692717495605
42.15291441422313 -45.993159448704326 3.7819035036430098 -5.395145989835622 62.38781034982507
-21.258207854872705 10.546050328356971 -160.86521792481378 -46.85225506238687 23.730372486101018
7.319998338248102 -15.106073515842143 1.6662960695122264 1.4921540177206023 16.78617981087384
-20.838252338068063 10.121521502419732 -99.75072140453034 157.7594018243313 23.16631083443146
0.9297563574819169 -9.484738826353212 2.603433095914693 2.565461585850167 9.53020028581356
40.4245501144047 -45.15848517220716 -2.8315193690311626 -9.875578169106348 60.608852562111394
42.789413587238 -47.61574632222109 1.681357486972991 -4.294584589596058 64.01713192921487
-10.191985178162575 -0.4649589807902122 5.607288336983862 -0.1266304959489293 10.20258539417116
31.029885569157962 -37.37019461225895 0.6558816165981393 -2.311725064132995 48.57350340726412
41.18758631074822 -46.59678484091554 1.845216651540597 -4.294485375373324 62.190655204448944
16.653153440831936 -26.02458488614866 -26.53358993513869 278.23163112226774 30.896707535796725
-21.62132430966127 8.252161744989035 2.022279219679594 -1.6000119461286795 23.142597911978577
16.538564243487382 -26.49632219378691 198.54349613477976 96.87296813900892 31.234263166086663
16.012020251948115 -25.79644395483249 -66.10082120832288 77.24610319978625 30.361839732227228
-42.418623746630566 26.372372446328903 0.681865083007265 -2.3594831384079407 49.948389955934566
16.27991861448672 -26.30686738208641 59.58852268125135 248.307248347675 30.936823044959517
16.078196667577505 -26.077933844764154 62.01266406636507 159.17569970449938 30.6360415249514
-57.786752453738636 39.379207847954675 -3.1739427917250653 1.671327759179399 69.9287546672732
15.632592582934906 -26.62728543506774 53.219804400986725 -75.80410486278157 30.87701862470796
15.69515055795229 -27.251032863210522 42.825150906654095 215.45160480056612 31.447679432925682
-41.758963532051276 23.5557915393732 1.866613123260338 -1.2066862685739266 47.94461745327637
23.70872965293977 -36.391572283258185 52.68901541980656 5.376457087421775 43.43328664949213
23.553368742154266 -36.634403243167014 -49.322101892313846 -88.00367351585106 43.55273440615649
23.878767452565096 -36.695650178612176 102.95895431479576 90.0474862293629 43.78088933620135
23.345427587762657 -36.262045561999216 -197.06835127053208 95.66645476538734 43.12707887146144
-15.720891462121289 -1.3675723710969203 5.540643149399544 -3.8704716338023806 15.78026243611855
-19.259222126911105 0.8895477280723443 4.042585089651512 -2.7964817603603307 19.279754461458744
5.402481319452187 -21.458389577369896 0.49861885246768545 1.4485080609655487 22.128020416583993
15.594140017717757 -32.38427203968561 0.38919953378871547 -0.3620273401562803 35.94326468808159
-26.92230683772845 5.240621131196554 2.3378103668141335 -3.232814118445825 27.427626859558117
-36.332617254804234 13.082598137865148 4.7927304655937295 -4.033369181834263 38.61623297082086
-48.88095078308386 23.227828573003652 1.4819057094870816 -1.5102347650015835 54.11912194018355
-38.82130469749696 12.470902053999767 2.03040353059684 -3.0575548103112493 40.77520195668496
-60.09054200256331 31.37748947316773 -2.1244190425591425 -3.551417002036178 67.78952762736185
21.856757974575594 -42.67638301179854 -0.006342199057012924 -1.702149101158961 47.947800046639635
7.027825408679494 -29.463660096073866 -72.79952681775933 169.0796132380716 30.290222777240785
7.368876448507793 -29.772747895672715 163.82491730643682 -28.43427224923609 30.671107854085186
-30.977671623268193 4.273013299252145 3.982939514143534 -3.677205018666642 31.27098945857245
-62.81815706526984 32.42987508426921 -0.4098800257552247 -3.2520107938701224 70.69524469537025
-20.53692402268585 -6.894637291342419 4.936902803271743 -3.0329929984114194 21.663362424444784
19.318774658700455 -43.90343088919793 40.88401878790546 -107.0847749046629 47.96588675841772
20.08918396416189 -44.54280150067054 87.65648371137075 60.12085261441129 48.863447193200216
19.422689905444074 -44.1766602309464 -110.65934390338154 -73.87568130165808 48.25783031339565
19.767771363896156 -44.49102109981602 172.68404505374133 -31.53890192396009 48.684861478060625
19.25655260628115 -44.575011489528016 13.98250079108018 -152.10007551874708 48.556631491476075
-0.497279963848444 -27.037420115269022 -0.0531420917952898 1.7636151002166434 27.041992786231575
-17.306607784257544 -12.924658368495086 3.731555508779837 -7.236216322715726 21.60012654008163
-63.887317343229576 28.610593976021534 -2.198391335029798 1.5343344664784124 70.00110983966596
6.659815793479794 -34.69423077044412 -76.19552461965841 172.61032952744807 35.32764915387452
-0.9121239569362524 -27.939913896403002 0.46707857663570307 -0.05512659379990148 27.954798490519284
-7.112436810122879 -22.520388035432095 0.08323837417411592 0.26995722845933584 23.616829474801563
-25.052728134230723 -6.955228148648659 5.848299263498329 -2.0258229135557024 26.000276639379347
5.368856392363119 -35.51431749587594 -1.0409637315184193 -1.7025678847938694 35.91784188775902
21.895129677501924 -50.96240149303857 -0.03701994662603857 -3.0915929144067693 55.46677437690353
-2.126852269848834 -32.15437957429257 -0.5952056444233388 0.3405624890553317 32.22464315315575
-27.406739974723507 -9.881382365330362 4.605540913387868 -2.1986884395481465 29.133676611803068
-31.03216537821522 -7.957266388072817 2.4476429158795385 -4.3720993278931655 32.036126107124616
-31.265566496215044 -7.961266220216847 5.818507619735782 -4.6562697465963785 32.26325165992464
-69.92986299333118 25.25648661607104 2.0159926332572975 -1.9085923955734359 74.3510311294508
-17.452951268506876 -22.15750112247603 2.4526347710076575 -0.8333278855816861 28.205679619535154
-38.36328215823484 -3.5499000654655646 3.021305505723421 -3.8194659053199675 38.527174932501275
1.3399439368155914 -40.07919177606996 -0.6406617655309161 0.20564363808423938 40.10158429731024
-34.482720557655824 -8.00039947110509 3.879629020685716 -6.4335492272577275 35.3986498071052
-31.76208487918639 -11.046619248290757 4.965511845559299 -2.9216216155689234 33.628229684660624
10.772064711289012 -49.25563679345983 1.7808585206777414 -2.3029843540851496 50.41978908987499
16.91732101749517 -54.92951705277851 1.0004671879978322 -2.4735194965680383 57.47562602786873
6.808746089731236 -46.42746898439268 -0.5766877935124844 -5.263209782894828 46.92407589744601
-42.09382934713259 -2.871879335078324 -68.52095501441258 159.79344860652748 42.19168353955208
-41.75006243438631 -3.172953469757093 172.35180617425092 -47.61229230816059 41.87045911933862
-69.54193302722436 20.592451414174363 -84.11873374617218 171.69760600113585 72.52675015696542
-69.19907680490861 20.45001002847028 203.02789332201695 104.23050089963489 72.15757150232734
-71.61490203965359 22.63507542100559 -2.4162347615612454 -2.292957007890903 75.10686262177101
-10.48314538301283 -32.17079670937677 -1.3107712741688922 2.118349513727193 33.835728116102544
-69.21539573412058 20.30645925414411 171.67970623251 -49.270233143219066 72.132678298977
-22.463829130476917 -21.59148859029026 3.7238851215378395 -2.1522750529036485 31.157920291678728
6.192414447426076 -47.50128999991181 0.20324837889251357 1.246659776238256 47.90322063981076
32.638955594943745 -71.4567095496322 -2.294550057403095 -9.13097175204189 78.5580213560521
-69.64983889255566 20.157421333373264 -62.81357382773662 -126.88850967422901 72.50808008159296
-40.57676253801061 -6.025661403502358 2.361542328742027 -4.160158683889493 41.021729034183124
-35.87506676502038 -10.415602240275154 4.087034446885772 -3.43445247893081 37.356461078686245
-40.35049150947287 -7.107356485664717 3.384657610515624 -4.2699281778222264 40.97165704033327
-47.66377145783048 -0.7675241417340904 4.949581533637329 -6.543593315014995 47.66995073294677
19.437216455231344 -61.24809451211802 2.4550079775054443 -3.9180647708726557 64.25834151136084
-19.151429821732595 -28.745991115531766 -0.6877937997779127 -0.5430425846089877 34.54141379650033
-41.25249792144486 -8.972877319704795 1.3774610823909477 -3.490252286745696 42.217071322766984
3.060362430316887 -48.74301108450882 -1.0657589287041096 -1.8397537091919436 48.838990034758545
-36.696407797471544 -13.927859999396004 4.000879918813085 -5.53736237035118 39.25062582106778
12.530127493194064 -59.44701205932921 -1.5232207445827273 -3.89301608220663 60.753200190880484
3.9398919979935894 -54.01718268731394 1.4487602242462485 -2.9270204035852077 54.16067553192936
19.42426568463564 -68.0136020740677 -0.23863478881748687 -5.790424578853669 70.73296367890366
-16.289684660507397 -36.459999439797485 -1.9924099220383868 -0.33843471324009505 39.93351202588579
-41.00272916026726 -15.573277779263295 5.630227169079727 -6.4382730036095195 43.86058339994768
-27.098557164891467 -28.049037017480963 4.003334592038482 -4.019859296197101 39.001029133790766
-49.90830130739951 -8.986287912069704 6.4311094046782475 -3.484111058033452 50.71086578088104
-74.93283531892426 12.296110464845734 -0.4100438065102138 -3.396725391949111 75.93499940647689
-72.38944496373398 9.12646191479452 2.89545118216118 0.999810324578354 72.96248382439984
-65.45726273336966 1.884339735652954 2.2485404663476247 -2.7363637121821993 65.48437966911321
-36.90389229423547 -24.026551662196567 5.615767906953475 -4.620658527433188 44.03603575573419
-27.78053098091605 -32.58591760461636 1.3399444234514175 -0.3322207884978294 42.820554892459576
15.327579156684404 -71.23780011332828 -0.5415623175658003 -6.173852650128519 72.86809204618272
-56.49080225536776 -7.385175360452947 3.4102027252452203 -5.762977928796659 56.97149772633369
-66.82302707742916 0.7361210925798861 1.3427476918310128 -5.263557519299261 66.82708150158695
13.80767536907192 -71.62940490506443 -1.124209605440474 -4.8103611134984074 72.94808797006347
