m1-67/data/wr124-jwst-nircam-2022-f444w_BGSUB-sources-fwhm5.0-thresh30.ecsv
# %ECSV 1.0
# ---
# datatype:
# - {name: id, datatype: int64, format: '%.8g'}
# - {name: xcentroid, datatype: float64, format: '%.8g'}
# - {name: ycentroid, datatype: float64, format: '%.8g'}
# - {name: sharpness, datatype: float64, format: '%.8g'}
# - {name: roundness1, datatype: float64, format: '%.8g'}
# - {name: roundness2, datatype: float64, format: '%.8g'}
# - {name: npix, datatype: int64, format: '%.8g'}
# - {name: sky, datatype: float64, format: '%.8g'}
# - {name: peak, datatype: float64, format: '%.8g'}
# - {name: flux, datatype: float64, format: '%.8g'}
# - {name: mag, datatype: float64, format: '%.8g'}
# meta:
#   version: {Python: 3.9.9, astropy: '5.3', bottleneck: 1.3.4, gwcs: 0.18.3, matplotlib: 3.5.3, numpy: 1.22.3, photutils: 1.3.0, scipy: 1.8.0,
#     skimage: 0.19.2, sklearn: 0.24.2}
# schema: astropy-2.0
id xcentroid ycentroid sharpness roundness1 roundness2 npix sky peak flux mag
1 315.433531241895 11.982398245455707 0.6830596690955091 -0.0864487514136576 -0.08619976977988011 49 0.0 31.039858447936062 1.4774747812487896 -0.4238001918054615
2 897.8819135736175 11.949059937559193 0.7453270757594916 0.00644860655183823 0.004443164215874262 49 0.0 40.2185332920392 1.8422674649969881 -0.6633817059927243
3 769.5550657086906 18.68758832421892 0.6445609225117843 0.12353191763834452 -0.028702892754245903 49 0.0 40.40608711244599 1.9955827929012913 -0.7501743763465574
4 852.196225347339 28.780795110712184 0.6603266799572517 -0.06583129747074208 -0.03812502873157581 49 0.0 217.41122779710565 10.731010442667381 -2.576601543734485
5 975.1260883123699 37.50419082232663 0.6904294453108933 -0.017373768817050786 0.09726949366940299 49 0.0 352.1259183141245 16.901031985764302 -3.0697830591731385
6 621.1844700062557 39.64684799111495 0.6793306463651925 -0.10162885383168357 0.014331976721753348 49 0.0 20.946363640532564 1.004366845957376 -0.004730920657244445
7 417.1265404067148 58.71713135459949 0.679774074912824 -0.1490565081456163 -0.12434320393862175 49 0.0 46.16606895423779 2.2025317846591226 -0.8573054610444519
8 608.0087869686402 60.1168161878867 0.7177780537303176 -0.014704423872574415 -0.022330901561170468 49 0.0 40.50217570972672 1.89201010049583 -0.6923086263825831
9 188.9104894513172 63.12239231772103 0.6724782936156393 -0.1868085253107281 0.10088711835837744 49 0.0 45.19804090926001 2.167455036699107 -0.839875242284104
10 964.0458908190432 65.24168187671468 0.5955007202908177 -0.6082870225776401 -0.20679082745881805 49 0.0 27.779948716728306 1.3633015500385988 -0.3364798212318753
11 190.69110566952403 69.82452551593981 0.696060180295599 -0.10506626989545177 -0.009947417171646922 49 0.0 39.64671966681093 1.8772154295653596 -0.6837852879769082
12 1922.7818325965454 74.70721005818284 0.6917580885186048 0.08122638540232026 -0.002531819819110781 49 0.0 34.52402202929543 1.6400224240085708 -0.5371244654799248
13 712.9094311014647 82.51347074841078 0.672571071113082 -0.0045436239669759924 0.06626483971046333 49 0.0 26.058131745922864 1.2612333579400077 -0.2519886218438227
14 1215.5641211538277 82.35797128523012 0.6001603251006292 -0.16148466748746634 0.0047868271804648865 49 0.0 64.30401613125433 3.395026141129174 -1.3271078065593003
15 320.5858075448307 94.69179909591958 0.6185665808807779 0.12963432367081 0.001103611916090216 49 0.0 59.97238447393606 3.0733563745564307 -1.2190323057252672
16 1373.4043699133406 98.17208918712907 0.6806911196895201 0.03130302535507516 -0.09387031686994753 49 0.0 27.378789936978865 1.3054295919902301 -0.28938363307317755
17 159.41125049527332 98.60424559831219 0.6434847814044172 -0.19212783457159469 -0.02136385626450945 49 0.0 43.7912771225176 2.170427931305706 -0.84136342434732
18 451.6903205203856 102.82594987399729 0.5426150357882192 -0.7327726746024587 -0.4731926058791302 49 0.0 35.13286953211378 1.8061952325639987 -0.6419117290669945
19 883.4086120461722 111.75053906676393 0.6727095032597418 -0.16370579149603612 -0.10360171715755671 49 0.0 44.52398246527673 2.151683540590478 -0.8319459942963271
20 979.2456080720541 120.84866176489959 0.7402814163998835 -0.06230931003920305 -0.017109965837414216 49 0.0 75.53760561869592 3.4192569588848993 -1.3348293486808998
21 2012.8705165723125 124.73980227224781 0.7094983353941932 0.03373658466925345 0.03930093040452495 49 0.0 22.032945700355917 1.0350771094540194 -0.037431760866345545
22 1515.989689980857 128.02435557723166 0.7307176854216094 0.009783335169597372 0.005292300230850217 49 0.0 68.63750780670317 3.154934358309119 -1.2474758193143307
23 658.2791159489205 133.14994238686106 0.7144485249050231 0.011289423687035283 -0.06901995289809633 49 0.0 34.829975216204815 1.6294124993450771 -0.5300776087320883
24 886.2384742221876 136.05317677268923 0.7309193322997937 0.005929129449903226 -0.02461650174500366 49 0.0 66.23779092817308 3.0138166333053125 -1.1977920635711177
25 955.426196528615 136.95175608330794 0.6889649023554621 -0.07701489139692745 -0.10803257949177066 49 0.0 21.52284547756135 1.0231656029769927 -0.02486482875373886
26 2071.4991043602 137.8085676312734 0.6888949208571271 0.0600011775880379 -0.08835978757400172 49 0.0 21.154716262734784 1.0028746087672724 -0.0031165894684878114
27 1671.9117192203964 139.8989403921529 0.7285517635446501 0.012550353099255446 0.014442545894100552 49 0.0 78.29101710285462 3.622795735542183 -1.3976096196380048
28 88.30536516982202 142.2348567665701 0.7311353687557629 0.05355281682575322 -0.029440867017698564 49 0.0 31.318689409823744 1.4435441895020138 -0.3985752074021532
29 2001.2867149258993 145.67538684084812 0.6049841644489216 -0.5639489448425944 -0.04994671124135026 49 0.0 26.269610337257845 1.293427692611086 -0.27935538766087337
30 1574.0830744244493 157.62889814689478 0.7138287405813734 -0.02775923231893919 0.039869824162252335 49 0.0 80.53675419670394 3.7516667753951953 -1.4355606430083387
31 1600.011634145669 167.68846232184458 0.6524379960891209 0.0045823815772889675 0.031486529122324185 49 0.0 442.46922162270033 22.189111148149028 -3.3653497640088545
32 933.7215164336186 173.94196164407833 0.6802096282023151 0.02383433797754249 0.00121103014796402 49 0.0 51.20110008906604 2.4796665031323872 -0.9859831883673786
33 1319.2004007196088 178.38732069550306 0.691518184276732 0.0994258904006102 0.021780293492521297 49 0.0 38.08082844619888 1.8135865336206152 -0.6463457059358044
34 609.9494730102515 182.9067101918288 0.6858912913382363 0.01791928175014704 0.011751103873591429 49 0.0 139.28976528432005 6.779645272167163 -2.078017427746341
35 988.8458503592442 183.452204887451 0.6932716243836728 -0.039210238957726774 0.0765082299473148 49 0.0 31.751842558612786 1.5092015566897623 -0.4468681112227147
36 198.80082861422025 188.27587268637015 0.6856649554271083 -0.06581825343347361 0.015635794338758745 49 0.0 36.29492373465238 1.7523897979088312 -0.6090767903272084
37 1185.8528806283234 189.4223115788029 0.6948234139375536 -0.020731560165039235 0.07054596404464912 49 0.0 22.026063321694544 1.0442383062220786 -0.0469990514237934
38 1954.6401314661603 190.57218785451573 0.6855261091535992 0.15620586994547805 -0.000969558673946037 49 0.0 22.285522074740587 1.0646295266392738 -0.06799626702534282
39 1740.8553375274969 192.4437366248003 0.6907172188797382 -0.033062742259038755 0.06185063174499504 49 0.0 29.457928985255485 1.4031702779502042 -0.3677759421591632
40 960.2507663844209 192.5372911615891 0.7062031192310727 -0.1700202480383983 -0.009271777709395409 49 0.0 29.54317656678022 1.3671114999996554 -0.33950984139364765
41 2209.7258151893657 208.41457409982297 0.7497109021172491 -0.1113891717976352 0.020281491895864624 49 0.0 221.1217118901339 9.941437905854208 -2.4936230106448285
42 1174.479036684009 209.8616812406133 0.6743429651663673 0.04062234054358128 -0.09793122991130308 49 0.0 134.41614410991073 6.544483274960988 -2.0396884054093958
43 921.3525403780209 214.0645184591071 0.7098987914049236 0.020836561341767267 -0.013462420180814297 49 0.0 40.9052483321987 1.9081179689963221 -0.7015130534101831
44 959.5706662622727 225.32649444909657 0.6400213147666732 -0.1446319651541222 -0.047132289645967475 49 0.0 49.77076501635902 2.474910630329486 -0.9838988026633478
45 1742.6737385741367 228.71500553647994 0.6852314570220163 0.09591502244745956 -0.0289044027754221 49 0.0 373.1591634757224 18.154262290038655 -3.1474465144394275
46 63.083500661678215 233.9150472651169 0.8275872523162682 -0.002066104527272819 0.01025044157705742 49 0.0 134.91451168227917 5.653854889778472 -1.8808616445466435
47 1716.9601169460025 237.98202086411865 0.7291484859616049 0.0032936416829891352 0.009178328327609678 49 0.0 32.1656045069131 1.4898457861406802 -0.4328532923490317
48 273.84014837568475 239.24168347270174 0.7136574477497275 -0.030033437297837442 0.020136745302201723 49 0.0 41.954772068235734 1.9699204704992654 -0.7361217330175409
49 1972.7578387398578 241.86764313335468 0.7177883578720928 0.03905238575772503 -0.014475882640251075 49 0.0 98.87447259453438 4.642732279081631 -1.6669341025157518
50 1051.8632710552358 243.5094379978251 0.6784280891424485 0.0028658315769865142 0.08557617786154995 49 0.0 25.855228477677162 1.241631606839858 -0.23498189852043705
51 2194.1945804771613 253.4027321255775 0.7257694596370818 0.1007992642385159 0.048730309775337335 49 0.0 96.61159156421648 4.440791525219504 -1.618650963798884
52 706.9042868771579 254.44587840434707 0.6841188300886543 0.020453344020798108 0.06254817822097737 49 0.0 33.27483059679262 1.5891733377351012 -0.5029281752339623
53 965.9097056101551 256.2299837034289 0.7208892071050297 -0.029556979005061882 0.011922936935798269 49 0.0 75.1003026905912 3.4823789658498288 -1.3546900773652717
54 951.3636453710913 261.56872644298096 0.664538935304912 -0.1613831024454091 0.005889707270477276 49 0.0 26.032966899075337 1.2631749071396439 -0.25365872465894646
55 441.9342351367649 263.2997302447095 0.7411978062639917 -0.01670373590152977 0.024767186474659048 49 0.0 139.81688922429464 6.356762880595172 -2.0080900292959343
56 704.125446892381 264.5180692612373 0.7040150887492413 -0.03270017311752112 0.07318678166732386 49 0.0 75.3683176923189 3.507554341133485 -1.3625110202571227
57 912.4925731416954 267.143909350314 0.6860899207288688 -0.12788151200113834 -0.10058049527905698 49 0.0 198.44165656032158 9.561792597717801 -2.451348298241623
58 1283.9389735276102 268.93634204126664 0.7210942247507144 0.014549115604830415 0.005101107597228257 49 0.0 32.35157390625822 1.5147600703671944 -0.45085962109333694
59 2137.6611517777646 273.18259480316453 0.6978015388549531 -0.09402024601887188 -0.036660229611370776 49 0.0 36.51309137821856 1.7266870689124254 -0.5930340915172136
60 1863.8433715545905 281.9553421962047 0.7910980969833583 -0.00019197590153784635 -0.033919170360128384 49 0.0 184.58762035973695 8.053627698468464 -2.264978873136955
61 606.6851491810547 285.40697732807166 0.6571907402516165 -0.10005499480485607 0.04558779883126919 49 0.0 41.243953740490284 2.027022524153131 -0.7671464364353644
62 1968.5167145774221 284.4896304079795 0.6521988933195286 0.23901125237986975 0.012282594531052316 49 0.0 29.882195587544256 1.45540655675758 -0.4074608178288802
63 1661.0605485138956 290.4203038084447 0.7053731556749505 0.07306155250736641 0.09136655402707337 49 0.0 24.985855737136955 1.1695600227030079 -0.17005628759420616
64 138.22601578982685 290.87795704977185 0.6964234518767025 -0.04510184692322485 -0.005391491529640004 49 0.0 22.73923547807951 1.0812500274375532 -0.08481532873357031
65 978.8101595215225 291.60485858985396 0.6759547064036951 0.11145630288141375 0.05251215135060492 49 0.0 40.46155689300363 1.958151736287796 -0.7296158551325783
66 1336.3421035082558 302.1924810850702 0.6996627731982539 0.05007587416280469 -0.03895881759875674 49 0.0 67.2453944253634 3.162707415219791 -1.2501475420459185
67 1109.4435996500008 304.8519947280314 0.6933017122253322 -0.1971706135284854 -0.07071473478798741 49 0.0 22.61155135777496 1.0645629511657715 -0.06792836954523483
68 235.46361781820437 309.56966941439305 0.6687817421563053 -0.21126232153139188 -0.00041583036829580836 49 0.0 44.553113303656076 2.1398430720289716 -0.8259548125191778
69 874.3155307795791 314.28751419358247 0.6800987904365137 0.13146675450184586 -0.002884721916305053 49 0.0 59.26901642872156 2.8183035598022004 -1.124969423003981
70 1419.9060338596112 315.72240035943065 0.708556241540818 0.030884018874588387 0.01566796364083805 49 0.0 25.638116059280286 1.209126361304383 -0.20617922433880084
71 605.9828781156247 325.0570540364968 0.7213421273339395 -0.0025752919139853604 -0.009578427027086318 49 0.0 22.13585337129137 1.0344207673501076 -0.036743077474297496
72 1503.601951931062 324.929273862935 0.7687689992020751 -0.002058889136220973 -0.05855040384567609 49 0.0 237.18921624552854 10.571322644501569 -2.560323320035969
73 280.9736787828077 330.26135792643385 0.7034652059065472 0.01556745280697309 0.028641277693211883 49 0.0 23.391955887029717 1.1062489719328343 -0.10963220026107855
74 1578.622554179448 341.7616958954521 0.6820213177298443 0.07068210526305324 -0.041723630733796285 49 0.0 84.80885144784791 4.091953985336378 -1.5298268533952364
75 1226.2471878961858 350.1259839476987 0.7370552400667205 0.0016419739694687532 -0.007813613952618198 49 0.0 126.43641386648669 5.776383396577643 -1.9041400274930034
76 1279.0695494217077 352.49526185632163 0.6979118134609438 0.08597817482176413 0.08476626979462884 49 0.0 34.65452827830218 1.629890488310553 -0.5303960632795656
77 1668.9220341808962 360.4088474887181 0.6952226999275023 -0.019108078186420373 0.06197153238510824 49 0.0 153.521377022667 7.309311213648728 -2.159691133842826
78 920.6309275998434 365.2501069022478 0.7175322149413722 -0.0979054465123503 -0.026780882999904786 49 0.0 90.05173290385785 4.161656037325827 -1.5481654568295715
79 1367.8399512098551 365.79007302542584 0.7289353320772495 -0.0035152827949923053 -0.020261515878158682 49 0.0 120.58694522632949 5.535737019457425 -1.8579386258980823
80 2105.5193358896518 367.48256256756355 0.6423328546231738 0.232015453867656 0.0020459362386214958 49 0.0 44.27872065155954 2.185205112789984 -0.848730519938917
81 732.320293255828 371.843848036698 0.7211835124920071 -0.0925553951381552 -0.07189965308090641 49 0.0 24.454652816574008 1.1299021792229083 -0.1326021156496383
82 1367.6052080327531 375.54702025456237 0.6478938479928297 0.13230680219242777 -0.00027482350474091497 49 0.0 433.53734533021975 21.359485911003002 -3.323976989254896
83 1396.643963103888 376.691595887321 0.6807791171109071 0.08005307737194604 -0.027374153276974213 49 0.0 76.12464588569148 3.663947024866297 -1.4098729644992438
84 1527.2929699595913 380.38381048345843 0.6900487419908352 0.13939893294667677 0.03215421517180005 49 0.0 22.471648330891554 1.0680159060399377 -0.07144430180141341
85 127.56619528883277 386.26664573845017 0.6737119481276908 -0.14177315470834964 -0.025002407654022833 49 0.0 43.7408360809716 2.1281425285333393 -0.8200017767298684
86 896.380411404819 390.29270005334473 0.6861638700231176 0.12330299312715651 -0.041449467832026014 49 0.0 315.53896955682933 15.133520212228163 -2.9498499028279146
87 1870.1000311207522 392.04436151915456 0.7444709118489442 0.014663804884043887 0.003719663210666061 49 0.0 121.7291795968204 5.581664592749051 -1.8669093394755936
88 1780.3668467196717 393.027596814635 0.706323205630315 -0.020514944811462744 -0.0807322145434311 49 0.0 21.487360557247385 1.0086265697227088 -0.009326010916037525
89 398.2212635327683 394.500864738617 0.6702498388723557 0.17072406303375207 0.09309240664465154 49 0.0 51.30325012421429 2.471186921387535 -0.9822639920532341
90 1089.8513810468596 395.29529788719555 0.6983884944393992 -0.02187397988631717 0.036218812583138936 49 0.0 36.30073231356828 1.7242931524511205 -0.5915277588097541
91 1423.6365090762501 394.95009360613506 0.6930539357352772 -0.002086764670162726 -0.04300167837686538 49 0.0 22.587967266925634 1.075585109590997 -0.07911195304135618
92 1878.9188811434753 404.18750835139554 0.6999964511738689 -0.0131415185577455 0.01493081049744316 49 0.0 55.71542774665724 2.637378131656634 -1.0529310020706788
93 1837.5104579572387 408.55621668105994 0.7019266180430185 0.1961501058044544 -0.020977384892957047 49 0.0 85.72047579894326 4.003606481335894 -1.5061284591166115
94 394.5457466083581 431.76040813554846 0.6466304299140176 0.22099948076054762 -0.0022685462386253658 49 0.0 32.14683578660599 1.5821504472380143 -0.49811944584766976
95 403.1402938057224 432.9130469596726 0.7050838561290412 -0.0341656522606952 0.011302919620323978 49 0.0 43.369351409048996 2.0416135739919605 -0.7749338613161902
96 879.6890287839652 432.64858553550437 0.6821289336827391 0.13700419394337066 -0.007092026387610622 49 0.0 197.16022464704238 9.547995319683855 -2.4497804936216756
97 1182.0315325874833 441.39549230530207 0.661778822305071 0.04980212521829636 0.06324166635799583 49 0.0 54.89486244590733 2.695865530263154 -1.0767455645013497
