m1-67/data/wr124-hst-1997-f656n_BGSUB-sources-fwhm3.0-thresh2.ecsv
# %ECSV 1.0
# ---
# datatype:
# - {name: id, datatype: int64, format: '%.8g'}
# - {name: xcentroid, datatype: float64, format: '%.8g'}
# - {name: ycentroid, datatype: float64, format: '%.8g'}
# - {name: sharpness, datatype: float64, format: '%.8g'}
# - {name: roundness1, datatype: float64, format: '%.8g'}
# - {name: roundness2, datatype: float64, format: '%.8g'}
# - {name: npix, datatype: int64, format: '%.8g'}
# - {name: sky, datatype: float64, format: '%.8g'}
# - {name: peak, datatype: float64, format: '%.8g'}
# - {name: flux, datatype: float64, format: '%.8g'}
# - {name: mag, datatype: float64, format: '%.8g'}
# meta:
#   version: {Python: 3.9.9, astropy: '5.3', bottleneck: 1.3.4, gwcs: 0.18.3, matplotlib: 3.5.3, numpy: 1.22.3, photutils: 1.3.0, scipy: 1.8.0,
#     skimage: 0.19.2, sklearn: 0.24.2}
# schema: astropy-2.0
id xcentroid ycentroid sharpness roundness1 roundness2 npix sky peak flux mag
1 1260.0538506220562 180.06406025103288 0.5399431285439679 -0.1675054454427013 0.04939865471432168 25 0.0 9.245027440134551 4.387175704547536 -1.6054625701629086
2 1644.484778715364 474.8906778436602 0.4517944403227636 -0.0270286947914443 -0.16048849896185544 25 0.0 2.3301155988054205 1.2842176064960789 -0.27159654938896544
3 1854.4569630913504 598.024010810755 0.8619325866637657 -0.3468239425752099 -0.4849489197182251 25 0.0 10.55328110154026 4.303314533436252 -1.5845077256197624
4 1875.7389238246442 600.3007288571297 0.7110495089226819 0.19462987684542096 -0.2416731006392869 25 0.0 77.32460378711771 34.94053150660277 -3.858323767689762
5 1878.3225922540394 604.8978562604934 0.7742015000470275 -0.42705911347832215 -0.41941056815373373 25 0.0 120.86201706675043 50.58680921267983 -4.260093217347851
6 1609.1028852914744 610.6612037372092 0.46119120278554204 -0.026953339022146725 0.0863564100811192 25 0.0 5.129648051862581 2.211889409476222 -0.8619085230657315
7 968.9808010242167 614.6408139480807 0.8476124231697728 -0.04465618296729429 0.12759166098392644 25 0.0 5.22633816831351 1.8816230957233389 -0.6863315877912954
8 1846.8159206542066 618.1494212239116 0.9581589829811819 -0.08461827284492289 -0.009650749524500657 25 0.0 22.776674147377253 8.556929776742143 -2.330794919812391
9 1868.5755843292716 622.5921931183309 0.6650346482131879 0.06689133702474648 -0.09968825645838203 25 0.0 14.026898795104588 6.584932335944516 -2.0463782917232844
10 1835.9473906532646 626.988303316407 0.693726068905541 -0.4816905906647889 -0.36712671942591063 25 0.0 9.661042104028198 4.289558893397998 -1.5810315870977811
11 1839.3565309425046 644.7890802838261 0.7124928427696142 -0.2591194050074331 -0.5654361390147282 25 0.0 108.25153114673292 48.64132806852095 -4.217513560242097
12 674.217974598087 656.0844107872676 0.573357785827683 -0.3037916469662773 0.4428351592528582 25 0.0 2.6597971360840567 1.0794188066142678 -0.08297495116949397
13 674.0282724185506 659.2115709223248 0.48557872729679247 -0.6326156180028882 -0.47753118428433156 25 0.0 8.077692607010578 3.0518936589579533 -1.211423492168146
14 1834.3709552601492 658.8438273701979 0.3226564784138704 -0.4079955957791624 -0.5572416877894618 25 0.0 4.749292843135261 3.5965430227038566 -1.3897131495046544
15 1793.5232941672512 670.0181789623475 0.8649781692129394 -0.20407847022461287 -0.4990940435208676 25 0.0 5.245174397936631 2.1317279723251614 -0.8218294600143174
16 1778.5929697566135 677.9966486180592 0.8911825514108476 -0.3243883633144362 -0.4991689716385949 25 0.0 161.551331667662 64.11563867767543 -4.517409931950168
17 1758.747763837672 679.0243007401222 0.5741332526441049 -0.5900417844638531 -0.970977613814556 25 0.0 6.570153821490597 3.372160953312138 -1.3197707383300772
18 1790.4215551617465 683.0187056324066 0.8773152147040806 -0.2958330961498095 -0.47544071553778294 25 0.0 84.24712046811439 33.7268998223632 -3.819941056655275
19 1747.2269166732244 688.8374833377839 0.6948017955360732 0.026064122684156258 -0.43961640012817743 25 0.0 4.3662890902106515 2.0651870654825824 -0.7873984908615395
20 931.1107946228675 691.9223798218555 0.5977199951668454 0.018126832969626427 -0.37913405890573915 25 0.0 8.03867948718673 2.5994564772163304 -1.037206376059868
21 1777.2338866933865 699.0781474157387 0.880733147155311 -0.7493925855145794 0.42979427299737566 25 0.0 84.4287522329679 31.575688590671163 -3.7483820756509982
22 1743.5889794900413 701.3412465661457 0.6486736793844469 -0.9673639535268834 -0.055630988026703826 25 0.0 5.458032922939231 2.5536197693763794 -1.0178905796608442
23 1764.7447001215962 700.8736770608479 0.6677020237882159 -0.37501555365940287 -0.44420484393865534 25 0.0 13.89335944985116 6.794035559051619 -2.0803195389444893
24 1746.0308644123998 705.5928784294692 0.4891540842808803 0.585519604081927 -0.0610901132240496 25 0.0 45.77020714312547 25.234390500734023 -3.5049820486436833
25 1738.4640601615886 706.4261723066618 0.7576553612046821 -0.08067939065021161 -0.15603503911696812 25 0.0 7.949876437106565 3.3201243887796466 -1.3028858872334648
26 1769.1200657970492 705.6863901762723 0.9183087634941327 0.771438010380748 0.09875317752620348 25 0.0 13.44338707375753 5.289245850253814 -1.8084843849926957
27 1773.3975274632487 713.3104847374251 0.6522659027728723 0.05256225924264603 -0.04943860322212361 25 0.0 27.3002735614152 13.677803353090479 -2.8400408888855666
28 1759.9212094005463 717.762285702226 0.6536409629150494 -0.7208349946370495 -0.42303527825080167 25 0.0 73.4144254208255 34.44343332178346 -3.8427660885443164
29 1746.6026511836928 721.0395886795304 0.8775513314739771 -0.23634697838887675 -0.45818539329253033 25 0.0 138.5438441089986 55.62703365592668 -4.363214753878196
30 1755.5209536440027 723.7011491556815 0.7256391634067731 -0.3191532246823549 -0.18943782932210207 25 0.0 22.94042834703078 10.381321523514835 -2.540631604840466
31 1732.4891024845406 728.718886110717 0.764754433936345 -0.04158352587507226 -0.1400375465397274 25 0.0 19.446066172739332 8.346083357148665 -2.3037067948671273
32 1729.6764708185688 741.7752879463876 0.6595124685511017 -0.16063961921159714 -0.2096684878071458 25 0.0 26.618433478365464 13.235100372307016 -2.804318098126999
33 1691.6689268281425 747.8391939373761 0.3339801420658072 -0.9237847966409108 -0.388042631356584 25 0.0 1.444077028408566 1.03959902472358 -0.042164658513938524
34 1711.3254848891986 749.2476349589674 0.4533215699234213 -0.06897539889326629 -0.522361416724154 25 0.0 11.532644081190085 6.763740452909056 -2.0754673348245793
35 1701.8504869325095 753.2430850549455 0.4841039388420436 0.44630585656588573 0.7108525771787169 25 0.0 48.34544960639398 26.729319248579788 -3.567469745343445
36 1708.6891119037152 757.447003057161 0.5675512213812169 -0.008074229962507956 0.14865283390939138 25 0.0 35.21502928570766 18.88890528393571 -3.1905169722367472
37 1707.4863684234044 762.0874599363581 0.8595206274651781 -0.06015481920135742 -0.2886528191747077 25 0.0 57.321385913217384 22.96426938607807 -3.4026315819679
38 1092.2514740370634 762.5797267560844 0.5747105439281109 -0.32869816582852845 0.10446375572737518 25 0.0 3.5660516745852346 1.6418482360160143 -0.5383325267409771
39 1664.4820522875327 764.9078477738465 0.4565151350927891 0.6286529603250715 0.145850937707593 25 0.0 2.8116915984194955 1.6901938595099035 -0.5698412989409232
40 1675.1089053688243 768.9330546491503 0.5531487511789404 0.006503229107420833 -0.21303511247864532 25 0.0 9.813152032682616 5.364939342120397 -1.8239120401112532
41 1693.6236137477842 773.175887473904 0.8316532361648721 0.44351077437893854 -0.1818131412023825 25 0.0 62.37422343821993 25.887632490773836 -3.5327308364765866
42 1677.02401050347 774.3486310931839 0.9841688147418798 0.4431945504119501 0.3382119966256441 25 0.0 33.39909342558794 12.104570175251657 -2.70737343140212
43 1645.423202082621 776.079333623037 0.8193504030565986 0.18853088945349136 -0.016530200637667594 25 0.0 7.707594212497924 3.155085950631671 -1.247527986903318
44 1670.1142167241578 786.3287698500254 0.49105555480976126 -0.0713001214573806 -0.34455779082953725 25 0.0 41.671768689514344 24.236850347308774 -3.461190453168404
45 1674.0222336254253 791.9010309512175 0.6782889602739518 0.4141032707815181 -0.6167382922678355 25 0.0 40.48404685230267 18.58448703761943 -3.1728764458895875
46 1001.1800209629869 792.885538234034 0.6732588168301126 0.25261264326546296 -0.019587232920226946 25 0.0 6.798322071255569 2.816756446901001 -1.124373242473556
47 1659.4025109976674 795.7210033634566 0.6825984786601282 -0.3139714556010092 -0.23642805024816602 25 0.0 2.64875990649241 1.2663705777682612 -0.2564020294673064
48 1649.2527229554505 797.9293225577267 0.6243055589178254 -0.5330188724363913 -0.5484255049432517 25 0.0 19.6451529762917 9.538395649038188 -2.4486883321051582
49 1626.552607368421 799.112955820747 0.7383773853115638 -0.6817167313134282 -0.5518604679700625 25 0.0 8.404910571053914 3.658830334020793 -1.4083556775106174
50 1645.5887311001616 809.9620329600527 0.8239335558341369 0.15950684209363733 -0.5167494368441228 25 0.0 187.5850764907824 77.83777436496904 -4.727976023866586
51 1641.2272398016523 816.3762698255 0.3737337503130467 0.2543001012137695 0.4119281295666012 25 0.0 8.460354007070995 6.055439066909202 -1.9553640959572274
52 1615.425478523106 820.9463971711359 0.8502137444767287 -0.34112984585530187 -0.42284643941474714 25 0.0 9.439523099527891 3.8958595068130064 -1.476508217207912
53 1632.5146418225129 825.4267111590085 0.29663473689178954 0.14353001751963357 0.005816147998508328 25 0.0 11.71368100798724 9.190316175468327 -2.408326131811083
54 1615.4577546151236 829.9221810674915 0.8331892033024559 -0.16475187941605415 -0.39788708715918747 25 0.0 15.812302186201658 6.606318803780928 -2.0498988194610286
55 1631.2802036080232 832.3188776309495 0.8733246080496213 0.9211501351620366 -0.5022896908065015 25 0.0 38.174304807751824 14.741500793922636 -2.9213542504187764
56 1630.1932329162391 841.185116433625 0.6121142856336912 -0.27413036864594276 -0.36266769208049054 25 0.0 41.037405807365374 21.31035910232384 -3.3214769202549634
57 1607.1029514873726 841.9664389022906 0.4243494743601095 0.10887544666975993 0.04731288342405395 25 0.0 6.794708541628982 4.473431598460943 -1.6266020027463708
58 1523.2417950702932 845.4439476886495 0.7215446212140477 0.18964732691586342 0.07249517920816052 25 0.0 2.676500767923491 1.08236880630641 -0.0859381686833372
59 1600.4512361516809 846.2719590538233 0.6753245629481084 -0.10553297732689691 -0.04877687153241424 25 0.0 9.045762666816492 4.356978907544285 -1.5979636437231926
60 1585.5843330268895 849.9898862715221 0.8844813678359597 -0.2664492626990182 -0.4669989020418504 25 0.0 89.99508258198556 36.04366640510689 -3.8920724037779886
61 1574.1558795515461 870.6369707498554 0.6728462009341495 -0.10754460163425981 0.16324390309841214 25 0.0 2.614272540857745 1.2253084296206807 -0.2206135532255006
62 474.36705979339257 902.5118188891855 0.49408657525348665 -0.45229279088072183 0.1002289673236118 25 0.0 3.1382394747947733 1.567454465116843 -0.4879873333490249
63 489.22637430551856 945.1444927518116 0.518517012740411 -0.3297057451261812 -0.20242264036699228 25 0.0 6.341394493645161 2.785276266248716 -1.1121706962221412
64 1584.3762051687938 1027.4235940655353 0.7107765343110978 0.47858376703834216 0.04747178281739407 25 0.0 3.3135958347876318 1.4406254113750192 -0.3963776777097139
65 1182.419048549479 1057.8424236451083 0.5213379032848657 0.22692512012033014 0.022365211483919126 25 0.0 3.047086379604945 1.0533267349978683 -0.056407768410640546
66 1175.4682676256298 1056.7100873683935 0.6001420696883303 0.842470784585255 0.1691768141243348 25 0.0 17.592414037507524 3.0394712665848655 -1.2069951054233554
67 1161.3605281657394 1059.9593666538667 0.421909396752842 0.6155584967745164 -0.1313671390947529 25 0.0 5.104799915446611 2.105690308973583 -0.8084862459533748
68 1166.8870114558224 1059.901019848571 0.3941304378592732 -0.8224129559632388 -0.9841128404451838 25 0.0 8.457449542325945 2.423653457976893 -0.961176307663574
69 1171.1776510995549 1060.5402861521297 0.4977786598743726 0.3248251031855549 0.3681171357362661 25 0.0 29.898211215689344 10.200777271566741 -2.5215831627114826
70 1186.7686070695643 1061.001297421132 0.5280018364952487 0.06825174844295094 -0.24982916423214066 25 0.0 8.811738589417644 3.698079688513778 -1.4199406634268161
71 1190.53502232212 1061.2364504339455 0.6115042534879263 0.08411595537246302 -0.5099595087901008 25 0.0 3.3303458756627706 1.3012343417478838 -0.2858887912947419
72 1172.3317889308723 1062.497524451877 0.5176025173250376 0.7586398717726776 -0.40999093220095434 25 0.0 35.14999816141901 14.307579364622859 -2.8889154090829328
73 1374.5045690665293 1165.0007872719839 0.4091911352345819 -0.12791035475516743 -0.30847116000077085 25 0.0 5.983071955626274 3.056567490922827 -1.2130849743139724
74 1553.483164753793 1307.7756745420816 0.7470164249272129 -0.24686119546059881 -0.21909736154811466 25 0.0 11.908721169581174 5.333155648880477 -1.8174606470299346
75 1558.9509420520296 1309.131701375625 0.9666748779788142 0.5911987399676674 0.6203907254790502 25 0.0 46.87497273440602 13.515507180202786 -2.8270808689696816
76 1119.8754723465536 1323.759133119201 0.6820016967498831 0.06984090250175443 0.034878334643907404 25 0.0 3.7817243690334057 1.6548946243611837 -0.5469258630807784
77 1576.4426395560583 1329.0614805143261 0.7780673770167814 -0.038624085069431296 -0.40258508526442693 25 0.0 4.009085892455809 1.7247040224034706 -0.5917864406017116
78 1555.5732150967751 1338.0006715790016 0.8841242551871931 -0.2644112253692434 -0.4373228840753006 25 0.0 5.819573558019165 2.332247810418828 -0.9194367350497601
79 1592.215337681069 1352.7668646621466 0.5551185057156457 -0.0065672594856999 0.8417453920681328 25 0.0 25.227111499482007 13.436999015907485 -2.820755713394249
80 1579.393021461448 1352.9880251628927 0.8964898288347206 -0.23729135921944286 -0.47432067908953585 25 0.0 3.7026544235225627 1.4652243869469073 -0.41476034594143313
81 1590.037761618542 1354.7720081898635 0.8602795971477903 -0.9189923249736894 -0.44120186892716534 25 0.0 60.609561658729575 23.86334053868351 -3.4443280970750854
82 1600.853907839559 1360.013349114744 0.8632098944678731 0.15897465875011546 -0.494092787778012 25 0.0 5.180536952321749 2.0874347115425365 -0.799032252472665
83 1598.628419230205 1368.342785056946 0.7100321395280863 0.16972373385366227 -0.3511232857725581 25 0.0 7.24979224533671 3.276733266726004 -1.2886027257448047
84 1594.6511852882438 1370.926436074507 0.7305536684885922 -0.08903810725885737 -0.34161378912643514 25 0.0 3.086678599285627 1.279143122476264 -0.2672978502978436
85 699.6951364333904 1373.2517812323501 0.6330969071816077 -0.5076364718674402 -0.21415550144206608 25 0.0 2.7434857221299764 1.1657373288917798 -0.16650175885313057
86 1613.4856882634272 1376.0752478625243 0.8498757905326977 -0.16051020731626026 -0.3888181863460379 25 0.0 28.159023017599957 11.520501952904532 -2.653678504711792
87 1629.5872082321603 1394.9859432730962 0.895308547191789 -0.08177051636304024 -0.5224526051836016 25 0.0 3.512431482110382 1.384180930695751 -0.35298215461364246
88 1626.4799111792993 1399.614695414334 0.6066613534758415 0.6678119249187809 0.2282026823814383 25 0.0 7.168899116666553 3.7478123395100584 -1.4344445919083144
89 1639.6825992279294 1411.4086107086384 0.945091985398453 0.08851490500180768 0.06974076681040596 25 0.0 73.42775911592881 24.714650840943634 -3.4823861982379305
90 1646.4445914070152 1410.8981193257086 0.8153542920021534 -0.04742819147720092 -0.38977884349847564 25 0.0 100.81839578730859 42.423215255756695 -4.069008951523749
91 1632.5371630133955 1413.025762457046 0.8337888034590986 -0.08793593552196388 -0.15562805930658583 25 0.0 14.311757028098995 5.658969605714056 -1.8818434033724625
92 1646.543822833293 1419.8746839456473 0.8007275926259962 -0.23808502971176626 -0.32074206704112734 25 0.0 8.368937465390339 3.6032739488132224 -1.3917432045258993
93 1654.9529903924283 1437.506574600345 0.33442513035324745 -0.7711033621434781 -0.7739580132763905 25 0.0 2.4268684077326284 1.5264729089207707 -0.4592227526534856
94 1061.4378487804222 1442.5101833292301 0.6585217347358714 0.4529567637773033 0.07804483589492095 25 0.0 2.7674720132291077 1.1582508704831351 -0.15950658817304597
95 1672.5917705757342 1448.758338355637 0.6980818406934504 -0.04448750117019694 -0.13605393395198415 25 0.0 12.413896169070957 5.922873846791283 -1.9313312064014954
96 1682.6181780580719 1463.2792393076636 0.7404326648854994 0.15779216341182045 -0.296564264734713 25 0.0 112.56482060558551 50.3886962511403 -4.255832804092413
97 1686.2404019115559 1464.1959255082195 0.21236733890020884 -0.5846951070057023 -0.6784491650814851 25 0.0 10.5787907506927 9.8920338049493 -2.4882139796148435
98 1683.970482120798 1473.1882077601776 0.5540982104370823 0.932623175189605 0.02989686055591324 25 0.0 2.8480545226972045 1.4762813918776514 -0.42292286406330826
99 1702.5722237893237 1475.0046636460922 0.8854182128340479 -0.2621933967834275 -0.45843506251859084 25 0.0 24.568789023531032 9.816366176716771 -2.479876875917521
100 1714.157335083119 1485.9584300976103 0.23571031706323683 -0.001255882046858052 -0.005222707000555719 25 0.0 6.105898968874893 5.523578076572011 -1.8555512430074232
101 1746.1989317585794 1531.8488631253326 0.2778066734602175 -0.32493055291720685 -0.6804827281858304 25 0.0 15.821874570931547 11.986929110565585 -2.696769842410282
102 1770.9355322577971 1561.9282498521713 0.5581083813258638 0.8271681742470149 0.8065676756364647 25 0.0 7.686704090166758 4.025439069705807 -1.5120331435302967
103 1774.6136512362843 1565.9852009721849 0.7605249052891906 -0.1390294284289791 -0.5650341344437201 25 0.0 53.42499706900856 23.774351439272962 -3.4402716957074557
104 1796.4909670547634 1584.0290405455003 0.3424845872393038 -0.17147758338119581 -0.5231443971348199 25 0.0 2.4815233355986535 1.7926475797875092 -0.6337372978078235
105 1797.0742753513828 1589.0780438387574 0.5831755026855443 -0.15365600680605082 -0.32068497150675906 25 0.0 3.5092604448319165 1.8349194183564281 -0.6590424917269816
106 1793.6304727155605 1592.0071202828096 0.8789043194533889 -0.19228121517838193 -0.4982916817654458 25 0.0 4.720886889710451 1.8920152299662671 -0.6923115699420356
107 1034.1766631058033 1595.05927857399 0.6095791008704354 0.03017018264595746 -0.03777607547307859 25 0.0 4.956563942206306 2.3483986223711573 -0.9269295423444814
