m1-67/data/wr124-hst-2008-f656n_BGSUB-sources-fwhm2.0-thresh1.ecsv
# %ECSV 1.0
# ---
# datatype:
# - {name: id, datatype: int64, format: '%.8g'}
# - {name: xcentroid, datatype: float64, format: '%.8g'}
# - {name: ycentroid, datatype: float64, format: '%.8g'}
# - {name: sharpness, datatype: float64, format: '%.8g'}
# - {name: roundness1, datatype: float64, format: '%.8g'}
# - {name: roundness2, datatype: float64, format: '%.8g'}
# - {name: npix, datatype: int64, format: '%.8g'}
# - {name: sky, datatype: float64, format: '%.8g'}
# - {name: peak, datatype: float64, format: '%.8g'}
# - {name: flux, datatype: float64, format: '%.8g'}
# - {name: mag, datatype: float64, format: '%.8g'}
# meta:
#   version: {Python: 3.9.9, astropy: '5.3', bottleneck: 1.3.4, gwcs: 0.18.3, matplotlib: 3.5.3, numpy: 1.22.3, photutils: 1.3.0, scipy: 1.8.0,
#     skimage: 0.19.2, sklearn: 0.24.2}
# schema: astropy-2.0
id xcentroid ycentroid sharpness roundness1 roundness2 npix sky peak flux mag
1 1665.1134714905747 438.0404256378282 0.7485179919721863 -0.11363672660899751 -0.014249901790779328 25 0.0 2.0250273743294107 1.8590845219875154 -0.6732478377948968
2 1493.7263264487726 528.2291802515161 0.7081695137841234 -0.2692776857515996 -0.021023143789970448 25 0.0 11.54321528682535 10.750177512792233 -2.5785390890452535
3 1471.1177895096039 549.0081633366543 0.7936668909738565 -0.12478996879010976 -0.035222226407317106 25 0.0 1.1674573088918883 1.0466983843602837 -0.04955388452386847
4 559.2174636192537 572.6286141680936 0.6680138021373211 -0.3057059204907778 0.8477730727627326 25 0.0 2.33907679474511 1.808650235525046 -0.6433864731637672
5 559.0500107859564 575.4963360418665 0.7428336491021407 0.14375805476491554 0.16187332352058353 25 0.0 28.980253119123287 26.18072596857438 -3.5449542124671876
6 364.1234360350142 581.4076885104078 0.7989010208556422 0.3022617813495059 0.14175825389847302 25 0.0 2.012087716576935 1.7601184983642684 -0.6138547681906608
7 816.3135184473294 608.6932152419029 0.7461142486786635 -0.11688332302018042 0.014867761641624611 25 0.0 35.29909738327386 31.846567650442523 -3.7576565798417416
8 345.55476760505235 623.1270695777339 0.7529860449257343 0.023544878983915295 -0.19554808411922556 25 0.0 1.6320893859767687 1.4530434395492011 -0.40569649492350085
9 981.7152344936652 625.6492184021783 0.7724665106413682 0.21333335597093797 -0.005689710210395679 25 0.0 2.1992933677104234 2.088094003350061 -0.7993751153960237
10 1714.6644105630962 626.7405679600702 0.776764926648046 0.10257882457187072 -0.07248551517710941 25 0.0 4.32070247651906 3.8487400946219847 -1.4632964604575458
11 977.6865673529076 678.6803014807919 0.7329994356231633 0.26298953810479553 -0.028893838063771653 25 0.0 2.9618374785387047 2.790401681364585 -1.1141668123448631
12 886.2273743411021 708.9770871858343 0.7763575366350185 0.0055865081098945705 -0.01293228921578838 25 0.0 9.666290610708971 8.661192750661927 -2.3439442593047275
13 1408.003870667058 762.1964903499828 0.7962499880058103 0.027837121646713554 0.07677096603016097 25 0.0 3.123061237697755 2.8462300734582238 -1.135675007813
14 150.4324359043826 766.34291166052 0.6160719580951348 -0.24969321218213258 0.1623680571709315 25 0.0 34.43916825892981 26.47934526282872 -3.5572681059735354
15 1459.5173647363301 786.8150965804305 0.7546789686885261 0.05721255970735692 -0.1656230441934614 25 0.0 2.196667426853824 2.0025249789476955 -0.7539448551509738
16 864.2794171493833 818.1117355579601 0.7899537781482389 0.0781399287625223 -0.033586801923187026 25 0.0 5.375193804458802 4.783489726231836 -1.6993621138527923
17 359.3169630295681 818.8192110203769 0.8173902759865406 -0.1101981147887951 -0.05656874181827504 25 0.0 4.1781823222554175 3.67397548349104 -1.4128406348101015
18 1138.0396323922964 848.832083788194 0.8185732475755306 -0.08461897767998365 -0.013093854635644313 25 0.0 2.1539733872088367 1.8857067676717925 -0.6886853993130457
19 373.8826888080367 861.3991981630633 0.716005957477891 0.4231114998102227 0.256253797707219 25 0.0 16.408965425564514 15.33242045602911 -2.9640268006583677
20 1400.9033504656168 897.1968931207246 0.8266150570322921 -0.007932058537254691 0.027398271587417686 25 0.0 2.6430720869501596 2.332344245881586 -0.9194816279244598
21 1806.5977690955544 925.2748265893287 0.6992152647042092 -0.21579349553231175 -0.0604420408474934 25 0.0 1.1055390221097885 1.0527216085298199 -0.05578384376530465
22 1469.5777743406363 943.6603733703746 0.726840694990913 -0.459186559416336 -0.15720325062095622 25 0.0 2.13380016565473 1.926575657543971 -0.7119651715878161
23 1062.1066916421735 945.8415170006601 0.6982320916704734 0.31269708300013177 0.6853648742580465 25 0.0 1.7518916381651484 1.2381697976043635 -0.23195051539771394
24 1061.7404059606627 949.9186939771829 0.6852066616629835 0.28804110237502306 0.6619765798773147 25 0.0 1.7749474249572763 1.2863010087013265 -0.2733565255161573
25 1061.0028551090436 960.155534312688 0.71479648616259 -0.1465385915009154 0.41177468117540145 25 0.0 3.7412364565561163 2.611482602562452 -1.042217842389937
26 1964.0194495578478 961.4572001757409 0.7738935383074298 0.187725921450485 0.21616680446400502 25 0.0 1.1201625968763154 1.0058360813966514 -0.006318026488282618
27 1060.746562665436 964.0823770545632 0.6611117180605728 0.011883418442008704 0.21697367935919282 25 0.0 8.840367651875539 6.669651374730205 -2.0602578344211024
28 1072.876299055683 964.5834819585564 0.9813710127874418 -0.2709058278173396 0.8022669252174437 25 0.0 5.9658426312070505 4.67547976155025 -1.6745654535847132
29 1060.4770189150806 968.7759587427637 0.6676669321004037 0.018633476750259288 0.5615058090524825 25 0.0 12.00864811841462 7.162078659918241 -2.137597716215277
30 1059.1961616835015 984.72542115521 0.6434378188121211 0.21721099611450842 0.6133422746273843 25 0.0 13.6284302350828 8.759943744509405 -2.356253292952282
31 1047.5102118297666 987.1034867737761 0.647296870525829 0.2254572744682549 0.469442279364856 25 0.0 2.2378862165284774 1.0189019220149091 -0.020330953691954177
32 1058.804567245725 989.4262594245755 0.6820300458703813 -0.0810267813920702 0.49968254322437183 25 0.0 6.136250899727417 4.657045033991424 -1.6702760940370085
33 1058.4822594830357 993.8547453556308 0.61362969607187 0.3586362014347196 0.645864551290234 25 0.0 2.251544173975394 1.673621259754449 -0.5591429599962143
34 1057.8075639610347 1001.1996625142922 0.787056039083046 0.15130613873317203 0.9998183839574916 25 0.0 1.6735121930190076 1.0909568120331634 -0.09451889602417315
35 1259.5473513801596 1081.5298690210313 0.7018947739045132 -0.3210428018431646 -0.039843811225656806 25 0.0 10.377395776779545 9.345781106732662 -2.4265390123254336
36 381.06949989981615 1138.1269523826036 0.862051158272703 0.07684363137700534 -0.0007364221824016552 25 0.0 1.4754994929128085 1.2551773119192693 -0.24676270129320527
37 1743.5920908679093 1178.5732086356038 0.6973260044430064 -0.2703307493193793 -0.026280829018650125 25 0.0 2.5109696740111396 2.1003979642828825 -0.8057539717366303
38 1234.353562900183 1182.6662677009654 0.7559173549109212 -0.17387768495432276 0.014474937969185768 25 0.0 1.29642565618843 1.1806087953224271 -0.18026503578182085
39 1138.4189933626392 1185.9230984448818 0.8430518330616755 -0.11838876441786654 -0.09036160712216978 25 0.0 2.280315138209841 1.9015207989097458 -0.6977527002595253
40 620.0076828385871 1224.3506171047545 0.8093538240854518 -0.011045344216067206 0.08622685474570439 25 0.0 2.5604868169521566 2.172190219943044 -0.8422446349972943
41 1004.9389841866879 1239.6259554542862 0.7802097861316889 0.1205937585347272 0.12652658533007538 25 0.0 3.363362573697911 3.010091247117237 -1.196449152206254
42 584.3893012362523 1289.5215661630757 0.7055346885203361 -0.3972351901732381 0.10922572795493615 25 0.0 3.433954348116236 3.088466751088565 -1.2243573257461309
43 1388.178599812754 1346.1310402827462 0.8202468627478527 0.18714372182149838 0.10082166819372418 25 0.0 1.2677737014220674 1.1236831055401846 -0.12660962835042994
44 946.4535721247277 1358.45108027558 0.6834604892835061 0.5212201692211585 -0.018362231267036674 25 0.0 2.161508329650638 1.9548300085378818 -0.727772493122764
45 850.4043671881874 1411.3362995602704 0.750810058915366 0.2471868798940707 0.002533942748994377 25 0.0 1.493495627865923 1.3489545162247027 -0.32499326616337115
46 1119.2010629052268 1417.3510624931073 0.7648547037715209 0.254180873358466 0.13487993476995397 25 0.0 1.6949608090428658 1.537875720893679 -0.46730310148716525
47 841.0844565603612 1476.4590303606308 0.7345037996034377 0.058088197855234745 0.2490790412307845 25 0.0 1.1699998715764341 1.0673698714041324 -0.07078734958001082
48 919.2936190379238 1511.1508091709588 0.8249368618603614 0.04832310336205217 -0.05680336451559896 25 0.0 4.743666163445337 4.201013345180785 -1.5583851528625767
