m1-67/data/wr124-jwst-2022-f090w-TO-gaia-OFFSETS.ecsv
# %ECSV 1.0
# ---
# datatype:
# - {name: 'RA, arcsec', datatype: float64}
# - {name: 'Dec, arcsec', datatype: float64}
# - {name: 'd RA, mas', datatype: float64}
# - {name: 'd Dec, mas', datatype: float64}
# - {name: 'Radius, arcsec', datatype: float64}
# schema: astropy-2.0
"RA, arcsec" "Dec, arcsec" "d RA, mas" "d Dec, mas" "Radius, arcsec"
35.6174995158076 61.55460288828853 1013.0085909758532 -209.8891772764505 71.11663216742849
-0.5716064457585598 93.88425460120112 976.777202392405 -228.75629179232956 93.88599467401617
29.24314802668052 66.54620222528689 1009.0685760227296 -192.2227571770944 72.68809192328712
32.75447159464071 62.64283464359837 934.8672794578205 -196.28784263266402 70.68932103679813
38.231062998695954 57.13879702069393 1013.8812502761775 -208.00740896025425 68.74922738180977
81.7300848930466 16.16651107918986 1037.1138004738411 -180.986399391658 83.31364140051915
10.839966042669946 79.21361857893727 1013.3827163826581 -203.52293686714157 79.9518744395644
-0.3873904739486882 88.05661376781296 1034.147616936007 -163.46549106206402 88.05746589370965
10.742916261293553 75.65988452267531 896.7532596633887 -176.53882158145646 76.41876975329494
83.94293652731362 10.059570590803034 1018.2090537454782 -193.3186505968173 84.54354823242033
-3.0626076836634 87.9846340399722 1001.6141142412195 -216.85162330420857 88.03792019580656
82.54219229763368 9.542906108092184 1024.1732230841683 -184.50153469706663 83.09200058633144
33.18011692707962 53.23096097352181 1020.1700863480432 -188.69581736002974 62.72523687495474
91.01786567248705 -1.9127926151902315 1173.3652273046257 -21.198177743036844 91.03796266903106
68.21416328355198 18.09501878555574 1020.7213610681858 -186.2367994104253 70.57337858845632
40.57924676919406 40.69790720968135 1023.1833151977909 -192.23362732320697 57.471687796951976
-14.691333884227387 89.92461742431207 1008.7717909478995 -204.9648998351065 91.11680468789265
28.37038890662932 50.97813923436741 1012.4980570963685 -212.83276892843313 58.34080587481416
29.720284712930596 48.86170337593615 1014.8816702672889 -205.54574063407802 57.1905705837197
33.35564776724343 44.18098635223561 974.2032982084709 -203.80436820614764 55.35845713188593
28.74134295576386 47.127057718753804 1018.693734528271 -201.4502861915542 55.19985824037638
83.72730279936097 -2.1570104854144536 1030.0998586805317 -177.2186979374105 83.75508299816522
10.464388125338408 60.604027469720435 1004.8968697766543 -221.35575576326843 61.50082569560515
51.45923056217407 21.61331205677489 1015.880871452047 -205.55245484353276 55.813866184194175
-8.174943331863227 74.8130721708963 1016.7951853944087 -210.65365707520365 75.25839131415987
54.327679389726846 17.711651427109125 1010.7939166574151 -187.57345923052998 57.141922761573056
13.216804405530759 53.55436498134477 766.6927776949367 -157.50264182789493 55.16116317957747
37.236676746014 31.890729275253154 1009.4042744958335 -182.7622275165189 49.02640816696184
66.09826548194651 3.2609369463708435 1016.483996418011 -186.21088231964796 66.17865523817264
-16.47380321592724 75.63221407297762 992.6691099031218 -246.78566267409187 77.40554234557051
64.21008058083618 -2.4873982646157113 1021.5477732014883 -188.36543580742634 64.25824148026351
10.676873980106459 44.577838891612906 1022.2189812114693 -206.51614451568844 45.838622977364466
-6.433235522717139 57.31703039186625 1020.5115115486446 -205.33749862530775 57.67693205404438
31.89548864250599 20.862344126733497 1025.274724987385 -229.00842398628777 38.11245983581393
-12.143846803335798 59.31088528832224 1008.8668583825921 -218.57652140796654 60.541342277820405
10.495894843654884 38.28196518399289 771.881856373929 -152.8359812664029 39.69474355194315
75.53588407215793 -20.26384014233555 1035.8683741942677 -174.04282693186423 78.20673232865303
65.73752208591104 -14.06136322666088 1016.5071203737331 -202.76608776994127 67.22457689788237
32.96985950517812 13.938159193351192 1017.6226583241312 -214.82049441630994 35.795026412088745
56.59712677785224 -11.318628286243479 1027.6214921941923 -183.66648958675657 57.71781443005691
33.49558055218955 9.220741214224821 1032.3108113606893 -199.34898724599017 34.74155990048948
-1.087761332974926 38.895039503332754 946.0707166019826 -249.05175543601734 38.910247013728075
26.309023684272972 14.165168678421168 1029.3987435309393 -215.76008135273963 29.880038986288373
25.73683204203059 13.81791368498564 1034.16109475031 -188.43235947038417 29.211628869005434
41.35146407475347 -1.260333926171617 1023.4708817428418 -198.04700756565447 41.37066621065945
-18.874643349364096 51.13475022310231 1007.7325157475321 -229.89364954365732 54.507016379971624
-13.59350952054762 45.414925135092005 1001.8728761437235 -229.15735155345908 47.40568450222495
4.662254353999301 26.373967197850362 765.7581189401759 -150.05595454841958 26.7828818706351
48.48611142643148 -14.228127028528387 1022.9668678808508 -198.1529068576009 50.53061048779383
53.32371794502282 -21.199431684411184 1036.0134426088123 -198.50709684666126 57.38322742076189
25.594196706672836 2.8713954928703975 1018.7617363115054 -205.911222735985 25.754762998266415
16.753774824586404 9.574949256461974 1007.5319056653794 -214.1466352283521 19.296855286185448
-34.47012358402337 53.33755629485722 1006.6085225927658 -220.06770075615583 63.50656899032486
16.82822405088228 3.5495050456349673 1017.9183202115926 -217.26639873031863 17.1984915253527
-4.44820408051017 20.812204251268575 1021.4131960529039 -215.60204049262296 21.28225470365395
-41.19383299658098 49.75829262651286 1018.551629865448 -216.45242536981743 64.59736472280795
27.418577117874325 -15.169302241639114 1020.7831155615412 -222.1758489867877 31.335061836817243
-41.06513702736409 45.55152931606987 1015.8000648740057 -205.97371645241026 61.329334536463946
-33.0083762021287 38.312343558784654 1012.4563338460327 -222.16097333407595 50.57062938040109
-41.225274619240075 41.615685137985295 1014.4312157579319 -216.15058475492023 58.57805471230897
-48.09771395974876 46.85474341218002 1011.4623069722991 -256.6801339334133 67.14727863863101
48.76190871680987 -40.066639941328575 1285.9228655701093 -82.7093272412628 63.11148348745705
14.29362663068919 -9.98993853291234 1017.8129859540887 -217.06597074900088 17.438653445396806
32.29007313761446 -26.521105801570616 1033.4244476154383 -207.1075563754047 41.785378667943334
-47.8022670502998 44.26148748187878 1005.3330734139086 -226.64286193004904 65.14703350254949
-17.065565286437753 16.62642187720938 1013.8536616349108 -245.3919463517672 23.825856172541936
18.233839627944207 -15.84597440038352 1265.2567538144915 -53.48531238966521 24.15714825104971
-1.1597543837527242 -0.3114352630653542 1120.6845199451243 223.7336138680779 1.200842268386164
-11.071685279131275 3.091059314074713 1038.1135801584935 -231.21315812722588 11.495079929802724
-21.258207854872705 10.546050328356971 1253.8411837468245 -106.7391510246485 23.730372486101018
-10.191985178162575 -0.4649589807902122 1026.3646258680146 -218.99202586682625 10.20258539417116
-52.64729139677672 36.06472078779873 1028.4400113983565 -233.7268330375598 63.81536921984801
-42.418623746630566 26.372372446328903 1024.5028859206427 -219.3142391176246 49.948389955934566
16.535706306720098 -26.80789181191859 765.7296310043031 -9.65891244345124 31.497502201353512
45.25950432673067 -53.687638615384905 1043.056909799111 -202.26388630505795 70.219550167592
18.66647272194578 -30.155662723596702 1039.5785607573214 -206.95994659982122 35.46549302769765
3.804849931607891 -17.353206934103582 1024.374014580139 -215.7088219152269 17.76543480656583
23.553368742154266 -36.634403243167014 765.7915368896494 -185.58777349089283 43.55273440615649
-43.06480519162614 19.338778138581024 1025.0600730299614 -235.71976015595735 47.207687728344055
21.856757974575594 -42.67638301179854 1028.4121710400661 -216.89440997304982 47.947800046639635
7.368876448507793 -29.772747895672715 784.8373504758817 -127.52589464531056 30.671107854085186
19.25655260628115 -44.575011489528016 1283.5850618098639 -67.86983746670639 48.556631491476075
-0.497279963848444 -27.037420115269022 1037.3236491119083 -199.5344293798263 27.041992786231575
-17.306607784257544 -12.924658368495086 1028.4116378480867 -221.44992329683896 21.60012654008163
-25.052728134230723 -6.955228148648659 1027.9726817804453 -217.46830331468058 26.000276639379347
17.547949894321324 -46.18077829249372 1041.2639434105636 -207.56562260226738 49.40237670445994
-61.05612569674115 24.138528929874084 1023.9659383639896 -217.00802255537644 65.65454323165518
-24.43005940561569 -9.446295499193425 1024.0789517337096 -231.31396926957066 26.19275282982223
-13.280364402624944 -25.926164053664017 1038.2264862530042 -210.52407406016613 29.129607966335683
24.394300119508472 -61.49427677536617 1040.3025314519239 -208.36504798606668 66.15608767767745
32.638955594943745 -71.4567095496322 1036.8734304952898 -190.38333117826156 78.5580213560521
-69.64983889255566 20.157421333373264 1198.7185618466588 -37.63546432442988 72.50808008159296
-47.66377145783048 -0.7675241417340904 1020.1031058818721 -232.6034840138821 47.66995073294677
-46.57159372898208 -3.515731612219256 1033.6658816766196 -212.98553065300064 46.704108074347836
-1.3462585419865476 -46.56200207710943 1027.4481690005423 -218.4075933526919 46.581460362032466
-66.1570980328079 11.349230859110463 1022.0644266693433 -216.57217462375755 67.1235179111883
-21.474595400381062 -30.55355621842778 1015.3408431593851 -230.93707257420058 37.3453884948422
20.152413069292543 -69.58895507481623 1049.7291320926397 -207.16607729787177 72.4482049847758
2.3392464188710163 -55.810764679733836 1021.2326118206955 -218.53655581225 55.85976662869003
-79.09183867156726 16.035292544335707 1026.2746331980345 -235.2556978176424 80.7009884625805
-60.82957434736525 -0.4944652696090624 1032.8119301025583 -224.96280440701787 60.83158399359488
-55.91695819846255 -10.78676881688073 1038.9145448912655 -219.50403333801472 56.94787610469089
-32.727883638563526 -32.27103011337711 1039.6675265230456 -220.8962403675539 45.962307854359715
-75.66551543667033 5.3054797128180695 1021.6283576039647 -223.15618434376887 75.85129095809278
-58.347914059945296 -10.429115902859877 1021.673137121742 -200.18899907868533 59.27263728535644
-77.74707072461266 6.826578336610191 1015.3504529584498 -213.09148864908093 78.04619898387804
-48.75924223746746 -26.1341563067632 1030.0176230632073 -265.9702842516166 55.321404688474146
-21.159486902217168 -51.937629805194675 1037.4408698516756 -215.49416695786908 56.0824506087672
-85.63020939725475 4.422311044076143 1051.7409831820298 -228.9990127300742 85.74432689827636
-87.76207657812856 5.612200765962474 1000.3341370468079 -259.01362807506547 87.94133772496924
-49.53310513982274 -29.007203517160608 1032.3211048967137 -254.47228277128153 57.4016231869073
1.9811732737330903 -76.59658844342081 1049.8023655854681 -197.92994590077575 76.62220571435473
-31.27109645594488 -48.54003502100692 1021.4879405790033 -223.19793874959382 57.74094262606726
7.133443709190534 -83.97962023314446 1046.106114664928 -206.31848166281077 84.28204216110217
-37.51588020967224 -49.20313586221946 1035.8610225980556 -219.4465124010228 61.87398338461775
-44.57409269170125 -44.74748533260947 1175.0106579419994 -106.61622199208232 63.16001228398175
-83.67013922317102 -12.175468828842202 1039.0946514869004 -225.02569310253452 84.55137036543648
-8.08630251675743 -82.11303352653123 1030.0777620188455 -226.53262599759452 82.51023306152372
-95.91262587361345 -6.399925408753838 1028.851535620773 -235.03842739475326 96.12591140922655
-49.15133423199686 -48.79762230280177 1044.4907334110742 -237.95572993411113 69.26082264972833
-36.25603531605717 -62.23203508111356 1040.3501056622201 -221.68752665849004 72.02309523544096
-72.98805754299622 -30.679404791104055 1047.8825828793388 -266.82777744715776 79.17374806681643
