m1-67/data/wr124-jwst-2022-f210m-TO-f335m-OFFSETS.ecsv
# %ECSV 1.0
# ---
# datatype:
# - {name: 'RA, arcsec', datatype: float64}
# - {name: 'Dec, arcsec', datatype: float64}
# - {name: 'd RA, mas', datatype: float64}
# - {name: 'd Dec, mas', datatype: float64}
# - {name: 'Radius, arcsec', datatype: float64}
# schema: astropy-2.0
"RA, arcsec" "Dec, arcsec" "d RA, mas" "d Dec, mas" "Radius, arcsec"
[from data line 513]
-1.6216988554458014 -15.148580515910874 4.9146880117270415 -50.333962857680895 15.235136980664203
23.486689302472932 -37.37891647994586 -5.0232779498837985 -99.27258036763871 44.14530513616941
35.98254660856868 -48.29941018295871 -1.195090398760747 -49.38515141448681 60.22936709607439
-43.06012004875453 19.333300738434673 -0.9824331796040063 -43.76896893749712 47.20117001331609
-36.325364287090316 13.077040720791235 -1.6262762122606347 -44.592799875088815 38.60752624588843
37.4973137299095 -51.23344387269514 0.021607415011769274 -48.76557937525991 63.4894816414772
31.815292144251302 -46.989324085526064 -1.9679560263588987 -48.383269052677875 56.74688867883681
-29.008942563470544 4.870214493367901 -2.4616143050898676 -44.145358409456364 29.414923724161937
43.299444127461136 -57.034268216293704 -3.0601943093858526 -49.85098005221603 71.60830653592322
-39.846658665159715 13.265656166588188 -1.573540824353573 -43.84002951866798 41.99683128666925
-46.92268915029271 18.84338375907702 -2.007992726555862 -44.19702678360666 50.56492719721006
-27.85356022764668 1.9714971504735324 -2.7969607137287023 -45.20077590710256 27.92324512555201
-23.571288448134368 -1.8379515471291425 -2.543538024975282 -45.14327482440524 23.642836229627978
-29.397557753631453 3.0422693522921613 -2.8839458818231103 -44.19600140203846 29.554556410436152
20.044772564044425 -39.467481159642716 0.21425176861852593 -46.52808990772515 44.265957250768444
-11.941015787728983 -12.32211692168115 2.4638960490128587 -48.44843469456882 17.1587418915953
-62.28890416501632 30.43398561850099 -0.9115069526962197 -41.890016095378 69.32629396235593
-21.827536177563747 -4.529913610775289 -3.104360336447978 -45.85366146027411 22.292632254308643
-28.166652892675774 0.7995898910238416 -2.5561392503121656 -44.63160998292288 28.177999914041912
21.860122897001204 -42.67933393687027 -0.7150165794964455 -49.61201453023944 47.951960455707315
-0.15537509667282967 -24.261918558225283 -1.5002275021018168 -47.26490655988044 24.262416069849717
-20.52921006014503 -6.899526554879316 -2.077080358768938 -45.03057220767859 21.657606797920124
-37.92579308665923 7.870520852284355 -1.4381229023696374 -44.36756845258777 38.73384668514509
-31.950577528695327 2.396436119117196 151.79012040558777 -65.81922654656292 32.0403231950266
-41.36274057632996 10.099897025295123 -3.354619711670752 -43.48051855577013 42.57797818756859
24.115029973276606 -46.33163279008109 -2.463492654173653 -47.165993403364126 52.23174186094537
20.270787378450617 -44.57732723698432 190.9066440786616 -91.19367910741197 48.96981639886529
19.039150292657695 -43.6115001432215 146.35860299694184 42.63575231798196 47.58626044571135
-0.49340810655892237 -27.037919071831983 2.602303084275321 -49.19244562019694 27.042420736557396
18.91481370677633 -44.31295290242585 180.46508077168048 219.22281265605068 48.18099176014971
-17.299989829888318 -12.934699341773966 -3.100699635054026 -45.31753589891414 21.600835511267245
-57.59954327889458 21.423073337071344 -1.0675235106191605 -42.12220966556569 61.45449898263187
-25.044133241908003 -6.960209559756581 -2.927838024960506 -44.891266473613115 25.99332850387582
-64.9233502964679 27.091420046445904 -1.984527744204597 -43.120745181844406 70.34903289749644
-26.95540837082816 -5.900553725537889 -1.6900002995477406 -44.57964555765393 27.59366910176646
-52.7411589036981 16.03826198157076 -2.3954705128677545 -43.62716732166758 55.12581685814393
-48.77087046240695 12.656490895226524 -2.4647039722407538 -42.76788201841959 50.38635295842747
15.167012090491687 -42.71440136101936 -2.4248090688048216 -52.26916834354049 45.32723614006147
11.202620746126138 -39.67694906139481 -3.175647833656479 -47.42044770248404 41.22813356017181
-24.422318084360793 -9.452893588844084 -5.8106956990826815 -42.56088383425761 26.187913574880675
32.369234085864534 -58.137022577689955 -1.885858816121164 -49.01667393615317 66.54081966552765
27.58294815774245 -54.69252182664903 -2.177118156876173 -47.932532632900944 61.254313766466495
17.55148467633121 -46.18378515802578 -0.8796307110565688 -49.03655880218833 49.40644310934955
18.917272997878893 -47.49174286822172 -0.7111074589707648 -47.51214728083283 51.12072820306464
0.45688373493080725 -32.3602181632388 -0.20581470103722724 -46.452468197407796 32.36344330132253
-65.00797708819205 23.669998091710436 -2.0140377752945384 -42.10136385854461 69.1831328880232
24.327843878852757 -53.02627499943431 0.45467940939330276 -50.65578907568541 58.34063605307932
21.898089210573946 -50.96624107012181 -2.1811868445580007 -48.68394477924504 55.471470416211375
-44.30034880373018 4.1701241838052185 -2.0654444139667723 -42.418608165658334 44.49618904557925
-2.124227882205278 -32.155661880867235 -0.1550646509845475 -48.03989350549562 32.225749565443984
-31.256932150500766 -7.96803390199782 197.37407191154637 -38.751110397073845 32.256555476827415
-22.077589995847813 -15.618068074685986 -2.039553314682262 -45.332457294363394 27.043373115695285
-22.869022396254575 -15.564855884128992 0.5350359796594066 -46.28821972149718 27.66327751847189
-64.54028382772687 19.640031268880797 -2.65453374487102 -40.94407072379625 67.46242696645041
13.299109474366261 -47.1824600587339 -1.7711534804449172 -48.42331787842151 49.020922542554594
-56.010967365111405 11.887958260547236 -2.5406650833648348 -40.21147657858053 57.25864138542664
25.778255109423565 -58.15824312298631 -2.87111620614901 -46.16273119098441 63.61524708771323
-50.1616069628955 6.697527190013113 -0.6706891532786761 -41.92509968723619 50.606755306717346
-38.35653745295005 -3.555466081740117 -1.920147617897786 -43.179517431742404 38.52097226556619
-59.520168399400326 13.893738657169315 -1.9440163729380846 -41.803430944373645 61.12026190058482
-70.09723256736685 22.86014609256439 -0.8615137016355536 -40.133754698390355 73.73064676807351
-13.277053101640567 -25.927643800946285 -2.2404007322846167 -45.96756808996986 29.12941556573642
-32.446685788168175 -9.57085410224541 -4.338292788534006 -43.17823307414537 33.828814140067934
16.157259733167052 -51.30682961629144 -4.11683372779622 -48.94352382215656 53.79077803839487
9.318857597893857 -45.94293716366663 -1.6245370951385854 -46.271578467820596 46.87850872969497
0.014376584476956642 -38.27625935055288 -71.3395135366057 224.79806078744315 38.276262050479396
-31.754086749890863 -11.052304890258219 -2.2567612205883654 -44.7408872185909 33.622544040256486
-25.460466146420224 -16.841472600671903 -3.3234304698422976 -39.95526712089298 30.526554576439718
1.3429940094679962 -40.08112303898052 -1.1919400924265262 -44.559375593874606 40.10361650715062
34.1922272371674 -68.3744710278492 -3.3983423948547196 -48.60074791130951 76.44721478873711
-21.370320850255787 -21.0973976380013 0.3636874637500475 -45.01993604225166 30.02983181347001
0.596497643651575 -40.059073547120484 1.7509662657928904 -47.58155206650875 40.06351436017597
-41.60752633258581 -4.500720377710389 -3.6080832540129455 -41.24921441088552 41.85024170964457
19.214987720108695 -56.58892313169204 -1.7315694673235449 -48.55659892184271 59.76221184851211
-23.674905341401182 -20.018131511497923 -2.355486207856392 -44.38960205938241 31.003656725919953
-16.182146948115715 -26.63405031462782 0.953868826654192 -44.49364186038979 31.164635639741242
24.397804150699255 -61.49925168065532 -2.0999307052891196 -49.62427387012029 66.16200410368538
-38.15487912055615 -8.485922967471572 -2.3078031081608414 -44.99139426869561 39.087155032021705
-10.481367631586197 -32.169691240345585 -1.5509174625710107 -44.89737473778441 33.83412627862023
3.710117543856934 -44.41172874858215 -1.711703631183149 -46.856445314685296 44.566429320881205
6.58080253880854 -46.84434353526088 -1.260751275915577 -46.454620522016285 47.304328370247575
-47.655845208684 -0.7756379454587311 -6.115933012796211 -44.84464309402632 47.662156862239485
-36.04405354339 -11.141235421648688 -3.6674063289095544 -44.47876710077774 37.726660616698595
-26.802781211112134 -19.45036597137492 -4.425119855071864 -43.72411292217463 33.11654895865476
-46.56136910859365 -3.519403660629324 -2.7586820002486028 -43.34918316451423 46.69418909436472
-1.786580477618812 -42.27718770177809 -3.597276288982956 -43.92342788364814 42.31492017868792
-0.5188723074583547 -43.61428012629698 -0.4081440230323195 -45.39369840403288 43.617366488620156
16.40749941142868 -58.30886949676731 -1.7853980093301818 -45.19810084433774 60.57334638070824
-41.246487407545494 -8.977915155712148 -2.9442624500466836 -44.090157207476956 42.21226934111759
17.687135762243837 -59.432403460951335 -2.468881847092575 -48.10174573584716 62.00842962019117
-12.618189228663224 -33.89008817877148 -1.9924524244267063 -45.24063366674871 36.16291988682646
-8.249317037041164 -37.65935743051129 -1.6843601226977953 -43.866322398342085 38.55228181180653
-19.149509183688426 -28.74675518790126 -1.655293985085861 -43.94446123016768 34.54098483583303
28.530587691950004 -69.61043564819184 -2.564634231977543 -48.8877722760784 75.23036058853285
-66.15005396671417 11.342480144788407 -2.0451707747384504 -43.098781351330594 67.11543407596145
-36.6899099761029 -13.935401826021836 -3.0223299941918667 -43.58052034363727 39.247228132128605
-32.81324113482845 -17.274271913243975 -2.5446848566601057 -42.87761949816113 37.082465686523136
-55.59741999549845 2.051351536442096 -2.023762395021982 -44.292036098045855 55.63525099406538
-55.24335394102102 1.613779668891396 169.53966606236304 -193.61232323050922 55.266919937657754
-64.75971694892144 9.588324128387923 -2.3474349364690728 -43.298207480823564 65.4656925104209
1.6091032180108293 -47.21687828970287 -3.1045962979831305 -44.519559626716976 47.244288634127955
3.0627531872063996 -48.74585556767807 -3.1406626888712283 -46.78800274094493 48.84197878808957
-9.209110420911125 -38.57465160316227 -2.21006611822129 -45.685836886996285 39.65868706928387
-9.380058392847358 -39.27132673672379 -2.2035929312002756 -44.399937273092036 40.37601513338762
23.8974659385084 -67.81309354656557 -4.098085594548653 -49.24232638648851 71.9006572574967
-34.041787998088175 -18.302222989607692 -2.9886234018552393 -43.78938846113536 38.64989900917428
-19.55533538495694 -30.71472447763981 0.8618745139364137 -44.056202081508644 36.411611320025074
-45.932770935354576 -8.36121336508399 0.5803509108557855 -43.074537482943384 46.68757151084376
-1.344242045301529 -46.562879677598104 -0.8703860751972144 -46.45863540616289 46.5822793615373
-37.71072545849933 -15.743428159771108 -3.4900576024492 -41.89647459205304 40.865074844615044
-9.637560817888371 -39.897086204992696 -2.056897403515694 -44.98167688536618 41.04461066944349
6.845454265022889 -54.08261536459108 -3.4446582733260156 -46.7358327195325 54.514122277579055
-42.512507759501005 -12.286625338010282 12.656368304179342 -39.187456266155635 44.25239514485416
12.532516719585715 -59.45204719908958 -2.6190382050260377 -47.94693338554328 60.758619858773756
-22.558899739314054 -29.56247858811925 -2.8901336433225664 -44.62626914334067 37.18661176064046
-21.472407996463012 -30.55507345650839 -1.7496172271635915 -43.042310241650206 37.34537207908751
10.683720704717155 -58.108155193324464 -1.3510820414905351 -48.06232718663031 59.08214269174328
-4.295011953950208 -45.35766824759901 -1.3823048089097765 -47.2586703419943 45.56056624149235
-44.72182576149189 -11.237278805619898 -3.2425614320670317 -43.29308036688261 46.112017223375275
24.60487561802509 -70.59631344007504 -3.128868642512513 -47.095673831639616 74.76121555906958
11.661834100809084 -59.77916398118588 -4.103566570642351 -47.73261646644266 60.90604910087047
-37.34743081098214 -18.056665852877014 -2.007679088242057 -43.39493677944005 41.48341555777395
-60.06497053296375 1.0879445847065083 -8.74686840575262 -39.28682281964735 60.074822584105405
-16.28850712909101 -36.461134776584856 -1.7734986230004164 -44.74915044086997 39.934068299190656
-15.119312835919796 -37.5712222051077 -1.435913327776881 -44.405193348347545 40.49926364873233
3.944370291379993 -54.020219904308895 -2.3837202512970057 -45.92452277714974 54.16403063980955
-8.757613991288279 -43.348207170023024 0.7034586893228477 -48.01968802809858 44.224007807383394
-37.06958232667351 -19.25113571039928 -1.6841523739548896 -44.85456627959919 41.770326261913176
-7.188065444299131 -44.87088876356716 0.7387596822712965 -48.32019835946119 45.442985624268424
10.9797716110526 -60.76161382584863 1.2452266831821357 -46.28289137386153 61.74568078713369
-27.093758570504637 -28.05478225917731 -6.3819644380844505 -44.35226913854237 39.0018276053718
19.426460153236512 -68.01941483969266 -0.49515538871952763 -47.71118570198233 70.73915560380907
-27.462836788403568 -27.969744313174555 -0.5066535671595548 -43.62354547011295 39.198392783307675
-74.929436245012 12.291169633402365 -0.6126395012321005 -42.45059350286801 75.93084524954122
-35.820549944650104 -21.24581642849288 -4.3182314780473305 -42.26600705019674 41.647286940565294
-22.51181830910675 -32.58494437798923 -1.441058864762765 -43.40893664479255 39.60505724632682
-66.22186227463233 4.742988000110121 -1.0839869572946141 -42.79781826419241 66.39149778040041
-42.48787639436629 -15.568538354359047 -3.5307571200640053 -43.354321797152004 45.25040357349344
0.44364575246702054 -52.490924317121205 -2.428093111102289 -47.17315353294636 52.49279909868827
22.234783638536648 -71.19515800102963 -4.043953307025492 -48.46967890423039 74.58643379739912
20.154894934762048 -69.59373503071224 -2.087246490375043 -47.576709141489694 72.45348666517245
-60.822145826284384 -0.49899648649753936 -2.8236558775922367 -42.94259085650545 60.82419272294486
25.55635455561286 -74.55337297192703 -4.095786801580416 -49.58636265573917 78.81200829330656
-50.21736025798357 -9.778718319307947 -0.9485774625083624 -44.24426328762495 51.160596178519356
-72.37959618005748 9.12385496866527 -3.81995344618598 -44.20341235525176 72.95238631628312
4.9439716121255115 -57.06573935379439 -1.805603681377183 -47.37135498222589 57.279502989065335
-64.44698606092412 2.2849388593302136 -3.501958087978664 -42.39199462882237 64.48747907734776
-36.467301696768146 -21.996469384607096 -5.2529566427626335 -39.154289976270526 42.587659637302366
-7.547733739863333 -46.96259600878926 -3.9974619230024304 -44.95377428498448 47.56525735775799
-46.1206727190427 -14.113387470590316 -2.213455500489807 -42.918874306273324 48.2317753625889
2.34070788972331 -55.81502991662624 -1.9841763667011636 -45.31676746672533 55.86408934087458
-55.9096137071682 -6.1705837392009455 -2.699777903636849 -42.813717787072825 56.24909783833276
-65.45062601895918 1.8807819920237085 -2.983955833537998 -40.79485388390459 65.47764341395501
8.465606641057127 -61.45205277562046 -3.596607792366675 -47.71559464922065 62.03242123292705
-6.649866711334538 -48.61672987613946 -1.2300621699496728 -44.262999043425914 49.069411554538206
2.265049221091372 -56.29098313829569 -3.455121188850557 -44.938820520394124 56.33653548562242
20.265253172303332 -71.97634821240096 -2.4628232415576234 -48.439193390658545 74.77482979894734
-36.89413821009373 -24.033620389032333 -3.676507336008381 -43.527902375447944 44.03171967014822
-56.48401097644218 -7.392878750884563 -1.2928675094892723 -43.20250786897408 56.96576297082619
-17.837444754386127 -40.54924441096865 -1.5547842639083216 -44.379789331929175 44.2991608675014
-33.90511822999467 -26.900223723354898 -3.7644889286289476 -43.30150775921655 43.28023881688974
-45.48491857605105 -17.071336897207804 -2.2550039666713007 -42.8318975424766 48.58300481247305
24.796907394245892 -77.38167068197677 -6.4227262436821375 -49.88544346644466 81.25767376076094
-26.137779816290326 -33.85569982947992 -2.368748418611621 -44.54995317391411 42.771391589747644
-3.310275296039252 -53.854673460106106 -2.1152555642774837 -46.30744519366356 53.95631358590069
-20.221256531645178 -39.42175962497441 -2.0617637437783083 -43.81907489087682 44.30546628428921
-71.98390240087153 3.29667679153995 -2.464377693130423 -43.516907069419716 72.05935249695669
