m1-67/data/wr124-jwst-nircam-2022-f150w_BGSUB-sources-fwhm5.0-thresh30.ecsv
# %ECSV 1.0
# ---
# datatype:
# - {name: id, datatype: int64, format: '%.8g'}
# - {name: xcentroid, datatype: float64, format: '%.8g'}
# - {name: ycentroid, datatype: float64, format: '%.8g'}
# - {name: sharpness, datatype: float64, format: '%.8g'}
# - {name: roundness1, datatype: float64, format: '%.8g'}
# - {name: roundness2, datatype: float64, format: '%.8g'}
# - {name: npix, datatype: int64, format: '%.8g'}
# - {name: sky, datatype: float64, format: '%.8g'}
# - {name: peak, datatype: float64, format: '%.8g'}
# - {name: flux, datatype: float64, format: '%.8g'}
# - {name: mag, datatype: float64, format: '%.8g'}
# meta:
#   version: {Python: 3.9.9, astropy: '5.3', bottleneck: 1.3.4, gwcs: 0.18.3, matplotlib: 3.5.3, numpy: 1.22.3, photutils: 1.3.0, scipy: 1.8.0,
#     skimage: 0.19.2, sklearn: 0.24.2}
# schema: astropy-2.0
id xcentroid ycentroid sharpness roundness1 roundness2 npix sky peak flux mag
[from data line 874]
875 572.7198261741096 1795.499067045513 0.9171685687166532 -0.12879826483237508 0.0328527106218177 49 0.0 31.581070302119635 1.218499293253727 -0.2145632040601765
876 402.5022784497661 1797.7413179281657 0.974985305453632 0.07394241016269891 -0.10773426013411579 49 0.0 32.23633647215549 1.1863099655157938 -0.1854954466956446
877 35.664502279412694 1799.9163090470097 0.9736635477389776 0.011702587534633768 -0.04697714579485511 49 0.0 31.54982798799995 1.163696840417474 -0.16459963789365356
878 2119.5496147782474 1805.443580789625 0.8637667137451815 -0.20840876609931222 -0.033413567875062215 49 0.0 114.44863373346888 4.605929274193348 -1.6582931623036057
879 1585.5102134725803 1813.868503871707 0.8319771052316203 -0.12454314118287581 -0.11612564404741965 49 0.0 217.21204439513497 9.0517897924852 -2.3918361497114367
880 4150.462598717904 1816.089538285473 0.9145633784092793 -0.01358631488267177 -0.12196416750573541 49 0.0 211.19206125332886 8.192018827504125 -2.283477354401579
881 1417.1010732785 1817.5234405038152 0.952116519353708 -0.032464757434824056 0.04418567277700376 49 0.0 194.7597537014739 7.31137700933711 -2.159997946921832
882 1232.3245074027113 1821.3434082156418 0.8664396832296182 0.11137482470184035 -0.013636991608872297 49 0.0 47.422126148662485 1.905906749256985 -0.7002541199873493
883 132.10013301470272 1823.2712400845946 0.9575195828605894 0.04249582549238098 -0.018533913139461077 49 0.0 94.8745365238751 3.5414894970703594 -1.3729648953930935
884 1414.4989121514573 1822.7141450607617 0.9346113897782609 0.41300201227338995 -0.05784087847850689 49 0.0 41.504051659761664 1.5306609565556257 -0.46219751135822323
885 4009.7887428808617 1825.4280620648103 0.9470452556214952 -0.05380113816611715 0.05843216647162694 49 0.0 69.7763227900039 2.634269910922192 -1.051650678290499
886 3773.051451874871 1830.479918313285 0.9028636202215206 -0.0022942996995249016 0.07425100134750875 49 0.0 102.3921866725968 4.001888268511509 -1.5056623977530472
887 3713.856023487169 1839.7380773177822 0.9843034447559632 0.04623322378698713 0.013741909977530256 49 0.0 31.628846722280915 1.1586141698601478 -0.15984708905087283
888 2016.5493210609552 1840.7439718649944 0.9238476297107151 0.05657578147608101 -0.07403244745593567 49 0.0 56.04260632469238 2.159984354897286 -0.8361265137495673
889 412.9491218997838 1841.5390383443407 0.9788473975058077 0.03394340231337464 0.013643126231699367 49 0.0 176.8213575607374 6.493893712542684 -2.031262940308433
890 3735.5580112367225 1842.7992335117253 0.9713063638911802 0.050636756626993414 -0.07862731975744351 49 0.0 69.77877648238007 2.5806732986412735 -1.029332570854137
891 402.360387721863 1849.1232430069406 0.9470481645675347 0.006097712963892716 -0.13109226249927014 49 0.0 35.76642429766617 1.3460822771357301 -0.32267901564479456
892 3198.532622994277 1851.3434742096067 0.901347887866779 -0.16463188965157566 -0.00036081831920336117 49 0.0 153.17202073356822 5.947992378787087 -1.935926008462706
893 100.40348068199994 1852.328470168301 0.6176632267764933 0.07176876776748496 -0.1855671131660671 49 0.0 186.92335637816535 9.411439669385652 -2.4341401565080862
894 1083.0206014427474 1851.4861067810414 0.9715274501667251 0.01921409161168083 0.0569017215854658 49 0.0 50.37572451754134 1.8640503808887459 -0.6761441153323109
895 2532.1189129692275 1858.2867350410088 0.9720653087089303 -0.002171327659532748 -0.035228117179998374 49 0.0 154.62045996548903 5.702002110767439 -1.8900684343515621
896 3090.0859233758456 1864.03044639994 0.9961532273962084 0.01150092474142484 -0.013727454592332055 49 0.0 58.10189138807019 2.0998896987882527 -0.8054912077089691
897 2615.5282220418476 1866.1138934106696 0.8781646451138302 -0.032422690284249385 -0.16837725767114145 49 0.0 35.15739376309558 1.3643887676955149 -0.33734533857261106
898 970.0153448118082 1867.4766619198665 0.851356282999154 0.024621344637482848 0.07053007981788925 49 0.0 175.11064587815605 7.167900008245775 -2.1384798457890546
899 2627.4843188795276 1868.406385761972 0.8739870727931469 0.14086675926028824 -0.10180618762857874 49 0.0 820.729277784993 32.62659820076093 -3.7839294865188178
900 3596.465499455794 1869.8297255518921 0.9827525860469994 0.02855768575289668 -0.12456780444555361 49 0.0 39.906622972259065 1.4585716355244673 -0.40981940923400734
901 1982.994164784142 1871.3468448153415 0.9731236661062617 0.007308582456538105 0.017939231489762352 49 0.0 114.33661986172604 4.220426604648439 -1.5633908801771232
902 1482.0437135408101 1874.4388818817142 0.944461946407138 0.041989051519349396 0.045755643632746555 49 0.0 98.50942876007315 3.7180793778648447 -1.4257966433911355
903 1397.378577136316 1876.2112703008645 0.9487234718993648 0.03191685318008757 -0.08601351583549988 49 0.0 88.37391531786231 3.3277638126418005 -1.3053812368754492
904 1810.0978741903607 1882.813502337265 0.9994759776777914 -0.03331555370510851 -0.0027609436201397786 49 0.0 112.46202848541564 4.068054341043961 -1.523466863980939
905 3934.7240982868907 1887.0244046455011 0.9802970494296169 -0.0508566337460095 -0.03921125772661488 49 0.0 70.18302976807341 2.580902037529038 -1.0294288012008315
906 651.6796813781076 1887.735952790938 0.9946885599036949 0.07334574865829517 -0.05308480573134379 49 0.0 117.11022748079692 4.232752936271384 -1.5665572991407108
907 1038.5163119312374 1887.8197007036756 0.9545367151387715 0.0388663507684557 -0.07485071579589087 49 0.0 65.04712065587414 2.441114347172564 -0.9689703080093249
908 2602.4894466974997 1890.600216509675 0.9037337531798308 0.15085613598302824 -0.05777074407988365 49 0.0 171.48707104185414 6.616817315574845 -2.051622860814444
909 1723.4278352203319 1892.1574679701253 0.8729075033567057 -0.002160583321845302 -0.13675306805397505 49 0.0 52.15464437064581 2.0988757864341596 -0.8049668434040026
910 699.2859413900154 1893.9956632530966 0.9906419136404924 -0.037668056647912174 -0.08862324876068835 49 0.0 98.798639234977 3.596708571533637 -1.3897631247782356
911 3907.190293338952 1898.284386686592 0.9838225751692695 0.06134705951957662 -0.012990520951847639 49 0.0 76.82987317274552 2.8110913539444957 -1.1221873984986113
912 4079.4690153047645 1898.1012059045408 0.9950158538254055 -0.11122840876485404 -0.11306425992744788 49 0.0 600.6395892749666 21.68662241985635 -3.340479795360409
913 3630.4647520499116 1898.779800763989 0.8241686478707814 -0.14124664616672258 -0.07800020637736069 49 0.0 38.221922465286326 1.5891117503879864 -0.5028860974400124
914 4121.2789714716155 1899.1928951314926 0.9617627790030651 0.029706050645390242 -0.02134429639890191 49 0.0 119.75688015130265 4.459591656734934 -1.623237735712175
915 334.1440919797455 1899.5589637629232 0.9832383428741474 -0.07040739946763791 -0.021739466429829903 49 0.0 241.29565837500314 8.816921700361702 -2.363292460024285
916 952.2535157568524 1899.948022905705 0.9410958258181008 -0.0475028356981185 -0.08013545872142519 49 0.0 219.52274078570548 8.332742852051922 -2.3019699493265104
917 1263.6198326905453 1901.3062464288234 0.9331810631124156 -0.13098779269452637 -0.008351476814252268 49 0.0 61.300670396378074 2.339494374431594 -0.9228050130529685
918 2220.540925009255 1902.7377541668095 0.9633419233467565 0.07684602209206375 -0.06869920933288616 49 0.0 230.87385200624482 8.528482056357307 -2.3271793501311815
919 1781.5002117928307 1906.3244878731869 0.948939535228979 -0.19253749966842604 -0.03625854762244851 49 0.0 32.86269468729363 1.2355951357919308 -0.2296904748284665
920 789.2254495977741 1907.773530534607 0.9648936560124919 -0.08903841127206312 -0.07088093720540636 49 0.0 28.36376707337171 1.0570762266932001 -0.06026576448094178
921 3708.8617521688575 1910.4638974674929 0.9064077263822097 -0.02718835486071415 0.039156854102197304 49 0.0 172.03284614138346 6.710225863470473 -2.0668428464761375
922 3629.410810880426 1912.4449117582085 0.7396133689940685 0.20933698779524804 -0.007801953079897812 49 0.0 61.46131987587916 2.74329863820819 -1.0956827197643115
923 2591.6069924367057 1913.0303270262705 0.9739002363345254 -0.0422186143417393 -0.0733725060512936 49 0.0 112.97049965066167 4.162796910103183 -1.5484630588209523
924 2322.26472768819 1913.787491126669 0.9082964698746814 -0.11563816427835105 -0.06833890193531772 49 0.0 54.90172717779328 2.115608999036034 -0.8135885142065851
925 739.209737558358 1917.9976072674167 0.9993703756520087 -0.014206455519870976 -0.08107261352091652 49 0.0 88.921470994132 3.2177202326122307 -1.2688707032650521
926 4084.052238732351 1919.2389437481174 0.9888030925602871 0.033987287342804075 0.021534454167106764 49 0.0 488.88440087224944 17.874527021734714 -3.1305863968725363
927 2606.440292644294 1920.8583653028268 0.942441235618331 -0.11638716018035795 -0.10970090240317831 49 0.0 289.78514204815883 10.887188624845653 -2.592289368272343
928 3057.303346405186 1920.9053169486333 0.9367046415356386 -0.05064876816407316 -0.05492524796640439 49 0.0 36.56076670494714 1.3853109237016328 -0.35386814702683034
929 3162.0270604132506 1921.4926649087026 0.9364877096253058 0.04045589386942061 0.0871532822491437 49 0.0 42.02889087773582 1.5707225478959155 -0.49024869531897103
930 3048.835000485914 1926.4157520814758 0.977573192400825 -0.0036426126443105536 0.046215843124941966 49 0.0 28.627930381830957 1.0483379198045448 -0.05125323775290582
931 3814.8177616091752 1927.4613165300732 0.9603724954211792 -0.0374671527768984 0.03743011840042457 49 0.0 482.49176484090515 17.95165909892048 -3.1352614810614576
932 1665.9030781528818 1929.3177208439267 0.9909943152820502 -0.03125897625178291 0.029719454662582117 49 0.0 46.23568972773174 1.6726364708465493 -0.5585039052142462
933 2080.8766263786088 1931.519694455535 0.9492131981918711 0.0666687632649476 0.0461434367492706 49 0.0 41.08981452233449 1.534517822370875 -0.4649298420733621
934 4338.483080046641 1934.2298582066844 0.8861702390710793 0.06604605365459194 -0.0904553693605434 49 0.0 446.6143010129728 17.65119617282289 -3.1169353541472438
935 696.5550418334008 1935.2614816662144 0.9161249396774491 -0.16155206244187026 -0.07364139144139067 49 0.0 66.08167108926384 2.5661348057240625 -1.0231986681373093
936 2054.480448001317 1939.9451790094108 0.9112671064922647 -0.08906143566288624 -0.1352400043599255 49 0.0 133.02789609662318 5.153017198169441 -1.7801539797979533
937 1500.3696307343669 1943.16778252195 0.9816388758173119 -0.02091379099668132 -0.07235568899208585 49 0.0 118.61638369075364 4.334049543388916 -1.592234678798585
938 1429.2461461874955 1946.5633107084298 0.940582817415334 -0.09717251316289081 0.015712026600685134 49 0.0 449.6287434306379 17.050971995887135 -3.0793728528107476
939 2625.86555183242 1948.3838584867894 0.965137076065628 -0.02638993822768378 0.018838565532250925 49 0.0 32.61105467673625 1.2090964920641563 -0.20615240289388786
940 3332.6940373663383 1948.7297140262872 0.9369653124631703 0.08201586899847056 0.006222549058948498 49 0.0 50.598627362049534 1.9137544855916737 -0.7047155540932646
941 4576.82956371536 1949.1277627722473 0.9598820174553041 -0.044028509175140756 -0.029561303878123328 49 0.0 34.715168332213594 1.2976546373515196 -0.2828978077208751
942 1714.1821223587838 1950.8730758731247 0.9993388260097876 -0.053163624464619925 -0.041371824621155344 49 0.0 53.42622967022807 1.9372976580201227 -0.7179908836306645
943 2018.7091480212923 1951.4096059836431 0.979374445535478 -0.107738293674744 0.06519465127747394 49 0.0 39.06898825875292 1.4141541714317634 -0.37624189733003105
944 2704.458013665713 1950.581094472848 0.810524822737117 -0.22401114769074404 -0.08257861044597437 49 0.0 287.53088686724686 12.039042955473281 -2.701479910062595
945 1192.2690329476573 1951.5283201749576 0.9030913267255641 -0.10922938612102867 0.008789855426872962 49 0.0 155.28310635102406 6.076684978321822 -1.9591668066315402
946 3036.7523459478793 1953.3092214846265 0.9981501187103424 -0.05623730304691657 -0.0063223716593367625 49 0.0 39.33917413013301 1.4210466940482196 -0.3815208715151969
947 2728.9894575159205 1953.627404984022 0.9969968619086145 0.015337887143316725 0.0377069495760333 49 0.0 75.78659947890405 2.7330916716186384 -1.0916354969140811
948 3107.4207863998836 1960.4976390127015 0.8108340821805036 0.22242912024858666 -0.006976712458853517 49 0.0 195.89904721800767 8.252283426254799 -2.2914353387110613
949 2960.537591746285 1960.9857776851031 0.9559809603824512 -0.01494396652399211 -0.07845340596715132 49 0.0 67.66799547730217 2.5204208624067523 -1.0036826644139776
950 1344.72079957683 1962.763633974321 0.9813503067701852 0.059874507937980916 0.0009555620818426824 49 0.0 253.68278900652857 9.307987000874599 -2.4221394202463427
951 2674.6152225019086 1965.8654762665656 0.979092587247736 0.006481252579920171 -0.09147162939640709 49 0.0 235.07366967658865 8.57592916629012 -2.333202963166403
952 2880.1605336784532 1971.747733522957 0.9857521618947958 -0.06308924508621806 -0.036072846752333056 49 0.0 172.37057129886398 6.2433260882604396 -1.9885400466961967
953 824.1051951618338 1975.360506821693 0.9428325572098101 0.024474324243242425 -0.019707686505403235 49 0.0 40.70975893887531 1.5403261372146595 -0.46903171215082307
954 2689.62761141877 1975.617978114391 0.9596131404200147 0.14137086827851578 -0.0017584822391569466 49 0.0 37.79848355708109 1.4050080082857126 -0.36919699911588305
955 3231.2712705494496 1975.9001061799747 0.962437335662905 -0.03484501665891641 -0.025650528469112695 49 0.0 466.2135194541856 17.30904073988393 -3.09568250028946
956 3960.8507221126897 1984.6356339803453 0.9400926252902553 0.042651388265950406 0.01815433538429773 49 0.0 31.835401310181823 1.2010752296129807 -0.19892552596473598
957 2508.668014050609 1986.776143787013 0.9605197694767394 0.05454775823465913 -0.02911853139043016 49 0.0 48.55157045039836 1.797667187789886 -0.6367732286638408
958 3029.599933962262 1989.0994977257135 0.9367254944081107 -0.07243945437632189 -0.04883815477267768 49 0.0 51.2310943426928 1.941918484241314 -0.7205774890236761
959 4196.033905951366 1990.4884538202148 0.9362146444416347 -0.0036665075032978056 0.06594093096841176 49 0.0 105.71362512473867 4.024082421906077 -1.5116671685717222
960 1882.5149888960264 1991.8132061735541 0.9191676949234253 -0.059888979126080356 -0.1048646660306521 49 0.0 28.50313938134115 1.0933367237703615 -0.09688483935308173
961 1004.9420273347165 1995.381509542 0.9382861756670534 -0.017772157980857267 0.027955572439101916 49 0.0 39.54221408399824 1.5032136272806178 -0.44255176044330347
962 3690.0964230578124 1997.4822816132323 0.9484693902218088 0.09843794375886651 0.05692018485307885 49 0.0 33.48380485068794 1.2597643184733243 -0.250723258110525
963 3508.9280742335136 2000.3309879029998 0.9695865794204558 0.03192931714018144 0.06437690336337551 49 0.0 87.74021556846931 3.243959699245917 -1.27768862548171
964 4459.134637580894 1999.9950278776937 0.9068802534542834 -0.03775562154978466 -0.047967911012362266 49 0.0 262.5148926989928 10.093935115887316 -2.510151271872246
965 3464.1050976514302 2004.642569475237 0.8946570555526412 -0.020860335136864486 0.03729648276966807 49 0.0 41.17622333269835 1.6097306948493688 -0.5168830634899734
966 1583.775796295347 2006.7111462303417 0.9682750295073554 0.05413160566204527 -0.008301713900705993 49 0.0 367.96137178622615 13.659265437973596 -2.8385683616850717
967 2962.3146689424284 2008.478333221385 0.8455596114410315 0.17778339416306146 0.0004282115602001812 49 0.0 367.0899709393364 14.95127966116714 -2.9366959124203444
968 3618.4156215803346 2008.7700088975662 0.8394154657208918 -0.13773114304977568 -0.07530184147403972 49 0.0 331.170203882761 13.579954707378425 -2.8322458036593616
969 2248.537818025246 2014.7158538569688 0.9184554351797467 0.1057174333357152 -0.03381629090083244 49 0.0 47.17503974843477 1.839180052661953 -0.6615606200633696
