m1-67/data/wr124-jwst-2022-f210m-TO-gaia-OFFSETS.ecsv
# %ECSV 1.0
# ---
# datatype:
# - {name: 'RA, arcsec', datatype: float64}
# - {name: 'Dec, arcsec', datatype: float64}
# - {name: 'd RA, mas', datatype: float64}
# - {name: 'd Dec, mas', datatype: float64}
# - {name: 'Radius, arcsec', datatype: float64}
# schema: astropy-2.0
"RA, arcsec" "Dec, arcsec" "d RA, mas" "d Dec, mas" "Radius, arcsec"
[from data line 172]
-14.846703225673798 23.492512050460917 1021.9581296731437 -204.46509565606434 27.7906948123922
-41.061781548811055 45.54401801685896 1012.4441322140174 -198.46262473828318 61.32150889921218
17.70246505821388 -4.999656105229269 1032.4256618021755 -199.0322272851932 18.39494034365158
-33.00807013382002 38.30602471904349 1012.149959020895 -215.84214888458558 50.56564259661922
27.417669827243696 -15.1772065813525 1021.6907249238291 -214.27154444627416 31.338095299728206
-33.89715380124589 37.15477933495506 999.311671815587 -241.03293140472508 50.2940816679663
-6.6066937309578995 12.455912844222196 1018.3681292960437 -199.95753564044685 14.09958037614467
32.39116537264358 -20.964460467270683 1032.7228511193068 -219.13272964550757 38.58362597362242
-41.22564765903835 41.6073247885104 1014.8037491113633 -207.79021214939493 58.57237811375458
36.05601406161756 -24.982654769117104 1022.6462155851874 -191.29732154367565 43.86535287637594
-48.09577134284024 46.838207316393785 1009.5185207556251 -240.14417838957493 67.1343492254284
-29.67545922687672 31.04853804633166 1006.4542838529142 -212.58101915291982 42.949325821107415
-35.27695023259783 35.46957630355103 1250.500738547321 -128.3611688471575 50.02553396613912
-18.543393528660218 20.72009300651397 1024.0703104667082 -197.1816625118715 27.806108979792167
24.121309645511303 -16.06803004685714 1010.8931967635392 -210.2721605611478 28.983084159959184
-11.540369015070642 14.169713554536846 1017.4463013848966 -205.0199329625821 18.274597095745328
-18.387766142939924 19.713920836857305 1020.0026271327692 -200.71359426421435 26.958275491180256
43.29188000852394 -33.24740743597841 1014.8414096965885 -168.77705244127242 54.585501368549444
-47.802500641594 44.255534960679555 1005.5662467488485 -220.69032396764456 65.14316086272925
29.853329111507676 -22.486260015224182 1007.5311411032636 -208.92938464507392 37.37449859172242
14.294956604541301 -9.997061803520356 1016.4831612897026 -209.94267422654832 17.443824949611603
-49.97405754672334 44.97388361288162 1006.8242218587102 -250.74720643786827 67.23136615681653
-17.238424424247953 16.538815464314492 1186.7106420502473 -157.78089744157376 23.88923801539539
49.00138655356402 -40.336945978054004 1046.464465640009 187.61349787722642 63.46814212185076
19.750429105748257 -15.53186684445244 1022.0804978275938 -200.00259146966442 25.126048969166796
32.29245123367956 -26.527533314000472 1031.0466558060493 -200.6799347313648 41.79129603952122
18.71675801538173 -16.063281576694934 782.3443061241582 163.8342467982213 24.66467200090658
23.79366671299911 -20.56439117939373 1031.699061546992 -174.52373834129847 31.448891210191608
10.765187816042973 -11.46726622360083 1034.205406261022 -186.14866885334567 15.728555662868606
21.488750564346546 -21.346684845289968 931.5906331937985 55.941179620734616 30.289393408517363
50.12276033668502 -45.73957265795987 1046.321821373117 -189.34849385915902 67.85572613662286
16.96407372231699 -17.98140591641886 1076.711357338614 13.57508720914332 24.720654426133358
42.391193866505986 -40.009316697906286 1041.3837943518465 -190.9420197026709 58.29029694149346
-39.18103417982914 27.553717966262518 1022.2191202602008 -200.40598280510312 47.89948646934488
38.22016221129888 -39.04558260920297 1031.968032335468 -205.34496204240662 54.63824945316334
-11.059477339019107 3.084520209169181 1025.9055295765597 -224.6742701998637 11.481563653198023
-20.81100074392865 10.520766156160192 806.6332303749307 -81.46947792315278 23.319182492129162
-34.95088906700318 22.16058851999201 1017.7962169069937 -216.41358944224046 41.3842521427911
-8.996405948991372 -0.6067868537873724 1018.9521354352331 -206.26769126296912 9.016845916643039
-52.642529176007095 36.06011613515152 1023.6774329650889 -229.12255596337172 63.80883814560692
-10.183668165721889 -0.4678510858596504 1018.0475675127179 -216.10005777370617 10.194409347691991
-42.41325213449481 26.36853872567287 1019.1310332318163 -215.48086132872578 49.94180394561288
17.982670761556143 -26.175499901426026 1011.8095098524298 -210.99477398455687 31.75741237998253
45.95496977535413 -50.51794878535135 1036.1289839774379 -193.82026726456132 68.29291584276564
-9.510030319302382 -4.24861002242344 1013.9297320360715 -211.49833772426584 10.415918768097407
-7.000736704923923 -7.997900769594215 1013.4097358332821 -192.77202688829223 10.629051279630701
3.8079183510944006 -17.35530106218688 1021.3056058483104 -213.6146812786954 17.768137693452406
18.673250941399367 -30.15712822112141 1032.8003795288307 -205.49427344782234 35.4703070296775
-33.218507863602724 13.84286968565119 894.1391106071837 221.9695916632221 35.987418692583255
45.26421292581114 -53.69263472466526 1038.3486417466183 -197.26747110118927 70.22640492859735
-54.32890065644812 31.28570967008996 1005.2014018278038 -219.16905211557528 62.693102120269955
-57.89305192426582 33.566702439941665 1031.6365875818865 -191.59545867999066 66.92031787297354
-58.80386080875949 34.079640747604316 998.9593968727868 -230.27051335463645 67.96554956755435
-42.46126130536875 20.05190002944693 812.4401219728857 -68.61527918394133 46.957825766736164
-43.06012004875453 19.333300738434673 1020.3745820440045 -230.24266351584023 47.20117001331609
31.815292144251302 -46.989324085526064 1035.0067486376863 -193.07036176605283 56.74688867883681
-8.842557420126203 -12.698155156472787 1004.1148952870543 -180.15919655594269 15.473653931947664
-39.846658665159715 13.265656166588188 1016.4914997155647 -210.62411619782225 41.99683128666925
-46.92268915029271 18.84338375907702 1018.9468473343292 -204.82180047663354 50.56492719721006
-27.85356022764668 1.9714971504735324 1013.4011081691905 -220.68667851764636 27.92324512555201
-23.571288448134368 -1.8379515471291425 1024.9841863208305 -220.1961760412478 23.642836229627978
-11.941015787728983 -12.32211692168115 1027.0931251164288 -202.01875666582526 17.1587418915953
-21.827536177563747 -4.529913610775289 1020.0711025680519 -210.93326818531006 22.292632254308643
-28.166652892675774 0.7995898910238416 1008.7383426561447 -225.2636614213853 28.177999914041912
7.30002911769964 -29.867789897445512 853.6857128608189 -32.48455197722298 30.74695591608034
21.860122897001204 -42.67933393687027 1025.047342396642 -213.94338193741086 47.951960455707315
-0.15537509667282967 -24.261918558225283 1024.808025840627 -207.68939967885055 24.262416069849717
-58.136899247939574 25.30146610555475 840.791531121838 -78.40662837094641 63.403968521760575
-31.77188377550142 2.3682761067171088 1013.2608184109491 -221.7751746440024 31.860027154910927
24.115029973276606 -46.33163279008109 1034.8871866714003 -204.77289269672463 52.23174186094537
-0.49340810655892237 -27.037919071831983 1033.4517902765842 -199.0354815116988 27.042420736557396
-17.299989829888318 -12.934699341773966 1021.7934261171408 -211.40912823398267 21.600835511267245
-61.05237128399296 24.135744056937316 1020.2112747233978 -214.22349206128007 65.65002790223599
-25.044133241908003 -6.960209559756581 1019.377603406591 -212.4872214656976 25.99332850387582
-52.7411589036981 16.03826198157076 1024.9441509144706 -217.88374428330775 55.12581685814393
-48.77087046240695 12.656490895226524 1019.3684371688777 -215.928053573727 50.38635295842747
6.9225813031959476 -35.10050996848594 847.8451849964109 -60.46967190229746 35.77663946607282
11.202620746126138 -39.67694906139481 1036.2536003273797 -201.6468854313242 41.22813356017181
-24.422318084360793 -9.452893588844084 1016.3373911393888 -224.71616905884895 26.187913574880675
32.369234085864534 -58.137022577689955 1024.722713814833 -219.62618184719545 66.54081966552765
17.55148467633121 -46.18378515802578 1037.729237953673 -204.55867133929755 49.40644310934955
18.917272997878893 -47.49174286822172 1026.9678906728893 -220.55422798829687 51.12072820306464
24.327843878852757 -53.02627499943431 1032.3295568604997 -211.79929412460598 58.34063605307932
-22.077589995847813 -15.618068074685986 1020.4331919099851 -218.58513706114874 27.043373115695285
-64.54028382772687 19.640031268880797 1016.0720227147015 -222.19528857389534 67.46242696645041
-56.010967365111405 11.887958260547236 1003.4082349269402 -229.2503992086375 57.25864138542664
25.778255109423565 -58.15824312298631 1044.0040808814076 -200.07356192791016 63.61524708771323
-50.1616069628955 6.697527190013113 1023.5242187480338 -217.95105914685806 50.606755306717346
-59.520168399400326 13.893738657169315 1024.5566243511607 -216.64060285065187 61.12026190058482
-70.09723256736685 22.86014609256439 994.178767233311 -239.7663218867687 73.73064676807351
-13.277053101640567 -25.927643800946285 1034.9151553268355 -209.04439642846592 29.12941556573642
-32.446685788168175 -9.57085410224541 1037.5661851553066 -237.0155522236437 33.828814140067934
16.157259733167052 -51.30682961629144 1043.0839421309192 177.98404432917542 53.79077803839487
-35.16982778484482 -7.784019246989969 1020.1753609381236 -224.87827542354833 36.02093476663131
0.014376584476956642 -38.27625935055288 1013.5335016544441 -175.5553199339457 38.276262050479396
-41.81365142636654 -3.2947915429511703 811.4137893564899 -69.74041495672734 41.9432604450693
-69.2800948774917 20.193966201324393 828.9782501995544 -74.21862300845956 72.16320254691996
34.1922272371674 -68.3744710278492 1040.2646009671566 -200.15281324143 76.44721478873711
-21.370320850255787 -21.0973976380013 1028.341982914343 -224.08634940983802 30.02983181347001
0.596497643651575 -40.059073547120484 1030.560893433739 -210.12305629762517 40.06351436017597
-41.60752633258581 -4.500720377710389 1025.597233739614 -211.64083680520372 41.85024170964457
19.214987720108695 -56.58892313169204 1044.786094094578 -172.9459517092612 59.76221184851211
-16.182146948115715 -26.63405031462782 1037.1042331541835 -183.94285013435623 31.164635639741242
24.397804150699255 -61.49925168065532 1036.7986776794953 -203.39002244116952 66.16200410368538
3.710117543856934 -44.41172874858215 1046.1130917433322 -190.20807659897562 44.566429320881205
-47.655845208684 -0.7756379454587311 1012.1762859529055 -224.49024721298747 47.662156862239485
-26.802781211112134 -19.45036597137492 1006.855858692109 -202.84530347397094 33.11654895865476
-46.56136910859365 -3.519403660629324 1023.441006857657 -209.31419729576842 46.69418909436472
32.63901487432584 -71.46896062755273 1036.8147385785142 -178.13225053509487 78.56918977895623
-1.786580477618812 -42.27718770177809 1032.3648480408024 -212.02731856773954 42.31492017868792
16.40749941142868 -58.30886949676731 1032.856277680727 -216.78926417104626 60.57334638070824
-8.249317037041164 -37.65935743051129 1029.3192769231578 -221.50375836534388 38.55228181180653
28.530587691950004 -69.61043564819184 1036.8005917640453 -208.57635663604418 75.23036058853285
-66.15005396671417 11.342480144788407 1015.0197022464771 -209.82215556716963 67.11543407596145
-54.87524269404274 1.3097277837295696 831.4323586195222 -70.7034629138089 54.89087034800345
23.8974659385084 -67.81309354656557 1040.3035661995532 -201.12930909386623 71.9006572574967
-19.55533538495694 -30.71472447763981 1027.8313301608348 -196.3940223006834 36.411611320025074
-45.932770935354576 -8.36121336508399 1021.2042766852474 -221.34543543455473 46.68757151084376
-1.344242045301529 -46.562879677598104 1025.4316700598433 -217.52999988232492 46.5822793615373
-37.71072545849933 -15.743428159771108 1032.5999945653427 -241.29934576370832 40.865074844615044
6.845454265022889 -54.08261536459108 1065.8439720152235 -198.28253293607662 54.514122277579055
-42.512507759501005 -12.286625338010282 1018.7841092391438 -240.8772605107571 44.25239514485416
-21.472407996463012 -30.55507345650839 1013.153390658963 -229.41990677115288 37.34537207908751
-4.295011953950208 -45.35766824759901 1029.7620125545034 -204.78298102560206 45.56056624149235
24.60487561802509 -70.59631344007504 1046.6967866601437 -193.8190126311561 74.76121555906958
-60.06497053296375 1.0879445847065083 1013.6403533801841 -209.1465373161952 60.074822584105405
-15.119312835919796 -37.5712222051077 1036.6034667289941 -213.8003639884155 40.49926364873233
-8.757613991288279 -43.348207170023024 1023.6840203544659 -244.4052901499731 44.224007807383394
-37.06958232667351 -19.25113571039928 1040.4319619415428 -205.96463678810554 41.770326261913176
-7.188065444299131 -44.87088876356716 1025.8445913307016 -214.38006397840044 45.442985624268424
10.9797716110526 -60.76161382584863 1039.9763570746638 -199.03194918766957 61.74568078713369
-79.08189751536172 16.029333346705087 1016.3327810958806 -229.2976704175962 80.69006152904814
-35.820549944650104 -21.24581642849288 994.3809362668374 -245.9257784215078 41.647286940565294
20.154894934762048 -69.59373503071224 1047.2474075397192 -202.38605172588407 72.45348666517245
-60.822145826284384 -0.49899648649753936 1025.3830017566331 -220.43226270196578 60.82419272294486
4.9439716121255115 -57.06573935379439 1046.1016076827527 -193.35592740122271 57.279502989065335
-64.44698606092412 2.2849388593302136 1021.746756101725 -213.13902758186612 64.48747907734776
-36.467301696768146 -21.996469384607096 1038.6909950838817 -196.3092063917428 42.587659637302366
-7.547733739863333 -46.96259600878926 1050.9421268171548 -208.85668292440397 47.56525735775799
2.265049221091372 -56.29098313829569 1095.431428774732 261.6817670267995 56.33653548562242
-41.123548049188955 -19.111256474435248 1096.3035858773412 37.288230494707996 45.3473959929774
8.465606641057127 -61.45205277562046 1029.4461661889975 -213.912539916737 62.03242123292705
20.265253172303332 -71.97634821240096 1026.2652555015527 -194.9619786367424 74.77482979894734
-17.837444754386127 -40.54924441096865 1008.2439993699339 -232.28254230813428 44.2991608675014
24.796907394245892 -77.38167068197677 1037.8747865465755 -194.42454137519263 81.25767376076094
-26.137779816290326 -33.85569982947992 1007.5431798819501 -227.30655523830083 42.771391589747644
-17.50303021702319 -43.631580563984414 1026.5773885988135 -203.00285775502138 47.011391010252304
-55.9111350420525 -10.79256638674645 1033.0909102719816 -213.7069507462876 56.943256914614615
-1.2920610330829114 -57.68007170019869 1033.9436970493368 -205.8957965788745 57.694541275678574
10.414065911464752 -68.27046137954602 1028.9232641717426 -213.12724638240385 69.06018144940232
-75.84106569252256 5.252970365476136 1197.1728184433796 -170.62701101741044 76.02276594404225
-77.74261345170082 6.820989197831909 1010.8925401291059 -207.50286573056442 78.0412700929351
6.88043319034065 -65.71396257613814 1045.5838092840875 -201.22529434878717 66.07318091890875
-15.42244595348361 -46.86515789862007 1031.1840652948367 -229.28763196490505 49.33756033648198
12.739738040208078 -71.07412562689821 1042.4132587714553 -204.72796858827073 72.20687122801519
-32.721216346615854 -32.277296913857896 1032.9999310816381 -214.6297705935753 45.961961299743955
-58.341936446192086 -10.43367525843059 1015.6951307251431 -195.63016492375922 59.26755541420962
-77.29800272848642 5.712234563524301 1006.0716533885213 -232.6781477373128 77.50877916711106
-23.135067506029454 -40.71059524845443 1033.3856584725436 -206.25741233744404 46.82503504579163
-16.62104010789024 -46.52674659677187 1038.3842691560735 -196.33807649395857 49.406448146644045
-40.847889786596795 -26.056385406819498 998.349807135505 -238.6353826029269 48.45085460135673
-66.94045797108916 -4.024758584665007 1015.740932270013 -244.52432116851062 67.06134202703592
-32.42028306803307 -33.58936835909806 1019.543315833375 -226.4701933096524 46.6831919612428
14.307614681173273 -73.8513315227677 1020.2480303010166 -208.279882886572 75.22451061192149
21.236854257993794 -81.308943445875 1044.6019543066848 -250.4962740890803 84.03658869624364
-59.43782388864976 -13.307123044242884 1018.8010385517159 -218.03380044231886 60.90923105252435
6.503914162065934 -70.2456448590876 987.4488631188523 -227.95881432779487 70.5460949979597
-67.52390552415909 -7.130446947586562 1015.9367815463589 -229.9074163328739 67.89934527731786
