m1-67/data/wr124-jwst-nircam-2022-f470n_BGSUB-sources-fwhm5.0-thresh30.ecsv
# %ECSV 1.0
# ---
# datatype:
# - {name: id, datatype: int64, format: '%.8g'}
# - {name: xcentroid, datatype: float64, format: '%.8g'}
# - {name: ycentroid, datatype: float64, format: '%.8g'}
# - {name: sharpness, datatype: float64, format: '%.8g'}
# - {name: roundness1, datatype: float64, format: '%.8g'}
# - {name: roundness2, datatype: float64, format: '%.8g'}
# - {name: npix, datatype: int64, format: '%.8g'}
# - {name: sky, datatype: float64, format: '%.8g'}
# - {name: peak, datatype: float64, format: '%.8g'}
# - {name: flux, datatype: float64, format: '%.8g'}
# - {name: mag, datatype: float64, format: '%.8g'}
# meta:
#   version: {Python: 3.9.9, astropy: '5.3', bottleneck: 1.3.4, gwcs: 0.18.3, matplotlib: 3.5.3, numpy: 1.22.3, photutils: 1.3.0, scipy: 1.8.0,
#     skimage: 0.19.2, sklearn: 0.24.2}
# schema: astropy-2.0
id xcentroid ycentroid sharpness roundness1 roundness2 npix sky peak flux mag
[from data line 98]
99 2223.737699051558 524.517954894582 0.6338405038385528 0.20985802100232698 0.09829130675433333 49 0.0 67.77810795658529 3.378448622137226 -1.3217932969108406
100 1633.5125953883874 533.0228916625526 0.6286212633722604 -0.0404604685323375 -0.06463041489806928 49 0.0 37.75993225814373 1.9207405983179977 -0.7086717901786243
101 352.1146967313044 536.502608700601 0.6210755091680442 -0.07282002087824452 0.051075090040531373 49 0.0 23.309545096762026 1.1738233651400007 -0.1740068749101037
102 1279.4876388938485 537.7706555293486 0.6380142661668408 0.10886717741555856 -0.057814169512475526 49 0.0 34.99711996049868 1.7379341967442719 -0.6000833219216217
103 1908.2954046541238 539.3945456678882 0.6469371242126508 0.12311698018023323 0.020513275339905258 49 0.0 40.55162579496671 2.0038558497120023 -0.754666191782517
104 2044.6345985474582 541.9829437034059 0.8644628658286877 0.8403171745662138 -0.02679848617462515 49 0.0 30.534772248988144 1.0009960972313037 -0.0010809605459160695
105 2137.378429405127 544.1469573069518 0.6514940967054744 0.05082556542322122 -0.030764227615225626 49 0.0 50.01450750724434 2.4598387027661666 -0.9772665758933712
106 2032.4428409850043 550.175942913492 0.876531167003289 -0.04079253422748881 0.2684707410883272 49 0.0 43.4391275264839 1.3256565636048463 -0.3060775661107559
107 2041.312901404834 550.8191452671975 0.6696889364511146 -0.06934091376338589 -0.031715497946764176 49 0.0 4999.509441494583 245.49352176290787 -5.975100090437255
108 838.5808493081945 554.1979828755344 0.6310669378023878 -0.09568905597026527 -0.021429818338002646 49 0.0 1205.365708054668 60.84294072980809 -4.460525491750552
109 58.62617514972419 557.4877930697227 0.6248023220052321 -0.15936827631322126 0.00910439487586259 49 0.0 23.479722667947158 1.1786244942600446 -0.17843865598114075
110 191.60821372795357 558.9097183947501 0.6518166958627548 0.018083198235018735 -0.026651547206605883 49 0.0 121.71427510145361 6.06707196311995 -1.9574478656362635
111 857.5518332516438 571.857332367031 0.6705045236717936 0.018461654246131387 -0.10666387070390444 49 0.0 26.319042156710076 1.2799252528558134 -0.26796151939285073
112 1881.2104946722586 574.2313657144496 0.6559996810587084 0.09804526551152405 0.015530990398839614 49 0.0 25.88293614895029 1.2815707515454913 -0.2693564680829552
113 2230.0685455507955 575.0982034139982 0.6274576193226531 0.11085511763198608 -0.01917145243791749 49 0.0 20.453921977039002 1.0431520899370814 -0.045869081241465194
114 1028.0430561134103 583.1507488856278 0.6394759238979153 0.15412690418998898 0.038901968666831536 49 0.0 27.01690682000767 1.3431586322642155 -0.3203182689178192
115 2103.226145838456 587.5951995588804 0.6490307914035538 -0.07556563849640284 0.04420946411560153 49 0.0 472.5104077071279 23.23598259406042 -3.415402606192099
116 173.71335983806833 592.8671234474679 0.6596309396364844 0.04115693255026987 0.014607453203347222 49 0.0 117.94859890679949 5.85391693160148 -1.918616388512685
117 326.45842641345456 597.7578670523715 0.6216456750958793 0.07194248479413456 -0.060546428026686354 49 0.0 24.049325618756253 1.2211340280645737 -0.2169083336017595
118 2048.259147478663 603.1053052228332 0.6593596384945416 0.002902073780454807 -0.004387657448236477 49 0.0 29.480523566592193 1.4527009825887793 -0.405440575704047
119 1971.0946005360083 604.8586273048239 0.6750973983229367 0.008455823867863265 0.018791811544920052 49 0.0 23.03436918598677 1.1208861565553572 -0.123903763667394
120 1364.49928618221 609.4290013639086 0.6278765325704537 -0.22561823764372957 -0.034539801953547784 49 0.0 37.6235929973228 1.8969521567958045 -0.6951409441146468
121 1130.255789491191 612.7594912447862 0.6489052171656816 -0.09281402019671056 -0.03804205303779535 49 0.0 76.05682045925198 3.8070207260494233 -1.4514631029791767
122 385.751286672197 616.0563013768055 0.6379007835123817 -0.038045406123083415 -0.02154937872842861 49 0.0 43.435172213143154 2.1952534573216433 -0.8537116744994201
123 1589.1792920529879 633.3174259883675 0.6570368237309903 0.07637860327508848 0.042930581881638924 49 0.0 22.308990725333672 1.0965925036020716 -0.10011318171066158
124 1429.7873167046564 639.9067502316528 0.6424075404096476 0.045886688770496904 -0.004441827323355712 49 0.0 20.176842507229058 1.02338138133285 -0.025093778663828215
125 1821.2754817040384 651.6457817254069 0.6519352446556943 -0.10982481148466366 0.01644647335714251 49 0.0 29.051049984275696 1.4323709543833758 -0.39013876451533036
126 1419.9756961735234 660.4265897200187 0.6467457838505841 0.03982728739361477 0.08667212418199768 49 0.0 49.56485970224778 2.478991778913827 -0.9856877162960356
127 570.6782290738944 663.8795088781741 0.6552536510637524 0.028568890744635533 -0.018810219723485854 49 0.0 321.4930590681611 15.986250186043423 -3.009366513572616
128 697.0617738682142 665.6242449658747 0.6470526859565692 0.02692519925494566 0.022959184199450196 49 0.0 69.07131000203083 3.4405189391424247 -1.3415598821617456
129 1464.4853183298576 669.731260797613 0.6383755616172535 0.09469410516455434 -0.059311615874039984 49 0.0 43.08135594343885 2.15601251002863 -0.8341281911715395
130 1282.449226303902 676.1392302617742 0.6410798665173693 0.006434630183845142 -0.0922977897641284 49 0.0 37.71968376312501 1.8643057072278613 -0.6762928227219954
131 1005.0131289597608 681.2103433762555 0.6552014519961243 0.02594235120500957 0.04548085127876869 49 0.0 168.03876115614375 8.361774697627233 -2.305746154001232
132 1279.207848650721 686.16369511086 0.6629940200651024 0.057868620672504506 0.010461485490402423 49 0.0 55.06622496055351 2.734661293758128 -1.092258859250397
133 242.04249288290578 688.2374600390493 0.658846372314791 0.007260939268054777 0.005284315682849734 49 0.0 589.0863511539482 29.15935318580035 -3.661944715528315
134 1837.3422353027095 690.5351926779507 0.6407163339567198 -0.1231513048467216 0.056849330420249526 49 0.0 32.01154477604146 1.5846434434967063 -0.4998288951828209
135 1074.2776280205283 693.0320781546624 0.6480242576905818 -0.0332065857211994 -0.0008737142844091434 49 0.0 19.999956743069827 1.0093449983988478 -0.010099088267074624
136 798.3181300489694 697.9168058025101 0.6498971304063517 -0.038095300570765295 -0.024148848179528823 49 0.0 106.79540800558838 5.298436626409621 -1.8103693604725755
137 356.73825326758265 704.4401020602804 0.6457988793325437 -0.0809394408060174 0.06776178472737023 49 0.0 54.80016229046972 2.7293578197129817 -1.0901511888815758
138 1623.079921448396 703.9560805241675 0.6463391996848856 0.033865854238239984 0.016704921126158886 49 0.0 20.377983360377538 1.0344914972741177 -0.03681731362302221
139 1147.5067516284491 707.363180003134 0.6221305249094881 -0.2353922506880471 -0.06999840211334661 49 0.0 33.30010166757072 1.684359546469834 -0.5660870058852051
140 2008.3316458270756 714.942085020947 0.6472993663498563 -0.0689381662615009 -0.06347722617093385 49 0.0 30.288249726501157 1.5117691537518274 -0.4487136992988516
141 479.5360359906294 717.9400999858073 0.6403735862037051 -0.034515009413615585 -0.07991102364266696 49 0.0 23.78112660182325 1.1917208341079002 -0.1904363297733504
142 1667.1331822086427 719.4283106702505 0.6484967952554969 0.11137048254404393 0.0872495406935459 49 0.0 21.0252144917733 1.051810393119139 -0.05484364459251144
143 1683.0657172604913 726.1544495160632 0.6652512746322097 0.02493652585477119 0.031015253940395508 49 0.0 25.72111953491106 1.2636221245301125 -0.25404305320707554
144 1983.8516579283037 740.5117576304849 0.63516845027711 0.11556606339544327 0.10213901652829505 49 0.0 35.3968180222449 1.7802160127897122 -0.6261817578377987
145 1075.444564565228 742.3442147898323 0.6424787218817938 0.15608398083027386 -0.017643665889107325 49 0.0 150.24724537271337 7.443654734609386 -2.179465551685701
146 1398.0841888150355 745.1380985185165 0.6652704902192579 0.03750450789583744 0.025520263677666806 49 0.0 127.52821818223043 6.306825045479883 -1.9995269590289837
147 1266.9635226480648 746.008191747976 0.6634130546498475 0.005100630092840624 -0.0072825027846538685 49 0.0 46.89915548360371 2.318729298736217 -0.9131251241527762
148 892.7925273873253 757.6301934235477 0.6366828877759084 0.0881840500265526 0.044267961730080664 49 0.0 1337.911523254083 67.37182842694465 -4.571195834945343
149 1771.3741014625919 766.4085314786164 0.6387751149959582 0.18102707546202768 0.010303185975298938 49 0.0 41.031349980100146 2.040034037306779 -0.7740935338725827
150 2192.0646738247933 767.7430000861576 0.6441972052176048 -0.046528983902182686 -0.009075504411348405 49 0.0 30.163413775260327 1.5272859330061532 -0.4598008793173055
151 1759.3103311878074 778.495305532596 0.6281978307861136 0.20642399139533893 0.06452315100501745 49 0.0 38.52185444522835 1.945309820575384 -0.7224719481528403
152 133.12631080171022 780.7166299969145 0.659559061906691 -0.026771636807087575 0.03323785622147973 49 0.0 142.06094345766724 6.956275704384274 -2.1059419661472285
153 1843.5850391630672 784.8175126149175 0.6410674953913432 0.053095223863711204 -0.06478940313046681 49 0.0 44.06248784216732 2.2092688753334335 -0.8606214354092672
154 416.9488073543889 790.5378130802438 0.659714019659163 0.049770616221126544 0.07050572223765943 49 0.0 26.69325644988706 1.3088203851488396 -0.2922001265162944
155 1638.109262115971 798.1637574757892 0.6568679918108422 0.024605493669928907 0.01907314748077606 49 0.0 43.34751720623602 2.149014578558368 -0.8305984042078751
156 339.55875024769415 806.6118466676194 0.6328448604477399 0.16631574581956995 -0.0025063469311337227 49 0.0 134.02475653668725 6.705255760995121 -2.0660383698875537
157 1974.0681564219142 817.8512933585846 0.6660705115031097 -0.005313476684230879 0.011182613999678095 49 0.0 40.76518789639933 2.006531296261065 -0.7561148447466438
158 1391.2297909689378 818.7930120474604 0.6107990350989742 -0.3292076334830305 -0.2099181269067152 49 0.0 34.2817887513901 1.713727472154552 -0.5848543970165003
159 2149.161009818042 821.2342232994545 0.6569913150694351 0.036495187662910634 -0.02333416439213978 49 0.0 73.302145245969 3.60468475250275 -1.3921682237932287
160 429.17920767456934 823.3000232969114 0.662764035403859 0.08450769424326825 0.046218553177541186 49 0.0 22.210308494063963 1.089662077770547 -0.09322959229831151
161 1215.9000711958076 830.6049114653478 0.6411456539651462 0.06796704046376811 0.053233343069455444 49 0.0 80.37602955117445 4.026661537406572 -1.512362815877136
162 377.89733920942007 831.7626472305255 0.6558061164504714 0.02618966222082287 0.02111089322078679 49 0.0 23.097625099764397 1.1396771843586215 -0.14195463512762097
163 961.2186775936729 834.3104443774349 0.6653816572602268 0.10752370670588571 0.10445336412859801 49 0.0 38.39266494491539 1.8918806962442154 -0.6922343647885627
164 1235.9591074874722 835.0689654727171 0.657162673910838 -0.01578693495887969 -0.01568312339381367 49 0.0 102.97627179418936 5.132029618697541 -1.775722885430154
165 1957.6961793191076 840.0029208002601 0.6740184562019305 0.004432739967034113 0.011199470166873301 49 0.0 30.381590759272004 1.48699496235099 -0.43077374304854255
166 147.14229842220388 840.5064027057448 0.6406612794128184 -0.033391432965242704 0.0635913447778929 49 0.0 50.09621446947089 2.500779631087394 -0.9951885583752663
167 283.15518143379825 847.112689512195 0.6662102067062162 0.03683866243159816 0.010941317814137508 49 0.0 43.85823042730026 2.1557397002070573 -0.8339907994633671
168 1055.605154026938 860.3339731310883 0.6408482434424814 -0.12028706398521016 0.005719715950552199 49 0.0 32.964496047779825 1.6883770235448905 -0.5686735834518921
169 1382.0775428280974 863.3961720687171 0.6371502790805934 0.13033538652927343 0.10868882889560993 49 0.0 29.1302151838329 1.4349724493775964 -0.39210890738209503
170 2054.6604129249545 868.5486979240808 0.6293569910895664 0.1679589900975657 0.02926207271289909 49 0.0 88.07205235889495 4.437917191153178 -1.617947985749013
171 987.2173472718993 881.6910144386064 0.6596419840171396 -0.0667368314156609 0.04063077107309775 49 0.0 40.005752110419905 1.9917385942833858 -0.7480808471295076
172 81.52834253755077 884.7809684268026 0.6476546153593676 0.07535046712427566 -0.05268648792215902 49 0.0 112.06988237839724 5.555585424111329 -1.861824574513073
173 138.69373447434714 889.126042594268 0.6667201227488294 -0.040803139261333554 -0.0031975731150528388 49 0.0 20.903952549389697 1.0206055267878298 -0.022144789490233227
174 1279.6054709693215 901.9189573194944 0.6456025846199184 0.00472832622920671 -0.03351159942426791 49 0.0 44.17096314591674 2.234150516439 -0.8727810712964268
175 2001.2990095303562 912.1691362449515 0.6674954723103281 0.02912668492048503 0.004872877985579472 49 0.0 30.235178328955044 1.475341494892442 -0.4222313934661319
176 845.2669217344338 917.0088194815205 0.6531969370435716 -0.06179280972152143 -0.001189797244806556 49 0.0 57.622017071276204 2.8484386334036658 -1.136517168696031
177 2130.1144320082203 929.2829144102193 0.6829441458392573 0.07638610433969222 0.06309127521149653 49 0.0 31.89299858825653 1.532624491459933 -0.46358940334025683
178 1551.2840153125726 933.7836682180119 0.6540119882653355 -0.08786532771583214 -0.010443250047373849 49 0.0 148.7052250640113 7.372197028461995 -2.1689923340121804
179 303.0030709430146 945.6876860562728 0.6548678838310145 0.007850340789095342 0.030890028035211875 49 0.0 96.30818294014901 4.791141359973503 -1.701097461663616
180 949.2670366441525 945.5788033964182 0.6319997669821378 -0.10634681817015207 0.05459841437715995 49 0.0 102.32402271096592 5.070047369758871 -1.7625300424796821
181 583.4017849310331 951.0192243020223 0.6661328424970256 -0.027346500944839397 -0.060551057542815985 49 0.0 54.66084943840031 2.659689793202763 -1.0620774666186203
182 104.05052654694573 953.4250682934784 0.6443589427160398 0.06395538724747586 0.09563727525563036 49 0.0 44.397962438376865 2.215871211243777 -0.8638612878490719
183 1580.0004115833842 953.4556169988051 0.6579931029963563 0.04028739883145248 0.07758978808619628 49 0.0 23.12419779746129 1.1301122274565933 -0.1328039346929506
184 789.2172678539613 960.5174424608448 0.6409373537095235 -0.09743072150793279 0.07048577614904533 49 0.0 250.29624611885833 12.427034750142317 -2.735918781925866
185 1721.5244902416705 977.2279877383347 0.6335691528624593 -0.13608372055774484 -0.07393228404656405 49 0.0 27.10612828158354 1.3648591478778855 -0.3377195873142831
186 84.01367062221489 985.9338008285149 0.6991210062672469 0.012685218965718703 -0.007086786023666756 49 0.0 37.51814509901786 1.7850406091576356 -0.6291202515861654
187 692.7429569992566 993.1278261944125 0.6737492288320288 -0.016907810432008515 -0.012554354321908276 49 0.0 22.434014257864355 1.0987589416840682 -0.10225605594575046
188 1379.0181322524122 994.997734568939 0.6687013270695532 0.009626760325920575 0.005943977980772578 49 0.0 66.2285442929065 3.251434311454264 -1.2801874610134825
189 149.35036173952685 1002.4071248109072 0.6347496930890858 0.1674598458816711 0.02422550867239281 49 0.0 34.258266506256334 1.7054665888856744 -0.5796080393428301
190 321.12661822216666 1005.093748117971 0.6732415302332102 0.010308464947430799 0.023797421630759832 49 0.0 36.195122244189456 1.7689621726212088 -0.6192963652060168
191 1101.1535300263984 1013.2038498149786 0.7544369183824474 0.005439910073517389 -0.03242770631588819 49 0.0 25.16150519292256 1.0622336889525137 -0.06555017759332593
192 1601.267403953877 1015.5558598303875 0.6451214495398944 -0.11452608985287441 0.0615663776886018 49 0.0 86.3024178604587 4.256523214546955 -1.5726375158070254
193 322.4585931393558 1028.1232599677849 0.6328126489719444 -0.10787911692205093 -0.07566738651363186 49 0.0 136.79256052696886 6.903293798617229 -2.0976408925114143
194 1101.0237185699768 1036.9978443731263 0.6754537056538551 0.00802554018954853 0.2070351634454101 49 0.0 23.103217962253666 1.1292852365494783 -0.13200912632190262
