m1-67/data/wr124-jwst-2022-f210m-TO-f335m-OFFSETS.ecsv
# %ECSV 1.0
# ---
# datatype:
# - {name: 'RA, arcsec', datatype: float64}
# - {name: 'Dec, arcsec', datatype: float64}
# - {name: 'd RA, mas', datatype: float64}
# - {name: 'd Dec, mas', datatype: float64}
# - {name: 'Radius, arcsec', datatype: float64}
# schema: astropy-2.0
"RA, arcsec" "Dec, arcsec" "d RA, mas" "d Dec, mas" "Radius, arcsec"
7.940377851400049 85.63742965643883 2.747035292449455 -43.03496138176983 86.0047612342519
35.622596864839004 61.54536137697377 0.9045431905600493 -45.67164260069722 71.11118672025566
29.24650343020412 66.52968353181483 1.5621451004854077 -32.08372347168018 72.6743195638785
32.75783383657316 62.63216900446031 -3.17159563397012 -45.16440215249894 70.68142782151915
31.474977980796417 63.56151204891559 2.124324236585239 -40.86048440711776 70.92770982823063
2.8536505204131672 87.91920812527778 5.778732460367081 -45.758014140560256 87.9655073206165
16.690794015373775 75.9071952233158 3.733338250389976 -43.19072254751297 77.7205563474767
21.325716140009852 71.67277331520707 4.050187681462209 -38.37446269333558 74.77815580286033
38.2358469240638 57.130191767935074 2.819127197736881 -41.00472620047669 68.74473626434927
-7.633065750633669 95.1688632464344 2.193851731877441 -44.983549704101485 95.47447941851055
10.845349809581931 79.2059506489633 -2.081568024735621 -39.236898337267775 79.9450075046535
-0.18302962133110884 88.44465454776679 -5.211867458854918 -46.183831588685514 88.44484393064464
28.833633240174045 63.567744073089756 1.5694486183782446 -44.40199712752594 69.8014073357409
19.852273763662456 71.2425169963992 2.339715016540734 -39.65798288339375 73.95680486540817
-0.3825800710427013 88.04925264558618 4.6259350065831875 -43.05196382559716 88.05008381001143
36.51145198930642 56.280855335314385 50.029310238058166 -50.49590397602563 67.08666611606348
81.94478131730034 17.026015947303165 149.97713091529909 257.543916680926 83.69487671856837
5.771584334820035 82.0148371345766 3.055644664586268 -42.42825107820824 82.21766655768423
23.9122885237561 65.84538371192825 3.5431791415002243 -45.457935703078945 70.05292341644738
81.72934188621167 16.160547554639468 2.3329667776953267 -46.64680224995019 83.3117555255557
47.80166830414111 45.0530593965964 2.5820244757483413 -41.14671409630504 65.6869668756489
32.50672510238177 58.06103780940383 3.931817739943098 -43.14648293132107 66.54150028726815
4.763390839560693 81.49383172617046 2.5277468419651226 -40.174346723434695 81.63292534586263
-3.0585416696016376 87.97675391985621 3.225958547329973 -43.89884632050374 88.02990348088704
10.615999294222036 75.69242644812826 40.71613003739096 -49.83118862960519 76.43325753597779
40.7638802987099 49.70109844281946 5.075844564837361 -44.45218426138332 64.27980313659239
20.971023780197502 66.62752600390182 4.526779213183541 -40.15276915856472 69.84991799921143
54.64975142207222 37.77253649079271 4.914913588115017 -44.66136252494618 66.4331228383603
64.41456671147584 29.307428985528283 3.4965303658204148 -45.21630031663609 70.76836701843472
32.723093662283084 55.83754245845797 2.125766489638879 -43.328762747776246 64.71964138091101
30.804861201648283 57.398503890388405 3.1614158654178337 -43.55918021735204 65.14236484822202
-1.719858316560448 85.20473847069464 2.3732749344176693 -38.84798246570111 85.22209437887541
85.476751975853 9.860722920083214 4.19638436713392 -46.46636006638998 86.04364578105135
34.983873369688375 53.001293071027604 0.7843757827349055 -44.01598170046215 63.50597165793297
53.532148532570616 36.86208565659265 4.836727078502525 -44.29582374555491 64.99618646471569
87.38897423127631 7.640403158714894 0.592537302806679 -48.86459917704692 87.72233794279127
32.36845738283664 54.60331151499525 -0.3297382917800784 -42.593087190857354 63.476284053815036
19.220664390143295 65.69427600770669 1.8824387020611342 -43.518521885375925 68.44831500689106
60.188194918204424 30.454219050060598 4.475336278021305 -45.31035241133834 67.45426776081541
83.9403366130659 10.056190978847164 2.6656673439613088 -46.26141437431392 84.54056471397311
-8.241432448112837 88.8437919139086 2.229176380519387 -44.10354644449728 89.22522382286105
29.933917647312622 56.12551477779016 -0.59766034054873 -43.448139281418726 63.60906234708038
33.18418248174786 53.22127060233594 1.0918746540269126 -44.43371371040948 62.71916443223644
61.60774295924506 28.417185966656277 2.9801086231453753 -45.499225032931655 67.84578414890733
7.78426916212497 74.32028971974509 2.2483300497555003 -42.9136750459022 74.7268379351969
67.11003858218884 23.440524727564025 3.3607863250261016 -45.28017908193068 71.08597230549668
86.18632599243948 7.008603696258017 3.4375155706390887 -46.935691132206664 86.47082346656042
-10.434620108385529 89.26355222179855 5.216871313579858 -43.933602270701975 89.87136944135331
82.38852583158781 9.546151310950401 143.26169978009506 -51.44678157115189 82.93972623973968
53.85741897112861 33.538037973633806 3.205745925134883 -44.764510233798724 63.44620984584652
52.54426623502741 34.591065891404405 3.7841358980795854 -45.53165382851945 62.90820079934619
61.726899581135264 26.644883504798063 5.834747047222944 -45.575015619252625 67.23213463579714
24.17522077874087 58.56425352641573 2.5459421350146325 -43.642625447169316 63.3578177899411
88.27858894472301 3.5088044069908118 2.539867797184018 -48.29760974841909 88.34829355285332
62.309694551708596 25.01228543984714 236.83113300962978 34.8162073180787 67.14247864818871
30.62249811429011 52.36185119958237 1.7692839478587477 -43.16148121349918 60.65888913968483
14.865056900909542 65.32626791953194 5.604113172706555 -35.519470338405306 66.99620279967706
42.15424572625697 41.90350557263819 4.316826872583446 -43.76300513793611 59.43807018722286
48.755081384655966 36.203210690794315 4.69044083095546 -44.15958887774549 60.72668606749621
-4.8960031681995355 82.08447531064724 2.690753336717071 -42.263407706261106 82.23035894838772
32.84827073737034 49.62905482609158 3.2380030280198606 -43.122520584006494 59.515140532027175
13.389367992932845 66.10331682598249 2.020498539069011 -42.95446639249177 67.44570901480019
-11.305600657526567 87.02419187708689 1.1780487730442137 -40.51328632428604 87.75549310728645
41.96185665571608 41.19589333400612 4.549513422385657 -44.03516250619081 58.80390308622724
31.112298730135432 50.379119054245926 3.060652286360057 -43.17774885377845 59.21174503176126
3.609628342700785 73.55260701328761 3.549164203705373 -41.571316837164126 73.64112583789023
-0.23627994509185396 76.74861763369584 2.471633750786338 -42.13064462634757 76.74898134107794
68.2113430025933 18.09156187595568 4.19276986647727 -46.12738508504836 70.56976628420217
78.44868469050719 9.335959073940934 3.4311152399480545 -47.6814424115565 79.00225476084405
40.577535043593514 40.692621092027316 0.5106398721140339 -41.689064322504315 57.46673594524518
19.033168800235135 58.99221220933033 3.5008253283400466 -42.58514439674022 61.98663247874087
28.37474134769165 50.968450650140625 2.2855582832743027 -45.120737566599 58.33445715729207
28.417793801487313 50.59840117286744 -1.7937165694440438 -33.00428205908881 58.032483917206925
89.83111090924895 -2.0702218830983683 -1.44334831453357 -45.01165231302822 89.8549626095106
-12.397556051618466 85.44879398101399 4.0443065966784895 -43.507114127561046 86.34347560800774
74.59023230934476 10.998236153082999 1.457657730551039 -46.32675996435541 75.39671046644992
79.77765612136231 6.128401145439227 2.134602463660552 -46.98549047757063 80.01269721079869
29.72469537047764 48.849015004317295 4.623924123785827 -43.37344639484611 57.182023095109734
-13.234154247928593 85.52617590144803 -0.3998514773113082 -33.84859558690139 86.54403268246831
-6.920245295006476 80.02646941381802 0.8008277679635086 -43.46628523643179 80.32512433468428
-3.4392831921160156 76.55804681122024 3.3106586052023785 -42.023906610681706 76.63526081304269
66.56463150441475 16.211682196469546 236.61385820139182 34.34872833505304 68.51035540588455
32.78988753088713 44.963929430957464 2.575248619510514 -43.45658686009715 55.65008227424994
33.3587671476091 44.16792630800451 3.02054030243378 -42.1821807873842 55.34991457045814
65.19348893397311 16.91561259523154 1.8869227040288281 -45.43884914227439 67.35227493809143
77.18738786770116 6.149600502266529 2.0680042897633055 -44.45720442090367 77.43197292086872
16.513521829682272 57.919919684842064 2.36170965899609 -42.51637395233999 60.22801252201653
36.00542656564791 40.97112288129778 3.342937211181457 -43.8793426821138 54.543777237009024
28.746856833759335 47.11701871352149 1.497642585162243 -40.9942263472623 55.194159255335414
27.835821694330253 47.466571876377216 2.7601262112517566 -42.00400416890136 55.02643366071806
15.964693519280127 57.553530928175064 2.8568226941772665 -42.09898564839819 59.726713913033606
87.2352424325808 -3.560971871672414 1.7309184319525144 -49.104763536594064 87.30789221026554
25.75900962220457 48.80725220465773 -2.220518774548651 -38.27761112020269 55.18762933943399
-13.697954436183675 82.28000700675976 2.4816392618365883 -43.101345463625925 83.41243012172436
43.333463706616975 33.35894902969922 3.4711181397542967 -44.62878944794803 54.686456648923624
10.469166908860268 60.59360335345725 2.5118830087248862 -42.1562285336665 61.491367036110965
83.72787863258947 -2.160598711923821 4.021835680154052 -48.11218603762793 83.75575112704156
-12.01778376217772 79.71560579249302 1.0209211990266054 -42.61544231356364 80.61640606120498
29.48521513900705 44.03107583016201 2.06892434281045 -42.829218014213 52.99163648499448
70.35417226737998 8.749041950527221 -0.37026193744321717 -45.46488840451817 70.89608795630106
27.897098086718447 44.90445239099589 2.459350148362166 -43.18567985439882 52.8645241528264
75.2233358074944 4.297284650327788 3.5893358764652588 -45.83652390648392 75.34598134304824
60.368033753716034 16.736786135223387 2.154967702863697 -45.70479420023637 62.64518737642878
14.244663399229333 55.83333372186323 2.3138212265069704 -43.26639597746611 57.62179782774304
85.40638306404459 -5.32969776211162 148.3601640427127 -5.54842123531194 85.57251863009867
-8.171814264265569 74.80443836953097 2.446366355730421 -43.380932940938635 75.24946873715724
44.448252154523566 29.60878758153116 4.147588155994262 -42.859379767673836 53.407184985464134
51.240476959374526 23.786102899051006 4.234868734007502 -46.4935680069126 56.49216900160741
33.556703286531516 38.87181754595058 2.226501729954442 -43.191074520416244 51.35241495251589
-0.13291782817822093 67.2801717900509 1.2427933642008646 -42.50434751684514 67.28030308528014
21.991681581051225 48.14747984994909 5.230766537411099 -39.44604881168826 52.932162867986946
47.859839281204096 25.510815638418954 4.026977037891065 -43.63588099827285 54.23436105351993
8.796001465567858 58.738938470451004 1.0456152698400893 -43.5556439430739 59.39387621908381
-6.865081953769874 71.93851227779801 2.835377708820862 -43.27870360198369 72.26533676019613
-3.761743374370692 69.07419158054925 2.7739179042114768 -43.73692190770441 69.17654700252481
51.45647275984661 21.61075256531785 3.6954178645613984 -43.14474197074952 55.81033242726647
57.43978383860131 16.25723094363565 2.6235140316960393 -45.99376561407016 59.69611644446304
19.959189159251597 48.0279801731061 2.757233209246822 -41.90339542815104 52.010153856782516
58.59461301093746 14.711415277004637 3.318891622389759 -44.86489661561018 60.41319729602094
54.32568962604274 17.707202932481284 2.4481373610937047 -42.72744349203305 57.13865225738289
-16.443050427094036 78.20215760313035 2.284487113168682 -43.48054208551368 79.91214768838883
29.354031562907732 38.94623984815143 3.829077582278534 -42.94443968749735 48.769547435544965
37.23454551323162 31.88484071562355 2.9247038860219106 -44.68385589491446 49.02095915015793
39.64652168906903 29.590056130094947 3.2142607610948017 -43.76218510061149 49.47138660921795
38.67538012461668 29.800710109163045 3.8607289574299894 -44.408718790928674 48.82486395667051
22.08453570592892 43.80833703412233 1.6194492546868737 -38.83285082540963 49.06013762427036
57.845169199858695 13.08389387396786 3.1513613483810516 -43.034294190453195 59.30642354911195
43.31471351848726 25.287728614566994 4.155329933966647 -44.97265126504663 50.15609251409035
-20.344860742221403 79.73230366224692 1.3215647625526146 -43.52187404370468 82.28701954313065
12.864799168722426 51.289136545914644 2.6840423103614226 -42.93875681360914 52.87795932021371
69.05842860205937 2.9759359201542064 2.8479698085102614 -45.87632282459622 69.12251988502044
42.665357463979696 24.753428844763405 232.68999243846045 32.4591818184453 49.32610828313066
78.29939711403016 -5.3133378028495315 4.230695473504417 -47.118313498217695 78.47946958079484
-16.470753398795804 75.62392262629973 0.7355532938524847 -43.71880665013291 77.39679178595497
44.23155663121673 23.576907325149147 2.4217900481345778 -44.94017170017279 50.12286057804181
50.28816754586914 17.994642791553034 3.512598226554582 -44.12359858353648 53.41073822652888
80.73681781557674 -8.106437790619967 4.203788587749073 -48.3846417813506 81.14276357933093
-3.9492104463790834 64.03532804134966 2.4316934023128915 -41.10003948943234 64.15699104550363
-22.28018192910833 79.4656090543274 2.015258070159216 -42.74077393331954 82.52993096208239
14.8099395359999 47.422886752309566 3.0761853062912126 -42.73051821693805 49.681631345164554
28.882037839485747 35.38315120453774 3.9099271207091593 -42.88081890208185 45.67427602870435
40.21014738852964 25.62354261614324 2.9544304136523523 -43.90727340368777 47.68041401763368
2.3111522341089588 58.05100279635219 0.33927953980792375 -42.20664499951085 58.09699088740121
-7.766579089301029 66.57278451135872 1.8650469697907945 -42.998929020272385 67.0242895243925
44.758873736953774 21.591328848761236 3.7134167672648792 -44.72220720137461 49.69448915463614
6.619178807680046 54.185291544526116 2.780549650788915 -43.58548367682324 54.58808795740574
61.791238783713084 6.924520910232806 3.0495172331202447 -46.59504366127467 62.17802006202817
63.033608875016455 5.876583918494795 2.5438252710464027 -45.406239906186194 63.30695131883307
66.09792565695263 3.2577819890131567 -0.06292167150762881 -44.97452272123231 66.17816044036613
57.71527626697383 10.135544237348755 3.5730132876511016 -47.61336107376686 58.598484356540084
-20.873551061810335 77.0302929446 0.25150015413178417 -43.30781426863338 79.80834007046877
48.67593290297898 17.481907114779016 4.420207646121962 -45.18721027143072 51.72004944583089
-11.96915390236316 69.30494974685209 2.527439455349608 -43.21780807611923 70.33090856202385
47.384691848880635 18.490420504517253 4.008380525501838 -45.93116220667507 50.86457181618562
55.21373837701718 11.693999966929175 1.7804111693007252 -44.16774438990416 56.438519980054785
57.45744610206872 9.711772475123986 1.6559974843425607 -44.21944223634637 58.27243460450086
66.01211933661138 2.3154180157512116 3.118988520377876 -44.02215151981653 66.05271424938665
-5.00579649003372 63.02409256328324 1.0070609434857318 -41.55426653234994 63.22257698911065
83.30028113251151 -12.681904183911735 3.660417514180338 -46.218948706134505 84.26011821585845
63.865247023454394 3.8206394166777367 1.7829872811927472 -43.8268104400509 63.9794268687586
-13.222573571436838 69.26465408512725 1.6732225962586895 -43.50000253451548 70.51545044040769
-18.52661190525861 73.49517491892058 1.7750922221124965 -43.27275160736944 75.79430104251573
-5.663393361685666 62.4254688535431 -0.2581349578583768 -50.32804237345799 62.68184095075285
-5.303512023083214 62.00477980588783 -1.1163208324084963 -39.98023660993076 62.23118155481216
17.349424197903485 42.30666673423567 -1.6992388898087563 -47.34078947897602 45.725885075518185
28.664839963721093 32.57055945904753 2.7482311415708054 -42.362406760653826 43.38795209261702
-0.07642524434932597 56.90208409763568 1.9173612840635783 -42.946174545220565 56.90213542102107
75.89187168085414 -8.340078017601265 2.2498630440342073 -47.181245268622554 76.34875955390254
0.05478646753263099 56.25942562229989 1.902781338970492 -42.11915433695537 56.25945229834125
31.355967027599586 29.37867931777557 4.836017121447628 -42.30981225350804 42.968633443991166
5.408584768506647 51.02778648655559 1.6140070597325265 -43.885968886892776 51.3136218008328
25.5340225270817 33.828630821572375 3.173470960254805 -42.907149623995544 42.38351759623631
