m1-67/JWST-combo-E.ecsv
# %ECSV 1.0
# ---
# datatype:
# - {name: PA, unit: deg, datatype: float64, format: .2f}
# - {name: Sep, unit: arcsec, datatype: float64, format: .2f}
# - {name: Bcore, datatype: float64, format: .2f}
# - {name: Bshell, datatype: float64, format: .2f}
# - {name: Bbg, datatype: float64, format: .2f}
# - {name: Rcore, unit: arcsec, datatype: float64, format: .2f}
# - {name: Rshell, unit: arcsec, datatype: float64, format: .2f}
# - {name: Hshell, unit: arcsec, datatype: float64, format: .2f}
# meta: !!omap
# - __serialized_columns__:
#     Hshell:
#       __class__: astropy.units.quantity.Quantity
#       unit: &id001 !astropy.units.Unit {unit: arcsec}
#       value: !astropy.table.SerializedColumn {name: Hshell}
#     PA:
#       __class__: astropy.coordinates.angles.Angle
#       unit: !astropy.units.Unit {unit: deg}
#       value: !astropy.table.SerializedColumn {name: PA}
#     Rcore:
#       __class__: astropy.units.quantity.Quantity
#       unit: *id001
#       value: !astropy.table.SerializedColumn {name: Rcore}
#     Rshell:
#       __class__: astropy.units.quantity.Quantity
#       unit: *id001
#       value: !astropy.table.SerializedColumn {name: Rshell}
#     Sep:
#       __class__: astropy.coordinates.angles.Angle
#       unit: *id001
#       value: !astropy.table.SerializedColumn {name: Sep}
# schema: astropy-2.0
PA Sep Bcore Bshell Bbg Rcore Rshell Hshell
[from data line 116]
92.03973525912947 20.35146514616371 1.7695309499439837 1.70819196415421 2.1575077631751296 0.10789705149585573 0.1 0.380287682053612
194.03334262657825 20.37679674325749 2.0198919040171037 0.9481196856803366 2.4899156212806703 0.07618361410578292 0.6404249316522488 0.39879509717197376
224.20564581916793 20.508726115001156 1.275759362726732 1.2524044339999094 1.6492791652679442 0.053443741433777114 0.46797580393066285 0.25781516495733264
202.17210937600308 20.56749617908022 3.401831252062376 1.1090923106489896 5.347827736942407 0.13461587678408315 0.4338829775547674 0.16816228932610472
77.20001490478273 21.154072624467442 1.4674650257584543 2.2795262445036415 2.9752333208820976 0.15194619398908643 0.1 0.19542033636729908
205.123310307528 21.484080377206073 2.2506863134891866 1.7959577416174854 3.8948167243989964 0.13553932156703166 0.9691101903866698 0.44332682819758445
91.0055781594414 21.500336085009792 0.009999994266968562 0.009999994266968562 4.395330796637395 0.01 0.1 0.01
211.98617366690402 21.53393882444606 1.9404907350885567 0.009999994266968562 4.686070694586961 0.08247644696457464 1.5 0.01
237.60745427488408 21.67080709475267 0.17458335602928451 0.6293494405512192 0.5393270096551217 0.06336718074363855 0.13522938898469788 0.29304796396053606
75.56128732400626 21.928181394133176 4.879918497297018 2.8979480234526847 3.576941299438477 0.16091016689385101 0.504460161075928 0.27380481916335336
76.80856063122481 21.930549674898845 4.603779931966386 3.025318024433148 3.4248047590255735 0.17086883187049748 0.4841235577172609 0.2621453606048374
270.88665710597854 21.95161009858014 2.591940674760005 0.8563708319644486 1.527711009979248 0.1735613328662977 0.6478802416965616 0.2165472522197291
177.29002947858226 22.197488213947576 1.115890352039395 1.3479610227301644 1.4337495625019074 0.1255386293607755 0.1 0.32073696516500555
271.2552949729462 22.353415718801983 1.9766138282077022 1.4836668113413953 1.4260220289230348 0.1551120189643776 0.2777470786986916 0.5370027788699172
184.77177098638202 22.467535388077486 0.48389200756754674 0.009999994266968562 0.8673292157119514 0.1247262223862035 1.5 0.01
204.46494205525485 22.514026149063813 1.5165596343125771 0.00039877611676744976 3.9881152142997616 0.11999029996949169 1.5 1.0
83.07802098503575 22.558548476736124 2.3272817468614644 0.00039877611676744976 2.3468810343941406 0.1498792188062853 1.5 1.0
176.69354325880894 23.19928273230918 1.5333096700387658 1.6928090721308164 1.6280288891230188 0.0829637749824534 0.751814204277317 0.4704517575643452
230.26703194545073 23.404540863277443 1.6944635271719928 0.00039877611676744976 1.8863900904248103 0.10465728039983264 1.5 1.0
204.38752672082657 23.42250209028003 2.1188476041706976 1.2291865640508706 3.3691167859806974 0.1387411309393017 0.7961379711814383 0.21703026725832691
238.32061179574765 23.44093648914606 0.47864886100522547 0.3516064804037941 0.8345772960525758 0.09392307424837597 0.4425399960488109 0.3088535994729646
219.0242709952195 23.50365559843092 1.2167953141588617 0.009999994266968562 2.49726015669215 0.078874698543992 0.6359047205614993 0.01
278.5842654167588 23.714654355563763 0.2791171350813003 0.27553134198055557 1.3661528580363476 0.08202829124657558 0.6192667139680439 0.3332783139216712
219.52380286806712 24.90338285990142 1.4263958917689097 0.8529582397665219 2.2736018806777105 0.1061619107393686 0.4158691587508717 0.6010592821969922
247.25180685579105 24.923009995470313 2.2048502997465627 1.2781065404002285 0.48174076626964235 0.11456620344301059 0.1 0.4982598965122516
248.5780885297686 25.181912041334922 2.4237682586450013 1.0957139912472469 0.9156801223754883 0.32792064708106683 0.1 0.7276141946214576
92.97825334865837 25.640152058109294 1.527739668610908 0.009999994266968562 2.8723326568486245 0.23932590317364713 0.15539810741821217 0.01
166.59562748361736 25.74292245482327 2.0858444857935092 1.0688289796055186 2.2474955394814136 0.08626914378299905 0.3628756468119633 0.18270959716393706
348.45345821330085 25.845403076412627 0.7150873096766365 0.7289389373583164 2.1523430943489075 0.07985861792902166 0.47102932625137184 0.3265524002454145
86.3587466603746 25.946326173679765 1.7408772782241737 0.08842217464985885 2.4982750308482844 0.26296539768671295 0.19638043162604785 0.04942191037551672
93.74911081550509 26.123679551298196 1.3793450658327107 0.8499550289862284 2.4788620921450835 0.2860584230486324 0.1 0.937856206236646
348.0207681344517 26.44628082209923 1.1759513926474505 0.7975522335348995 1.8924988389015196 0.1284869305668863 1.5 1.0
220.86671791821115 26.591572104974354 2.3395334370144156 0.40442632540992546 2.8005239367485046 0.13387253868986276 0.6868975770638153 0.30804221905607543
249.45700015813307 26.70826812638266 1.681401059058846 0.00039877611676744976 2.297789990901947 0.11795617426002508 0.1 1.0
342.69921381560147 26.78418647341143 2.0137547600253867 1.476953796151754 1.8908417583878527 0.15300730533147344 0.1 0.40926252809867725
84.48888020204461 26.800148975663042 2.0289921424131974 0.3620271472059336 2.4662583775116267 0.061214114639840236 0.5508472807176431 0.23458078191863657
240.75205774692512 26.86764618723252 1.1508821834609655 0.2762431020273537 0.7208667756021078 0.22866670375064585 0.4829514162813768 0.09184153486339532
87.7564828401827 27.304479908448336 0.5670743243441374 1.1113769226646328 2.406192543633531 0.08036976393195537 0.5783872738014144 0.4442687461994927
193.66340989867217 27.414458322827507 0.9702446405809623 0.800510263657318 0.605139730463156 0.17206061914077225 0.29252082530095325 0.9963017326612337
85.34360891517764 27.431463008995895 1.0873664338015878 0.00039877611676744976 2.854332647815406 0.1181220685918951 0.1 1.0
243.58884551321935 27.466181578668365 1.8709408174064437 1.1034502068549954 1.0460508032296196 0.12484723381905108 0.36641826600746374 0.17077542337196577
162.02843707279175 27.479335092819536 2.351556829888939 0.9843554205145809 1.9874490800713778 0.14855733007175578 0.47747606997607356 0.2623436965871863
219.56032427270662 28.418570870648704 0.8975895818566813 0.3247963767636111 3.1769416085378546 0.10009329615010794 0.1 0.34927031055459723
223.8048969348513 28.596849177030894 0.9473500579737288 0.00039877611676744976 3.302640195947884 0.08653828813804175 0.1 1.0
243.04413985810606 28.707412549384333 0.7062302758012977 0.009999994266968562 1.964269391080374 0.12659286640823073 0.9151582316126485 0.01
190.49699059635978 29.288807221371403 1.3342888638978232 1.1931076857050387 1.2322380244731903 0.1031467963040441 0.28582364546399236 0.3166594541302868
88.54508956590209 30.800462094013454 0.49180927409412545 0.009999994266968562 1.728742269158223 0.10145135572842731 0.1 0.01
156.44966785850556 32.85069096622093 1.4349967133929198 0.49443323131006506 2.019075423717388 0.1610238353591011 0.5776149828428978 0.19462446190367216
157.04405858836495 33.09771465484186 1.0553989007621727 1.3670451032481459 2.1175773582365185 0.0958119666355418 0.1 0.476648602396351
155.77753130835123 33.60843566243014 1.57223706008694 0.6747722972457912 2.365490948240981 0.21554728525659542 0.712932524967485 0.19240213870789538
163.51355020221212 33.66569988295214 0.9732664649684948 1.4180434206408161 1.6108300497597292 0.09054745277935355 0.3083620812569696 0.28236409204008167
158.03811113041078 35.09638379244563 0.9672135957386911 0.009999994266968562 3.973346799102739 0.10608517487014771 0.15973098938530475 0.01
