m1-67/JWST-combo-E.ecsv
# %ECSV 1.0
# ---
# datatype:
# - {name: PA, unit: deg, datatype: float64, format: .2f}
# - {name: Sep, unit: arcsec, datatype: float64, format: .2f}
# - {name: Bcore, datatype: float64, format: .2f}
# - {name: Bshell, datatype: float64, format: .2f}
# - {name: Bbg, datatype: float64, format: .2f}
# - {name: Rcore, unit: arcsec, datatype: float64, format: .2f}
# - {name: Rshell, unit: arcsec, datatype: float64, format: .2f}
# - {name: Hshell, unit: arcsec, datatype: float64, format: .2f}
# meta: !!omap
# - __serialized_columns__:
#     Hshell:
#       __class__: astropy.units.quantity.Quantity
#       unit: &id001 !astropy.units.Unit {unit: arcsec}
#       value: !astropy.table.SerializedColumn {name: Hshell}
#     PA:
#       __class__: astropy.coordinates.angles.Angle
#       unit: !astropy.units.Unit {unit: deg}
#       value: !astropy.table.SerializedColumn {name: PA}
#     Rcore:
#       __class__: astropy.units.quantity.Quantity
#       unit: *id001
#       value: !astropy.table.SerializedColumn {name: Rcore}
#     Rshell:
#       __class__: astropy.units.quantity.Quantity
#       unit: *id001
#       value: !astropy.table.SerializedColumn {name: Rshell}
#     Sep:
#       __class__: astropy.coordinates.angles.Angle
#       unit: *id001
#       value: !astropy.table.SerializedColumn {name: Sep}
# schema: astropy-2.0
PA Sep Bcore Bshell Bbg Rcore Rshell Hshell
296.2815431164603 2.984176043073621 5.472454642261121 0.7975522335348995 10.566352128982544 0.1428781229101967 0.1 1.0
66.86928602190255 3.1549041084630796 2.4801667768810494 2.4961160021991313 5.948931454339935 0.08925777322906887 0.5602865410969862 0.31834102940203063
30.91902950501641 3.3108244088765453 7.293658327173267 0.7975522335348995 9.355998373031618 0.10542820450711211 0.1 1.0
71.97422290025217 3.5235471486527064 0.009999994266968562 0.009999994266968562 8.984379100799561 0.01 0.1 0.01
16.82970995041971 3.8032304305685365 4.925941451782369 2.433649663128445 5.957987437980159 0.10958507552826763 0.7463792768559276 0.24764527565370142
57.69162072249155 4.37876624174389 1.6425483017492861 0.009999994266968562 3.8142208851796475 0.09263706719502003 0.7853803980871263 0.01
337.9232356390731 4.521876287698676 5.441783665950961 9.232891557573865 5.88366483449936 0.14371700171071156 0.1 0.08126093430150488
49.97798786458611 4.947030769483148 2.5602003260361283 0.8421388530517943 5.416028738021851 0.10862175520772221 0.681732341979805 0.16495846127380892
28.041654223791436 5.426362091704897 1.9467517545929645 2.6495136650617064 1.3881617439458993 0.08316419741082427 0.45669295207068605 0.29708646533946076
262.48444337667286 6.350648837563118 3.912198835043284 1.053238815851092 1.4189123380709439 0.1173824109938627 0.4660546358519333 0.17330682697387725
191.92638621110493 6.5848034481035596 3.6658873946028425 2.031399611683611 1.4127841549078177 0.2157178971625123 0.1 0.32606089169179225
201.81568757505622 6.759766757912688 6.2278459447871315 3.018069839953279 1.902674549818039 0.12476754702555844 0.47899787217355266 0.2627826086615798
250.6008353442692 6.821171461258574 2.456171203544013 1.686645103167259 1.17907433264787 0.14090968632619427 0.1 0.41175479284269795
185.20301531923621 7.074815288530241 2.9730081984580328 1.746771683774098 2.4626892685890196 0.115673787206655 0.691513583620377 0.23942745015987874
176.82866017403435 7.475112275592673 2.0398878072266973 2.3836586229600667 2.0507854182261456 0.1391384766221014 0.5053086913654444 0.2770851285623619
41.62540508886907 7.663312943916198 3.7303176318516895 2.6042699534453897 3.1285278081893924 0.21192394409688226 0.1 0.3050088316429679
329.90134379622776 7.674097025886892 5.316849106405258 0.00039877611676744976 1.2880851924419403 0.14723190331002964 0.1 1.0
39.05997585254047 8.308390465784333 5.673382218840475 2.8033528823766796 3.5284161329269406 0.13760199928799588 0.4215225272429774 0.28314563200438936
179.24622801058348 8.519401954809476 2.0165218088831547 1.8827680482495712 4.2834966541056 0.1209260440901659 0.1 0.29457379511266785
219.06788183061985 9.199692934267945 5.128373759514109 1.7176569628809106 1.22159982919693 0.1348501741051832 0.40851118448610624 0.2323608476646791
94.99472587954263 9.321890765018788 3.027785040776596 1.551467566173379 1.2130267283226046 0.2244914259172291 0.6862063992876483 0.5134656993438499
330.1218532217041 9.330497331590983 3.320858067242772 0.00039877611676744976 2.3935226798057556 0.1338372612824733 0.1 1.0
356.0207567523538 9.78291974024862 4.254937737252371 0.7975522335348995 1.4321540594100952 0.1852680072512703 0.1 1.0
252.61924848092983 9.793781724776853 1.5554799660908665 0.009999994266968562 1.3632234692573548 0.14731804661042697 0.1 0.01
5.007242367778745 10.115941573757933 3.734968486532984 1.5480742313404567 0.875925761461258 0.1218491173232005 0.4558080394232012 0.2307696817911854
357.4631146860606 10.116250023998596 4.366488616728215 3.986503494607414 1.8644225299358368 0.14604004073248528 0.5215374408723769 0.1980403129660201
95.87922093490607 10.178378837361015 1.5931134910811595 0.7975522335348995 4.0015558719635 0.5 0.1 1.0
207.25276828622225 10.213385241165097 2.632209841318287 1.8959361274041464 1.7819743863102666 0.10809886930485788 0.29988867340262904 0.4198467081414877
202.7269410485011 10.244035634503469 4.598991818925979 1.728330311669111 2.1698050618171694 0.17105188998679458 0.6459409207472943 0.23291387439044262
359.2865424962434 10.367139026672168 4.050982167913388 2.7795439822230894 2.120976233482361 0.12743562167663564 0.5489841575267143 0.2855962467132046
289.9598000419956 10.3714478444372 1.7569309874847798 0.5935718235069591 0.5001918368223719 0.08656865705319566 0.18956975942807366 0.17373611535023423
192.77578408691278 10.535488814121694 4.734881188706974 2.0220698059812556 1.7152554631233217 0.16599828372964445 0.4934925824929984 0.2412157207857181
42.69697329811072 10.7073534718203 3.7652518318109025 1.7424863409780316 4.7143488988601305 0.11757493127887889 0.1 0.4048549225735868
62.40592589481911 10.80387571714753 1.1086693876877478 1.5394411343444019 1.3675920456647872 0.10468101843454272 0.48632738225881866 0.3523517996083899
226.87361717672042 10.957444371825712 2.8032307496347277 0.6506256949590842 1.8819204568862915 0.10497033215444054 0.1 1.0
203.1201411849477 11.00775505904265 4.697439116985983 2.873207382578735 3.6590702459657014 0.14164764363985308 0.6360494166467342 0.23881677305840612
44.14557406032516 11.047494639944613 1.9478740584846896 2.058816577398682 5.607646822929382 0.31266316815810447 0.1 0.38646679518838795
38.65454757348655 11.114201319445408 2.349312832723408 5.366375359208097 4.200740718841553 0.33839289942514894 0.1 0.14581936857175404
196.68923613842998 11.161833022918827 1.8797445165430564 1.1534817834373368 3.5560592957179726 0.07513573656505644 0.3493236335312419 0.2082806334333235
83.61299653091592 11.17751296809583 4.024278299560022 1.83176370744368 1.3445972862808109 0.15715546968544883 0.1 0.4346237944823448
169.57257449935886 11.295202516683455 1.8137773192944946 1.7601370893959478 2.1698965474317418 0.09440223800180207 0.3034722591732664 0.45238696419780217
187.950225499672 11.426487425001708 4.615966667760279 1.1095232352870619 3.6297952114155003 0.1704045988628253 0.1 0.5127732708223447
113.30026818256106 11.560066597259068 3.082010583435896 0.4199403856377134 2.195681461667824 0.1280590857500498 0.1 0.5716328769209076
83.16300182239254 11.65468401655046 3.619816599022716 3.356771264836861 1.710517430305481 0.2185127961483499 0.5548288259401923 0.23592665910076496
182.64378990116907 11.886316195542975 4.923019661485055 1.834008261525395 2.1550722956657413 0.15945494606782235 0.4359935900820077 0.4340895251723385
204.56398812258405 11.923777409747071 1.710243903340757 0.009999994266968562 5.439313947423787 0.13127419992113173 0.7802065050787255 0.01
54.69866731722079 12.015377864747178 1.3009095333210372 1.480176427446575 1.785824257135391 0.13325856208764797 0.1 0.46433292233594053
90.41957403028228 12.093248798256022 2.8567327907040108 0.00039877611676744976 4.0685505859086195 0.2777989938898269 1.5 1.0
209.117736216691 12.151300469308502 4.968436685853916 0.7975522335348995 2.834543287754059 0.157948383799599 1.5 1.0
167.310330879501 12.155569416928383 2.944592214154178 3.3149891997179997 4.733584993925177 0.2694186438759604 0.1 0.15302343645761582
91.89383432317234 12.302058253979672 1.2181119200668715 1.6933747419518594 4.513041647296605 0.06354435338855217 0.1 0.1774851655442091
33.806301978800164 12.562376534561873 5.759431071665535 1.75129710534772 3.8067440692416 0.13545246133509986 0.6625276764794022 0.4546797653420028
49.56698472960486 12.579283307137151 2.5929948232490907 2.0567250160135715 3.0514025441504256 0.18713585883372527 0.6577061011130776 0.2749401273128794
179.65283313631556 13.04790424065353 5.496295361743946 0.7975522335348995 6.851612241631212 0.1422323837044556 0.1 1.0
166.55183798657174 13.092648818697365 5.455194170095149 3.116588075076674 6.925297322946827 0.1330579703733916 0.5131441794037209 0.25437313944009093
173.51992948449964 13.318754320016188 3.8138216601850603 0.00039877611676744976 4.1553656331021225 0.15035983803022426 0.1 1.0
59.548067443691195 13.356802933481063 4.998229905898869 2.45905920195666 2.81503459094485 0.1503043223362322 0.40478724408784245 0.32317761430022796
90.37146030621487 13.655057222319323 0.009999994266968562 0.009999994266968562 5.035890194684721 0.01 0.1 0.01
85.42032881275328 13.75752672304731 2.0335510160416996 0.009999994266968562 4.870636753873746 0.12526029246038625 1.5 0.01
33.41045698758603 13.809420563201977 2.5423766192851462 0.009999994266968562 5.983776319026948 0.24771945209444146 0.1 0.01
35.80534114871335 13.890573011287701 2.6582227641454597 2.3274322837829184 5.946161145986612 0.09434435647619849 0.1 0.2671187545876073
54.130710334471765 13.923704161452628 0.009999994266968562 2.0738917033378375 3.6004512302003557 0.01 0.1 0.2756956596462688
208.55456922688413 14.10310049588429 2.1423607048321482 0.009999994266968562 4.873002111911774 0.07441109730225143 0.1 0.01
352.9396224654812 14.469053907435434 4.0343077484047605 0.7921941003415055 0.7583209139987089 0.15386348359369864 0.1 0.4160734272634216
73.77524771235794 14.493168745342787 4.1089504370186525 0.7042914564771695 1.6939205825328827 0.09876335510462086 0.29828972606079557 0.1309883292024663
109.4550384442295 14.512175521141996 1.4026800088888334 1.5170810375289379 3.333936646293954 0.09458549249376715 0.2925610996395307 0.20357585613032497
196.22240016308814 14.634324782947218 1.6882260198513903 0.009999994266968562 2.21430281996727 0.061383235480011726 1.5 0.01
62.121365555663395 14.663077882763092 2.732244854254353 0.009999994266968562 3.4846305436515848 0.15403063622480107 0.1 0.01
31.449997665691846 14.689297426026062 0.7438346494766205 1.2597736793482583 4.141250200572941 0.21644805933557076 0.1 0.5504443641571767
357.13383367572584 14.753791812936429 6.099149171739144 0.7975522335348995 1.1352713137865065 0.12754411897897794 0.1 1.0
67.69815324458952 14.789670620417716 2.726783417252521 0.00039877611676744976 4.081643500253782 0.2077655773786676 1.5 1.0
155.7745457660081 14.869035770039568 2.0403516048947967 1.3576041761439253 2.3595134692688493 0.17473858845060358 0.8735997201163326 0.3150161526071453
97.37449973630395 15.11052640840548 2.3347548442274233 0.009999994266968562 2.891011246395779 0.14403669402654454 0.702145779088887 0.01
2.118103039217009 15.266766275028674 5.582666904852135 0.7975522335348995 1.6644617199897764 0.13993812612013215 0.1 1.0
359.62445417210273 15.314664254073937 5.612920312822408 0.7975522335348995 2.551634466648102 0.13915083546463675 0.1 1.0
92.81864679573067 15.322735267620995 0.635833680298425 1.3259791579265128 3.912518281702868 0.15493778451345375 0.1 0.5292411146705144
356.79183652276805 15.773055381637029 2.1723451118065986 0.009999994266968562 4.390622327403386 0.13426602696894074 1.1613939306949943 0.01
89.90036668735027 15.825297640658425 2.6362141398870333 1.3792287795716252 4.03472140601248 0.15325920306771124 0.1837023285005403 0.5777792742885578
347.2323821244039 15.881011721199144 1.991177609356134 2.160889091432132 0.8192461788654328 0.39966708480667756 0.1 0.36810675113069935
74.4711191408449 15.88391759088103 2.826536659105296 0.15332398866224783 2.856586664915085 0.16827744086472102 1.5 1.0
173.76010629685345 16.206678520391865 2.7862768835446614 0.8288408368282162 3.518123385341135 0.13483902464881495 0.6951348069753143 0.14230260370451564
0.8698229174573525 16.271210302481364 2.3390329728762613 2.658789178406167 6.0537029743194575 0.08849100031562912 0.582347143979635 0.2986976116287315
355.26584702632533 16.295932350746437 4.9834275806709805 1.2536026279150918 4.419341701305688 0.12576792509470414 0.7027578399961121 0.15098343794515987
4.409437324636442 16.375807140338136 2.7439496110200907 0.8700759865412748 3.903906498377764 0.11964260497222724 0.3123113876780289 0.4188901385072007
348.0263153358517 16.578032442322503 0.009999994266968562 5.380388956443738 2.6003249645233155 0.01 0.1 0.14542430955321314
75.91846890517458 16.644007973909897 1.1899600473486953 0.5864855977482718 3.0724046370811062 0.07161732623714621 0.1 0.23032800488202415
42.41282516577243 16.756542723237736 3.2089745648989356 1.6893178662072206 2.130614929068197 0.11156858932975458 0.5801947590889194 0.4714276755262104
162.3248649926544 17.07363439789709 2.1841137982124947 0.009999994266968562 5.461980215158611 0.08150124565810804 1.5 0.01
69.00588331286924 17.19789160133125 1.0042002758093855 0.9347293385047195 2.295305441058718 0.12009372475833062 1.3982385006523743 0.8531111329826403
170.1243442184338 17.35177182130891 0.8814038439417294 0.7835609392651044 2.0822360162114326 0.1364426612340584 0.880628662553362 0.20292569668104404
180.01382780447847 17.412665231847868 2.3400450259165275 0.00039877611676744976 3.0827584930439937 0.12583488998984813 1.5 1.0
355.58673222787667 17.478160066191347 5.387244891839715 1.6464906601421132 5.9415715633925235 0.10527936681321755 0.23930692284182717 0.48351216013740084
188.64236838133027 17.634894337535954 2.3345869159054797 1.077330106959838 0.7971886396408081 0.08776480450852207 0.32533326994907685 0.3244588633072727
198.23959516281346 17.77260924484519 1.412658741270361 2.449703227243832 2.7083621621131897 0.05484582893901072 0.1 0.27087830770129717
207.0317296273259 17.776624478540395 4.132500103593219 1.8408709360798658 3.1393160820007324 0.19089030336261312 0.1 0.4324640719578734
5.273142274125722 17.79163340321708 3.876385712567231 0.00039877611676744976 5.442175912857056 0.14429234890979956 0.1 1.0
206.2057165641369 18.03539885340945 4.280953147440845 0.7975522335348995 3.733807146549225 0.18411430491465405 0.1 1.0
209.3185294430639 18.094286751196545 5.853465131692692 0.7975522335348995 2.5541458547115328 0.13317396305437113 0.1 1.0
70.76219306083816 18.263250745902845 0.6639803617010442 0.3561209475591445 3.1430087768086072 0.04999886963195875 0.1 0.2615249601341667
77.50060306382993 18.31345944734125 1.8451215647401664 0.009999994266968562 3.5606797184102974 0.13722023035205466 0.7508926253617075 0.01
5.522778042214076 18.49619662829552 5.119821055360206 3.371507981038595 4.982603824138641 0.15311633093736204 0.5482122108125836 0.2348798199406793
198.2176833631666 18.532573966834935 3.0197598170050557 1.950464555026632 3.0218567881351714 0.1176180521854239 0.48512644272416944 0.40805275021828225
354.84615320612704 18.583468778232582 3.750486824649176 2.304608726818671 6.228492021560669 0.20892058593185783 0.5540976236868604 0.34500445766747967
89.8262415094652 18.660510142301398 0.6558145880685758 0.009999994266968562 2.265506987592508 0.08946420727717705 0.13010778145693294 0.01
180.3269112746237 18.85197157481627 2.1998990333283963 2.2281097018500087 3.180545286633152 0.06392081181368515 0.1 0.16780586727946445
219.93912388781052 18.895326675354863 4.707252406425942 2.0760641358913974 2.3869307794035026 0.15224946645020368 0.4798348812857429 0.20745427841398353
270.5747964677593 18.899458921739967 1.9259675777441145 0.41890362122549873 0.5593351424234668 0.11802397518644174 0.6360076643611239 0.2031704928000932
203.9270128431956 19.0639197499412 1.7439393448131268 2.1793911251286016 3.602673375606537 0.45660581518394977 0.1 0.3649623194493224
213.90548318116225 19.671547620609775 0.8824641363285997 0.009999994266968562 3.714322348770438 0.12462266171870909 1.5 0.01
90.59055032787234 19.732377646354927 1.6671169487944293 0.00039877611676744976 2.1285601313702385 0.16987354764544987 1.5 1.0
281.93431667031336 19.776615524106234 2.6183489967919202 1.6097869728522176 0.5765195041894913 0.0871685518981549 0.1 0.46419110643204803
210.3967298489841 19.800287962855286 5.961497935449058 1.7613647644852868 5.124712455782481 0.13064276296488783 0.5263877481310233 0.37864595459505657
205.68487385077538 19.978672684675082 5.276454640144748 2.11048877054545 7.251928085896322 0.12576159393222863 0.8708653149840238 0.3304928143515208
202.93734488606526 19.99021468304023 2.4673820823238137 0.743492434812982 5.797418940067292 0.20288823612127274 0.570810246338764 0.3226447574228674
354.067597432213 20.179408804822852 0.7808021085826089 0.630660526176496 3.9443857040729484 0.10215627679168034 1.048218055982156 0.27767062870097414
