m1-67/m1-67-globule-parameters-JWST.ecsv
# %ECSV 1.0
# ---
# datatype:
# - {name: PA, unit: deg, datatype: float64, format: .2f}
# - {name: Sep, unit: arcsec, datatype: float64, format: .2f}
# - {name: Bcore, datatype: float64, format: .2f}
# - {name: Bshell, datatype: float64, format: .2f}
# - {name: Bbg, datatype: float64, format: .2f}
# - {name: Rcore, unit: arcsec, datatype: float64, format: .2f}
# - {name: Rshell, unit: arcsec, datatype: float64, format: .2f}
# - {name: Hshell, unit: arcsec, datatype: float64, format: .2f}
# meta: !!omap
# - __serialized_columns__:
#     Hshell:
#       __class__: astropy.units.quantity.Quantity
#       unit: &id001 !astropy.units.Unit {unit: arcsec}
#       value: !astropy.table.SerializedColumn {name: Hshell}
#     PA:
#       __class__: astropy.coordinates.angles.Angle
#       unit: !astropy.units.Unit {unit: deg}
#       value: !astropy.table.SerializedColumn {name: PA}
#     Rcore:
#       __class__: astropy.units.quantity.Quantity
#       unit: *id001
#       value: !astropy.table.SerializedColumn {name: Rcore}
#     Rshell:
#       __class__: astropy.units.quantity.Quantity
#       unit: *id001
#       value: !astropy.table.SerializedColumn {name: Rshell}
#     Sep:
#       __class__: astropy.coordinates.angles.Angle
#       unit: *id001
#       value: !astropy.table.SerializedColumn {name: Sep}
# schema: astropy-2.0
PA Sep Bcore Bshell Bbg Rcore Rshell Hshell
296.28153574111286 2.9841626738870715 2.5045389191002183 2.9638385293746246 2.6702358626966665 0.06688352066848449 0.41098518212842805 0.2666656606257357
66.86947493936555 3.1549125149909147 1.8155947089786177 2.0731604857234243 3.143589647754399 0.07679970283348321 0.6162470674869166 0.23593232334518824
30.919260644413303 3.3108251070294017 1.7382679946142514 0.7781018403256527 6.370970555763197 0.06970698062042603 0.34452709861294956 0.15908349260067342
71.97437921876036 3.5235564474512993 1.392792640539528 1.1695176886750343 2.8563550872385077 0.08667566017208174 0.9772733220177948 0.4068483484811557
16.829907671084754 3.803227856282498 2.2844309367880062 0.009999994266968562 3.6543065071105953 0.07607238251460675 1.5 0.01
57.69177263933969 4.378772881478465 0.009999994266968562 0.009999994266968562 2.3522545772353514 0.01 1.5 0.01
337.92334456075815 4.521866041533656 6.907849372919865 0.7975522335348995 3.4110582590103147 0.11176417248356812 0.1 1.0
49.97813143544081 4.9470357908001645 1.5077898654089832 0.009999994266968562 2.900198967567995 0.03191853432292391 0.5378063123504464 0.01
28.041795442296237 5.426362118484021 1.12770487006035 1.4962002246088535 1.2605824572115183 0.05300147217791042 0.976733434852127 0.5324913211980297
262.4843734024974 6.350637941225752 2.0613455039360713 0.22637209220440127 1.2105822083909876 0.060226526556226644 0.1 0.40763076894892647
191.92627434328423 6.584807134813525 1.584717736287681 0.7988115132900602 1.5419091021721343 0.06745976235782383 0.3901012595949842 0.19282395431064397
201.81557485506812 6.759768181790186 2.8432030966075255 1.175321897868765 1.2537092660300058 0.08968806125516204 0.491347558567908 0.38517334545181175
250.60075274581175 6.821162395568218 1.2423649501951715 0.5619779425468472 1.172355711676636 0.05471180409761104 0.1 0.1955579916526918
185.20291541111195 7.074820455075996 1.9663158591049286 0.6160724609855751 1.424016505688131 0.09934963187405361 0.7525398748799474 0.2497308816438387
176.82857239170298 7.475119183735325 0.5860422948487869 0.5515158870890527 1.3703024188048412 0.05468612095011356 0.5365396403444275 0.23487177140459173
41.62550224073183 7.663316111213477 2.0406949500420133 3.414698056495946 2.269636183977127 0.3899177956164286 0.1 0.23186340860852703
329.9013966731095 7.674085680330464 1.1370825175307973 1.0929811362406543 1.0183703865449625 0.042464560820401946 0.1 0.17509581474507238
39.060066349133635 8.308393048281967 3.0100956360805755 1.8635223555397396 2.4461326003074646 0.2634872106272868 0.5358513365766995 0.42718376936318714
179.24614909708282 8.519408373717578 0.795619720390461 0.770913854793411 1.8399249729881377 0.05687242342494516 0.1 0.20971384950566346
219.06780010195922 9.199690349976892 3.784697363196066 0.7975522335348995 1.4609378457069397 0.01 0.2858478516678913 1.0
94.99475790957146 9.321903082673638 1.0276950883409175 0.00039877611676744976 1.3477559787726083 0.08862978338042143 0.1 1.0
330.1218969791886 9.330486013373456 8.13272781650979 1.038985286365823 1.3248102843761442 0.01 0.1 0.01
356.0208232478922 9.782912671341565 1.6565143692381183 1.4640661287655328 1.3158266186714171 0.048471869323018044 0.27649066209024376 0.2224916426341435
252.61919285610367 9.793772318367127 0.708152662035913 0.0030443984420928123 0.9427446967807962 0.07183875252897921 0.1 0.1277724187899474
5.0073121388263475 10.115936365100394 1.2521141071191568 0.5961182810777252 0.8035167779518786 0.061038574999964984 0.1 0.5351633547284323
357.4631799779348 10.116243243106208 1.621736007481333 1.186631798398659 1.2495921905467302 0.07552018243738244 0.5275355724891952 0.2639900654978643
95.87924919564686 10.178391233994837 0.009999994266968562 1.1992256458811568 1.052415449445741 0.01 0.29370905988631557 0.6647062345296847
207.252693260486 10.213385398548805 1.3551834375214633 0.8605812880998377 0.9642148056918936 0.06063129596189664 0.14197418094532324 0.6538730201455369
202.72686654996232 10.244036846699961 2.222846748899092 0.7038874701766683 1.1550938935561712 0.13879207151802322 0.678859273251723 0.27130296251916397
359.28660736819756 10.367132616032288 1.3036992815816506 0.6376920273381395 1.499941572546959 0.08797461020979311 0.5205321728899186 0.3123769390841003
289.9597897996694 10.371434598825056 0.67297948101328 0.33186900776898304 0.7151760463448387 0.05407855080685298 0.1 0.18469233340126023
192.7757138783096 10.535492309816057 2.0449325859646676 0.7248965333539447 1.0533749973803388 0.11081049610015806 0.445838675134367 0.261877282332975
42.69704250086978 10.707356881564325 1.6124193445508688 0.863236038309652 2.3484514474868776 0.084869773262783 0.1 0.7041194635458982
62.40598436334054 10.803883288615872 0.3553202257545704 0.4571801514720796 0.8200121311711954 0.055596557811830385 0.40307714939189127 0.5531001899443531
226.87355102948678 10.957440029214718 1.1894334676438123 0.003563700687846764 1.2549960632391495 0.07242994032816198 0.1 0.1080778370463222
203.12007181340118 11.007756179808554 1.6014447339452522 1.0014942829612552 1.8089102789227773 0.08802519050104353 0.6078953147166136 0.18686044752544811
44.14564066395699 11.04749837554651 1.0323223698838953 1.1169660965295602 2.410245716571808 0.02742744592653974 0.1 0.38596838382274445
38.65461531621216 11.114203809022609 2.531112721179637 1.7122563666568025 2.026334971189499 0.25835335440887053 0.7234578062511433 0.46508822678033407
196.689168799342 11.161835629378425 1.312250951944597 0.29656494555378876 1.6474540386539087 0.0612395961396379 0.3905662414596066 0.1262947158657022
83.6130351782113 11.177524015082085 1.192894226229623 0.9946573284538739 1.0005981804127133 0.05826400754993041 0.1 0.17999986579148874
169.57252129628102 11.295210816019617 1.1502087278257163 0.38661771242845544 1.242718909208837 0.0441129972549949 0.1 0.4704230658866497
187.95016246963368 11.42649199431625 1.7263126812718632 0.23465311237284686 1.5990579640881781 0.166001895300634 0.1 1.0
113.30027352889753 11.560079928382175 2.6652796035529356 0.009999994266968562 1.173469516815762 0.13711328548033289 0.3969860530010951 0.01
83.16303931275354 11.654695003981551 0.7534926100816891 1.2251016886492703 0.8092744446728031 0.053784941146811774 0.48665305632113304 0.4366729198780245
182.64373160610052 11.886321907780335 1.7700690318380028 0.21554266047627338 1.4031067281961442 0.1474299285241986 0.5067088370347794 0.17635453179583538
204.56392396493075 11.923778194336005 0.7117180861928937 0.009999994266968562 2.101138019388589 0.08260157527838966 1.3905513483533039 0.01
54.69872425735836 12.015383889211755 0.675568301031062 0.540839612936256 1.1184014093602455 0.027373108649675692 0.1 0.14152789342919414
90.41960329625103 12.093260660970929 1.408946522644582 0.4667850083719611 1.6258339208340897 0.04039749068871035 0.1 0.11447074542394732
209.11767316527326 12.151300191368758 2.3194189367527582 0.4298442367969783 1.6272496283054352 0.08242248963011647 0.1 0.8122300631397801
167.31028302472725 12.155578123781261 1.93906660867066 0.40797152967939787 1.460624102913516 0.14552051109060113 0.6512610301648721 0.427592477693998
91.89386166142998 12.302070271695632 1.1025486043248327 0.6186676626372732 1.5883647297544408 0.05862724408888739 0.1 0.18966023765449777
33.80636265734553 12.562377904588997 2.5471252766772876 1.1115137505521888 0.9871040781375646 0.09762863698551015 0.6341823298652072 0.7172550131186073
49.56704135346802 12.579288239376472 0.8100493963476822 0.44900945169489964 1.424819159650024 0.09580085349178236 0.6032766013630136 0.2789357296999559
179.65278141202975 13.047910576140387 2.5336571143572773 0.9204224353168889 1.8924322130213491 0.1094249247707951 0.1 0.8553884111805788
166.5517940651275 13.092657659199855 1.9060886014143181 1.6313279917725143 1.9897126447338724 0.07479703945200224 0.40293676071070506 0.4882477098264249
173.51988201380723 13.318761877650125 1.5608125509868798 0.00039877611676744976 1.5787050546611758 0.1283933443875401 1.5 1.0
59.54811629721563 13.35680994583705 1.7821959485969223 0.4628299869218414 1.3471731108470932 0.1342200314782081 0.47939491524849775 0.21824819199261847
90.37148626651197 13.655069079842528 0.009999994266968562 0.009999994266968562 1.7101553272733714 0.01 0.7935566885162033 0.01
85.42035874554226 13.757538002330357 0.6411450187349906 0.00039877611676744976 1.5445028487131651 0.16634480791599868 0.1 1.0
33.41051222448549 13.809421841269197 0.9955623964635585 0.00039877611676744976 2.2580941200256346 0.05300252203307287 1.5 1.0
35.80539579467498 13.890574844570086 1.4166195846471596 0.725340605889848 2.330607129172997 0.07015984760653418 0.1 0.3186105511677189
54.130759713821845 13.923710067249017 0.009999994266968562 0.43836660153609147 1.4860585670474167 0.01 0.1 0.24479908702062497
208.5545148928927 14.103100349390585 0.9210889686052168 0.00039877611676744976 1.687247179772374 0.1329145764449025 0.1 1.0
352.939665855005 14.469046238460129 1.5813774233089537 0.8262657457641737 0.7768641821457719 0.024982562155717425 0.1 0.10989202180206611
73.77528454134325 14.49317834167031 18.20851574715472 0.7975522335348995 0.0 0.01 0.1 1.0
109.45504622280768 14.51218874991077 0.6087130088932874 0.39338259806877746 1.206149907132785 0.08840044055079647 0.3570354518059499 0.19440281873446189
196.22234888710852 14.63432749622834 1.3994284763503946 0.2750796343978178 1.061161985896042 0.05739630910130172 0.3554162346101414 0.045689542392883586
62.12140878182326 14.66308539938589 0.8850493874511709 0.00039877611676744976 1.3286855755854166 0.12666837552711324 1.5 1.0
31.45004973402716 14.68929824789333 0.009999994266968562 0.6036189830064437 1.617569210486359 0.01 0.1 0.5198146082686065
357.1338782920824 14.753784965895571 1.6746119326192064 2.1238411416797867 0.6365494349468457 0.0563784449014592 0.1 0.37456723899358874
67.69819306812978 14.789679176532537 0.8614221456175705 0.7825215358787561 1.1718838021593918 0.12232997081744014 0.6581056555849033 0.23870836044014682
155.77451414381082 14.869046331318042 0.526804800757069 0.00039877611676744976 1.172288682209633 0.01 1.5 1.0
97.37451753929106 15.110538931828286 1.032464259414809 0.009999994266968562 1.1578530042588018 0.13340860953469325 1.5 0.01
2.1181482259414346 15.266760452082998 0.009999994266968562 0.7975522335348995 1.213367521762848 0.01 0.1 1.0
359.62449822700506 15.314657912783273 4.300090147881112 0.7975522335348995 1.3579905867576598 0.01 0.1 1.0
92.81866801623983 15.3227473785155 0.6285090653000035 0.2824196416691032 1.3981605970169317 0.06687895800145523 0.1 0.3110813814348288
356.7918781067209 15.773048466137206 1.0673784067150807 0.9226020427769913 1.2898728531758332 0.11996728521856148 1.0653104879892106 0.4361914739256968
89.90038943961278 15.825309446908959 1.2134525890137722 0.6263365072448454 1.513791333043362 0.04303429657039529 0.1 0.09847792746205203
347.2324187086947 15.881003000556705 1.1103472681167763 1.0312535284656914 0.7070213458754048 0.038649714809821156 0.2031122091193554 0.26659432523002635
74.47115232219531 15.88392729964669 0.8258947202958316 0.009999994266968562 1.2419953719299228 0.12306654120758849 0.1 0.01
173.7600671732906 16.2066860316981 1.0772226825836355 0.009999994266968562 1.3466152618939249 0.07521917715954023 1.2125361525755913 0.01
0.8698648579361684 16.271204218608734 0.9135069520312753 0.9232041608725393 2.1885662817021174 0.06730663027839684 0.6466953102023679 0.24598432298944747
355.2658866141879 16.295925132835396 1.9943852049185726 0.521145713030292 1.6234799879080286 0.10536962311649199 0.752921248527094 0.1538384893871963
4.409480231911589 16.375801803428427 0.954441020306198 0.3342263901895478 1.6877805555568872 0.05437527196042689 0.1 0.06550482669281217
348.02635079617806 16.578023863007992 1.7031983484824458 1.1709903253374965 0.5851822156272397 0.10606495499164963 0.4420700681724568 0.6807637651880787
75.91849971694795 16.644017911931396 0.965769025606101 0.3223048832347226 1.2888478953636913 0.032249102162349975 0.1 0.19994625246884618
42.41286944294083 16.75654606880907 0.7382116816088695 0.3431134457671091 1.473456394672394 0.0701436658715412 0.6672907309113392 0.4036816626214304
162.3248335902421 17.073643954105012 0.5211118608732654 0.8091766064073146 1.6202866739529227 0.253419021187649 0.1 0.824134510592034
69.0059169003032 17.197900389824706 0.5407940055587881 0.009999994266968562 1.1874108425768395 0.04534271374723687 1.4166096346505346 0.01
170.1243093230256 17.351780019240017 0.009999994266968562 0.009999994266968562 0.9893943874283145 0.01 1.2284685020364734 0.01
180.01378891487656 17.412671492984114 1.1886761741627285 0.00039877611676744976 1.163287200283979 0.11809723226246913 0.1 1.0
355.5867692698721 17.478152911453822 2.196971069945555 0.9898071114639827 1.6294126883464226 0.0793300322031796 0.11807065764128284 0.7944450879130054
188.64232736446033 17.63489875467805 1.13708267484788 0.30190526934463363 0.7454094080185925 0.0575573415196235 0.2765931222125107 0.2852422397847694
198.23955265921884 17.772611495431825 3.3226119634092677 0.968430368077804 1.1570772788573391 0.01 0.1 0.14491664341356486
207.03168652386574 17.77662468750457 1.939004973834296 1.452314344594373 1.2478866577484629 0.05507688605221778 0.1 0.3873926050259725
5.2731820214216745 17.791628251783205 1.6771482446645327 0.00039877611676744976 1.6218605885290414 0.14800282286535935 1.5 1.0
206.20567409311846 18.035399255148477 1.114261705624096 1.6282207330004017 1.7020117342472076 0.04459911115045023 0.1 0.4891827313548978
209.31848710364113 18.0942864263893 1.864624343653481 2.0418604104142037 1.1374806392652053 0.0886424318538426 0.25741702853266285 0.3896940126903561
70.76222382906155 18.263259839271008 0.009999994266968562 0.00039877611676744976 1.2929155616828356 0.01 0.1 1.0
77.5006301975835 18.313469628703977 0.40261537961410343 0.2662106122125468 1.3067992663443302 0.11223007640159519 0.6359720122231032 0.46772639548153727
5.522816344565724 18.49619153069004 1.8711898764214614 1.6737615847854503 1.288872089047346 0.0807692246940258 0.4873289384281763 0.4758256102226557
198.21764260514252 18.532576222477886 1.4118581267048436 0.9976435124247551 1.00223031269814 0.04680258981292827 0.1 0.7992478495574031
354.84618775684214 18.583461478019462 0.009999994266968562 0.7559273081341734 2.2386597990989685 0.01 0.15847707199049244 0.5814318212819837
89.82626085160686 18.66052194041143 0.3047440559290288 0.009999994266968562 0.927402157992798 0.01 1.4393821690369024 0.01
180.32687525063494 18.851977771279667 1.0395297665610992 0.6917936585043442 1.2162486134715502 0.04253998814073492 0.1 0.16431232504895504
219.93908421929567 18.89532389182703 1.2885831826286698 0.6771856830845588 1.4690307498034698 0.12196922113078275 0.4930897855730404 0.24177230938805797
270.57477783709874 18.89944704233595 0.8229590830945811 0.18073302080920087 0.6870468442199884 0.07204383336533605 0.6602102183200232 0.15034457750080313
203.9269727432652 19.0639206829023 1.1636940092527992 1.254240107230195 1.5197898434452768 0.040670809068557856 0.1 0.3779662800688863
213.9054444367864 19.67154622755866 0.3761518070335935 0.009999994266968562 1.5849985750654365 0.01 1.5 0.01
90.59056816065005 19.732389527449907 0.6057246049863382 0.00039877611676744976 0.851090178482519 0.13662547894505997 0.1 1.0
281.93430599348386 19.77660266704197 1.2332768878967826 0.32226107096438106 0.9661395102739334 0.05075658739587499 0.17286531549394024 0.5797997801421111
210.39669118198722 19.800287386514533 2.6238631924416413 0.6893502706988006 2.082226681861493 0.14111502265842665 0.6713875698732665 0.20262268666457664
205.68483552276567 19.978673207922732 1.8331104584269224 0.009999994266968562 3.02142878725095 0.07113700027274365 1.5 0.01
202.93730669612367 19.99021584632001 0.6314063623737652 0.009999994266968562 2.3776051640510563 0.19114580085160526 0.18995227575402723 0.01
354.06762896573895 20.179401353034518 0.009999994266968562 0.009999994266968562 1.504025894139557 0.01 0.1 0.01
