m1-67/m1-67-globule-parameters.ecsv
# %ECSV 1.0
# ---
# datatype:
# - {name: PA, unit: deg, datatype: float64, format: .2f}
# - {name: Sep, unit: arcsec, datatype: float64, format: .2f}
# - {name: Bcore, datatype: float64, format: .2f}
# - {name: Bshell, datatype: float64, format: .2f}
# - {name: Bbg, datatype: float64, format: .2f}
# - {name: Rcore, unit: arcsec, datatype: float64, format: .2f}
# - {name: Rshell, unit: arcsec, datatype: float64, format: .2f}
# - {name: Hshell, unit: arcsec, datatype: float64, format: .2f}
# - {name: Lat, unit: deg, datatype: float64, format: .2f}
# meta: !!omap
# - __serialized_columns__:
#     Hshell:
#       __class__: astropy.units.quantity.Quantity
#       unit: &id002 !astropy.units.Unit {unit: arcsec}
#       value: !astropy.table.SerializedColumn {name: Hshell}
#     Lat:
#       __class__: astropy.coordinates.angles.Angle
#       unit: &id001 !astropy.units.Unit {unit: deg}
#       value: !astropy.table.SerializedColumn {name: Lat}
#     PA:
#       __class__: astropy.coordinates.angles.Angle
#       unit: *id001
#       value: !astropy.table.SerializedColumn {name: PA}
#     Rcore:
#       __class__: astropy.units.quantity.Quantity
#       unit: *id002
#       value: !astropy.table.SerializedColumn {name: Rcore}
#     Rshell:
#       __class__: astropy.units.quantity.Quantity
#       unit: *id002
#       value: !astropy.table.SerializedColumn {name: Rshell}
#     Sep:
#       __class__: astropy.coordinates.angles.Angle
#       unit: *id002
#       value: !astropy.table.SerializedColumn {name: Sep}
# schema: astropy-2.0
PA Sep Bcore Bshell Bbg Rcore Rshell Hshell Lat
296.28153574111286 2.9841626738870715 0.31538412882006667 0.2547686196819478 0.4941541791795329 0.05465665161318911 nan 0.14086537517897402 71.28153574111286
66.85277607957096 3.1553054722028993 nan nan 0.7280263870954513 nan 1.0978346561164938 nan 21.85277607957096
30.919260644413303 3.3108251070294017 1.1717775573816407 0.40841893847620525 0.9132994731521952 0.1382520055702978 0.453275914788019 0.1555836490396476 14.0807393555867
71.97437921876036 3.5235564474512993 0.5385923796173361 nan 0.5424815788865089 0.10297095729597233 nan nan 26.97437921876036
16.829907671084754 3.803227856282498 0.644902547485955 nan 0.8196011334657669 0.09035196222310442 nan nan 28.170092328915246
57.69177263933969 4.378772881478465 0.137656240942934 nan 0.45034468173980713 0.060841342970911955 1.4514815085002064 nan 12.691772639339689
337.9402020724186 4.521326701772297 0.5325621853486644 0.17173814164960727 0.2423921605919464 0.1105202273541717 0.6015569459622864 0.24748872857986753 67.05979792758143
49.97813143544081 4.9470357908001645 0.4214283766112157 0.10958587069305761 0.4366010248661042 0.1303448553332011 0.7077341121634906 0.6001715890993935 4.978131435440815
28.03683236683042 5.427244741987555 nan nan 0.5804791152477264 nan nan nan 16.963167633169576
262.4843734024974 6.350637941225752 0.654112363237343 0.17439932519186443 0.08208378063795928 0.12837305723741355 0.48836036178484676 0.17460003808085645 37.4843734024974
191.9384950502882 6.585103938900981 0.3747757320503119 0.43812760745623025 0.14746750811023623 0.07826203769398961 0.3121628084655023 0.3174812494421322 33.061504949711804
201.81557485506812 6.759768181790186 1.2414426865492592 0.5334435726325304 0.08719472587121131 0.10942246891944835 0.4747014293540716 0.36952344107840757 23.18442514493188
250.60075274581175 6.821162395568218 0.44165685269795396 0.1963218654434163 0.07593238335102798 0.13443858814129597 nan 0.4739310832950228 25.600752745811747
185.20291541111195 7.074820455075996 0.7902489683987507 0.26264462851665304 0.25612929090857506 0.17346617804170927 0.7927274283827568 0.25487873759524377 39.797084588888055
176.82857239170298 7.475119183735325 0.27087541460442977 0.33588320415944606 0.15935169272124766 0.11653444119487814 0.5545431097051875 0.2665403857132174 48.17142760829702
41.62550224073183 7.663316111213477 1.0735312582883603 0.6429306904237334 0.21732766181230545 0.11549406388955162 0.43080432056491286 0.2097908644707165 3.3744977592681664
329.9051404782486 7.67495085752281 0.7174768365067604 0.21468131730684215 0.05011692018714951 0.18924369154132029 nan 0.38059256273740955 75.0948595217514
226.47299214828595 8.194677345800713 0.045163509774884154 nan 0.05009143240749836 nan nan nan 1.4729921482859538
39.060066349133635 8.308393048281967 0.9246587997767438 0.5937830258279144 0.3388366475701332 0.21946874811880807 0.6934909746811528 0.23133571512809006 5.939933650866365
179.24614909708282 8.519408373717578 0.38617464341487584 0.29656248560920623 0.46848025883168626 0.12265792416247283 nan 0.27022257912645087 45.75385090291718
219.06387533493944 9.200466777655937 0.6344874144276291 0.20918461452481085 0.06702272202819587 0.14739768330828681 0.42633775323458756 0.20660390570691434 5.936124665060561
94.99475790957146 9.321903082673638 0.4518432197922392 0.07986279580670823 0.14107579551637173 0.18524784261756472 0.6325580916912966 0.15756590345687244 49.99475790957146
330.11425422029237 9.331201209801717 0.5040149346156177 nan 0.1550558153539896 0.1867836972367116 nan nan 74.88574577970763
356.0208232478922 9.782912671341565 0.14585821287974174 0.9331578608055847 0.14300768449902534 0.05689305584524356 nan 0.41641822533170253 48.979176752107776
252.61919285610367 9.793772318367127 0.20174983149244693 nan 0.08327037021517752 0.17735705732467177 nan nan 27.619192856103666
5.0073121388263475 10.115936365100394 0.3993558454857152 0.3168292536142157 0.0788656197488308 0.09075209926425773 nan 0.527152230261772 39.99268786117365
357.4631799779348 10.116243243106208 0.7127450102283002 0.6663078477480923 0.23840284198522566 0.09360523510317573 0.5053637024086041 0.3023845216979314 47.53682002206523
95.87924919564686 10.178391233994837 0.24219332258076187 0.7135228919881142 0.26856964181441717 nan 0.3358022610129947 0.2820380804400023 50.879249195646864
207.252693260486 10.213385398548805 0.34920090525230507 0.323195240768781 0.13348755817879884 0.09311784837956927 0.22313071461668774 0.6055085828840917 17.747306739513988
202.7290275395353 10.243114494684663 0.7879627992411741 0.14717744681881784 0.3618662394583225 0.2490134614932404 0.8962936948263639 0.1406877217661147 22.27097246046469
359.28660736819756 10.367132616032288 0.4368567240224222 0.4448319419811225 0.3014265261590481 0.10495041754239963 0.4683549196870566 0.474839754786427 45.713392631802435
289.9597897996694 10.371434598825056 0.21391893183401328 0.13768705559041453 0.030111490935087207 0.07409824779140216 nan 0.2120414252809213 64.95978979966941
192.77451139573134 10.536467556055424 1.027450434384475 0.44326383746437165 0.0 0.24876627876199373 0.664197852120197 0.4996693320401123 32.22548860426866
42.69704250086978 10.707356881564325 1.0209655292971656 0.22196570353266448 0.5514619082246619 0.19615235589167437 0.5318257140570983 0.10922804377639993 2.3029574991302297
62.40598436334054 10.803883288615872 0.16304750272671054 0.20273536175866888 0.11725463345646858 0.11464069258556872 0.4455407685279896 0.3778005099216646 17.405984363340536
226.87355102948678 10.957440029214718 0.45178854914884864 0.09995162371117444 0.16380558907985687 0.10231075318622095 nan 0.5608423138086245 1.8735510294867765
203.12007181340118 11.007756179808554 0.6712925879846392 0.4460151470536553 0.4584709568612135 0.14736045277520887 0.6591023370510485 0.22341440583736827 21.879928186598818
44.14564066395699 11.04749837554651 0.44765184369403227 0.6755733388591364 0.583939602085768 0.07231924100160943 0.23621088952471866 0.28064094301471154 0.854359336043018
38.65461531621216 11.114203809022609 0.8422896878350283 0.5772061035956254 0.47308843731880185 0.1900231146745035 nan 0.7162327559715308 6.345384683787842
196.689168799342 11.161835629378425 0.3720385229186638 0.09792586624066522 0.4621445503227805 0.10415914271650709 0.39909473354757913 0.12074192411380319 28.310831200657987
83.61385352727952 11.178950625973522 0.8719852747041713 0.17890270312661055 0.09282642092081839 0.18043152198391346 0.5281305467354277 0.27861366942091337 38.61385352727952
169.57252129628102 11.295210816019617 0.23406043720167416 0.3620755150132022 0.034481135677904395 0.12929793934941713 0.15984960019179545 0.8970644311938345 55.427478703718975
187.95016246963368 11.42649199431625 0.7186990358622437 0.05803589589168807 0.52419071495533 0.21084532012515392 nan 0.7621747532788238 37.04983753036632
113.30027352889753 11.560079928382175 0.7164250079333676 0.06099288433472703 0.16898882302430743 0.1882505710375215 0.6486523510213263 0.19464449718978025 68.30027352889753
83.16303931275354 11.654695003981551 0.416713368905769 0.6631794934274838 0.16198049783706667 0.10145963462562278 0.4826072692200429 0.2819463618032027 38.16303931275354
182.64373160610052 11.886321907780335 0.6274223671558871 0.21003908919628 0.26938584297895435 0.1981034317121602 nan nan 42.356268393899484
204.56392396493075 11.923778194336005 0.3341234857782499 nan 0.6896997927812538 0.23343060931093187 0.7301034116058386 nan 20.43607603506925
54.70267949934745 12.016555481076997 0.3526023663462976 0.14409091701567 0.20237372517585753 0.12200635475141522 0.23385963335868407 0.20968114564948917 9.702679499347454
90.41486559386261 12.093253361165223 0.48836878389253996 nan 0.431247596715075 0.20435324595261128 nan 0.4060612361454586 45.414865593862615
209.11767316527326 12.151300191368758 0.9551845639246712 0.36928475483256057 0.2806642189621925 0.11593745612634826 0.5221626067779191 0.6377756197141293 15.88232683472674
167.31028302472725 12.155578123781261 0.6428857978160527 0.3477873689088061 0.5113600661276071 0.30734170514289777 nan 0.15829587559351974 57.689716975272745
91.89386166142998 12.302070271695632 0.40701197499659736 0.11643397320933288 0.365680231153965 0.18315976494244537 nan 0.6703466556267844 46.89386166142998
33.80636265734553 12.562377904588997 1.178033375074271 0.349885230459561 0.3314017453347354 0.12412721785818251 0.7047548192970858 0.4121886864677822 11.193637342654469
49.56704135346802 12.579288239376472 0.39837913678172887 0.2205190497971825 0.3473252111632451 0.181541346751689 0.7620170402782018 0.25181937057768056 4.567041353468028
179.65278141202975 13.047910576140387 1.006674188379784 0.3321634800197635 0.6196062875963627 0.16950968089679325 nan 0.8601676757593592 45.34721858797025
166.5517940651275 13.092657659199855 0.9316284930128773 0.5029384600398454 0.7682230174541473 0.11974632293775084 0.4714589697707052 0.39661783953950536 58.448205934872504
173.51988201380723 13.318761877650125 0.4290081513864801 nan 0.5401938468217851 0.14603209160178499 nan nan 51.48011798619277
59.54811629721563 13.35680994583705 0.7536765171508557 0.2221418039398256 0.3629327952090551 0.2001742434086757 0.575047424894832 0.21905122839536653 14.548116297215628
90.36729041843812 13.655062612794216 nan nan 0.5754640191793441 nan 1.280834421743946 nan 45.36729041843812
85.42035874554226 13.757538002330357 0.3908281965717504 nan 0.43608991653476553 0.14087988170950658 nan nan 40.42035874554226
33.41051222448549 13.809421841269197 0.44757597025747137 nan 0.6801704987883568 0.22752879373957574 nan nan 11.589487775514513
35.80539579467498 13.890574844570086 0.7685866242420638 0.34502343928413953 0.6874410331249238 0.12882916309150955 0.3254273126439178 0.19466168491937347 9.194604205325021
54.130759713821845 13.923710067249017 nan 0.2078953002966475 0.4207582599005317 nan nan 0.23530979192172907 9.130759713821845
208.5545148928927 14.103100349390585 0.5219697474468399 nan 0.48952220231294635 0.12411051706978923 nan nan 16.445485107107288
352.939665855005 14.469046238460129 0.5510695420655481 0.21770117396387562 0.06151837035628213 0.1146010306527472 nan 0.27369304895834506 52.06033414499501
73.77528454134325 14.49317834167031 0.43738161446502316 0.0912930540300619 0.155547047406435 0.1742066147502485 0.45289746874240666 0.09929484067646684 28.775284541343254
109.45504622280768 14.51218874991077 0.20566405403915686 0.17978301427295593 0.2572941925486204 0.0820078938519197 0.27973990837119006 0.22703406778433202 64.45504622280768
196.22234888710852 14.63432749622834 0.40370870430411726 nan 0.23833915740251543 0.096079320183925 nan nan 28.777651112891476
62.12140878182326 14.66308539938589 0.3109344090934063 nan 0.4649067431688309 0.11684376138214853 nan nan 17.121408781823263
31.45004973402716 14.68929824789333 nan 0.17875834284629072 0.5993181109428405 nan nan 0.5574850854687919 13.54995026597284
357.1338782920824 14.753784965895571 0.7191242558282097 0.8843033709760165 0.09482608884572984 0.07431262175924999 0.19079983015225693 0.31110215362711885 47.866121707917614
67.70030317349713 14.791007326117395 0.2733662379907325 nan 0.480049230158329 0.1789649936976177 nan 0.47356396312827914 22.700303173497133
155.77451414381082 14.869046331318042 0.15138982995092118 nan 0.2595862026109259 0.08706400130688813 nan nan 69.22548585618918
97.37451753929106 15.110538931828286 0.47014639155237115 0.10473864691651184 0.17049271389842036 0.16843813127516455 0.7119776598036699 0.2696038229117073 52.37451753929106
2.1181482259414346 15.266760452082998 0.7279166581194478 0.6457039233256455 0.1956926755607128 0.14339604584975754 nan 0.4293271931479645 42.88185177405857
359.62449822700506 15.314657912783273 0.8216514949301859 0.6038218272702032 0.306806355714798 0.15440647631022925 0.42114875564926063 0.3962652396402791 45.37550177299494
92.81866801623983 15.3227473785155 0.1492089063761831 0.14187370268648347 0.34354684992407397 0.11486286726452677 nan 0.40579154640041704 47.818668016239826
356.7918781067209 15.773048466137206 0.22844283990280806 nan 0.6523257538676261 0.08683871984207422 nan nan 48.2081218932791
89.90038943961278 15.825309446908959 0.5009028466087154 0.3008404767408895 0.12563149085351488 0.15799858504616102 0.6209111541771289 0.9763472899488624 44.90038943961278
347.2324187086947 15.881003000556705 0.41043036348063144 0.48206710173182243 0.04535690601915121 0.10254457479716572 0.3006911897061415 0.2758161334986821 57.767581291305305
74.47115232219531 15.88392729964669 0.4922745372419585 nan 0.26717078536748884 0.16399141333658915 0.41142586168356593 nan 29.47115232219531
173.7600671732906 16.2066860316981 0.3795015285424518 nan 0.35687601956994147 0.10933309041763604 nan nan 51.239932826709406
0.8698648579361684 16.271204218608734 0.3443638757464773 0.5515577182916409 0.7037435978651048 0.07262177438754662 0.690869500030714 0.37672474691386304 44.13013514206383
355.2658866141879 16.295925132835396 0.7778590678279322 0.22097950922679607 0.509632291042821 0.11974983237709089 0.7195373513495533 0.14941717651017145 49.73411338581212
4.409480231911589 16.375801803428427 0.4625474727650166 nan 0.45839159488677983 0.11829909504776485 nan nan 40.59051976808841
348.02635079617806 16.578023863007992 1.1764587805993776 0.4208292896161034 0.18264635279774666 0.1332081462768502 0.5428692917120889 0.3214165610548949 56.973649203821935
75.91849971694795 16.644017911931396 0.32769427626757147 0.2558798964527087 0.14754507049114104 0.12750173878207507 0.40227973584596616 nan 30.91849971694795
42.41286944294083 16.75654606880907 0.281505135969063 0.39474850673793543 0.0 0.08659920591735834 0.4623744997466312 0.8401933405408463 2.5871305570591687
162.3258523982323 17.074596752267304 0.12673098805227942 nan 0.44036505780397595 0.07431385462000488 nan nan 62.674147601767686
69.0059169003032 17.197900389824706 0.19925535545747577 nan 0.2821919948527902 0.10943347702799212 1.0734618320666236 nan 24.005916900303205
170.1243093230256 17.351780019240017 nan nan 0.24327504113316534 nan nan nan 54.875690676974386
180.01378891487656 17.412671492984114 0.4764470399227871 nan 0.3335895426571369 0.1134308450608421 nan nan 44.98621108512344
355.5867692698721 17.478152911453822 0.9272647415132187 0.3694135633794905 0.5820379370584472 0.11539378163043018 nan 0.7190085489458456 49.41323073012791
188.64232736446033 17.63489875467805 0.3825612832209152 0.16718359948304892 0.06838155426084996 0.08045062689567535 0.19319366996616757 0.5309426469638732 36.35767263553967
198.23955265921884 17.772611495431825 0.4871907861833223 0.27799972465130934 0.27956942841410637 0.12712671116470714 0.35973098011243715 0.19558342100551812 26.760447340781155
207.03168652386574 17.77662468750457 0.9632915124456657 0.5190158915701056 0.2795476768744652 0.1326099842061758 0.3030590844994455 0.40143163927980563 17.968313476134256
5.2731820214216745 17.791628251783205 0.7054076466863739 nan 0.525668129324913 0.17371375039029283 nan nan 39.726817978578325
206.20567409311846 18.035399255148477 0.3367263947721793 0.9114527037773805 0.4323302283883095 0.0770348830659427 nan 0.37837347257360276 18.79432590688154
209.32245042177075 18.09498939169866 0.8910974085554279 0.9219763529032814 0.265406933426857 0.10490695530352676 0.3130739306693031 0.37881322380953303 15.677549578229247
70.76222382906155 18.263259839271008 0.10129114929599795 0.049533543204391954 0.37025388803014125 nan nan 0.1670756450902103 25.762223829061554
77.50368471243232 18.313253251487055 0.2714603887143931 0.09598968335099604 0.3612975664436817 0.14646796880592924 0.8643402687496751 0.19344185652505771 32.50368471243232
5.522816344565724 18.49619153069004 0.8657988591377807 0.6179691578207896 0.49580426216125484 0.13305796521600044 0.5373046851150766 0.3271983017546067 39.477183655434274
198.21764260514252 18.532576222477886 0.5445288539049031 0.4203371394490112 0.1793914146978406 0.14245244882411282 0.5746089286632169 0.5773447379413043 26.782357394857485
