m1-67/m1-67-globule-parameters.ecsv
# %ECSV 1.0
# ---
# datatype:
# - {name: PA, unit: deg, datatype: float64, format: .2f}
# - {name: Sep, unit: arcsec, datatype: float64, format: .2f}
# - {name: Bcore, datatype: float64, format: .2f}
# - {name: Bshell, datatype: float64, format: .2f}
# - {name: Bbg, datatype: float64, format: .2f}
# - {name: Rcore, unit: arcsec, datatype: float64, format: .2f}
# - {name: Rshell, unit: arcsec, datatype: float64, format: .2f}
# - {name: Hshell, unit: arcsec, datatype: float64, format: .2f}
# - {name: Lat, unit: deg, datatype: float64, format: .2f}
# meta: !!omap
# - __serialized_columns__:
#     Hshell:
#       __class__: astropy.units.quantity.Quantity
#       unit: &id002 !astropy.units.Unit {unit: arcsec}
#       value: !astropy.table.SerializedColumn {name: Hshell}
#     Lat:
#       __class__: astropy.coordinates.angles.Angle
#       unit: &id001 !astropy.units.Unit {unit: deg}
#       value: !astropy.table.SerializedColumn {name: Lat}
#     PA:
#       __class__: astropy.coordinates.angles.Angle
#       unit: *id001
#       value: !astropy.table.SerializedColumn {name: PA}
#     Rcore:
#       __class__: astropy.units.quantity.Quantity
#       unit: *id002
#       value: !astropy.table.SerializedColumn {name: Rcore}
#     Rshell:
#       __class__: astropy.units.quantity.Quantity
#       unit: *id002
#       value: !astropy.table.SerializedColumn {name: Rshell}
#     Sep:
#       __class__: astropy.coordinates.angles.Angle
#       unit: *id002
#       value: !astropy.table.SerializedColumn {name: Sep}
# schema: astropy-2.0
PA Sep Bcore Bshell Bbg Rcore Rshell Hshell Lat
[from data line 104]
89.82626085160686 18.66052194041143 0.12201751967686826 nan 0.12162101016304581 0.13116968755977337 nan nan 44.82626085160686
180.32687525063494 18.851977771279667 0.5782249432790288 0.3008120507921105 0.29538768902421 0.08024233239012328 0.23754530500643278 0.13239010989965688 44.67312474936506
219.93908421929567 18.89532389182703 0.5409518110629579 0.10619133423221523 0.3778667494654655 0.30114906145492515 nan 0.5398684948384759 5.060915780704335
270.57477783709874 18.89944704233595 0.2971804280941145 0.04091639797331504 0.02990682707947923 0.115775312249082 0.621316286350692 0.4071231105461998 45.574777837098736
203.93091636972673 19.064502934613632 0.6087966190610676 0.425604174590838 0.46222460567951207 0.1836155239540999 0.5180135061264174 0.39494063490404807 21.06908363027327
213.9054444367864 19.67154622755866 nan nan 0.5302936881780624 nan nan nan 11.09455556321359
90.59056816065005 19.732389527449907 0.30758661502601065 nan 0.1455490875988819 0.19810233549558817 1.0874626638258937 nan 45.59056816065005
281.93430599348386 19.77660266704197 0.3812274506299537 0.14259599088383562 0.029154275357723233 0.11020954504001441 0.30566334071371865 0.35172259559329233 56.93430599348386
210.39669118198722 19.800287386514533 1.2605783910908375 0.29751266535728316 0.6839115782031308 0.17564190007227018 0.7292503597845738 0.20401651900439263 14.603308818012778
205.68112521488172 19.97805106606704 0.7230444202350769 nan 1.1179828721281595 0.1060694670711749 nan nan 19.318874785118282
202.93730669612367 19.99021584632001 0.2913352549054919 0.31869239559809576 0.777705466747284 0.20971132857993435 0.5950315231962691 0.2871952865246311 22.06269330387633
354.06762896573895 20.179401353034518 nan nan 0.4398576021194458 nan nan nan 50.93237103426105
84.82342868761081 20.18973416348814 0.6510390443115229 nan 0.2010791823387001 0.1685429601549378 0.1242816320674462 nan 39.823428687610814
92.03975169791194 20.351477178788194 0.20790811538806003 0.19815067754016755 0.15129111560323685 0.1476796804466579 nan 0.4195781232146628 47.03975169791194
194.03330611890365 20.376799954788467 0.28479679517539813 0.09079656999937842 0.30773916542530055 0.09087944021960122 0.6544004328833349 0.1665649446145142 30.966693881096347
224.2056099510396 20.5087223659346 nan nan 0.18166571483016014 nan nan nan 0.7943900489603948
202.17207230451473 20.56749752019384 0.3851808178946288 nan 0.641556903719902 nan nan nan 22.827927695485272
77.20003853917879 21.154082760191663 0.5313016672476084 0.04436412908271 0.21323084458708763 0.2372380734178775 0.8875328886332239 0.23745211349492737 32.20003853917879
205.12327468049776 21.48408103142037 nan nan 0.733501535654068 nan nan nan 19.876725319502242
91.00559429601124 21.500348010281712 0.18963279068167307 nan 0.40618819892406466 0.16423372931957134 nan 0.11508833025383103 46.00559429601124
211.98613816905123 21.533937877682064 0.2086301283876995 nan 0.6852371960878373 0.05789566229522425 nan nan 13.01386183094877
237.60519112935074 21.67133622865703 nan 0.08251722786623815 0.03806847752713267 nan 0.2091188898747815 0.3290847688955205 12.605191129350743
75.56131087204639 21.92819127615792 0.7110461234189689 0.4217101188776012 0.29279799610376356 0.1609125189843006 0.5301233144053712 0.2946737911615204 30.56131087204639
76.80858360911147 21.930559750761837 0.4223738112108435 0.4866161536839322 0.23843659758567812 0.1392066585875068 0.38985605958268543 0.32836854920119724 31.808583609111466
270.8866412346092 21.951598185904267 0.4203102232914039 0.14582921780945973 0.14755980670452118 0.19583628284734522 0.670404490832597 0.21423343507570292 45.886641234609215
177.2899997741525 22.197495029652874 0.18580961812571908 0.26448660497276144 0.10108190663158895 0.0632166414314423 nan 0.2674652173536753 47.710000225847494
271.25527958361334 22.353403767252228 0.9032354849794281 0.28204731629813107 0.24014710956878815 0.03352701991748488 0.19413798372989993 0.3845660352042394 46.255279583613344
184.7717396256097 22.46754064730811 nan nan 0.10062569975852965 nan nan nan 40.22826037439029
204.46490807940785 22.514026956724873 0.2446958235293565 nan 0.442455217476142 0.16998703573343285 nan nan 20.53509192059215
83.07804039502408 22.558559452841962 0.3634998988345808 nan 0.18366997987031936 0.15622240061348214 0.6070818210451874 0.12309134589607335 38.078040395024075
176.69351501381556 23.19928966744127 0.40924880755929394 0.23098887422983835 0.2837643206119538 0.06876920959687124 0.6560195922896965 0.2312174975689535 48.306484986184444
230.26888430772635 23.403896560964597 0.3466008428493589 nan 0.13498941079146132 0.12085803369806512 0.6401587666571072 nan 5.268884307726353
204.38749406543766 23.4225029159944 0.2999945240483806 0.16939037181601077 0.36065955592134136 0.14064831363226346 0.7429465934022895 0.21621470820790215 20.612505934562336
238.32058359634146 23.44092972237505 0.09427683115973157 0.04745125821647276 0.06891996670171521 0.1488070689345179 0.5518110796428745 0.23685874092753126 13.320583596341464
219.0242389999707 23.503653024129004 0.2149231961631282 nan 0.22151202594185318 0.08809025031519828 nan nan 5.975761000029308
278.5842547127372 23.71464173580181 nan nan 0.13532592804050295 nan nan nan 53.58425471273722
219.52377272389026 24.90338017126823 0.35255660425219615 0.05682501498927041 0.22528758207943037 0.14803529563288145 0.5761232340616051 0.22617572499672767 5.476227276109739
247.2517830698292 24.92300151970066 0.3248600335102893 0.23658657897616808 0.05912104632251019 0.09279233112249977 nan 0.4571777852607999 22.2517830698292
248.57806544097872 25.181903328362115 0.5572937138400184 0.33946472165262626 0.07458241581916808 0.14729242686218824 0.4611671199541837 0.24160997416755006 23.57806544097872
92.97826595434081 25.64016418476542 0.2572623481049899 0.1703184135571162 0.0006198428669557504 0.23713192588372584 0.8769850989213012 0.7433462207517783 47.97826595434081
166.59560512998968 25.742931287646034 0.44979293916539004 0.18094261971029038 0.1271110363304615 0.10662429971595945 0.3828978207683063 0.22961356147223533 58.40439487001032
348.4534810994319 25.845394573831438 0.09067392127420582 0.15526316356674097 0.1671407025307417 0.09827345008698612 0.41676708846188953 0.1633183175161748 56.54651890056812
86.35896331058746 25.94777019126269 0.1116428566068891 0.17020014090284635 0.14297126991283232 0.1443472045382385 nan 0.27110367719243217 41.358963310587455
93.74912282892667 26.123691752755125 0.2629502948488469 0.04330605517534887 0.15069831210023787 0.22299319767755624 0.6255055788322154 0.11471612796951633 48.74912282892667
348.02079036082057 26.44627224178892 0.18738865471689498 0.13495722846051034 0.12879352793097498 0.1362099668483382 0.8366948224513467 0.337334953229088 56.97920963917943
220.8666898312242 26.591569110038247 0.3647553286088589 nan 0.2815963245928288 0.12535246637278624 0.685826950944706 0.11465638454808573 4.133310168775807
249.45697867809605 26.708259258784533 0.22894819145965328 nan 0.26508536785840986 0.14184024363085018 nan nan 24.45697867809605
342.69923396465583 26.78417697853889 0.3194496722852685 0.19954154032375082 0.1148438572883606 0.17431004167938502 nan 0.4983144484444829 62.30076603534417
84.48889595715141 26.800160136614075 0.17630179875357874 nan 0.2175066343955628 0.12223411258865254 nan nan 39.48889595715141
240.75203377829365 26.867638937114105 0.19996333074485378 0.05754052929224266 0.06392494216561317 0.18816969325769217 0.40409632355932085 0.10167171602763239 15.75203377829365
87.7544001510829 27.304530596084646 0.07643410629162554 0.14593409766995905 0.20958788783238175 0.15113717525037448 0.7572905900511628 0.207125023157032 42.754400151082905
193.66338280665852 27.41446161811034 0.24112660041526165 0.1276504124531884 1.375732079561451e-05 0.16363665523410975 0.756532882169187 0.5704312777248319 31.336617193341482
85.3436239582365 27.431474278643382 0.15569753334388728 nan 0.23918722120745992 0.1287033732010014 nan nan 40.343623958236506
243.5869545903309 27.466618638098367 0.27692959662244 0.17589697800383214 0.12030384030632589 0.1265793633017568 0.4177476245426539 0.1808659295005809 18.58695459033089
162.02841766461154 27.47934469729965 0.22916196178093517 0.19331491771178272 0.08004067306010013 0.11033306010771683 nan 0.5684888418712587 62.97158233538846
219.55806636479517 28.417653927111537 0.13913867622476403 0.03775494558639395 0.32400189712643623 0.13570100779365077 nan 0.25047002852796885 5.441933635204833
223.80487115920315 28.596845517870875 0.14833796053398607 nan 0.370343071904316 0.09953354570817001 nan nan 1.1951288407968548
243.04411802210387 28.707404855577785 nan nan 0.29230129569768903 nan nan nan 18.044118022103873
190.4969656328342 29.288811227632436 0.16465501993115697 0.15776218603549863 0.12602400965988636 0.05806830204830168 nan 0.2977169726653974 34.50303436716581
88.54510177171716 30.800473748320062 0.06283409148093407 nan 0.05660095831134456 0.08323924945031334 0.5483304987312807 0.07675609778767699 43.54510177171716
156.4496533289238 32.85070143007623 0.2766836040885387 0.1184131825608266 0.0945552713904233 0.16715393041420618 0.6059984084401109 0.41631987938302695 68.5503466710762
157.04336881836295 33.09680422166095 0.12337726023435872 0.17449936406510905 0.13518109962737462 0.10203621886250776 0.10160876653442702 0.5573083370387435 67.95663118163705
155.77751731657355 33.608446223283444 0.2832959160119714 0.07944233532294658 0.19208770603602854 0.16054765390447462 0.7587476540395519 0.2216323820404625 69.22248268342645
163.5135339419548 33.66570924297562 0.14420821816077917 0.19835603938841018 0.08067074884112811 0.07777770023802541 0.3025954002565651 0.3888955256648561 61.48646605804521
158.0380970621678 35.096394021369534 0.17558677043182092 nan 0.3239968840064883 0.14300571512390264 nan nan 66.9619029378322
