m1-67/m1-67-globule-parameters-JWST.ecsv
# %ECSV 1.0
# ---
# datatype:
# - {name: PA, unit: deg, datatype: float64, format: .2f}
# - {name: Sep, unit: arcsec, datatype: float64, format: .2f}
# - {name: Bcore, datatype: float64, format: .2f}
# - {name: Bshell, datatype: float64, format: .2f}
# - {name: Bbg, datatype: float64, format: .2f}
# - {name: Rcore, unit: arcsec, datatype: float64, format: .2f}
# - {name: Rshell, unit: arcsec, datatype: float64, format: .2f}
# - {name: Hshell, unit: arcsec, datatype: float64, format: .2f}
# meta: !!omap
# - __serialized_columns__:
#     Hshell:
#       __class__: astropy.units.quantity.Quantity
#       unit: &id001 !astropy.units.Unit {unit: arcsec}
#       value: !astropy.table.SerializedColumn {name: Hshell}
#     PA:
#       __class__: astropy.coordinates.angles.Angle
#       unit: !astropy.units.Unit {unit: deg}
#       value: !astropy.table.SerializedColumn {name: PA}
#     Rcore:
#       __class__: astropy.units.quantity.Quantity
#       unit: *id001
#       value: !astropy.table.SerializedColumn {name: Rcore}
#     Rshell:
#       __class__: astropy.units.quantity.Quantity
#       unit: *id001
#       value: !astropy.table.SerializedColumn {name: Rshell}
#     Sep:
#       __class__: astropy.coordinates.angles.Angle
#       unit: *id001
#       value: !astropy.table.SerializedColumn {name: Sep}
# schema: astropy-2.0
PA Sep Bcore Bshell Bbg Rcore Rshell Hshell
[from data line 116]
92.03975169791194 20.351477178788194 0.627792152863125 0.4823306895741096 0.8821922094371212 0.06531945961319044 0.1 0.27382056138132116
194.03330611890365 20.376799954788467 1.3186210373584268 0.009999994266968562 1.2974358100035883 0.03459852253566258 0.6941819456485159 0.01
224.2056099510396 20.5087223659346 0.009999994266968562 0.009999994266968562 1.0829983234405516 0.01 0.294200805536018 0.01
202.17207230451473 20.56749752019384 1.1335801823315141 0.009999994266968562 2.224423205852508 0.0844400235233162 1.011572161659857 0.01
77.20003853917879 21.154082760191663 0.895307993010436 0.015216512827711805 0.972691707386562 0.1260918427654296 0.1 1.0
205.12327468049776 21.48408103142037 0.7541293369192678 0.009999994266968562 1.788794950152826 0.04628218165756869 0.8854197909345182 0.01
91.00559429601124 21.500348010281712 0.009999994266968562 0.007069382208080614 1.4874976097790749 0.01 0.1 0.04755434585319769
211.98613816905123 21.533937877682064 1.0455933609212096 0.009999994266968562 1.7428558103524652 0.056004105410822055 0.9669413335779432 0.01
237.60742355182862 21.670800472095003 0.16641619376003636 0.1873903548259979 0.5414103227976378 0.07189277747487725 0.26460941752148914 0.18132247412133562
75.56131087204639 21.92819127615792 1.564134336279813 0.949647304524804 1.0563085969479795 0.15854525598303756 0.5751666070206831 0.28444501066924605
76.80858360911147 21.930559750761837 1.258208571709399 0.9429251443078772 1.0798094035398789 0.16520924359094513 0.5500725128677009 0.283316523186768
270.8866412346092 21.951598185904267 0.8093884229181645 0.4520940492108349 0.7051830387037742 0.06605664507727986 0.1 0.6533968165337125
177.2899997741525 22.197495029652874 1.0748003598096172 0.48640549314303305 0.7823275068233012 0.024387674433766583 0.1 0.2063206238431383
271.25527958361334 22.353403767252228 3.50195122724448 0.7975522335348995 0.7700978260247361 0.01 0.1 1.0
184.7717396256097 22.46754064730811 0.1976560074812214 0.009999994266968562 0.6230766344989033 0.08046064834532747 1.5 0.01
204.46490807940785 22.514026956724873 0.7304109249982228 0.00039877611676744976 1.5503032259122407 0.0933486166730241 0.1 1.0
83.07804039502408 22.558559452841962 0.7416839339654747 0.06964756047602123 0.8477186402223884 0.12387692440281946 0.654632815274437 0.09718487351693447
176.69351501381556 23.19928966744127 1.189361507576667 0.6075969127427449 0.9816133639870565 0.05680500729667447 0.6309049739138991 0.2634138900797339
230.26700165995553 23.404535779506947 0.7370166141783235 0.048564658310432246 0.7494973510328212 0.08794914790260068 0.1 0.33468998892826135
204.38749406543766 23.4225029159944 0.7856102308579049 0.40036947369763287 1.3597054900104266 0.11634457817232535 0.7766970258170964 0.21337971852038207
238.32058359634146 23.44092972237505 0.22052847726826785 0.15795677083721116 0.5534357253684729 0.01 0.1 0.5926517231126209
219.0242389999707 23.503653024129004 0.7400463427225937 0.009999994266968562 1.0568848784329903 0.05147714010222642 0.1 0.01
278.5842547127372 23.71464173580181 0.009999994266968562 0.009999994266968562 0.7847963679885785 0.01 0.6933916968895817 0.01
219.52377272389026 24.90338017126823 0.7986511896864061 0.009999994266968562 1.2341523465338111 0.1002089295324132 0.850025255377285 0.01
247.2517830698292 24.92300151970066 1.7908725124992064 0.00039877611676744976 0.7275865060706467 0.2857173256197237 0.1 1.0
248.57806544097872 25.181903328362115 2.1320928640309225 0.6928278562068356 0.7409468755806147 0.21730541156394462 0.6037706794968365 0.1671859599097669
92.97826595434081 25.64016418476542 0.3446890578328866 0.1256260452698508 0.7523368242603753 0.20472580642499488 0.1 0.999490364676979
166.59560512998968 25.742931287646034 0.9887670037240365 0.4824946244772847 0.8336089115001262 0.0696529760018397 0.3703820671001532 0.21556672601369695
348.4534810994319 25.845394573831438 0.2547725314665999 0.16223365758472305 0.8734634534541466 0.01 0.3885634920939557 0.256572479041885
86.35876212116817 25.946337569164978 0.5013231473545667 0.009999994266968562 0.7921377794210541 0.1526208910258515 0.1 0.01
93.74912282892667 26.123691752755125 0.48546934071877673 0.045142530102736944 0.7883351078219901 0.09759455429356768 0.5069342197358091 0.18012777755135823
348.02079036082057 26.44627224178892 0.9929502584074877 0.6032530795733643 0.37827951415884137 0.2472387761411046 0.9468898792812731 0.5231363508391456
220.8666898312242 26.591569110038247 1.1460450721776947 0.6195196920659879 1.3869651854038239 0.0780113801161741 0.1 0.429427008738936
249.45697867809605 26.708259258784533 2.1723713878919937 0.009999994266968562 1.2302939236164092 0.01 0.1 0.01
342.69923396465583 26.78417697853889 0.6074592093388987 0.5642028260214539 0.9272863562451434 0.052993569348265365 0.1978850523186654 0.2040932816212803
84.48889595715141 26.800160136614075 19.999988533937124 0.7975522335348995 1.2491191685199738 0.01 0.1 1.0
240.75203377829365 26.867638937114105 0.467984086850796 0.1582438520961704 0.5936633166197958 0.2060123127691245 0.4823633488296727 0.11862612010368723
87.75649694421752 27.30449147133537 0.26839352622281043 0.3121934809956354 0.8417853701817335 0.06596827987590949 0.5996490139661814 0.26785155126164295
193.66338280665852 27.41446161811034 0.36370558210644444 0.19018489524944948 0.7260039489070633 0.027713047231306704 0.1 0.13624629266121316
85.3436239582365 27.431474278643382 0.27414325785201993 0.009999994266968562 1.0064142700719798 0.07169565330090072 0.47499473254586105 0.01
243.58882284408608 27.466173781201096 0.7170876455016105 0.41489671113052196 0.705115984580671 0.07369803338964127 0.36022170583032487 0.1838926233452978
162.02841766461154 27.47934469729965 0.6564976128301311 0.3019347314980599 1.1678619863133686 0.13976654560396634 0.4818162567031521 0.1357469489575326
219.5602978605077 28.418568173668028 0.35399470487905893 0.16323901583293182 1.1731962189175695 0.0934233506480093 0.1 0.5371610953287185
223.80487115920315 28.596845517870875 0.556861677156905 0.009999994266968562 1.3772729714784282 0.01 0.1 0.01
243.04411802210387 28.707404855577785 0.27173498279155195 0.00039877611676744976 0.9149044214369703 0.10245868346019897 1.5 1.0
190.4969656328342 29.288811227632436 0.7037136376580762 0.3650360125312141 0.6606582387718278 0.03365660741107598 0.1 0.49910509446701645
88.54510177171716 30.800473748320062 0.25612074216708985 0.009999994266968562 0.5476897347595924 0.01 0.1 0.01
156.4496533289238 32.85070143007623 0.6485793571732165 0.47421381020883513 0.5295007427480664 0.08695623657191827 0.19570884377701994 0.9552887290240026
157.0440439800927 33.097725031700975 0.4738006311139482 0.460130349280667 0.8470723864377031 0.05566429634813913 0.1 0.4822030568240009
155.77751731657355 33.608446223283444 0.8619041037285688 0.8783260823199862 1.16218746724423 0.09580441866706937 0.1 0.1943205674300068
163.5135339419548 33.66570924297562 0.3481835733598491 0.3366599494825143 0.7865787107059075 0.04566919879014361 0.241281457304539 0.3104077529445079
158.0380970621678 35.096394021369534 0.4572913951026401 0.00039877611676744976 1.3633821821781795 0.01 1.5 1.0
