m1-67/r0.ecsv
# %ECSV 1.0
# ---
# datatype:
# - {name: PA, unit: deg, datatype: float64, format: .2f}
# - {name: Sep, unit: arcsec, datatype: float64, format: .2f}
# - {name: Bcore, datatype: float64, format: .2f}
# - {name: Bbg, datatype: float64, format: .2f}
# - {name: Rcore, unit: arcsec, datatype: float64, format: .2f}
# meta: !!omap
# - __serialized_columns__:
#     PA:
#       __class__: astropy.coordinates.angles.Angle
#       unit: !astropy.units.Unit {unit: deg}
#       value: !astropy.table.SerializedColumn {name: PA}
#     Rcore:
#       __class__: astropy.units.quantity.Quantity
#       unit: &id001 !astropy.units.Unit {unit: arcsec}
#       value: !astropy.table.SerializedColumn {name: Rcore}
#     Sep:
#       __class__: astropy.coordinates.angles.Angle
#       unit: *id001
#       value: !astropy.table.SerializedColumn {name: Sep}
# schema: astropy-2.0
PA Sep Bcore Bbg Rcore
296.2815431164603 2.984176043073621 6.276974627782262 1.504004716873169 0.09072040685442428
66.86928602190255 3.1549041084630796 14.999991400452842 3.9811919689178463 0.12
30.91902950501641 3.3108244088765453 1.1948351183108696 2.055986380577087 0.2
71.97422290025217 3.5235471486527064 14.999991400452842 2.4302354335784915 0.13
16.82970995041971 3.8032304305685365 8.04385424152008 2.887486159801483 0.06824100170901981
57.69162072249155 4.37876624174389 3.7389608569053 1.315994381904602 0.1558020676513086
337.9232356390731 4.521876287698676 7.555108845945537 0.0 0.07349895817255209
49.97798786458611 4.947030769483148 8.661141627215102 1.1955413281917573 0.13
28.041654223791436 5.426362091704897 3.370921310569724 1.0622339129447935 0.11
262.48444337667286 6.350648837563118 4.678572490517727 0.5258689284324647 0.10299174679683938
191.92638621110493 6.5848034481035596 2.573846598460056 0.9433125257492065 0.10065185061037672
201.81568757505622 6.759766757912688 7.887243283466856 0.3424681663513184 0.06986280716829783
250.6008353442692 6.821171461258574 3.8417753261132326 0.3648861050605774 0.12403325056909896
185.20301531923621 7.074815288530241 7.84080449757859 0.9221071958541871 0.07035469668266559
176.82866017403435 7.475112275592673 1.5983879186604641 -0.16072440147399902 0.1913665831483922
41.62540508886907 7.663312943916198 14.999991400452842 0.22515814304351822 0.2
329.90134379622776 7.674097025886892 1.1948351183108696 -0.016635417938232408 0.17
39.05997585254047 8.308390465784333 6.87338484769734 0.35444907546043397 0.08194947432512202
179.24622801058348 8.519401954809476 3.489488443249898 0.5583768904209137 0.13044887971222055
219.06788183061985 9.199692934267945 5.284224101412185 -0.1458042383193969 0.10942496299100042
94.99472587954263 9.321890765018788 7.424734089018022 0.37873971462249756 0.0750057499237517
330.1218532217041 9.330497331590983 2.2013338999880627 -0.04339175820350645 0.2348337208334893
356.0207567523538 9.78291974024862 5.607058677397093 0.41447947025299076 0.10265089084732129
252.61924848092983 9.793781724776853 0.871174362857831 0.16063363552093507 0.10471209571853743
5.007242367778745 10.115941573757933 5.777885342672381 0.0654843807220459 0.09935957003180858
357.4631146860606 10.116250023998596 6.61633621511482 0.7398394346237183 0.08554906462272471
95.87922093490607 10.178378837361015 3.858526757489422 0.18319394588470467 0.1523488533782995
207.25276828622225 10.213385241165097 3.6183864395503256 0.367963171005249 0.10788081038600879
202.7269410485011 10.244035634503469 14.999991400452842 0.37153708934783936 0.17
359.2865424962434 10.367139026672168 6.284222062259988 0.5596107602119447 0.09060450704160553
289.9598000419956 10.3714478444372 1.1316051242915866 0.08957699239253998 0.1184721149232872
192.77578408691278 10.535488814121694 6.697014616447974 0.24859803915023804 0.0843917043862366
42.69697329811072 10.7073534718203 7.45509442984598 0.27405002117156985 0.0746506193395994
62.40592589481911 10.80387571714753 1.1340898222618627 0.1282763868570328 0.1475249115414305
226.87361717672042 10.957444371825712 1.7286205670663681 -0.012927532196045073 0.15817191163343916
203.1201411849477 11.00775505904265 6.044517464622045 0.457032036781311 0.1
44.14557406032516 11.047494639944613 14.973244424039384 0.3312342166900635 0.15
38.65454757348655 11.114201319445408 8.074897411524177 0.5653575181961059 0.06792610907384963
196.68923613842998 11.161833022918827 14.999991400452842 0.7925255298614502 0.14
83.61299653091592 11.17751296809583 5.8457118481892065 0.20636140108108522 0.09810357374381203
169.57257449935886 11.295202516683455 3.1264575879064407 -0.15883913040161132 0.13473519851245166
187.950225499672 11.426487425001708 4.674845656114691 0.4232988238334656 0.12286479320467847
113.30026818256106 11.560066597259068 7.552309270172232 0.6798765420913697 0.0735308214224682
83.16300182239254 11.65468401655046 3.069377821238137 0.1434412568807602 0.15525423208726574
182.64378990116907 11.886316195542975 1.8195284178360627 0.2502698421478271 0.2719894715684683
204.56398812258405 11.923777409747071 1.681337671592522 0.38618288040161136 0.10317787635451503
54.69866731722079 12.015377864747178 1.0198363813778957 0.2882798910140991 0.1280687246864911
90.41957403028228 12.093248798256022 8.098592980282373 0.854330027103424 0.09
209.117736216691 12.151300469308502 14.999991400452842 0.15653253793716432 0.13
167.310330879501 12.155569416928383 1.1948351183108696 -1.9986493349075316 0.11
91.89383432317234 12.302058253979672 6.583342916430105 0.6111205279827119 0.08602996104188688
33.806301978800164 12.562376534561873 10.442538709295624 0.2644597470760346 0.13
49.56698472960486 12.579283307137151 1.1711623800340498 0.41394757032394414 0.13347235137371616
179.65283313631556 13.04790424065353 13.509938420414644 0.4967464685440064 0.11
166.55183798657174 13.092648818697365 1.1948351183108696 -0.44457778930664066 0.12
173.51992948449964 13.318754320016188 1.8306625585524714 0.0798858077774664 0.17275865283983377
59.548067443691195 13.356802933481063 4.6044472147404925 0.4981423616409302 0.12666655462179685
90.37146030621487 13.655057222319323 2.2979918104039223 0.9732991576194764 0.11340085570373179
85.42032881275328 13.75752672304731 5.475228718898148 0.3443422257900238 0.12
33.41045698758603 13.809420563201977 3.786123378167775 0.40115439891815186 0.15536808261526486
35.80534114871335 13.890573011287701 4.80814878961352 -0.563582718372345 0.1210054409341041
54.130710334471765 13.923704161452628 1.243127797115836 0.5175542235374451 0.12986104223283967
208.55456922688413 14.10310049588429 4.754671887929036 0.17741907835006715 0.12244608076006981
352.9396224654812 14.469053907435434 3.1811080231466984 0.0505843698978424 0.1320036531058918
73.77524771235794 14.493168745342787 9.418186100024664 0.35338783264160156 0.17
109.4550384442295 14.512175521141996 3.6520720473562704 0.6201243996620178 0.12
196.22240016308814 14.634324782947218 7.16884978926998 0.1201749086380005 0.11
62.121365555663395 14.663077882763092 1.053734886627992 0.7223388612270356 0.1382225786130935
31.449997665691846 14.689297426026062 1.4523490150768372 0.4897106766700745 0.15440900504700414
357.13383367572584 14.753791812936429 3.8090169622266363 0.6483523607254029 0.12280458752787546
67.69815324458952 14.789670620417716 1.104798631028445 0.5550010442733764 0.11313545550947597
155.7745457660081 14.869035770039568 1.9719463376638398 0.5131551325321198 0.10422435273380755
97.37449973630395 15.11052640840548 4.893161817279737 -0.3837296962738037 0.11877803234574606
2.118103039217009 15.266766275028674 5.9484942401914145 0.19578482508659364 0.09625213229013671
359.62445417210273 15.314664254073937 4.0480608847460635 0.5469471216201782 0.13108840287559806
92.81864679573067 15.322735267620995 2.32589690028194 1.0003778457641603 0.08822532968725459
356.79183652276805 15.773055381637029 1.900871708876647 0.944469165802002 0.13242032450959096
89.90036668735027 15.825297640658425 8.531402473308384 0.9361986100673676 0.06352660566852594
347.2323821244039 15.881011721199144 1.6543424681111345 -0.06472206115722655 0.15901775291624645
74.4711191408449 15.88391759088103 3.428284675471585 0.4638726890087128 0.13523430526836044
173.76010629685345 16.206678520391865 2.6059367871892616 0.7876907587051392 0.1293508146631774
0.8698229174573525 16.271210302481364 3.7512941976469607 0.9576303720474244 0.1568612032717121
355.26584702632533 16.295932350746437 4.230092595099 0.5772985875606538 0.11826392177163277
4.409437324636442 16.375807140338136 0.9068347481706653 0.6019872665405275 0.1493430014483326
348.0263153358517 16.578032442322503 6.00767817976511 0.4388427793979645 0.09521329210000452
75.91846890517458 16.644007973909897 8.3978188984234 0.4606016635894776 0.1
42.41282516577243 16.756542723237736 2.560042099942244 0.06128624081611633 0.1623427814553447
162.3248649926544 17.07363439789709 0.8364974538783541 0.8250932789352475 0.11174023740329546
69.00588331286924 17.19789160133125 2.5062721034117366 0.37367329001426697 0.09
170.1243442184338 17.35177182130891 0.2993193128148292 0.4765337179633719 0.09513774362318031
180.01382780447847 17.412665231847868 5.891323634079393 0.2484843134880066 0.09727439696439068
355.58673222787667 17.478160066191347 7.142279023917231 0.2479863166809082 0.07844060400829667
188.64236838133027 17.634894337535954 1.7050021279495564 -0.03647106885910034 0.11396046202594695
198.23959516281346 17.77260924484519 3.825618914955312 -0.20229763984680174 0.10922005754430168
207.0317296273259 17.776624478540395 1.1948351183108696 -0.09159650802612304 0.12
5.273142274125722 17.79163340321708 1.4046920064992225 0.33811714053153996 0.08893559638336895
206.2057165641369 18.03539885340945 1.1948351183108696 -0.018641531467437744 0.12
209.3185294430639 18.094286751196545 1.1948351183108696 -0.11912920475006104 0.11
70.76219306083816 18.263250745902845 1.105063934906212 0.4651392459869385 0.09184138400363426
77.50060306382993 18.31345944734125 1.8674965066764577 0.432556414604187 0.18432810460788165
5.522778042214076 18.49619662829552 5.829516387873966 0.17710445523262025 0.09840095371819645
198.2176833631666 18.532573966834935 4.254074335575599 -0.1715203285217285 0.1160508100323127
354.84615320612704 18.583468778232582 6.258435848948537 0.2137429118156433 0.09101802354643636
89.8262415094652 18.660510142301398 0.8652558512566532 0.684250259399414 0.08069596751330449
180.3269112746237 18.85197157481627 1.7571559535152885 0.046138849854469303 0.15738944019764445
219.93912388781052 18.895326675354863 6.046081076127185 0.05014808177947998 0.09454951350066859
270.5747964677593 18.899458921739967 1.1481924343405006 0.13214352428913118 0.09779522559467987
203.9270128431956 19.0639197499412 5.029843462922531 -0.16999300718307495 0.11534960888155553
213.90548318116225 19.671547620609775 1.0170692372299932 0.16445499658584595 0.13544947123086384
90.59055032787234 19.732377646354927 1.6909991202597747 0.38463648855686183 0.11977180140977188
281.93431667031336 19.776615524106234 5.017176654461189 -0.013932466506958008 0.11565974697364273
210.3967298489841 19.800287962855286 7.650134978703578 0.563283634185791 0.07242984823839399
205.68487385077538 19.978672684675082 6.069590721058626 0.464011287689209 0.0941470773798141
202.93734488606526 19.99021468304023 1.726488092574736 0.29860410690307615 0.1051105393520673
354.067597432213 20.179408804822852 1.968308223866421 0.251007753610611 0.20329456215077352
84.82340795893266 20.189722959696045 14.999991400452842 0.6244917869567872 0.13
92.03973525912947 20.35146514616371 2.343398214965017 0.2712070673704148 0.12306965231027223
194.03334262657825 20.37679674325749 3.7547691267546033 -0.016908288002014157 0.10935562089213917
224.20564581916793 20.508726115001156 0.8780878520888274 0.21511648893356325 0.11413086834920495
202.17210937600308 20.56749617908022 1.5469722226631724 0.47668588757514957 0.2215809949512485
77.20001490478273 21.154072624467442 7.350801053422452 0.33004412055015564 0.11
205.123310307528 21.484080377206073 1.2764324676689744 0.41015412211418156 0.22026845184999136
91.0055781594414 21.500336085009792 3.9815441789505246 0.4524773508310318 0.11853502625733965
211.98617366690402 21.53393882444606 2.471478277648151 0.35184829831123354 0.14146005065103193
237.60745427488408 21.67080709475267 0.004973015315500474 0.0047508358955383285 0.07459903605914693
75.56128732400626 21.928181394133176 2.6770196473327474 0.3722747147083283 0.21204114186118148
76.80856063122481 21.930549674898845 5.128513154696437 0.3280823528766632 0.11298435981824441
270.88665710597854 21.95161009858014 1.4823190250821814 0.019241487979888915 0.1968940845858214
177.29002947858226 22.197488213947576 1.3640333022065718 0.08661087155342101 0.14262427502906078
271.2552949729462 22.353415718801983 3.289866200659419 0.04181390404701235 0.1466191761873687
184.77177098638202 22.467535388077486 0.09324588856726351 0.12457466125488284 0.09461163427033523
204.46494205525485 22.514026149063813 0.9797333518177417 0.3593900352716446 0.11320392812610448
83.07802098503575 22.558548476736124 1.8150789383347925 0.3971528291702271 0.13173773359113577
176.69354325880894 23.19928273230918 6.7276966996339755 -0.34454848766326907 0.08395832757646493
230.26703194545073 23.404540863277443 2.6870793313826327 0.08044041395187379 0.12386028641123584
204.38752672082657 23.42250209028003 1.9684423001922249 0.131519615650177 0.18336730991402833
238.32061179574765 23.44093648914606 0.5025162677809234 -0.009924101829528808 0.14101658410778423
219.0242709952195 23.50365559843092 0.9455375602760616 0.017051517963409424 0.1179326425019158
278.5842654167588 23.714654355563763 0.3296944242159453 0.2781555265188217 0.09133628458068496
219.52380286806712 24.90338285990142 2.6736776360672736 0.07901573181152344 0.15271096591183403
247.25180685579105 24.923009995470313 2.4586267937520296 -0.18139389753341673 0.10331238875925165
248.5780885297686 25.181912041334922 4.658544879990155 -0.08762240409851074 0.11434027601449946
92.97825334865837 25.640152058109294 0.7775828294288001 0.6896676812116601 0.10508471165831174
166.59562748361736 25.74292245482327 6.169932540270428 -0.7269621491432189 0.0924620007086043
348.45345821330085 25.845403076412627 0.6766854048735101 0.14708508253097535 0.14970888152362338
86.3587466603746 25.946326173679765 1.1914372124334267 0.6558762431144715 0.16074956586122505
93.74911081550509 26.123679551298196 2.579796314194595 0.7070798277854919 0.11217382948139286
348.0207681344517 26.44628082209923 2.0739976568180634 0.13328561782836915 0.1580021329097988
220.86671791821115 26.591572104974354 2.9840257893406386 0.19411261081695555 0.13307104511907053
249.45700015813307 26.70826812638266 0.6050122022298816 0.21434099972248077 0.1448922097228329
342.69921381560147 26.78418647341143 0.9263359593946053 0.15784623026847838 0.1381404345865935
84.48888020204461 26.800148975663042 14.999991400452842 0.5708591043949127 0.08
240.75205774692512 26.86764618723252 0.13990061485339547 -0.17701013088226317 0.1477328162677456
87.7564828401827 27.304479908448336 0.9764417051961064 0.7632271885871886 0.20330188072277916
193.66340989867217 27.414458322827507 0.6457565613861835 0.07564569711685182 0.20938865549192015
85.34360891517764 27.431463008995895 1.6627847829822118 0.771777856349945 0.13045735110720197
243.58884551321935 27.466181578668365 0.49912520908965546 -0.025474905967712402 0.13221735989309968
162.02843707279175 27.479335092819536 2.510999777715878 0.46182188987731937 0.12010448639648535
219.56032427270662 28.418570870648704 0.6686156774043537 0.23623019456863403 0.23867556025858253
223.8048969348513 28.596849177030894 0.687479742029589 0.18795121908187867 0.1
243.04413985810606 28.707412549384333 0.3253734289170496 0.1495569169521332 0.16318241732120825
190.49699059635978 29.288807221371403 2.109400702815168 0.124519944190979 0.12052727089756579
88.54508956590209 30.800462094013454 0.4706147727912025 0.5898978531360626 0.08484078311470272
156.44966785850556 32.85069096622093 3.8695631235845895 -0.6284351348876953 0.14686772708902016
157.04405858836495 33.09771465484186 2.348042582613098 -0.9656710624694824 0.2204966427124322
155.77753130835123 33.60843566243014 5.520974287959996 -1.9474210739135742 0.09515930606502492
163.51355020221212 33.66569988295214 0.8844122475991426 0.18849116563796997 0.11194756545997772
158.03811113041078 35.09638379244563 3.30039007115448 -0.40387440919876094 0.17898506097059438
