m1-67/data/reproject/combo-DD-neutral-knot-peak-stats.ecsv
# %ECSV 1.0
# ---
# datatype:
# - {name: label, datatype: string}
# - {name: Peak Center.ra, unit: deg, datatype: float64}
# - {name: Peak Center.dec, unit: deg, datatype: float64}
# - {name: r_eff, unit: arcsec, datatype: float64}
# - {name: r_rms, unit: arcsec, datatype: float64}
# - {name: Bright Peak, datatype: float32}
# - {name: Core flux, datatype: float32}
# - {name: Bright BG, datatype: float32}
# - {name: MAD BG, datatype: float32}
# - {name: Fill fraction, datatype: float64}
# - {name: NaN fraction, datatype: float64}
# meta: !!omap
# - __serialized_columns__:
#     Peak Center:
#       __class__: astropy.coordinates.sky_coordinate.SkyCoord
#       dec: !astropy.table.SerializedColumn
#         __class__: astropy.coordinates.angles.core.Latitude
#         unit: &id001 !astropy.units.Unit {unit: deg}
#         value: !astropy.table.SerializedColumn {name: Peak Center.dec}
#       frame: icrs
#       ra: !astropy.table.SerializedColumn
#         __class__: astropy.coordinates.angles.core.Longitude
#         unit: *id001
#         value: !astropy.table.SerializedColumn {name: Peak Center.ra}
#         wrap_angle: !astropy.coordinates.Angle
#           unit: *id001
#           value: 360.0
#       representation_type: spherical
#     r_eff:
#       __class__: astropy.units.quantity.Quantity
#       unit: !astropy.units.Unit {unit: arcsec}
#       value: !astropy.table.SerializedColumn {name: r_eff}
#     r_rms:
#       __class__: astropy.units.quantity.Quantity
#       unit: !astropy.units.Unit {unit: arcsec}
#       value: !astropy.table.SerializedColumn {name: r_rms}
# schema: astropy-2.0
label "Peak Center.ra" "Peak Center.dec" r_eff r_rms "Bright Peak" "Core flux" "Bright BG" "MAD BG" "Fill fraction" "NaN fraction"
PA296-R030 287.87787166543956 16.860990259178372 0.05708429651403098 nan 2.7391667 29.179527 -0.4460411 0.6249585 0.08194386408879206 0.0
PA067-R032 287.87947329491953 16.860921370080035 0.10136067422330747 0.12310014568653965 1.981998 66.56848 -0.88892746 0.3301196 0.25835811908428485 0.0
PA031-R033 287.87916736693546 16.861351926635756 nan 0.14135702070960707 2.3318672 -8.292778 -0.09286022 0.6660516 -0.042336693831852505 0.36363636363636365
PA072-R035 287.87965325311865 16.860895535946547 0.09866476959273637 0.10740151048465145 0.80954385 25.762682 -0.80523896 0.2158351 0.24292902182076723 0.0
PA017-R038 287.87896041479274 16.861601649277404 0.10503219929626659 0.10691958363506246 1.6052402 57.891052 -0.9808887 0.20758784 0.28396687545175625 0.0
PA058-R044 287.8797612302913 16.861265813168814 0.06404745162004434 0.11887360565506079 1.0360996 13.89414 -0.58278954 0.1612612 0.10476596653461456 0.0
PA338-R045 287.8781505990473 16.861722204479896 0.0426012127699669 0.16718289432968197 8.087999 47.985664 1.4531639 1.2029295 0.2373178482055664 0.8120300751879699
PA050-R049 287.8797432358249 16.86150692437632 0.08881759846683492 0.08783643601668534 1.1931016 30.768192 -0.60136676 0.4469478 0.1968580784688469 0.0
PA028-R054 287.87937432175164 16.861937481564052 0.07833903716567216 0.1008959201403553 0.9390217 18.839031 -0.45831835 0.09139854 0.1567375212907791 0.0
PA262-R064 287.8768099168856 16.86037025246746 0.07360301123882 0.09614774070736998 2.1103723 37.374615 -0.24436784 0.07312155 0.13623048342191257 0.0
PA192-R066 287.87824958270113 16.858785815805437 0.05990850266891557 0.13392806892537892 1.4098227 16.541235 -0.29147464 0.04501933 0.08956371918889403 0.0
PA202-R068 287.87791666330634 16.858846092676213 0.1080518755794803 0.12176895367616619 2.087724 79.682724 -0.23306584 0.11653924 0.29359438969538765 0.0
PA251-R068 287.87676493137286 16.859974140951607 0.08640630439913327 0.11271602421971492 1.3749679 33.55907 -0.22003877 0.087284684 0.18774742713341347 0.0
PA185-R071 287.87844753477987 16.85864803831252 0.10094017094930205 0.10786617979901639 1.5827329 52.7184 -0.23389888 0.076420546 0.2523368199666341 0.0
PA177-R075 287.8787804536136 16.85852748280789 0.07112256160721797 0.10358780376104193 0.68376076 11.30695 -0.20967638 0.048441887 0.12623214721679688 0.0
PA042-R077 287.88014814874396 16.86218719960292 0.06163376658030379 0.13555265839569217 7.4854107 92.95645 0.48349404 1.4727447 0.35481000627790177 0.7368421052631579
PA330-R077 287.87749374387613 16.8624541463036 0.11392928680410427 0.1249430956134725 0.95099473 40.352955 -0.022903204 0.11212516 0.3190403414848156 0.0
PA039-R083 287.8801931403213 16.862393865936887 0.08295811428711729 0.1294877904545169 8.271547 186.0934 0.1366663 0.48526096 0.20268483204884571 0.16541353383458646
PA179-R085 287.87868147772264 16.858217482849366 0.1240164360443273 0.1322607055664615 0.7507901 37.748833 -0.07898569 0.06979394 0.3838076991889313 0.0
PA219-R092 287.8769179074683 16.858630808956523 0.08040657262507431 0.13866332935956377 6.452433 136.37448 -0.24225378 0.21046257 0.19390235690895571 0.16153846153846155
PA095-R093 287.881344853506 16.86035302075654 0.091639815292325 0.12663324477356458 0.93509984 25.671597 -0.0400815 0.106238365 0.20956733936571892 0.0
PA330-R093 287.87727778931765 16.862841644984954 0.07354996059321484 0.13265860939769838 1.2549419 22.19295 -0.12901753 0.05238408 0.16527516373964113 0.2074074074074074
PA356-R098 287.8784295338312 16.863315260513897 0.0850541235826341 0.12945178500506108 0.92025554 21.763346 -0.011170745 0.13627839 0.1805285679475042 0.0
PA253-R098 287.87593712988627 16.859784687306036 0.06810087513259533 0.09632567901558008 0.41762865 6.3317266 -0.16903913 0.029717147 0.11844640970230103 0.0
PA005-R101 287.87889743152374 16.86338414936184 0.11046369377459563 0.12267112055560009 0.89172906 35.5712 -0.14434117 0.04949498 0.3068472642164964 0.0
PA357-R101 287.87848352196426 16.863375538340957 0.10330641493136819 0.14216478767010618 0.5482087 19.126125 0.08431435 0.1521442 0.2704527211743732 0.0
PA096-R102 287.8815967937474 16.860309961752606 0.03163514985843991 nan 0.47219276 1.5448475 0.18022537 0.11874962 0.025361595227736837 0.0
PA207-R102 287.8772778236433 16.858096922766823 0.08741471159832996 0.09492376405895739 0.9780293 24.431347 -0.11306101 0.048875928 0.18782089348126174 0.0
PA203-R102 287.87750276893223 16.85797636857924 0.11233181349269616 0.12022409274813829 1.2611972 52.025352 -0.07333624 0.066191375 0.31250580874356354 0.0
PA359-R104 287.8785825003 16.86347887172799 0.08722165527667909 0.12840488849634737 0.58299744 14.499125 0.053367972 0.15584254 0.18984704345237208 0.0
PA290-R104 287.8758201306454 16.86159301906915 0.0838966741905879 0.09948239349444417 0.58619714 13.488377 -0.21656013 0.03787428 0.17699973766620342 0.0
PA193-R105 287.8779616563836 16.857743870609827 0.08213583675144118 0.10512389997577842 1.1191704 24.68244 -0.040925264 0.081654906 0.16835288419068314 0.0
PA043-R107 287.8807510204974 16.862841638776636 0.10989599162123255 0.12934814008268514 2.8001587 110.55359 0.04756522 0.50768864 0.3133427453419519 0.045454545454545456
PA062-R108 287.8814078623894 16.86197190881001 0.07951566007410857 0.12302389102961765 0.33177495 6.8576517 -0.15251541 0.02786678 0.1577831151831241 0.0
PA227-R110 287.8763060578157 16.85852746959635 0.09233904937778398 0.10085385012933774 0.7308625 20.371967 -0.10290277 0.05293095 0.21116568825461648 0.0
PA203-R110 287.87738579915515 16.857778312343562 0.08457660679373724 0.12449173067484653 1.2380378 28.950823 0.013741255 0.09574294 0.1841294596514364 0.0
PA044-R110 287.880867993997 16.862789970883615 0.07130361905185802 0.08690912002739201 0.7592646 12.619518 0.20971954 0.22772026 0.12496776150581532 0.0
PA039-R111 287.8806880363936 16.86302247274251 0.1072755823855738 0.1224272983446859 2.0321763 76.45213 0.10247111 0.27210426 0.27867273401331016 0.0
PA197-R112 287.8777097195433 16.857623314066373 0.08868694518285146 0.11208761652021954 1.0599866 27.255003 -0.08107567 0.073170185 0.19627933647796397 0.0
PA084-R112 287.8818667409432 16.860929957715634 0.1115237508549583 0.12502499918543125 0.8847233 35.97234 0.11125028 0.0475024 0.3103772811307252 0.0
PA170-R113 287.87923933839704 16.857519981999996 0.07407197189629758 0.0977583474078872 1.2204723 21.890831 -0.029879093 0.060637593 0.13588151064786044 0.0
PA188-R114 287.87815960802374 16.85743387117149 0.094178830085901 0.13994423675959153 0.7456546 21.62075 0.06430626 0.16919851 0.21320341615115895 0.0
PA113-R116 287.8817047525144 16.859328293515517 0.09549590765769667 0.11685894994070581 0.8179012 24.383545 -0.07511574 0.06137842 0.24042206425820628 0.0
PA083-R117 287.8820287043779 16.860981621791076 0.07888067948594353 0.11676709456890785 0.5168619 10.513378 0.0934844 0.10403824 0.15409687793616092 0.0
PA183-R119 287.87847452942833 16.857296093895137 0.10283460796471723 0.1206142442829697 0.56312656 19.46754 0.013454914 0.0986495 0.2599282228857055 0.0
PA205-R119 287.877205845384 16.85757164450103 0.03906064494896808 0.10363208785107228 0.85502076 4.264636 -0.017323256 0.05138147 0.0380744824882682 0.0
PA055-R120 287.881461858144 16.862505796968218 0.08243959507645614 0.13027956624991743 0.52361614 11.633522 -0.13434583 0.0552606 0.16831555511012222 0.0
PA090-R121 287.88213667194003 16.860576897771583 0.10107498975680472 0.11425291383730468 0.770051 25.717775 0.043730736 0.08430314 0.25301132780132873 0.0
PA209-R122 287.8769089186777 16.857649142216662 0.10069772013826657 0.12918283310282924 1.5452946 51.224422 -0.072711825 0.0597049 0.25498956533578726 0.0
PA167-R122 287.87942829046665 16.857330536926174 0.10324989362091677 0.1276770331521059 0.79935026 27.857544 0.17832947 0.11771715 0.26807873065655047 0.0
PA092-R123 287.88220865384494 16.86050800765279 0.10545769193451637 0.11232082787995624 0.604267 21.969082 0.12352574 0.09147847 0.2754286274765477 0.0
PA034-R126 287.8806520493532 16.86349608420539 0.11043308135498457 0.11941223615907882 1.0518897 41.936775 0.0247581 0.06025338 0.30905455951542815 0.0
PA050-R126 287.8814168732323 16.86285024202081 0.057158127615567544 0.07772267452510478 0.47558784 5.0794096 -0.05197239 0.07151085 0.08091118118979714 0.0
PA180-R130 287.87865448429835 16.856960260633613 0.10314506229220664 0.12656702351308394 1.2282908 42.71934 0.4389875 0.26805925 0.26549238831032324 0.0
PA167-R131 287.8794822757607 16.85706359227093 0.09976261847632589 0.1413806588993582 1.7209992 55.99417 0.38999796 0.24838305 0.24648371609774503 0.0
PA174-R133 287.87906837974305 16.85693442686748 0.11923006287909005 0.1225826560048583 0.53263426 24.75296 0.09145212 0.055426836 0.35748241131122294 0.0
PA060-R134 287.88197474294293 16.862462733776884 0.11615586127984542 0.1159160573617503 0.8807913 38.84917 0.14898384 0.068784356 0.3419156924698704 0.0
PA090-R137 287.88258656660156 16.860559667449838 0.062173982430273826 0.13560675709303993 0.6806624 8.601528 0.066541195 0.04349947 0.09720766360943134 0.0
PA085-R138 287.88264056091407 16.860886888633424 0.11085365453571405 0.12191901581642545 0.6307081 25.336985 0.19188607 0.045846343 0.31141304784966994 0.0
PA033-R138 287.8808500096337 16.863788859962543 0.040885042439968926 nan 0.6918287 3.7805412 0.043227673 0.12470603 0.04139820012179288 0.0
PA036-R139 287.8809759815308 16.86371996968986 0.08456850069257615 0.10957180967135317 0.9479196 22.162321 0.020104647 0.13798809 0.1784729702782085 0.0
PA054-R139 287.8819297606215 16.86290190116306 0.08260872481258075 0.11748155427222975 0.23864341 5.323874 -0.005898714 0.041508853 0.1702970111643085 0.0
PA209-R141 287.8767019749529 16.85718414037386 0.0961081001012498 0.10668627700951708 1.116268 33.7066 -0.023778796 0.07661152 0.23776216582050475 0.0
PA353-R145 287.8781235972901 16.864581093295968 0.08303422989624415 0.11378885113519474 1.330561 29.98994 0.029477239 0.064879775 0.1720558778020262 0.0
PA074-R145 287.8826585744754 16.861722166059927 0.05599252095156045 0.11677221456954016 3.2089117 32.888515 0.037868798 0.117598176 0.09317380731756036 0.16030534351145037
PA109-R145 287.8826135330082 16.85925938915828 0.07527483425946051 0.11024757265839917 0.51084435 9.462692 -0.0013071299 0.034062266 0.14248946263239934 0.0
PA196-R146 287.8774487903939 16.856693312722314 0.06863432344397265 0.11061773069463816 1.4116095 21.73821 -0.07836616 0.050242186 0.1175541331749836 0.0
PA062-R147 287.8824246434844 16.862514392695914 0.11171784771372714 0.11466511797985879 0.48018056 19.591883 -0.01659447 0.055359483 0.3114585876464844 0.0
PA031-R147 287.88088600562304 16.86410747068473 0.09999265670737593 0.12318191408523237 0.28354067 9.26783 -0.07761258 0.032511592 0.24762173854943478 0.0
PA357-R148 287.8784205341712 16.864684427166083 0.07487906224637031 0.11143519107817365 1.2856438 23.565027 0.0570271 0.05523765 0.13885878071640478 0.0
PA068-R148 287.88259559742744 16.862135500607074 0.09656371488430945 0.12291562186077871 0.395337 12.050966 0.036649108 0.06338048 0.23448283855731672 0.0
PA156-R149 287.8804000423124 16.856822475401113 0.08149904562228263 0.12254676363262341 0.5870809 12.747631 0.08306557 0.04692936 0.16575255648780415 0.0
PA097-R151 287.88296446677714 16.860051604334338 0.09472916779055522 0.11998242495663936 0.70946085 20.81241 0.11587012 0.072072744 0.22918382287025452 0.0
PA002-R153 287.87879845429876 16.86480498278692 nan 0.07931173611004287 3.959672 -34.468155 -0.03688717 0.40727472 -0.07913455096158115 0.16030534351145037
PA360-R153 287.8786364884655 16.86486526062088 0.07178547289883577 0.11460502824028412 1.4322267 24.127447 -0.052585125 0.2099905 0.13369928087506974 0.03816793893129771
PA093-R153 287.88307244954933 16.86040465760141 0.08724829126093443 0.09737604213179112 0.48561192 12.084528 0.067881584 0.029357672 0.1899630131612297 0.0
PA357-R158 287.87835754709295 16.864951371530804 0.11745538847423953 0.13016565212677628 0.53072286 23.935371 0.043675184 0.044867277 0.35234037041664124 0.0
PA090-R158 287.8832164210296 16.86061993224069 0.10136953259194728 0.10824528820647383 1.189132 39.945827 0.21564555 0.087393224 0.2584032792311448 0.0
PA347-R159 287.87760170629866 16.864891091314618 0.08098293860303726 0.12916084894033403 0.794045 17.023884 0.01210022 0.0400635 0.16365988927943106 0.0
PA074-R159 287.8830724816112 16.86177382426383 0.12372891405494509 0.12698180958051633 0.5415052 27.10014 0.07711661 0.082532644 0.3791359410141454 0.0
PA174-R162 287.8791403594409 16.856124982267183 0.09820177124580874 0.11494544102253772 0.71255016 22.463663 0.012706518 0.04453492 0.23883127443718188 0.0
PA001-R163 287.878708473388 16.865123593943277 0.1010274829052632 0.11036250438610208 0.57545114 19.200565 0.16508222 0.06637049 0.25470311405094526 0.0
PA355-R163 287.87824956946446 16.86510637135099 0.09980781038766787 0.11581302432896766 1.1132853 36.25451 0.08675361 0.0601027 0.24670707818233606 0.0
PA004-R164 287.879005411277 16.865140815861142 0.06487187988846782 0.1008622070857697 0.8281046 11.392648 0.08492315 0.048490763 0.10582690605750451 0.0
PA348-R166 287.8776376978037 16.86506331371472 0.11168900517366152 0.13268026350960865 0.71755683 29.261974 0.24283087 0.14302564 0.3066166182209675 0.0
PA076-R166 287.88332442271235 16.86170492981766 0.07635497411126956 0.12381216949128347 0.9952271 18.968079 0.116410494 0.07324207 0.14548889917271737 0.0
PA042-R168 287.8818757925661 16.86407301312136 0.1002884119268689 0.13436885713125457 0.7219559 23.737701 -0.07069671 0.081428766 0.2529208550086388 0.0
PA162-R171 287.88012110715783 16.856081922031763 0.08827941530187525 0.09890430450482483 0.7099743 18.087894 0.08559656 0.1781919 0.193006284309156 0.0
PA069-R172 287.883297443259 16.86229048598109 0.08154859574892714 0.12569068250233456 0.55386245 12.040968 -0.002420783 0.041355968 0.16723073812631462 0.0
PA170-R174 287.8795002657375 16.855849425537098 0.06651040512398096 0.10722267673981431 0.463784 6.706894 -0.03643039 0.03182432 0.11210267118705336 0.0
PA180-R174 287.87861849355966 16.855737482861095 0.0940583879231042 0.12820264846342241 0.7931802 22.94 0.03387642 0.1032567 0.2207751820105633 0.0
PA356-R175 287.8782585669108 16.8654335935881 0.10939457024582172 0.11488224950147902 1.2693133 49.65773 0.19401121 0.14344978 0.2963767196192886 0.0
PA189-R176 287.87787168686924 16.855754703634933 0.08177097321364458 0.10322166722455199 0.78520846 17.163656 -0.0762136 0.036117792 0.17211594168595443 0.0
PA198-R178 287.87699891121355 16.855935531851255 0.05169805098906885 0.12197592400024816 4.3511686 38.017254 0.17006135 0.0746187 0.07342227967847295 0.04032258064516129
PA207-R178 287.8762790935094 16.856202469298445 0.08448090869206236 0.1183073605660287 1.5288765 35.671062 0.19548106 0.142524 0.17810345424040583 0.0
PA005-R178 287.8791133895416 16.86548526008667 0.023290912964142513 0.19679174622715595 0.73273396 1.2994089 0.18621087 0.053201675 0.013641312489142784 0.0
PA206-R180 287.87633308134804 16.856064692133334 0.08223306485889066 0.15145556200061405 1.042347 23.042614 0.5019264 0.34899783 0.16497367175657357 0.0
PA209-R181 287.8760541509675 16.856219688819806 0.08652815669649934 0.1178960962720098 1.2902441 31.580084 0.27521086 0.10684347 0.18827733259934645 0.0
PA071-R183 287.88367535781333 16.862264643784087 0.08585706405279432 0.11253961221795024 0.49821758 12.00598 0.064762115 0.044894457 0.18395316145802273 0.0
PA078-R183 287.88385530105336 16.861670472656158 0.09773742430191587 0.1390520258815291 0.6175465 19.284924 0.06514996 0.11863822 0.23657798767089844 0.0
PA006-R185 287.87912238830563 16.865734982286384 0.09304776173787657 0.1417719084219652 1.2362385 34.98973 0.22420502 0.09802961 0.21605635781324548 0.0
PA198-R185 287.87696292256464 16.85570303156282 0.07671190470613247 0.11741806742297951 1.2258729 23.582912 0.08780205 0.062268734 0.14464398434287623 0.0
PA355-R186 287.8781505886101 16.865709148910877 0.09657078693145749 0.13703564183472935 0.63610923 19.393211 0.4347812 0.16963625 0.23272697798168387 0.0
