m1-67/data/reproject/combo-AA-neutral-knot-peak-stats.ecsv
# %ECSV 1.0
# ---
# datatype:
# - {name: label, datatype: string}
# - {name: Peak Center.ra, unit: deg, datatype: float64}
# - {name: Peak Center.dec, unit: deg, datatype: float64}
# - {name: Gauss Center.ra, unit: deg, datatype: float64}
# - {name: Gauss Center.dec, unit: deg, datatype: float64}
# - {name: r_eff, unit: arcsec, datatype: float64}
# - {name: r_rms, unit: arcsec, datatype: float64}
# - {name: Gauss sigma, unit: arcsec, datatype: float64}
# - {name: Bright Peak, datatype: float32}
# - {name: Bright Gauss, datatype: float64}
# - {name: Core flux, datatype: float32}
# - {name: Bright BG, datatype: float32}
# - {name: MAD BG, datatype: float32}
# - {name: Fill fraction, datatype: float64}
# - {name: NaN fraction, datatype: float64}
# - {name: Peak SNR, datatype: float32}
# meta: !!omap
# - __serialized_columns__:
#     Gauss Center:
#       __class__: astropy.coordinates.sky_coordinate.SkyCoord
#       dec: !astropy.table.SerializedColumn
#         __class__: astropy.coordinates.angles.core.Latitude
#         unit: &id001 !astropy.units.Unit {unit: deg}
#         value: !astropy.table.SerializedColumn {name: Gauss Center.dec}
#       frame: icrs
#       ra: !astropy.table.SerializedColumn
#         __class__: astropy.coordinates.angles.core.Longitude
#         unit: *id001
#         value: !astropy.table.SerializedColumn {name: Gauss Center.ra}
#         wrap_angle: &id002 !astropy.coordinates.Angle
#           unit: *id001
#           value: 360.0
#       representation_type: spherical
#     Gauss sigma:
#       __class__: astropy.units.quantity.Quantity
#       unit: &id003 !astropy.units.Unit {unit: arcsec}
#       value: !astropy.table.SerializedColumn {name: Gauss sigma}
#     Peak Center:
#       __class__: astropy.coordinates.sky_coordinate.SkyCoord
#       dec: !astropy.table.SerializedColumn
#         __class__: astropy.coordinates.angles.core.Latitude
#         unit: *id001
#         value: !astropy.table.SerializedColumn {name: Peak Center.dec}
#       frame: icrs
#       ra: !astropy.table.SerializedColumn
#         __class__: astropy.coordinates.angles.core.Longitude
#         unit: *id001
#         value: !astropy.table.SerializedColumn {name: Peak Center.ra}
#         wrap_angle: *id002
#       representation_type: spherical
#     r_eff:
#       __class__: astropy.units.quantity.Quantity
#       unit: *id003
#       value: !astropy.table.SerializedColumn {name: r_eff}
#     r_rms:
#       __class__: astropy.units.quantity.Quantity
#       unit: !astropy.units.Unit {unit: arcsec}
#       value: !astropy.table.SerializedColumn {name: r_rms}
# schema: astropy-2.0
label "Peak Center.ra" "Peak Center.dec" "Gauss Center.ra" "Gauss Center.dec" r_eff r_rms "Gauss sigma" "Bright Peak" "Bright Gauss" "Core flux" "Bright BG" "MAD BG" "Fill fraction" "NaN fraction" "Peak SNR"
[from data line 66]
PA196-R146 287.8774482675988 16.856692917281297 287.8774435090473 16.85668806738807 0.07474793447588354 0.1112488771775534 0.056439089060178096 1.1492949 1.1392828029847966 20.992123 0.04577726 0.04471755 0.13942915064687947 0.0 25.701204
PA062-R147 287.88242447454974 16.86250670688697 287.88242131261484 16.862512986553266 0.10221751467678347 0.1108902858659943 0.08972965455480597 0.65049785 0.5100279903803441 22.218922 0.113075554 0.10788435 0.26073889695961056 0.0 6.029585
PA031-R147 287.88089404608723 16.86410048048596 287.88088942619595 16.864103539771794 0.08357282314178772 0.1080529320374771 0.059907376715249636 0.24404371 0.19166729433866148 5.5721684 -0.028409123 0.032975674 0.1729747454325358 0.0 7.400719
PA357-R148 287.87841971772764 16.864685417321148 287.87841324175764 16.864693559421823 0.08698568618132226 0.11373653732732397 0.05781311663647835 1.2044506 1.1913860688160496 29.792782 0.115905285 0.040567398 0.18739074649232806 0.0 29.690113
PA068-R148 287.8825866303012 16.862128085190545 287.882625869312 16.862168717588645 0.10286686341063285 0.11802231993813982 0.11369630723868301 0.39419687 0.21954832643005293 13.636114 0.13447893 0.06211573 0.2660934154803936 0.0 6.346168
PA156-R149 287.880399903533 16.856830637044133 287.8804014235683 16.856829007554932 0.0869341075622943 0.11669781730600548 0.05753224354411309 0.50619555 0.5087320475432883 12.506195 0.109057784 0.03881377 0.18859735154013596 0.0 13.041649
PA097-R151 287.88299185240237 16.86006866620868 287.88298738207516 16.860060395564684 0.10508369783912314 0.1113967151227231 0.09587659572298798 0.62357646 0.492277781718613 22.51059 0.16700643 0.043339014 0.2820247411727905 0.0 14.38834
PA002-R153 287.8787534638198 16.86485664948175 287.87876132150484 16.86485575846445 nan 0.09455586000420278 0.03099999999999996 1.3052826 1.9096885624244462 -14.430979 0.3950653 0.18927312 -0.08439562702906951 0.7251908396946565 6.8962913
PA360-R153 287.8786364884655 16.86486526062088 287.8786400482252 16.864863264400466 0.0949111802084983 0.12561286860690388 0.11242241908211734 1.4782898 0.8486996675837828 43.533222 0.2379067 0.12101936 0.224796702843586 0.5572519083969466 12.215317
PA093-R153 287.8830724844326 16.860404884094184 287.88308566800987 16.860409805417607 0.08510783217909348 0.09276244848820157 0.0781216850083082 0.37734377 0.28672555742052863 8.935168 0.12787664 0.029526114 0.18075663442830092 0.0 12.780001
PA357-R158 287.87836665546445 16.86495978120362 287.87837587724493 16.864969663774506 0.1176945447086303 0.1251999889733849 0.0698704546034683 0.38329202 0.3508867075611919 17.356771 0.14533108 0.10719913 0.3537766635417938 0.0 3.575514
PA090-R158 287.8832171234204 16.860619743708853 287.8832310003343 16.860612240005594 0.10062360405169973 0.10674523959525466 0.08227746666869475 1.137901 0.9657524134696583 37.664368 0.29890215 0.07373625 0.25461434584397535 0.0 15.432042
PA347-R159 287.8776099303138 16.86489062914431 287.8776073834482 16.864894041635598 0.07487638957801684 0.12466019899811596 0.041892297766806134 0.83061147 0.7507607685652185 15.22349 -0.005614996 0.037011385 0.1399087833084223 0.0 22.442053
PA074-R159 287.88307289404463 16.86177392294944 287.8830955083423 16.861778849768626 0.10623412651702775 0.12144578519918695 0.1222265112935613 0.73109365 0.39819423074724036 26.972898 0.23310757 0.07333928 0.27949925624963007 0.0 9.96865
PA174-R162 287.8791315347171 16.856133391015362 287.87913756241863 16.85612295732525 0.10213818368634801 0.11754938511344605 0.0817331113604909 0.85945165 0.7899387158563462 29.310564 0.06435287 0.056682944 0.2583621053984671 0.0 15.162438
PA001-R163 287.8787081720692 16.865123545119875 287.878705954984 16.865125089976747 0.08969389366089515 0.10097951289045898 0.06600705178867688 0.71673876 0.6488284524525052 18.850077 0.29689926 0.05107355 0.2007617368042924 0.0 14.033463
PA355-R163 287.87824920810596 16.865107098256228 287.87824348209 16.865112017462845 0.09813169489439881 0.11203820948510623 0.06465688758518798 1.3166201 1.29517397538896 41.44819 0.029371023 0.038805842 0.23849053816361862 0.0 33.9284
PA004-R164 287.8790040714417 16.8651331053965 287.87899864074836 16.865134783045214 0.07579655505293298 0.10286650917757868 0.0546101143100666 0.75711644 0.6453361257623047 14.219624 0.026287198 0.040704012 0.1444714619563176 0.0 18.600536
PA348-R166 287.8776366941791 16.865062714180514 287.87762435009495 16.86508091005095 0.11662930293061595 0.12965860447341376 0.10244347585420083 0.7272144 0.7481815147072461 32.33734 0.3162033 0.16762024 0.3343414364004494 0.0 4.3384643
PA076-R166 287.8833252308985 16.861705392268615 287.8833301580919 16.861708982067572 0.07784454311267176 0.12056067989658349 0.056013829057218426 1.1101984 1.0424216415286276 21.992947 0.21926486 0.05493903 0.15122080213240996 0.0 20.207827
PA042-R168 287.88190267019934 16.864030080458317 287.8817918692002 16.864039092136053 0.1146591160780796 0.13521349982435776 0.2533252112916144 0.4741435 0.7003723939840238 20.37762 0.067466974 0.065374136 0.3305980682373047 0.007692307692307693 7.252769
PA162-R171 287.88013024627315 16.85608205990638 287.8801364021578 16.85607718254639 0.08715464309985779 0.10037163716506226 0.06409584285997318 0.4387642 0.4133367753346192 10.895288 0.27099144 0.053711414 0.18811941146850586 0.15151515151515152 8.16892
PA069-R172 287.88329787641834 16.86229880437758 287.88331155994234 16.862304293654272 0.07876820775272002 0.11177073180428868 0.07334648804667293 0.49964887 0.31242168262372744 10.13429 0.103933275 0.038742572 0.15602171971247747 0.0 12.896637
PA170-R174 287.8794998926942 16.855849327957117 287.8794968832032 16.85584433613169 0.07094770354388255 0.10468906793647742 0.058124299620911195 0.3750624 0.30873296905972225 6.171727 0.030630171 0.03131497 0.127559691436531 0.0 11.977097
PA180-R174 287.87861816658835 16.8557454171326 287.878624530848 16.855741587493167 0.09458652255978364 0.12315336491446423 0.10211216178286174 0.7654863 0.6265343046448327 22.388367 0.11190599 0.11543769 0.2232614327933042 0.0 6.6311646
PA356-R175 287.878240693261 16.865450558558827 287.878235052626 16.86544952564414 0.11727994237879867 0.11713748968112218 0.08879758121481762 1.2928476 1.3744523711746826 58.13281 0.216959 0.16352767 0.3406434492631392 0.0 7.9059873
PA189-R176 287.8778634840033 16.855762054345114 287.87786212730816 16.855752000805982 0.08881189632208687 0.10571303459289882 0.0666298508250335 0.8645903 0.8923463899594749 22.293545 -0.0017995834 0.040974736 0.20303226080466444 0.0 21.10057
PA198-R178 287.87700790919143 16.85590108747863 287.87701641838186 16.855902118871782 0.0855575421584833 0.1260586851068909 0.06326505564548458 1.0468557 0.9906723096415668 25.05128 0.18272352 0.08785522 0.1929840426291189 0.2661290322580645 11.915691
PA207-R178 287.8762879006678 16.856202533564595 287.8762850809596 16.856196752822434 0.08915129836190562 0.11077543421515826 0.07201203593361553 1.1921601 1.1650774032229676 30.975365 0.1910801 0.16477644 0.19834010291645546 0.0 7.2350154
PA005-R178 287.8791059714744 16.865486097423286 287.87911155588125 16.865489782375764 0.05596397290896616 0.1431237781892839 0.04065815842613935 0.45237935 0.4489071954675822 4.631763 0.11189878 0.034572244 0.07875900268554688 0.0 13.085045
PA206-R180 287.8762787471692 16.85611584074384 287.87628777487595 16.85608200495703 0.0888229028407895 0.13960568676199878 0.12843969659849416 0.99763834 0.8538939920701564 25.730577 0.46487844 0.36516452 0.19247379587657415 0.0 2.7320244
PA209-R181 287.87605434275827 16.856220077648985 287.87605112126255 16.856214622566533 0.0861840299771447 0.11405355348880422 0.07185623503143466 1.0832636 1.013311609862779 26.303543 0.31082892 0.10282898 0.18678273421067457 0.0 10.534615
PA071-R183 287.88366720667125 16.862272770190515 287.8836683457279 16.862279637412264 0.08469065488477043 0.10109440602242153 0.06062644603107549 0.49582016 0.4411698503707137 11.625768 0.19769073 0.037475288 0.1789889299232541 0.0 13.23059
PA078-R183 287.88387258642075 16.86172188508515 287.8838618947382 16.861713550093906 0.11045415966841042 0.1309839399433639 0.08199032853649267 0.42853713 0.5002537069477966 17.091457 0.28804338 0.072497785 0.3021459001483339 0.14393939393939395 5.9110374
PA006-R185 287.879121752228 16.865743347834968 287.87912142494224 16.86574095316343 0.09198736462841689 0.13881115235817187 0.07990396167074587 1.2980156 1.127122893395851 35.905647 0.30191183 0.15720081 0.21115994635429092 0.0 8.257054
PA198-R185 287.8769710041779 16.85570336672916 287.8769665033587 16.85569794979577 0.07861981335257369 0.11125425105577096 0.05675028649836128 1.1679018 1.1553972302913158 23.599174 0.099801004 0.06251329 0.15192836388609463 0.0 18.682455
PA355-R186 287.8781414846759 16.86570913592962 287.8781322129499 16.865709347811276 0.08776080372371978 0.13732987000407365 0.10322313248290663 0.7487686 0.7376586750254502 18.852776 0.4655177 0.15492058 0.19220132318161826 0.0 4.833242
PA090-R187 287.88405282898043 16.860611147398203 287.8840507792979 16.860612522991563 0.08777152991249663 0.10667901796837108 0.0789694989036526 0.3306516 0.24694402783843855 8.327305 0.089182764 0.023234904 0.19224830802160364 0.0 14.230815
PA180-R189 287.87860043363264 16.85536708726799 287.87858824018224 16.855363945415984 0.08261769762860055 0.10238545627758625 0.07494344121585708 0.6565 0.5755623918046321 14.648979 0.20643461 0.14301825 0.17164426950307993 0.0 4.5903234
PA220-R189 287.87512751037514 16.856607217229612 287.875106066877 16.856595795195677 0.0889818083414715 0.09116176395458926 0.07853420666233812 0.6424004 0.6046391734158393 16.627798 0.2694968 0.16205251 0.19758667108666805 0.007633587786259542 3.9641495
PA271-R189 287.8731655166271 16.860654431490175 287.8731597539569 16.860653557024552 0.07622692109772648 0.09610998287793415 0.06945184004500224 0.6737975 0.46001748213800325 12.7989 -0.008614525 0.02608484 0.14390282197432083 0.0 25.831
PA204-R191 287.876395747583 16.855755258947745 287.87639209174563 16.855751905688702 0.07983692396568233 0.09899392568456429 0.06918626789442414 0.68644345 0.5876091744990005 14.303385 0.16419804 0.071262956 0.15906066020936457 0.0916030534351145 9.632543
PA214-R197 287.8754422999945 16.856030138304728 287.8754442840051 16.856039535808986 0.07286989126414489 0.1279118160088619 0.07132530633006516 0.33045554 0.2518165306252848 5.736352 0.01807046 0.059186697 0.13150697765928326 0.0 5.583274
PA091-R197 287.8843687826454 16.860559105734488 287.8843786431348 16.86054587043683 0.10391539709238239 0.10592324451598188 0.08293095542240685 0.46896985 0.4129936404301129 16.555077 0.12079188 0.05379522 0.2846850118329448 0.0 8.717687
PA282-R198 287.87304811232906 16.86173082131883 287.8730292218396 16.861723221802848 0.09152369135559622 0.10350143123651658 0.09443803564040637 0.7705631 0.6066792311938008 21.100939 0.16453505 0.16249779 0.20903655772900764 0.10687022900763359 4.7419915
PA210-R198 287.87572098729885 16.855874630748115 287.87573180520377 16.85584348980917 0.1012291811770466 0.11934823528971987 0.09260268544598024 1.5309336 1.2170572001365707 51.285465 0.27843833 0.22396898 0.257688228900616 0.0 6.8354716
PA206-R200 287.87613533793836 16.855616674570626 287.87613216350655 16.85561478327736 0.09980413335308208 0.12088213570651034 0.11216306266897513 0.93200636 0.4714733885109041 30.348862 0.62023735 0.16559291 0.24668890057188092 0.0 5.6282988
PA203-R200 287.8763687562807 16.855454115834483 287.87636776218955 16.8554684941233 0.08527811157176819 0.1094339379762946 0.07158830503802927 0.42891622 0.3776866348221643 10.19704 0.10726929 0.08214855 0.18010580178463098 0.0 5.2212267
PA354-R202 287.8780341254184 16.86615655899457 287.87803432219795 16.86615759355644 0.07189954377423069 0.08046306528080044 0.0430614836035053 0.39104462 0.37319476203385843 6.608533 0.21645081 0.057306886 0.13100535370582758 0.0 6.8236933
PA085-R202 287.884458097256 16.86108520464857 287.8844588894625 16.861091508536497 0.08171711346992046 0.1336271668012878 0.049344897807138376 1.089104 1.2134286095703082 23.775074 0.55862916 0.13909018 0.16664075487442598 0.0 7.8302007
PA092-R204 287.88454859686556 16.86038672296151 287.8845483733154 16.860386080190285 0.1022128797363649 0.11855356638113472 0.07348927721618513 0.25025487 0.23713674468093926 8.54713 0.18676698 0.07061267 0.260715251660529 0.0 3.5440505
PA194-R204 287.8772056227677 16.85512482753377 287.8772061535887 16.855120185176823 0.0808813187587626 0.09448308566652636 0.05456938681626583 1.177677 1.11482639157854 25.185417 0.08483255 0.042976737 0.16450518094576322 0.0 27.402662
PA224-R205 287.8744900853653 16.856521131491892 287.874492310559 16.856520145232604 0.0543511721594938 0.06254596465388924 0.04036275634743225 0.65292907 0.5754821031262363 6.3053665 -0.018787503 0.0431484 0.0731594418034409 0.0 15.132174
PA202-R206 287.87636030696075 16.855290183019854 287.8763654448929 16.855306039098924 0.0610094023168192 0.11508614916369131 0.05349336145372578 0.98485446 0.7199338064617945 11.983732 0.2862525 0.16143799 0.09432576053826384 0.0 6.1005125
PA077-R212 287.88461965636617 16.861902977970043 287.8846403987166 16.86191861501218 0.10502861628428609 0.11944311673199004 0.12877904814706886 0.72462153 0.3627309381456207 26.130817 0.22885299 0.072335005 0.2752773488750895 0.0 10.017578
PA205-R215 287.8759910830067 16.85519495643264 287.87598863687344 16.855194074676536 0.06997582332181472 0.09752538098138878 0.05245598397181569 0.67697585 0.5980215022208902 10.836666 0.17359269 0.053989768 0.12313433427077074 0.0 12.538965
PA091-R215 287.8848986337869 16.860499555543647 287.8849009521824 16.860491358930112 0.08482614985065118 0.1027306816318744 0.08418124024856108 0.51605016 0.38453910831220467 12.138861 0.24166685 0.07106033 0.18094335702749398 0.0 7.262141
PA212-R215 287.8753247748942 16.85551369058289 287.87531900719307 16.855506797242324 0.058923191886591175 0.12881738547782165 0.07304500320744839 0.7992677 0.5140718009718938 9.071754 0.21967202 0.10302061 0.08664185036229723 0.0 7.7583284
PA238-R217 287.87330271663177 16.857382999006774 287.8733058478059 16.857387807582604 0.043959238333503514 nan 0.036013451876987006 0.07719855 0.04388832141235436 0.48768112 -0.01445286 0.027794003 0.04935337230563164 0.0 2.7775254
PA076-R219 287.88480925910784 16.86209205843678 287.8848017867571 16.86206070879436 0.09785185059726759 0.13930894010674588 0.1597919752069121 0.7028343 0.6731120574525583 21.999739 0.3935483 0.16740757 0.23894243021957748 0.0 4.1983423
PA077-R219 287.88479121188874 16.861988725629274 287.8847952371421 16.861991231741694 0.08166446849691192 0.13607636044946092 0.07768549022825717 0.5423112 0.4284372579102754 11.823372 0.6044476 0.18953025 0.16642611263362506 0.0 2.8613436
PA271-R220 287.87227568052424 16.8607066274934 287.87226969875496 16.860708071761533 0.07912775365417263 0.10437430902811033 0.07056838678052244 0.5728946 0.37828379635262027 11.726242 0.06444028 0.036787987 0.15161786962438512 0.0 15.572871
PA177-R222 287.87893341002047 16.854428593785478 287.87894326405547 16.85442094062741 0.06790548431121171 0.13003031583490593 0.07391950282238247 0.72277176 0.4243332118364961 10.895254 0.16683924 0.049144566 0.11419898813421075 0.15151515151515152 14.707053
PA271-R224 287.87214899625934 16.860757658395997 287.8721567331435 16.860758050455335 0.07779961596900374 0.11353120501646104 0.08588357047607963 0.8515601 0.4966145511451731 16.849876 0.20142555 0.07561469 0.15220819619985726 0.3 11.261834
PA185-R225 287.8780869604744 16.854341174677813 287.8780868741198 16.854339358669073 0.05138984742163163 0.14250230349894097 0.047074176353260486 0.10882574 0.0838067951971641 0.9395346 0.01049459 0.031713277 0.06540443680503151 0.0 3.4315515
