m1-67/data/reproject/combo-AA-neutral-knot-fluxes.ecsv
# %ECSV 1.0
# ---
# datatype:
# - {name: label, datatype: string}
# - {name: Center.ra, unit: deg, datatype: float64}
# - {name: Center.dec, unit: deg, datatype: float64}
# - {name: Peak.ra, unit: deg, datatype: float64}
# - {name: Peak.dec, unit: deg, datatype: float64}
# - {name: PA, unit: deg, datatype: float64}
# - {name: Sep, unit: arcsec, datatype: float64}
# - {name: Core Flux, datatype: float32}
# - {name: Halo Flux, datatype: float32}
# - {name: Bright Peak, datatype: float32}
# - {name: Bright BG, datatype: float64}
# - {name: Isolated, datatype: bool}
# meta: !!omap
# - __serialized_columns__:
#     Center:
#       __class__: astropy.coordinates.sky_coordinate.SkyCoord
#       dec: !astropy.table.SerializedColumn
#         __class__: astropy.coordinates.angles.core.Latitude
#         unit: &id001 !astropy.units.Unit {unit: deg}
#         value: !astropy.table.SerializedColumn {name: Center.dec}
#       frame: icrs
#       ra: !astropy.table.SerializedColumn
#         __class__: astropy.coordinates.angles.core.Longitude
#         unit: *id001
#         value: !astropy.table.SerializedColumn {name: Center.ra}
#         wrap_angle: &id002 !astropy.coordinates.Angle
#           unit: *id001
#           value: 360.0
#       representation_type: spherical
#     PA:
#       __class__: astropy.coordinates.angles.core.Angle
#       unit: *id001
#       value: !astropy.table.SerializedColumn {name: PA}
#     Peak:
#       __class__: astropy.coordinates.sky_coordinate.SkyCoord
#       dec: !astropy.table.SerializedColumn
#         __class__: astropy.coordinates.angles.core.Latitude
#         unit: *id001
#         value: !astropy.table.SerializedColumn {name: Peak.dec}
#       frame: icrs
#       ra: !astropy.table.SerializedColumn
#         __class__: astropy.coordinates.angles.core.Longitude
#         unit: *id001
#         value: !astropy.table.SerializedColumn {name: Peak.ra}
#         wrap_angle: *id002
#       representation_type: spherical
#     Sep:
#       __class__: astropy.coordinates.angles.core.Angle
#       unit: !astropy.units.Unit {unit: arcsec}
#       value: !astropy.table.SerializedColumn {name: Sep}
# schema: astropy-2.0
label Center.ra Center.dec Peak.ra Peak.dec PA Sep "Core Flux" "Halo Flux" "Bright Peak" "Bright BG" Isolated
[from data line 91]
PA356-R175 287.8782355246658 16.8654515559989 287.87824057061067 16.865450815775677 355.5867692698721 17.478152911453822 108.62573 278.2896 1.5098066 -0.06994264125823973 False
PA189-R176 287.8778622660725 16.855748795062137 287.87786268916267 16.855763314712057 188.64232736446033 17.63489875467805 38.46943 166.97006 0.8627907 -0.10410041213035583 True
PA198-R178 287.87700099780926 16.85592665296298 287.8769989112885 16.85592692074021 198.23955265921884 17.77261149543183 164.79324 196.16785 13.109959 -0.06684368252754211 False
PA207-R178 287.8762831658855 16.85619482097235 287.8762880912017 16.85620246940138 207.03168652386574 17.776624687504565 79.73072 183.9342 1.3832402 -0.08575076460838318 True
PA005-R178 287.87911386254063 16.865502641650203 287.87910439140757 16.865485260106876 5.2731820214216745 17.791628251783205 19.267609 367.85086 0.5642781 -0.049619317054748535 False
PA206-R180 287.87627742694144 16.856111194154373 287.8762790945873 16.85611635818793 206.20567409311846 18.035399255148473 133.10367 274.6546 1.4736996 -0.0905047059059143 False
PA209-R181 287.8760506434313 16.85621409391889 287.8760541509675 16.856219688819806 209.31848710364113 18.0942864263893 88.656815 240.22607 1.3940926 -0.08290095925331116 False
PA071-R183 287.8836641039973 16.86228038621975 287.88366636006134 16.862273255114243 70.76222382906155 18.263259839271008 29.234138 392.28802 0.6935109 0.054236125946044926 False
PA078-R183 287.8838440663938 16.86170676835837 287.88383730609445 16.861704917553894 77.5006301975835 18.313469628703977 46.179592 943.1931 0.9631332 0.11379095911979675 False
PA006-R185 287.87912480083844 16.865744952085983 287.87912238832735 16.86574359339742 5.522816344565724 18.49619153069004 99.770386 387.74835 1.5999274 -0.045945358276367185 False
PA198-R185 287.876969091417 16.855692260896564 287.8769719202331 16.855703031635947 198.21764260514252 18.532576222477886 48.466484 387.41083 1.2677028 -0.01996016502380371 False
PA355-R186 287.8781395909873 16.865708065481332 287.87814159046536 16.86570914888912 354.84618775684214 18.583461478019462 119.3651 490.73065 1.2142863 -0.05636882781982422 False
PA090-R187 287.88405050693507 16.860611524734935 287.88405322570924 16.86061130090283 89.82626085160686 18.66052194041143 23.442474 894.6879 0.41983438 -0.007133185863494873 False
PA180-R189 287.8785932086743 16.855367552678125 287.87860049830755 16.85536720508307 180.32687525063494 18.851977771279667 47.617813 244.97818 0.8629346 -3.29375267028808e-05 False
PA220-R189 287.8751136471833 16.856606801820178 287.8751273813729 16.856607175105026 219.93908421929567 18.89532389182703 65.60449 363.72552 0.9118972 -0.07921662926673889 True
PA271-R189 287.87315639647807 16.860652282310443 287.8731657629667 16.860654354559788 270.57477783709874 18.89944704233595 20.758041 596.3236 0.66518295 -0.06777240335941315 False
PA204-R191 287.8764225546727 16.85574360087438 287.8764320597216 16.855737470998363 203.9269727432652 19.0639206829023 47.906693 426.6311 1.637773 -0.036104506254196166 False
PA214-R197 287.8754368651371 16.856036195691626 287.8754423110501 16.856030235790897 213.9054444367864 19.671546227558665 31.060806 193.92952 0.348526 -0.12713181972503662 False
PA091-R197 287.88437238687254 16.860552677019193 287.8843681507154 16.860559625745594 90.59056816065005 19.732389527449907 30.23331 331.33197 0.58976173 0.014401388168334962 False
PA282-R198 287.8730370256355 16.861724907561 287.87304875834803 16.86173074030495 281.93430599348386 19.77660266704197 52.020912 442.40137 0.9350982 -0.04969191551208496 True
PA210-R198 287.87572207707456 16.85585996984885 287.87572124165246 16.855875239931112 210.39669118198722 19.800287386514533 94.04778 339.60297 1.809372 -0.09661638736724854 True
PA206-R200 287.87613403684423 16.855614779059238 287.87613513820895 16.855616912047154 205.68483552276567 19.978673207922732 104.87019 528.9833 1.5522437 0.05336859226226807 False
PA203-R200 287.87636228364863 16.855458044302882 287.8763690794525 16.855453303649284 202.93730669612367 19.99021584632001 31.150717 404.7022 0.5361855 -0.007432794570922849 False
PA354-R202 287.8780373281601 16.866156007618734 287.87803361127936 16.866156926371072 354.06762896573895 20.179401353034518 40.645996 417.7221 0.8390527 -0.012779903411865233 False
PA085-R202 287.88445637440117 16.86108824599404 287.88445814586134 16.86108490100646 84.82342868761081 20.18973416348814 92.23064 142.21082 1.6477332 0.017652058601379396 True
PA092-R204 287.8845461654209 16.86038768430244 287.88454810332894 16.860387398456673 92.03975169791194 20.351477178788194 35.933327 198.3075 0.43702185 -0.012319648265838617 False
PA194-R204 287.87720600424274 16.85512063465232 287.8772058640068 16.855126088960148 194.03330611890365 20.376799954788467 38.069016 250.47711 1.2625096 -0.015615224838256832 True
PA224-R205 287.87449180663964 16.8565083580099 287.87448854575183 16.85652105212023 224.2056099510396 20.5087223659346 15.89673 491.51874 0.63414156 -0.08687740564346313 True
PA202-R206 287.8763646703162 16.855294179650823 287.87636008377376 16.855289692440273 202.17207230451473 20.567497520193836 58.151215 474.00394 1.271107 -0.010215711593627929 False
PA077-R212 287.88462528508234 16.861907550011235 287.8846201343565 16.861902951932816 77.20003853917879 21.154082760191663 49.8996 167.76463 0.9534745 0.009646093845367434 False
PA205-R215 287.8759862486116 16.855192958827033 287.8759911815032 16.855194965806092 205.12327468049776 21.484081031420367 27.402525 407.57568 0.85056853 0.06510903835296632 False
PA091-R215 287.8849037281311 16.860493157341978 287.8848990247938 16.86049933256746 91.00559429601124 21.500348010281712 40.95249 229.83363 1.9771758 0.08913030624389648 False
PA212-R215 287.87532630171177 16.855508413421525 287.8753253502314 16.855513567280937 211.98613816905123 21.533937877682064 44.49641 362.50073 1.0189397 -0.009645819664001447 False
PA238-R217 287.8733107353242 16.857376972423808 287.8733008237938 16.85739074700518 237.60742355182862 21.670800472095003 9.22707 169.85625 0.06288248 -0.07529832124710083 False
PA076-R219 287.8848075487694 16.86208876782498 287.8848090977658 16.862092390819846 75.56131087204639 21.92819127615792 95.744415 426.55444 1.1610179 0.044235557317733765 False
PA077-R219 287.8847939541865 16.86199078359401 287.8847910984617 16.861989058023795 76.80858360911147 21.930559750761834 86.228546 351.00595 1.1467588 0.027972716093063354 False
PA271-R220 287.87226736357263 16.86070602353672 287.87227496872555 16.860705995655923 270.8866412346092 21.951598185904267 26.227066 131.58589 0.6373348 -0.041471487283706664 True
PA177-R222 287.8789272484486 16.854440716528483 287.87892441243804 16.854445816019847 177.2899997741525 22.197495029652874 59.693596 148.39209 3.5127556 -0.03608781099319458 True
PA271-R224 287.87218193619435 16.860754323068054 287.87218498818936 16.86074904841458 271.25527958361334 22.353403767252228 156.50159 187.43158 15.67021 -0.03134626746177673 False
PA185-R225 287.8780848759805 16.85433109017939 287.87808763513885 16.85434248212254 184.7717396256097 22.46754064730811 10.360739 104.55879 0.16432005 -0.0403322696685791 False
PA204-R225 287.8759034039926 16.854912861133887 287.87591020669146 16.85491940919655 204.4649080794199 22.514026956724873 26.640957 352.7879 0.599185 0.05296146869659424 False
PA083-R226 287.885129382398 16.861363218618838 287.8851240020144 16.861369047846534 83.07804039502408 22.558559452841962 36.81611 338.08633 0.7349001 0.03657590746879578 False
PA177-R232 287.8790218664173 16.85416121145022 287.87902338558234 16.8541702603102 176.69351501381556 23.199289667441274 53.57988 418.68304 1.1586573 0.057664239406585695 True
PA230-R234 287.87341894905154 16.856451196049797 287.8734178204816 16.856452138896955 230.26700165995553 23.404535779506947 36.52131 186.72653 0.58601654 -0.0783232033252716 False
PA204-R234 287.8758318905328 16.85464334723531 287.8758382297338 16.854643852678063 204.38749406544923 23.4225029159944 74.44269 274.42914 1.2379494 0.025314247608184817 False
PA238-R234 287.87284711096254 16.857169075054774 287.8728779359087 16.857184068959032 238.32058359631765 23.44092972237505 10.966298 120.51245 0.17022824 -0.0578835129737854 False
PA219-R235 287.8743408347763 16.855521547760926 287.8743356074984 16.855522160104144 219.0242389999707 23.503653024129004 19.123512 520.24243 0.4991256 -0.044452667236328125 False
PA279-R237 287.8718156111098 16.86157154281353 287.8718520355584 16.861584315497797 278.5842547127372 23.71464173580181 9.642185 186.63515 0.1708237 -0.05548750162124634 False
PA220-R249 287.8740340814158 16.855272117604347 287.8740296929513 16.85528104238334 219.52377272389026 24.90338017126823 25.184273 246.5849 0.43846262 -0.047271013259887695 False
PA247-R249 287.8719679299311 16.857907036779093 287.8719691387391 16.857907374897255 247.2517830698292 24.92300151970066 95.93486 380.1681 2.9099622 -0.04539967179298401 False
PA249-R252 287.8718623784048 16.85802450196134 287.87185216397336 16.858010704413683 248.57806544097872 25.181903328362115 83.85398 278.52832 3.971934 -0.040871864557266234 True
PA093-R256 287.8860558139901 16.860224477501852 287.886050744769 16.860223738908427 92.97826595434081 25.64016418476542 25.858105 297.73178 0.46327627 0.05565425157546997 False
PA167-R257 287.880382802592 16.853645135345808 287.8803820176823 16.853644975583517 166.59560512998968 25.742931287646034 56.55464 1068.3577 1.1232533 0.11353194713592529 True
PA348-R258 287.87714131252636 16.867624514741106 287.87714278127385 16.86761219956661 348.4534810994319 25.845394573831438 14.771559 141.57791 0.2541324 -0.02992725372314453 True
PA086-R259 287.88613667237416 16.861028873016004 287.88613175743296 16.86102456931384 86.35876212116817 25.946337569164978 30.026186 372.35764 0.50984585 0.07275679111480712 False
PA094-R261 287.88618391477377 16.860109914436453 287.88617671033535 16.860103178796304 93.74912282892667 26.123691752755125 33.024048 264.08542 0.782393 0.061947524547576904 False
PA348-R264 287.8769611080208 16.867807146986994 287.8769988080088 16.8677844206874 348.02079036082057 26.44627224177772 490.7257 179.8812 150.57224 -0.030765137076377867 False
PA221-R266 287.87359022401665 16.855008232039552 287.8735888153229 16.855014087615423 220.8666898312242 26.591569110038247 46.953022 283.67236 0.9128163 -0.04395395517349243 False
PA249-R267 287.87137732071517 16.858043651258455 287.87137528040523 16.858045132614418 249.45697867809605 26.708259258784533 99.846375 561.66296 9.423462 -0.028647625446319578 False
PA343-R268 287.8762953499313 16.867702020549437 287.876296945979 16.867706913893734 342.69923396465583 26.78417697853889 36.941994 319.5108 0.62114596 -0.011863380670547485 True
PA084-R268 287.88641225715634 16.861290454377954 287.8864017063864 16.861300114899983 84.48889595715141 26.800160136614075 58.710213 377.15167 2.8772924 0.13832906484603882 False
PA241-R269 287.87185447753524 16.856976087084288 287.8718522011045 16.856977371090704 240.75203377829365 26.867638937114105 9.079299 197.49646 0.066400886 -0.062188458442687986 True
PA088-R273 287.88652255131376 16.860881225646857 287.8865186619652 16.860878166030883 87.75649694421752 27.30449147133537 19.367733 237.54498 0.45382202 0.08047387599945069 False
PA194-R274 287.876763859406 16.85317960633986 287.8767649990402 16.853171363219285 193.66338280665852 27.41446161811034 22.972301 234.55917 0.40050954 -0.02473366856575012 False
PA085-R274 287.8865540985956 16.861208424026962 287.88655466731353 16.861205386873994 85.3436239582365 27.431474278643382 42.34865 400.47733 0.7317965 0.16530834436416625 False
PA244-R275 287.8715035846473 16.857202043420124 287.8715012812128 16.857201248132167 243.58882284408608 27.46617378120109 20.57616 204.63257 0.4851905 -0.06550304889678955 False
PA162-R275 287.88112286669406 16.853340495992164 287.88111981452045 16.853343579176716 162.02841766461154 27.47934469729965 56.098152 2145.633 1.2314101 0.1926935315132141 True
PA220-R284 287.8733752982141 16.85449974330413 287.87338188408836 16.854497415784433 219.5602978605077 28.418568173668028 23.920631 286.37787 0.4614463 -0.0423578917980194 False
PA224-R286 287.87287741158445 16.854849961655482 287.8728870044661 16.854859069237197 223.80487115920315 28.596845517870875 23.172955 210.69966 0.41936588 -0.0331399917602539 False
PA243-R287 287.8712196754065 16.857042944611273 287.8712223573698 16.857046238293307 243.04411802210387 28.707404855577785 17.696667 134.45688 0.8380063 -0.039156317710876465 False
PA190-R293 287.87708104419954 16.852604152884822 287.8770799178547 16.852611643635143 190.4969656328342 29.288811227632436 24.392014 225.38242 0.69795394 -0.022857844829559326 False
PA089-R308 287.88757411455856 16.860802015846975 287.8875714143143 16.860800623191796 88.54510177171716 30.800473748320062 10.402746 267.69867 0.39101768 0.04694008827209473 False
PA156-R329 287.8824534225182 16.852238924321064 287.88245143064336 16.852241336727225 156.4496533289238 32.85070143007623 57.886787 589.68445 0.9485841 0.22494022846221925 False
PA157-R331 287.88244863020617 16.852153802596472 287.88244243141025 16.852155225783793 157.0440439800927 33.097725031700975 73.95694 618.66797 1.909635 0.25440465211868285 False
PA156-R336 287.8826383809062 16.852058889083693 287.8826493720772 16.852069110766127 155.77751731657355 33.608446223283444 171.77568 1722.3949 8.507985 0.39986735582351685 False
PA164-R337 287.88140700575104 16.851628963922526 287.88140771128116 16.851629964451416 163.5135339419548 33.66570924297562 17.885712 256.65033 0.45542514 0.12373666763305664 False
PA158-R351 287.88244165174234 16.85152749864835 287.88244241878556 16.8515266146888 158.0380970621678 35.096394021369534 22.650822 2585.9268 1.1222627 0.47907843589782717 False
