m1-67/data/reproject/combo-AA-neutral-knot-peak-stats.ecsv
# %ECSV 1.0
# ---
# datatype:
# - {name: label, datatype: string}
# - {name: Peak Center.ra, unit: deg, datatype: float64}
# - {name: Peak Center.dec, unit: deg, datatype: float64}
# - {name: r_eff, unit: arcsec, datatype: float64}
# - {name: r_rms, unit: arcsec, datatype: float64}
# - {name: Bright Peak, datatype: float32}
# - {name: Core flux, datatype: float32}
# - {name: Bright BG, datatype: float32}
# - {name: MAD BG, datatype: float32}
# - {name: Fill fraction, datatype: float64}
# - {name: NaN fraction, datatype: float64}
# meta: !!omap
# - __serialized_columns__:
#     Peak Center:
#       __class__: astropy.coordinates.sky_coordinate.SkyCoord
#       dec: !astropy.table.SerializedColumn
#         __class__: astropy.coordinates.angles.core.Latitude
#         unit: &id001 !astropy.units.Unit {unit: deg}
#         value: !astropy.table.SerializedColumn {name: Peak Center.dec}
#       frame: icrs
#       ra: !astropy.table.SerializedColumn
#         __class__: astropy.coordinates.angles.core.Longitude
#         unit: *id001
#         value: !astropy.table.SerializedColumn {name: Peak Center.ra}
#         wrap_angle: !astropy.coordinates.Angle
#           unit: *id001
#           value: 360.0
#       representation_type: spherical
#     r_eff:
#       __class__: astropy.units.quantity.Quantity
#       unit: !astropy.units.Unit {unit: arcsec}
#       value: !astropy.table.SerializedColumn {name: r_eff}
#     r_rms:
#       __class__: astropy.units.quantity.Quantity
#       unit: !astropy.units.Unit {unit: arcsec}
#       value: !astropy.table.SerializedColumn {name: r_rms}
# schema: astropy-2.0
label "Peak Center.ra" "Peak Center.dec" r_eff r_rms "Bright Peak" "Core flux" "Bright BG" "MAD BG" "Fill fraction" "NaN fraction"
[from data line 101]
PA198-R185 287.8769719202331 16.855703031635947 0.07861981335257369 0.11125425105577096 1.1679018 23.599174 0.099801004 0.062630475 0.15192836388609463 0.0
PA355-R186 287.87814159046536 16.86570914888912 0.09766735529079712 0.13834064867252932 0.79381603 24.75399 0.4204703 0.16611832 0.23804224902436932 0.0
PA090-R187 287.88405322570924 16.86061130090283 0.08968542062657575 0.10877658889974333 0.33415782 8.786619 0.08567655 0.03196013 0.20072380823033456 0.0
PA180-R189 287.87860049830755 16.85536720508307 0.09782474093235238 0.1171809240174882 0.7161565 22.404324 0.1467781 0.107923985 0.24064705188457783 0.0
PA220-R189 287.8751273813729 16.856607175105026 0.10211272052984806 0.10920150783936096 0.6996149 23.84763 0.2122823 0.1742394 0.26220612159142126 0.007633587786259542
PA271-R189 287.8731657629667 16.860654354559788 0.07424551107360695 0.09244403083175769 0.6680356 12.038338 -0.002852708 0.03135389 0.1365189552307129 0.0
PA204-R191 287.8763960688363 16.85575469283148 0.07054344434543189 0.09220208330321417 0.6744342 10.971838 0.1762073 0.07068801 0.1367076585272781 0.0916030534351145
PA214-R197 287.8754423110501 16.856030235790897 0.0729276249790904 0.12793897446381286 0.33053488 5.7468243 0.017991126 0.059214354 0.13171544219508316 0.0
PA091-R197 287.8843681507154 16.860559625745594 0.10858997857756464 0.11014225601161651 0.48679215 18.765041 0.10296959 0.048252285 0.3108739237631521 0.0
PA282-R198 287.87304875834803 16.86173074030495 0.09836639547973465 0.11069066281203206 0.8124603 25.69935 0.12263787 0.13942552 0.2703548333583734 0.10687022900763359
PA210-R198 287.87572124165246 16.855875239931112 0.10321402142746437 0.120552544011755 1.5522721 54.059464 0.25709987 0.2263124 0.2678924853985126 0.0
PA206-R200 287.87613513820895 16.855616912047154 0.10931256979460974 0.12587178412950903 0.9971925 38.95343 0.5550512 0.16333914 0.2959325674808387 0.0
PA203-R200 287.8763690794525 16.855453303649284 0.08651705381397977 0.110726112343839 0.43169165 10.563396 0.10449386 0.07059741 0.18537706317323627 0.0
PA354-R202 287.87803361127936 16.866156926371072 0.0811923901401564 0.09884166808292962 0.40797043 8.791963 0.199525 0.052691936 0.16705805756324946 0.0
PA085-R202 287.88445814586134 16.86108490100646 0.09276663475981088 0.13580747143107597 1.1558334 32.516613 0.49189985 0.11613357 0.21475277966215411 0.0
PA092-R204 287.88454810332894 16.860387398456673 0.11032488469983376 0.1232832946346062 0.26571918 10.572954 0.17130268 0.06845009 0.3037401155661081 0.0
PA194-R204 287.8772058640068 16.855126088960148 0.07933642925535876 0.09170935537530851 1.1689684 24.053295 0.093541205 0.053574443 0.15828087146465594 0.0
PA224-R205 287.87448854575183 16.85652105212023 0.05508530895960066 0.0661583928974632 0.6543338 6.4907875 -0.020192206 0.03885895 0.07514916044293028 0.0
PA202-R206 287.87636008377376 16.855289692440273 0.07088819684094487 0.1229217869171696 1.02212 16.790987 0.24898696 0.12879491 0.1273458022479863 0.0
PA077-R212 287.8846201343565 16.861902951932816 0.10771250476262025 0.12107039624897735 0.73915386 28.03455 0.21432066 0.09249419 0.2895259129182073 0.0
PA205-R215 287.8759911815032 16.855194965806092 0.0711125527015167 0.09943087051636937 0.6801039 11.243313 0.17046463 0.054828405 0.12716736426720252 0.0
PA091-R215 287.8848990247938 16.86049933256746 0.08508205532394995 0.10306281378314718 0.51673996 12.228537 0.24097705 0.06860894 0.18203675196721003 0.0
PA212-R215 287.8753253502314 16.855513567280937 0.06709231688948966 0.13210916563269542 0.8223988 12.101927 0.19654095 0.08024609 0.11233129574142339 0.0
PA238-R217 287.8733008237938 16.85739074700518 0.0920248139280293 0.11932675575209588 0.09364188 2.5924268 -0.030896187 0.030565232 0.21628500521183014 0.0
PA076-R219 287.8848090977658 16.862092390819846 0.0879832625197458 0.13861700516218667 0.6629674 16.777172 0.43341523 0.18984956 0.1931769538471717 0.0
PA077-R219 287.8847910984617 16.861989058023795 0.09750022531930501 0.1380663194388173 0.5926497 18.417717 0.5541091 0.1740464 0.23722826251546844 0.0
PA271-R220 287.87227496872555 16.860705995655923 0.08038065639107816 0.10605987543146204 0.5761813 12.169949 0.06115356 0.039041966 0.15645729347511575 0.0
PA177-R222 287.87893341002047 16.854428593785478 0.06178665811274374 0.13226153115574096 0.7329191 9.146858 0.15669191 0.044223428 0.11142890793936593 0.15151515151515152
PA271-R224 287.87214899625934 16.860757658395997 0.0773902570222712 0.12759534894656047 0.92703915 18.150858 0.12594652 0.05815637 0.21515808524666252 0.3
PA185-R225 287.87808763513885 16.85434248212254 0.0364126821073293 0.14294290550421934 0.10516119 0.45581365 0.014159143 0.027188212 0.03283657810904763 0.0
PA204-R225 287.87591020669146 16.85491940919655 0.06642349369087422 0.12283619317630758 0.45656842 6.5853033 0.14261657 0.059148192 0.11010286462215976 0.0
PA083-R226 287.8851240020144 16.861369047846534 0.10316397621477431 0.11708386566198553 0.54686093 19.026527 0.18803918 0.049469233 0.2676327632023738 0.0
PA177-R232 287.87902338558234 16.8541702603102 0.0843300579715316 0.10395406386583307 0.89969474 20.916378 0.25896257 0.11900285 0.17612351793231387 0.0
PA230-R234 287.8734178204816 16.856452138896955 0.1148081649322877 0.11372648374983454 0.5865268 25.273182 -0.00051027536 0.033969223 0.33402757866438043 0.0
PA204-R234 287.87582923211573 16.85464385255553 0.08416914622030378 0.13292165234935674 0.8686555 20.117773 0.24167794 0.11080736 0.19794588007478633 0.10687022900763359
PA238-R234 287.8728779359087 16.857184068959032 0.0856765225050262 0.10311033231088852 0.17057277 4.0931706 -0.00034452975 0.031610504 0.18458941533015324 0.0
PA219-R235 287.8743356074984 16.855522160104144 0.0928796814104014 0.11184062815422409 0.5074043 14.309422 -0.0082787275 0.03622526 0.2169324728158804 0.0
PA279-R237 287.8718520355584 16.861584315497797 0.06325168790093798 0.08585852415143429 0.16998829 2.2232573 0.0008354038 0.019471258 0.09983881739259676 0.0
PA220-R249 287.8740296929513 16.85528104238334 0.09369069302062755 0.0976593656213691 0.377594 10.835388 0.06086862 0.038674116 0.2190524385175632 0.0
PA247-R249 287.87194214358726 16.85795904068873 0.0511424829034321 0.14636859612007583 1.106816 9.463799 0.17364693 0.12744832 0.17100944519042968 0.6183206106870229
PA249-R252 287.87186116144255 16.858019315820613 0.060881023675218075 0.10452920281012418 1.7729559 21.482672 0.1872018 0.088000715 0.1835889093803637 0.5
PA093-R256 287.886050744769 16.860223738908427 0.0605012620222663 0.08988625415579675 0.20356503 2.4358947 0.25971124 0.05235979 0.08734434364485914 0.0
PA167-R257 287.8803820176823 16.853644975583517 0.07652845193340467 0.10962813106229062 0.68012476 13.021498 0.4431286 0.15730056 0.14727498568021336 0.0
PA348-R258 287.87714278127385 16.86761219956661 0.10975615093936836 0.12048304957085781 0.22167188 8.7296095 0.03246051 0.019517362 0.29609602734558566 0.0
PA086-R259 287.88613175743296 16.86102456931384 0.08022478317458638 0.15012224956014425 0.23186702 4.878458 0.2562496 0.051835477 0.1593931516011556 0.0
PA094-R261 287.88617671033535 16.860103178796304 0.0845937546739102 0.12655912385405013 0.4908871 11.483776 0.29150587 0.049528837 0.17589417077544936 0.0
PA348-R264 287.87703480046923 16.867844698748296 0.08052946846173221 0.13850743895077414 0.6605166 14.002961 0.11060035 0.042830437 0.20384628956134504 0.2
PA221-R266 287.8735888153229 16.855014087615423 0.05350845571365297 0.11349925992332575 0.68383336 6.400614 0.22898293 0.071475506 0.17018004330721767 0.5833333333333334
PA249-R267 287.87140227407457 16.858036522452245 0.08780255768053115 0.1020413834023064 0.4944709 12.4618225 0.13727206 0.044022202 0.24468288606810337 0.22556390977443608
PA343-R268 287.876296945979 16.867706913893734 0.06518068055842373 0.15408994378825513 0.44719172 6.21095 0.17395425 0.074418366 0.1028798915721752 0.0
PA084-R268 287.88640170815285 16.861343170455147 0.026968261360006945 0.1344459754433857 1.0328813 2.4557424 0.46483898 0.123787284 0.2971956133842468 0.9375
PA241-R269 287.8718522011045 16.856977371090704 0.06521799891333423 0.1126952806830341 0.07200509 1.0012088 -0.0056042075 0.02762714 0.10695918156550481 0.0
PA088-R273 287.8865186619652 16.860878166030883 0.10107430860586197 0.12927276680161462 0.23498231 7.8477144 0.18216187 0.052003026 0.2569003471961388 0.0
PA194-R274 287.8767649990402 16.853171363219285 0.119917445549136 0.12020082356998783 0.34840393 16.378506 0.052105606 0.036798954 0.3588557643744782 0.0
PA085-R274 287.88655466731353 16.861205386873994 0.10584788897028923 0.1242065148653017 0.40135336 14.700015 0.33044314 0.08144826 0.2795886847809071 0.0
PA244-R275 287.8715012812128 16.857201248132167 0.0780734655678399 0.10645683972377261 0.4669212 9.304156 0.0182693 0.02691549 0.15328160799466647 0.0
PA162-R275 287.88111981452045 16.853343579176716 0.09608644930540651 0.12110284340434428 0.6626121 19.999084 0.34804463 0.057333708 0.28207655933415776 0.17692307692307693
PA220-R284 287.87338188408836 16.854497415784433 0.0663124110481301 0.10487219735208671 0.40046015 5.7567244 0.06098613 0.04191047 0.10890358867067279 0.0
PA224-R286 287.8728870044661 16.854859069237197 0.08281158808852161 0.13631950463379391 0.37993467 8.517608 0.039431214 0.040480077 0.1724508578960712 0.0
PA243-R287 287.8712223573698 16.857046238293307 0.0508646485963796 0.1516625472927906 0.78921497 6.6750407 0.04879138 0.03133729 0.06456353282200471 0.0
PA190-R293 287.8770799178547 16.852611643635143 0.07312105007551102 0.10547569274456067 0.62245154 10.879699 0.075502425 0.04236135 0.13141946147259018 0.0
PA089-R308 287.8875714143143 16.860800623191796 0.06467134817880578 0.10346284178390183 0.30233592 4.1337104 0.08868176 0.019464076 0.10358011361324426 0.0
PA156-R329 287.88245143064336 16.852241336727225 0.08800806036465081 0.0855839644856513 0.38343376 9.7087145 0.5651503 0.08923018 0.19781599938869476 0.0
PA157-R331 287.88244243141025 16.852155225783793 0.06993245499726826 0.16124702306788893 0.31280226 5.000966 0.56289095 0.11901301 0.122042961703002 0.0
PA156-R336 287.88264937189484 16.85206049965522 0.04050603258906208 0.15838360077800528 5.380254 28.858162 2.2296066 1.0908993 0.2681858777999878 0.849624060150376
PA164-R337 287.88140771128116 16.851629964451416 0.03755105990128379 nan 0.21668607 0.9988537 0.23873907 0.03310269 0.035188405568363106 0.0
PA158-R351 287.88244241878556 16.8515266146888 0.08682534833900678 0.13589104592451348 0.6173746 15.214872 0.5048881 0.077037275 0.22202228855442357 0.13953488372093023
