m1-67/data/reproject/combo-AA-neutral-knot-peak-stats.ecsv
# %ECSV 1.0
# ---
# datatype:
# - {name: label, datatype: string}
# - {name: Peak Center.ra, unit: deg, datatype: float64}
# - {name: Peak Center.dec, unit: deg, datatype: float64}
# - {name: r_eff, unit: arcsec, datatype: float64}
# - {name: r_rms, unit: arcsec, datatype: float64}
# - {name: Bright Peak, datatype: float32}
# - {name: Core flux, datatype: float32}
# - {name: Bright BG, datatype: float32}
# - {name: MAD BG, datatype: float32}
# - {name: Fill fraction, datatype: float64}
# - {name: NaN fraction, datatype: float64}
# meta: !!omap
# - __serialized_columns__:
#     Peak Center:
#       __class__: astropy.coordinates.sky_coordinate.SkyCoord
#       dec: !astropy.table.SerializedColumn
#         __class__: astropy.coordinates.angles.core.Latitude
#         unit: &id001 !astropy.units.Unit {unit: deg}
#         value: !astropy.table.SerializedColumn {name: Peak Center.dec}
#       frame: icrs
#       ra: !astropy.table.SerializedColumn
#         __class__: astropy.coordinates.angles.core.Longitude
#         unit: *id001
#         value: !astropy.table.SerializedColumn {name: Peak Center.ra}
#         wrap_angle: !astropy.coordinates.Angle
#           unit: *id001
#           value: 360.0
#       representation_type: spherical
#     r_eff:
#       __class__: astropy.units.quantity.Quantity
#       unit: !astropy.units.Unit {unit: arcsec}
#       value: !astropy.table.SerializedColumn {name: r_eff}
#     r_rms:
#       __class__: astropy.units.quantity.Quantity
#       unit: !astropy.units.Unit {unit: arcsec}
#       value: !astropy.table.SerializedColumn {name: r_rms}
# schema: astropy-2.0
label "Peak Center.ra" "Peak Center.dec" r_eff r_rms "Bright Peak" "Core flux" "Bright BG" "MAD BG" "Fill fraction" "NaN fraction"
PA296-R030 287.87791665520615 16.86094720378658 nan 0.12017961226445117 1.3959484 -18.235273 0.0849638 0.55756843 -0.19497014515435518 0.4846153846153846
PA067-R032 287.8794732949572 16.860929981191145 0.06177645649559365 0.1116799597169907 1.7981752 22.433884 -0.35940397 0.086422324 0.4302040297409584 0.7769230769230769
PA031-R033 287.8790863856601 16.861420815713494 nan 0.1739285343309138 1.039628 -22.5986 0.65589046 0.591629 -1.2786586985868567 0.8712121212121212
PA072-R035 287.8796532531646 16.860904147057653 0.04759615261738227 0.07119781152924577 0.8477862 6.278509 -0.45390487 0.1648022 0.21781674553366268 0.7404580152671756
PA017-R038 287.8789424189349 16.861627482637417 0.029550373574182134 0.08525517170150819 1.2875184 3.6754107 -0.64988744 0.1070047 0.15859150886535645 0.8582677165354331
PA058-R044 287.8796802488922 16.861265813590677 0.0014948572849918056 2.2594231988952966 0.16607487 0.0012131929 -0.11625469 0.09263146 0.00048700642461578053 0.8828125
PA338-R045 287.87812360492086 16.861816926635605 0.04602098753951256 0.1673920765148048 2.8535175 19.756905 0.47028542 0.5181174 0.629427433013916 0.9172932330827067
PA050-R049 287.8797342378306 16.861498313312882 0.03698309881281581 0.09477334331568876 0.6984427 3.1229417 0.24856424 0.13106179 0.19440402155337128 0.8244274809160306
PA028-R054 287.87937432178484 16.861946092675158 0.06192395281197752 0.09130453267282754 0.87597543 10.9808445 -0.05332476 0.051885784 0.20218649218159337 0.515625
PA262-R064 287.8768099168856 16.86037025246746 0.08571192335054774 0.10228096603389612 1.5160192 36.409412 -0.07796657 0.072636366 0.18910597253033495 0.023076923076923078
PA192-R066 287.8782495826831 16.85879442691653 0.06544094057865726 0.11796370100281334 1.0424843 14.594696 -0.026584387 0.06711829 0.10937437415122986 0.022900763358778626
PA202-R068 287.8779076654547 16.858854703755362 0.10189931628671707 0.13051839977353175 1.9144056 64.98348 0.023519278 0.06687975 0.4041008268083845 0.35384615384615387
PA251-R068 287.87676493137286 16.859974140951607 0.0905870644219851 0.1059599773767857 0.92206824 24.735569 -0.015107274 0.073920965 0.20795489466467568 0.007692307692307693
PA185-R071 287.8784385369712 16.8586480383037 0.10090027420796464 0.11585973592517669 1.518288 50.531864 -0.06944358 0.08016586 0.26840431459488406 0.06060606060606061
PA177-R075 287.8787804536136 16.85852748280789 0.07043632246181747 0.08577055907773815 0.5432582 8.811019 -0.056324005 0.036846638 0.12380795078423187 0.0
PA042-R077 287.88013015265454 16.86216997751095 0.04893662100630419 0.1380973959526728 2.4600613 19.259295 0.89363265 0.86398983 0.41204138805991725 0.8571428571428571
PA330-R077 287.87749374387613 16.8624541463036 0.10984192627041266 0.12222864079794206 1.1207364 44.204475 0.11117101 0.056998134 0.29655901112950833 0.0
PA039-R083 287.88021113643777 16.86241108802337 0.05587504348457111 0.13309415794887308 2.9359195 29.964455 0.77862144 0.48428214 0.1570177958561824 0.5112781954887218
PA179-R085 287.8786634821488 16.858243316185 0.11343987681934488 0.13376123100261125 0.8907871 37.47416 0.12185192 0.087530434 0.3931644118834879 0.183206106870229
PA219-R092 287.87692690511955 16.85864803125382 0.060709244857510516 0.14204553165835773 3.7880754 45.64096 -0.0042425394 0.11823976 0.18825918436050415 0.5076923076923077
PA095-R093 287.8813448537519 16.860370242978743 0.09317874671511177 0.11654910299490245 0.8648672 24.547634 0.11330107 0.07035419 0.21666507866546397 0.0
PA330-R093 287.8772687913094 16.862841644925137 0.06402227214977273 0.15295417639133707 0.6946415 9.30785 0.10279024 0.08439398 0.2350789789567914 0.5777777777777777
PA356-R098 287.8784745239384 16.863366927222604 0.06714291202049939 0.12340298088070499 0.7768321 11.448643 0.20390272 0.18116593 0.11250078041134899 0.0
PA253-R098 287.87593712988627 16.859784687306036 0.04869827785967757 nan 0.5110115 3.9617252 -0.07286596 0.029865503 0.06056806817650795 0.0
PA005-R101 287.87889743152374 16.86338414936184 0.10926842020063152 0.121864397674582 1.1051939 43.137432 -0.10518545 0.039010525 0.3002427027775691 0.0
PA357-R101 287.8785285121325 16.863375538371383 0.10906342745607617 0.14201037115794243 0.6122525 23.807583 0.21991014 0.17659485 0.30143595850744914 0.0
PA096-R102 287.8815877958597 16.86030996188106 0.08116078707063222 0.11346652896042925 0.6406461 13.795491 0.28927004 0.09735811 0.18404885642548913 0.09302325581395349
PA207-R102 287.8772868214257 16.858096922826235 0.10071606250269306 0.10248953345244334 0.7824179 25.945541 -0.022339225 0.059137702 0.2493287280089873 0.0
PA203-R102 287.8774667780403 16.857941923932504 0.11492386848411346 0.12480574620213727 1.2068528 52.10762 0.035518527 0.08460212 0.3270943381569602 0.0
PA359-R104 287.87860049637715 16.8634788717327 0.10941928263923628 0.12428389913085827 0.5246719 20.535347 0.16170108 0.17362535 0.29877407860209926 0.0
PA290-R104 287.8758201306454 16.86159301906915 0.09460904388504889 0.09818799269698483 0.5941353 17.385098 -0.015614986 0.045938343 0.22508597740760217 0.0
PA193-R105 287.8779706541185 16.857752481750516 0.08230871679533439 0.10554647124551425 1.0510516 23.277813 0.03432274 0.069508076 0.16906233052261002 0.0
PA043-R107 287.8807330243859 16.86283302784835 nan 0.4682850529083464 1.0439696 -0.33052135 0.7852955 0.5758767 -0.004221340417861938 0.4318181818181818
PA062-R108 287.8814078623894 16.86197190881001 0.07973010057932792 0.12738990385834575 0.3406337 7.078785 -0.02813834 0.031998843 0.15863529234442092 0.0
PA227-R110 287.87632405342146 16.85852746979949 0.09718055189349599 0.10078442873511233 0.7899265 24.38776 -0.011721134 0.060986757 0.23388979651711203 0.0
PA203-R110 287.87738579915515 16.857778312343562 0.08144185395082515 0.1169256109671934 1.42521 30.903002 0.15989041 0.1321392 0.17486387683499244 0.023622047244094488
PA044-R110 287.880867993997 16.862789970883615 0.051409292131900486 0.1185195211383048 1.0067929 8.69861 0.36144412 0.23351407 0.1878243529278299 0.6541353383458647
PA039-R111 287.88067903846945 16.863031083942456 0.09895555817356906 0.10991360702303206 1.0617955 33.98973 0.46131778 0.25992107 0.38568147406520614 0.3851851851851852
PA197-R112 287.8777007217404 16.857631925136463 0.0951776186075802 0.11329525817626418 0.9920908 29.379715 -0.03296745 0.057778418 0.22606059067121897 0.0
PA084-R112 287.88186674109 16.860938568826732 0.10891809863692065 0.1192444836466129 1.0421851 40.417686 0.28621632 0.05870068 0.2960433377564408 0.0
PA170-R113 287.8792393384241 16.857528593111077 0.08036555711324496 0.09503856379916042 0.7805952 16.48133 -0.011867881 0.050860167 0.15995303067294034 0.0
PA188-R114 287.8781506102504 16.857442482261206 0.08493155444919238 0.1459220775968491 1.0131466 23.891144 0.18310595 0.19675857 0.17730173670259633 0.022058823529411766
PA113-R116 287.8817047526538 16.859336904626616 0.06827429271183078 0.13219072770568666 1.1433275 17.422543 0.0373376 0.061382413 0.18141016506013416 0.3225806451612903
PA083-R117 287.882028704532 16.86099023290217 0.0802415813286279 0.10249031253072452 0.47265887 9.948858 0.25486684 0.10222614 0.15945990880330405 0.0
PA183-R119 287.87847452942833 16.857296093895137 0.10238337229228237 0.1197756399451109 0.7540442 25.839382 0.08933556 0.070195794 0.2576521106232378 0.0
PA205-R119 287.8772058453185 16.85758025561211 0.00540675778873128 nan 0.7805005 0.074588776 0.120649755 0.060546994 0.0007295062523761779 0.0
PA055-R120 287.8814618582723 16.862514408079296 0.0916715481634533 0.12441604459605386 0.4982779 13.688859 0.020958662 0.06768572 0.2180344263712565 0.045454545454545456
PA090-R121 287.882136672099 16.86058550888268 0.10583358396224293 0.11182138074604507 0.82977664 30.383282 0.16190803 0.12159765 0.27739559520374646 0.0
PA209-R122 287.8769179164388 16.85764914229215 0.10132402953546693 0.12609175221924537 1.563818 52.48529 0.055602968 0.08774668 0.2684981994628906 0.038461538461538464
PA167-R122 287.87941029500956 16.8573391481047 0.11661646054526054 0.13383838927274772 0.7527808 33.466843 0.19388616 0.118566394 0.34198168241060695 0.0
PA092-R123 287.88221765157937 16.860499396386178 0.11206654463386975 0.11404948591718533 0.73884785 30.334263 0.30500615 0.083675206 0.3207513391971588 0.030303030303030304
PA034-R126 287.8806520493532 16.86349608420539 0.11788765745220008 0.12374028148599595 1.0716574 48.687687 0.09926486 0.07510519 0.352187104927477 0.0
PA050-R126 287.8814078750978 16.862841631030346 0.10067735191187162 0.12874476906746243 0.33364832 11.055515 0.108008265 0.05625999 0.25686228552529977 0.022727272727272728
PA180-R130 287.8786634820283 16.856977482855193 0.09940128853848472 0.12292561930345658 1.0528761 34.008526 0.612882 0.3289597 0.24656942236514492 0.0
PA167-R131 287.8794822757607 16.85706359227093 0.09969292820431887 0.13496597901872978 1.6203785 52.64676 0.5978141 0.40182304 0.24613946856874408 0.0
PA174-R133 287.87905038428886 16.85693442690356 0.11969130608098259 0.12106786117087902 0.44248152 20.722723 0.08171463 0.056302905 0.3602536128117488 0.0
PA060-R134 287.8820017376778 16.862505788895128 0.12230279044544333 0.11450898294702451 0.7452365 36.441257 0.2457782 0.057828605 0.3790613514508388 0.0
PA090-R137 287.88258656660156 16.860559667449838 0.06109396438759211 0.12405745751668865 0.47573233 5.80478 0.14818263 0.05135864 0.0938598266014686 0.0
PA085-R138 287.88263156318044 16.86089549991847 0.11647117355318058 0.12243860372234466 0.6592747 29.236797 0.3022133 0.07586074 0.34377451460490854 0.0
PA033-R138 287.8808410115804 16.86378886005846 0.06866799554314541 0.10778274269938005 0.6098751 9.401045 0.10342324 0.18742245 0.11677807027643378 0.0
PA036-R139 287.88098497958083 16.863719969588047 0.09295668612587762 0.11119515273591386 0.8595549 24.280708 0.13774097 0.13368845 0.21563361073268278 0.0
PA054-R139 287.8819297606215 16.86290190116306 0.0889737101304297 0.11791708673793551 0.23103994 5.9791155 0.12471384 0.06046307 0.19755070810099595 0.0
PA209-R141 287.87671097269185 16.857184140458372 0.10694185548872381 0.10870720675188443 0.8311025 31.072521 0.18626797 0.060454726 0.32510531881581184 0.09448818897637795
PA353-R145 287.87812359731385 16.864572482184894 0.08224749143275256 0.1154672363859156 1.0814643 23.915749 -0.048199892 0.040948868 0.16881090994099623 0.0
PA074-R145 287.8826585744754 16.861722166059927 0.03638049517481184 0.11145319055261751 2.4983442 10.809758 0.20086718 0.09688914 0.07093063729708313 0.5343511450381679
PA109-R145 287.8826135330082 16.85925938915828 0.07049592092624674 0.10324056150631422 0.56528044 9.183716 0.14450228 0.053626895 0.12497153648963341 0.0
PA196-R146 287.8774487903939 16.856693312722314 0.07394858937582768 0.11037723129755322 1.1453472 20.474977 0.049724936 0.04485482 0.13646301968407085 0.0
PA062-R147 287.8824246433122 16.862505781584826 0.10894154272558908 0.11639606138513056 0.68324494 26.508793 0.080328465 0.09370369 0.29617079523683504 0.0
PA031-R147 287.88089500358905 16.864098859475778 0.08713778826336073 0.11180496873720469 0.24857378 6.170138 -0.032939196 0.04131347 0.18804665767785275 0.0
PA357-R148 287.8784205341712 16.864684427166083 0.0910686291950314 0.11712409839874366 1.2317414 33.39517 0.088614464 0.0539248 0.20539513501253995 0.0
PA068-R148 287.88258659927334 16.862126889668005 0.10899231827490598 0.12171004247332912 0.4125409 16.02084 0.11613488 0.057430685 0.29872729961688704 0.0
PA156-R149 287.8804000423923 16.856831086512177 0.08317897857072187 0.1135276303369434 0.4964423 11.228518 0.11881104 0.03423819 0.1726562703838785 0.0
PA097-R151 287.88299146079925 16.86006882598995 0.1062593378210043 0.11238296627716012 0.629137 23.222336 0.16144592 0.050688833 0.28837043046951294 0.0
PA002-R153 287.8787534638198 16.86485664948175 nan nan 1.3400611 -1.4748173 0.36028683 0.17758155 -0.0305711030960083 0.7251908396946565
PA360-R153 287.8786364884655 16.86486526062088 0.05496926264537753 0.12627082412922072 1.4855669 14.674337 0.23062968 0.12829638 0.1703092805270491 0.5572519083969466
PA093-R153 287.88307244954933 16.86040465760141 0.09101949252043041 0.10178543370940962 0.38970363 10.554308 0.11551678 0.035494924 0.20673976053718393 0.0
PA357-R158 287.8783665451889 16.864959982654224 0.13021622049658163 0.12951106504745097 0.43689215 24.217588 0.09173095 0.08912182 0.43305861949920654 0.0
PA090-R158 287.8832164210296 16.86061993224069 0.1072665753623763 0.11295449326320578 1.1935072 44.89318 0.24329585 0.075618684 0.28934232271634613 0.0
PA347-R159 287.87761070440445 16.864891091359937 0.07924468867254728 0.12688839106789007 0.8471596 17.3913 -0.022163153 0.031193495 0.15670956910111522 0.0
PA074-R159 287.8830724816112 16.86177382426383 0.10968040548437669 0.12335102644109765 0.75028366 29.505981 0.21391755 0.08331853 0.2979275385538737 0.0
PA174-R162 287.8791313617745 16.85613359339962 0.10489723809550495 0.11942909993208238 0.87616456 31.516666 0.047639966 0.04139173 0.2725088813088157 0.0
PA001-R163 287.878708473388 16.865123593943277 0.09127959791248456 0.10305498687122827 0.7232189 19.698978 0.2904191 0.058501244 0.20792304468518905 0.0
PA355-R163 287.87824956946446 16.86510637135099 0.10045060099473486 0.11405931011440108 1.3366379 44.09053 0.00935328 0.044567823 0.2498950380267519 0.0
PA004-R164 287.8790054112606 16.865132204750072 0.07579655505293298 0.10286650917757868 0.75711644 14.219624 0.026287198 0.040704012 0.1444714619563176 0.0
PA348-R166 287.8776376978037 16.86506331371472 0.12418314503899484 0.13204124241241313 0.77957803 39.301704 0.26383966 0.163979 0.3790531875495624 0.0
PA076-R166 287.88332442271235 16.86170492981766 0.07676184667832346 0.11979415607432865 1.1047614 21.280695 0.22470188 0.048583627 0.1470435630274183 0.0
PA042-R168 287.88190278602474 16.864029957141742 0.11756580696757406 0.13573830016653782 0.49042922 22.159752 0.051181257 0.06548399 0.3502666857815528 0.007692307692307693
PA162-R171 287.88013010484434 16.856081921967263 0.09411072719744235 0.111369502916834 0.47173786 13.658578 0.2380178 0.053100348 0.258515579359872 0.15151515151515152
PA069-R172 287.88329744347084 16.86229909709217 0.07917173921232745 0.11216759394829104 0.5005995 10.257872 0.10298264 0.039262295 0.15762442075289212 0.0
PA170-R174 287.8795002657375 16.855849425537098 0.07705773723747529 0.11174734330489898 0.3851802 7.476924 0.020512372 0.027350664 0.15047670704449795 0.0
PA180-R174 287.8786184935584 16.855746093972144 0.09863462705145132 0.12517900675716345 0.7852186 24.973297 0.092173696 0.10280758 0.24278061262523856 0.0
PA356-R175 287.87824057061067 16.865450815775677 0.12103002928583471 0.1196608052012865 1.3377523 64.06023 0.17205429 0.13310766 0.3627762361006303 0.0
PA189-R176 287.87786268916267 16.855763314712057 0.09002838621413323 0.10702390809289485 0.8707085 23.070564 -0.007917821 0.029999197 0.20863237155704048 0.0
PA198-R178 287.87700790919143 16.85590108747863 0.06647985292097226 0.12481307020200848 1.0355673 14.961837 0.19401193 0.075021744 0.15876881106869206 0.2661290322580645
PA207-R178 287.8762880912017 16.85620246940138 0.08789017841507321 0.109504604724026 1.1839316 29.897425 0.19930863 0.16308928 0.19276841724191912 0.0
PA005-R178 287.87910439140757 16.865485260106876 0.061780269609125076 0.1427195314408332 0.4609971 5.7520714 0.10328102 0.04422307 0.09598043881929838 0.0
PA206-R180 287.8762790945873 16.85611635818793 0.09965497941431241 0.14050430182720913 1.0632164 34.518044 0.39930034 0.32999325 0.24228118782612815 0.0
PA209-R181 287.8760541509675 16.856219688819806 0.08912293329445942 0.11642935325769295 1.1008012 28.58343 0.29329133 0.10529995 0.19973863454965446 0.0
PA071-R183 287.88366636006134 16.862273255114243 0.09278273432238407 0.11051118394342811 0.51845133 14.590454 0.17505953 0.040425807 0.2148273264178793 0.0
PA078-R183 287.883873298387 16.861722138867574 0.10030422906124792 0.13067199318077147 0.4264742 14.0267725 0.2901063 0.07117939 0.291062684185737 0.14393939393939395
