m1-67/data/reproject/combo-AA-neutral-knot-ellipses.ecsv
# %ECSV 1.0
# ---
# datatype:
# - {name: label, datatype: string}
# - {name: Ellipse Center.ra, unit: deg, datatype: float64}
# - {name: Ellipse Center.dec, unit: deg, datatype: float64}
# - {name: Ellipse Sigma X, unit: arcsec, datatype: float64}
# - {name: Ellipse Sigma Y, unit: arcsec, datatype: float64}
# - {name: Ellipse Theta, datatype: float64}
# - {name: Ellipse Bright Peak, datatype: float64}
# - {name: Ellipse Bright BG, datatype: float64}
# meta: !!omap
# - __serialized_columns__:
#     Ellipse Center:
#       __class__: astropy.coordinates.sky_coordinate.SkyCoord
#       dec: !astropy.table.SerializedColumn
#         __class__: astropy.coordinates.angles.core.Latitude
#         unit: &id001 !astropy.units.Unit {unit: deg}
#         value: !astropy.table.SerializedColumn {name: Ellipse Center.dec}
#       frame: icrs
#       ra: !astropy.table.SerializedColumn
#         __class__: astropy.coordinates.angles.core.Longitude
#         unit: *id001
#         value: !astropy.table.SerializedColumn {name: Ellipse Center.ra}
#         wrap_angle: !astropy.coordinates.Angle
#           unit: *id001
#           value: 360.0
#       representation_type: spherical
#     Ellipse Sigma X:
#       __class__: astropy.units.quantity.Quantity
#       unit: &id002 !astropy.units.Unit {unit: arcsec}
#       value: !astropy.table.SerializedColumn {name: Ellipse Sigma X}
#     Ellipse Sigma Y:
#       __class__: astropy.units.quantity.Quantity
#       unit: *id002
#       value: !astropy.table.SerializedColumn {name: Ellipse Sigma Y}
# schema: astropy-2.0
label "Ellipse Center.ra" "Ellipse Center.dec" "Ellipse Sigma X" "Ellipse Sigma Y" "Ellipse Theta" "Ellipse Bright Peak" "Ellipse Bright BG"
[from data line 111]
PA210-R198 287.87572685536776 16.85585132675315 0.09775113062278999 0.12164442491575529 210.39669118198722 1.4108359098307304 0.004376158714294433
PA206-R200 287.8761295950572 16.855618282130127 0.05187350849926546 0.09874711517329983 205.68483552276567 0.6852771319750981 0.6696055331649132
PA203-R200 287.8763613138124 16.85544114593351 0.3499251442734368 0.08227589324757881 202.93730669612367 0.42105683059045007 0.006694023609161378
PA354-R202 287.87803458550667 16.86616986845429 0.08072364556357371 0.0625832275980409 354.06762896573895 0.30168088920528696 0.18764372597679943
PA085-R202 287.8844584824765 16.861094940434157 0.05944902955194756 0.10348488277454597 84.82342868761081 0.996081087178435 0.41527572945108593
PA092-R204 287.88454997240586 16.860381901923223 0.052662069119957966 0.06268442861672134 92.03975169791194 0.2152324130642222 0.22119032766018773
PA194-R204 287.8772060844668 16.855120306895174 0.0482674738045199 0.056055521311826215 194.03330611890365 1.0830388052608664 0.12813292338262686
PA224-R205 287.8744904150623 16.856520182126634 0.22436124450964787 0.2723556024043494 224.2056099510396 0.9589634626454852 -0.787286639213562
PA202-R206 287.8763627222389 16.855295122967703 0.03099999999999996 0.03099999999999996 202.17207230451473 0.6597986785923166 0.4611296735593309
PA077-R212 287.8846248960495 16.86190526002985 0.05908366073043959 0.07901304278993114 77.20003853917879 0.5979708012678971 0.2505143900778658
PA205-R215 287.87598750329556 16.85519340389485 0.05135434136502071 0.07002490578416272 205.12327468049776 0.5584398883172554 0.16254640942065868
PA091-R215 287.8849390113692 16.86042407791069 0.23926345852052014 0.31788864709680875 91.00559429601124 0.6837166875086892 0.021864872574806217
PA212-R215 287.8753210419633 16.85550912734629 0.062475555468760935 0.11021193625255686 211.98613816905123 0.6624397464290781 0.10282466615200966
PA238-R217 287.873328100544 16.857412078411002 0.6269169569006786 0.47740476126857156 237.60742355182862 0.521134891645959 -0.5137261748313904
PA076-R219 287.88479834512094 16.862078794491012 0.16172385131692057 0.10290062368235778 75.56131087204639 0.6570690138265795 0.41488488971896414
PA077-R219 287.8847697477779 16.861992415944595 0.14642600276631154 0.2916735440037513 76.80858360911147 0.9943587598778731 0.048149551153182986
PA271-R220 287.872275003394 16.86070835860996 0.040767362224240815 0.043625460064419364 270.8866412346092 0.5561689493839836 0.10276162009881688
PA177-R222 287.87892618605633 16.854443017749567 0.03099999999999996 0.03099999999999996 177.2899997741525 3.3538164342571326 0.2647579589573487
PA271-R224 287.872183365452 16.860754165235445 0.03099999999999996 0.03099999999999996 271.25527958361334 13.473032895390793 1.6544426679611206
PA185-R225 287.8789305019467 16.854881308370725 2.507590393481861 0.14602360377354504 184.7717396256097 0.41554498751506835 -0.11146414279937744
PA204-R225 287.87590243429383 16.8549030301434 0.08279902689263406 0.12685978190143166 204.4649080794199 0.3953682451883816 0.07257241240907016
PA083-R226 287.8851349414735 16.861354557324887 0.0987586662567311 0.07993949342979896 83.07804039502408 0.47845375638415816 0.14916750676474952
PA177-R232 287.8790213717467 16.854156589453428 0.07251291282366051 0.08192136939949357 176.69351501381556 0.9787812552628682 0.1775328614124334
PA230-R234 287.8734202751012 16.856451694685056 0.08998863123367035 0.07180639248317874 230.26700165995553 0.4974061092501338 0.04168459318106869
PA204-R234 287.87582479744526 16.85464987591114 0.09514870540489119 0.1052852950079626 204.38749406544923 0.6599681492467736 0.26774808495412833
PA238-R234 287.872861467717 16.857178713808455 0.2726982577565068 0.3446833317924448 238.32058359631765 0.575709808012936 -0.48933005332946766
PA219-R235 287.8743423026809 16.855523577247357 0.09524121260150328 0.11484413162643775 219.0242389999707 0.5553975690056212 -0.17218875885009766
PA279-R237 287.8718319370325 16.86157662484413 0.3290785171417726 0.32192129393756325 278.5842547127372 0.3851615249718674 -0.32667309045791626
PA220-R249 287.874037646578 16.855272253945564 0.08911349710948809 0.0755747316120339 219.52377272389026 0.34723953185229905 0.034454203818619314
PA247-R249 287.871962050615 16.857907755527982 0.13947379313807323 0.03099999999999996 247.2517830698292 1.7171241187062711 0.25246620178222706
PA249-R252 287.87186091664375 16.858021633748073 0.14451842115560584 0.1104738584702515 248.57806544097872 2.8705620897709516 -1.0035581588745106
PA093-R256 287.8860653246224 16.860226172350924 0.07897061176947495 0.10993909912608457 92.97826595434081 0.2701328438375686 0.14758123470461226
PA167-R257 287.88037981306667 16.853640714206726 0.054980187784157655 0.09148107636849252 166.59560512998968 0.5357027823817572 0.40142024024563067
PA348-R258 287.87714117540304 16.86763074450708 0.0687838835245999 0.09042408732979354 348.4534810994319 0.18953129146165976 0.029398683927008385
PA086-R259 287.886158009844 16.861055518290588 0.03099999999999996 0.08943598286491017 86.35876212116817 -0.11813893332619234 0.36846963919722164
PA094-R261 287.8861923867826 16.86011458941745 0.09473197909306875 0.04922104946073141 93.74912282892667 0.4427153258016798 0.26469223114663937
PA348-R264 287.87680755247106 16.867788132965547 0.38405477159222035 0.28332430383535556 348.02079036082057 6.505310563025317 0.011093306541442874
PA221-R266 287.87358774400235 16.855006718580526 0.04692008818609308 0.07301241332261915 220.8666898312242 0.6536750552377925 0.19474911789463314
PA249-R267 287.8713762047621 16.858046390295975 0.03099999999999996 0.03099999999999996 249.45697867809605 6.648035743183601 1.529785692691803
PA343-R268 287.87626812084545 16.86770181120311 0.1820482609073556 0.13889405679684946 342.69923396465583 0.5021775143676351 0.010666310787200928
PA084-R268 287.8863973879091 16.8613325504484 0.03099999999999996 0.05392849888283262 84.48889595715141 24.202495184730235 0.8087113270628606
PA241-R269 287.8723619852177 16.85675943492215 0.3388300317494724 5.750564014910413 240.75203377829365 0.43618495319924394 -0.38989102840423584
PA088-R273 287.88627052299006 16.86082451698514 0.4009898077487753 0.03099999999999996 87.75649694421752 1.8015678673289037 0.23751410004541154
PA194-R274 287.8767682570016 16.853199138588757 0.11221926941823072 0.08780460736922652 193.66338280665852 0.33147044037626316 0.0030458456277847297
PA085-R274 287.8865534442631 16.861212366222894 0.07737643761923138 0.11620126947615415 85.3436239582365 0.3333388962715517 0.35145466875978265
PA244-R275 287.87150402962106 16.857202053301133 0.09057699817322817 0.060241851653673434 243.58882284408608 0.3678875724408468 -0.018295764923095675
PA162-R275 287.8811443493019 16.853328685782998 0.10709329546272602 0.17648171376796548 162.02841766461154 0.5191048457279668 0.3378935316102469
PA220-R284 287.8733698852757 16.85450112451699 0.07149807900995592 0.057067192546202204 219.5602978605077 0.37779122368015844 0.058382558660075565
PA224-R286 287.8728746217126 16.85485084204018 0.09795853780719498 0.08398249216525397 223.80487115920315 0.3549411303143354 0.005009281709485532
PA243-R287 287.8712204667293 16.857044604589685 0.03099999999999996 0.03137695215057339 243.04411802210387 0.7747477711985677 0.058006965968450126
PA190-R293 287.87707989622106 16.852608244811773 0.04229861935106553 0.05331836099151432 190.4969656328342 0.5312659505060982 0.10163038805562277
PA089-R308 287.88757892517515 16.86080578997167 0.058698554597094485 0.05172237981582008 88.54510177171716 0.24282204298784202 0.08943494300035369
PA156-R329 287.8824608554817 16.852232092540255 0.10482551590633998 0.09077172571663959 156.4496533289238 0.40448658579948793 0.4831617385774313
PA157-R331 287.88240147345454 16.852160402415244 0.15809864370890167 0.24125181374715832 157.0440439800927 -0.5955749441167306 1.1127956430011672
PA156-R336 287.88267254215697 16.85215879568824 0.30897321450792176 0.03099999999999996 155.77751731657355 8.727706943715893 3.480686400184727
PA164-R337 287.8814093912039 16.851634976073772 0.0462106513898671 0.04608795979329645 163.5135339419548 0.23176460016612874 0.22922813800230238
PA158-R351 287.88244398923604 16.851531059833746 0.03558629669208643 0.04941219711028121 158.0380970621678 0.5106706896071377 0.607849054979544
