m1-67/data/reproject/combo-D-neutral-knot-peak-stats.ecsv
# %ECSV 1.0
# ---
# datatype:
# - {name: label, datatype: string}
# - {name: Peak Center.ra, unit: deg, datatype: float64}
# - {name: Peak Center.dec, unit: deg, datatype: float64}
# - {name: Gauss Center.ra, unit: deg, datatype: float64}
# - {name: Gauss Center.dec, unit: deg, datatype: float64}
# - {name: r_eff, unit: arcsec, datatype: float64}
# - {name: r_rms, unit: arcsec, datatype: float64}
# - {name: Gauss sigma, unit: arcsec, datatype: float64}
# - {name: Bright Peak, datatype: float32}
# - {name: Bright Gauss, datatype: float64}
# - {name: Core flux, datatype: float32}
# - {name: Core flux Gauss, datatype: float64}
# - {name: Total flux Gauss, datatype: float64}
# - {name: Bright BG, datatype: float32}
# - {name: MAD BG, datatype: float32}
# - {name: Fill fraction, datatype: float64}
# - {name: NaN fraction, datatype: float64}
# - {name: Peak SNR, datatype: float32}
# meta: !!omap
# - __serialized_columns__:
#     Gauss Center:
#       __class__: astropy.coordinates.sky_coordinate.SkyCoord
#       dec: !astropy.table.SerializedColumn
#         __class__: astropy.coordinates.angles.core.Latitude
#         unit: &id001 !astropy.units.Unit {unit: deg}
#         value: !astropy.table.SerializedColumn {name: Gauss Center.dec}
#       frame: icrs
#       ra: !astropy.table.SerializedColumn
#         __class__: astropy.coordinates.angles.core.Longitude
#         unit: *id001
#         value: !astropy.table.SerializedColumn {name: Gauss Center.ra}
#         wrap_angle: &id002 !astropy.coordinates.Angle
#           unit: *id001
#           value: 360.0
#       representation_type: spherical
#     Gauss sigma:
#       __class__: astropy.units.quantity.Quantity
#       unit: &id003 !astropy.units.Unit {unit: arcsec}
#       value: !astropy.table.SerializedColumn {name: Gauss sigma}
#     Peak Center:
#       __class__: astropy.coordinates.sky_coordinate.SkyCoord
#       dec: !astropy.table.SerializedColumn
#         __class__: astropy.coordinates.angles.core.Latitude
#         unit: *id001
#         value: !astropy.table.SerializedColumn {name: Peak Center.dec}
#       frame: icrs
#       ra: !astropy.table.SerializedColumn
#         __class__: astropy.coordinates.angles.core.Longitude
#         unit: *id001
#         value: !astropy.table.SerializedColumn {name: Peak Center.ra}
#         wrap_angle: *id002
#       representation_type: spherical
#     r_eff:
#       __class__: astropy.units.quantity.Quantity
#       unit: *id003
#       value: !astropy.table.SerializedColumn {name: r_eff}
#     r_rms:
#       __class__: astropy.units.quantity.Quantity
#       unit: !astropy.units.Unit {unit: arcsec}
#       value: !astropy.table.SerializedColumn {name: r_rms}
# schema: astropy-2.0
label "Peak Center.ra" "Peak Center.dec" "Gauss Center.ra" "Gauss Center.dec" r_eff r_rms "Gauss sigma" "Bright Peak" "Bright Gauss" "Core flux" "Core flux Gauss" "Total flux Gauss" "Bright BG" "MAD BG" "Fill fraction" "NaN fraction" "Peak SNR"
[from data line 117]
PA194-R204 287.87719722909014 16.85510002566385 287.87720039602476 16.855093907381228 0.12263771488656332 0.1415389631274348 0.08542078874759429 3.4700453 3.789255288573007 170.61206 167.72043352491346 180.7746380240558 0.45250463 0.18982911 0.23983950731230946 0.0 18.279839
PA224-R205 287.87447951076376 16.85651230137946 287.8744799148933 16.856512239381505 0.12465678909176932 0.13862520582171556 0.08160056276907296 0.7247113 0.7509133409495535 36.81488 31.589781304294792 32.69133144288378 0.43937418 0.03242448 0.24901653738582835 0.004901960784313725 22.350746
PA202-R206 287.8764140488385 16.855254796825037 287.8763893826403 16.85524543963926 0.1269833948737117 0.17514569297119412 0.16724064566998725 1.9835956 1.748870217801232 104.561905 104.77416419687601 319.81419339191865 0.6759672 0.15909922 0.2534294128417969 0.0 12.467664
PA077-R212 287.884638302759 16.86190286868944 287.88464815971923 16.86190348680733 0.13811380488226543 0.13911194764691703 0.11644209277650514 6.2422066 5.471208145324631 389.25912 419.8110288032899 485.0200840255007 0.80058944 0.19422126 0.3056824441049613 0.0 32.139668
PA205-R215 287.876063305718 16.855203558123325 287.8760675662238 16.855211137304178 0.0853062982679391 0.19339493199202426 0.0948870486617258 0.7779734 0.9069871803104776 18.507742 24.39182243464912 53.39142432176546 0.99626565 0.31480706 0.11604724046660633 0.0 2.4712706
PA091-R215 287.88491720232173 16.860499378815188 287.8849231314779 16.860496814136447 0.11656105748317928 0.15467106776461795 0.09907803368810925 3.2640655 3.085759381378872 144.97473 161.34193714314557 198.0492930983606 1.3115294 0.52698237 0.2166604204875667 0.0 6.19388
PA212-R215 287.8753073455504 16.85548754075613 287.87531447543 16.855468650231824 nan 0.12397521770098452 0.09108989112738669 1.183039 1.0951388213687117 -43.41143 23.744136617478198 59.410884911496986 1.8276136 0.7879813 -0.17899923557188452 0.0 1.5013541
PA238-R217 287.873291774626 16.8573649719507 287.87328653890097 16.857358587813714 0.12169849252409805 0.14290921842236554 0.1429103138928843 0.061891466 0.05253100369463954 2.9965923 3.6553134891503483 7.014542094112501 0.12657407 0.038618743 0.23733769211114622 0.0 1.6026276
PA076-R219 287.88482705299333 16.862083803623502 287.8848325543979 16.86207271372633 0.12405647058483509 0.16949063128304695 0.15629864220037004 1.9723243 1.9129711464592425 99.23015 129.8248758012824 305.54509109480813 1.1682822 0.507808 0.24783879547870805 0.0 3.8839958
PA077-R219 287.88481808420715 16.861980238662124 287.88482033874334 16.861980194572155 0.12427577510518655 0.14495784757761965 0.10564188158163389 3.1502905 2.6710211635635925 159.056 164.26747271999074 194.89740892808751 2.508185 0.57929087 0.24628932301591083 0.0 5.4381843
PA271-R220 287.8722023410499 16.860714891684683 287.8722007369173 16.860714911264793 0.11909934999071242 0.16473363694314114 0.1513969974248343 1.5142615 1.4561566495877567 70.21763 79.79576171262488 218.2222868873913 0.276725 0.14072853 0.22619937803687118 0.0 10.7601595
PA177-R222 287.8789421492388 16.854419821294407 287.87894309230387 16.85440803259282 0.12758535260339587 0.16347610021978212 0.10390133160236589 1.2514708 1.3422993605088576 66.59611 69.28715851648973 94.74320913223004 0.25705934 0.12489176 0.26085427228142233 0.0 10.020444
PA271-R224 287.8721490676091 16.860749050869227 287.8721500922972 16.860747352086616 0.14771335514894138 0.1419554231536671 0.11422883101638157 2.6127326 2.599505213898191 186.36356 183.47054200466164 221.76787665684944 0.8288872 0.30782557 0.34965186025582107 0.05392156862745098 8.487705
PA185-R225 287.87815069274416 16.85436825212424 287.87815973410653 16.85438294618924 0.10227648907201653 0.15765825286557983 0.10749168438827088 0.08779812 0.09258835832381791 3.0023637 4.106978966241178 6.994595449851139 0.13282132 0.0363636 0.16762853136249617 0.0 2.4144506
PA204-R225 287.87589231306134 16.854876406628883 287.8758943799502 16.854879184471155 0.09344269777376157 0.17714511353461235 0.09461487032111637 1.0085542 1.019877125942516 28.78833 34.77251307983131 59.69296195427952 0.42233038 0.11095333 0.1385638690689235 0.0 9.089896
PA083-R226 287.8851510908808 16.861360309991884 287.8851618526172 16.861351830514465 0.15446067059531932 0.14913047781126962 0.13044891040600154 1.6434133 1.5476667352810152 128.17671 136.23904771413555 172.19274159335848 0.62154293 0.09722018 0.3804595202934451 0.0 16.904034
PA177-R232 287.8790233171824 16.85414445304195 287.8790218336784 16.854143626006216 0.11999836440650799 0.15377810214205903 0.09329506016548737 6.6074986 6.619505906071649 311.03854 320.59544236255954 376.7032376930238 0.6345549 0.41710365 0.23075279535031787 0.0 15.841383
PA230-R234 287.87339973942363 16.85644329940039 287.8733958372175 16.856436304974725 0.13039758187872538 0.14644898978849608 0.10518196339078895 2.3061662 2.267901755421588 128.1906 136.87466686321304 164.04510074231624 0.56523204 0.17334077 0.2672404692723201 0.0 13.3042345
PA204-R234 287.8758288993583 16.854617890288047 287.8758145520548 16.85461941335855 0.08541172511920286 0.18737451158246696 0.10709871827276726 1.8282919 1.9041225331565725 43.60206 58.551277081263066 142.7972749873924 0.63188267 0.25522923 0.11690452052097694 0.0 7.1633325
PA238-R234 287.8728150470413 16.85715811848273 287.8728193970477 16.857160404698472 0.13977575277947035 0.15830558400912026 0.13130487485600106 0.4101004 0.37955829985711237 26.192705 26.0378918118478 42.78550610278287 0.08413118 0.03266129 0.3146256507911118 0.0 12.556161
PA219-R235 287.87432643393197 16.85549643129395 287.87431380064896 16.855501263831794 0.08891690357554713 0.17472968786149912 0.09001632280755695 0.6571908 0.637865719288801 16.985825 23.186511194980962 33.79311911021481 0.38261104 0.16541624 0.1273207265167988 0.0 3.9729521
PA279-R237 287.87183400603095 16.861584180384675 287.8718279421148 16.86158495425798 0.13115499971965247 0.13993609221740813 0.09310163756526751 0.31532493 0.30389705912499904 17.731869 16.469045264981336 17.222556483365057 0.30145362 0.046233892 0.2756550919775869 0.0 6.820212
PA220-R249 287.8740116556288 16.85524668609543 287.87400860075246 16.855245141336894 0.11987279204967376 0.1617132826658745 0.09880750214610108 2.258998 2.477366521586939 106.11665 115.32217211098163 158.13448407230817 0.59616303 0.20459831 0.2302701052497415 0.0 11.041137
PA247-R249 287.8719061537122 16.85792459507281 287.8719194323055 16.857913852720735 0.1124050715621096 0.14268931629444334 0.16078401768051248 2.555867 1.538858975885801 105.56903 110.5240304900581 260.10042151373455 0.13952136 0.17210478 0.20347087841315808 0.034482758620689655 14.850645
PA249-R252 287.8718161734827 16.857993481004144 287.8718070801631 16.85801908572709 0.12432607909825966 0.16988883288936785 0.10743170909690283 5.0884356 4.6853888693741705 257.11963 220.4499221668515 353.5632292671557 0.35138094 0.33650637 0.2476970261218501 0.0392156862745098 15.121366
PA093-R256 287.88607773274117 16.860232198945212 287.88607736063443 16.860230125209256 0.13527728788661328 0.13130631400738932 0.10209985070782233 0.7801312 0.7830681725852038 46.67066 49.998311616710694 53.37111395570523 0.6874912 0.042444825 0.29040831038095416 0.0 18.37989
PA167-R257 287.88039084246634 16.853601965434844 287.88038762642475 16.85360071704653 0.11063367474045159 0.16558666831970392 0.10912104221364793 6.13563 6.365051851224781 245.50499 284.9221623761662 495.5362581538872 0.57421833 1.008435 0.19614217795577704 0.0 6.084309
PA348-R258 287.8771428605672 16.86762944585338 287.8771434028139 16.867635007600093 0.13620694203288208 0.13781934338059876 0.0924624089171347 0.4556762 0.4597440745272603 27.63639 24.82082558417476 25.69821918428968 0.40929914 0.030078053 0.29876445901804954 0.0 15.14979
PA086-R259 287.88619487802913 16.86100743553318 287.8861848909476 16.860993274433838 0.1016677902473611 0.18101552792809653 0.1603084649858435 1.1830751 1.0968127679092892 39.976574 53.89551519462922 184.2900506036871 0.7570132 0.21871102 0.16563918543796913 0.0 5.409307
PA094-R261 287.8862126111984 16.860111557319936 287.8862151323839 16.86010604760986 0.12759581523641372 0.15056327623331692 0.12119893387441533 2.5015085 2.074445288944664 133.13779 154.76776433589052 199.23061022137108 0.8378226 0.17593902 0.26218226390519167 0.0 14.218042
PA348-R264 287.8769898094637 16.867818865059277 287.8768749806608 16.86785553776401 0.10076618859745361 0.17560929926088617 0.25577261935891427 2.5687013 6.807791521464421 85.26479 82.34493436408725 2911.8622792471424 0.3962959 0.11127782 0.1668026986433633 0.005025125628140704 23.083677
PA221-R266 287.8735705945716 16.85498827180158 287.87356315009913 16.854985929691086 0.11279444491609432 0.16710537699930708 0.10180909232806759 2.6835628 2.6546893195750463 111.61271 120.81951797245661 179.90503343423066 0.6480417 0.19331563 0.20387864580341414 0.0 13.881768
PA249-R267 287.8713572104265 16.858002209427767 287.87133923850047 16.857993385267726 0.11515473429098538 0.14341333362775777 0.11230798194365971 0.54312384 0.5675301960952073 23.544472 30.508877454740258 46.8022466798521 0.28520668 0.09654534 0.21250047870710784 0.0196078431372549 5.625583
PA343-R268 287.8762881026932 16.867724064798214 287.8762846686349 16.86772489439326 0.11332534048211887 0.15687244712785256 0.10566099411958739 0.8278289 0.8712324497698234 34.755306 42.730692891743715 63.59455142812803 0.29032707 0.14133096 0.20580237519507313 0.0 5.8573785
PA084-R268 287.88635672022525 16.861386227695988 287.8863597526847 16.861352396986067 0.12220579559783061 0.17166766500805158 0.11545068772166203 12.029336 16.72090793087513 587.2888 131.792218880935 1457.1671928168685 1.529899 0.5601014 0.24289245985040617 0.5572139303482587 21.477068
PA241-R269 287.87181613859434 16.856900215427075 287.8718208204579 16.85692177922646 0.020571148612304975 nan 0.06485255123480163 0.07381517 0.09803988067788581 0.102114916 2.3291929768573656 2.6959596359832108 -0.10193974 0.03388521 0.006748227375309642 0.0 2.1783888
PA088-R273 287.8866176982298 16.8608609422551 287.8866198612774 16.860845910922038 0.12032618462015565 0.1811363662372312 0.1864242243971114 1.0870917 1.0191379366739273 51.453266 62.581261821083345 231.5763149239494 0.7507541 0.17051482 0.2331582243219385 0.0 6.37535
PA194-R274 287.87675585176095 16.853145454446224 287.87675784897976 16.8531774235104 0.14949984973743485 0.15340808679728382 0.08986906627451237 0.47770983 0.5909579055412507 34.903755 27.247926603606203 31.205668196210134 0.29641348 0.07913679 0.35992495532106294 0.0 6.0365076
PA085-R274 287.8865907250732 16.86123114519757 287.8866046460984 16.86124142566212 0.13270501380268512 0.131883641554725 0.12094709715634469 1.3792828 1.196810770056889 79.40621 92.41566082388324 114.46504098831751 1.1179031 0.34489143 0.2822090784708659 0.0 3.9991798
PA244-R275 287.87147436503824 16.857175374613202 287.8714716932918 16.857179037055115 0.12084404825550801 0.16927706005902934 0.09490711372827287 0.36590248 0.38373185133452575 17.467968 15.711525792947867 22.598616993439187 0.13091308 0.084843636 0.236333695968779 0.0 4.312669
PA162-R275 287.8811289672473 16.853317634048945 287.8811326278169 16.85330917880737 0.12040051957867401 0.16565715144660306 0.11369287015439394 2.3763683 2.3143836563839595 112.61519 127.1040569802804 195.59524606157146 0.6832793 0.23277688 0.23230204862706802 0.0 10.208781
PA220-R284 287.87333667549524 16.854488726139362 287.87333523585454 16.854490118287046 0.09006124725448314 0.16617468416491063 0.10432393133763136 0.65319234 0.7073131652199437 17.319824 22.822884367671875 50.331064015488224 0.34182113 0.12583292 0.12997871286728802 0.0 5.19095
PA224-R286 287.8728594668719 16.85482389216213 287.8728072715393 16.85475847250769 0.05363320337271552 0.22015062173709904 0.1658315479836725 0.73285854 3.014639903714445 6.8915057 13.256623359054679 542.0336310675011 0.44044816 0.1452614 0.046096058452830595 0.0 5.0451016
PA243-R287 287.8711590238137 16.856968763603703 287.87115062060644 16.85696510180345 0.07712342689233873 0.19155770316411552 0.10962195579491574 0.34583175 0.3441140576789878 6.7245617 10.364292725148157 27.036719025275858 0.19538641 0.04415852 0.09485173109101086 0.0 7.831598
PA190-R293 287.8770797020273 16.852577192267304 287.87707635935163 16.852573917193347 0.12354002525032608 0.1623731241763294 0.09251275454709872 2.0809357 2.257267369758994 103.82466 100.43884495550121 126.311446503278 0.2637956 0.09065032 0.24457478990741804 0.0 22.955635
PA089-R308 287.88759824650225 16.86080070712422 287.8875944725605 16.8608030216733 0.11097528981586213 0.13592197876407042 0.08463463728012041 0.4551792 0.4431254563791891 18.325739 19.31075695124965 20.752931618682254 0.6132364 0.03508395 0.19832753900236685 0.0 12.974002
PA156-R329 287.8824607658104 16.85221561324289 287.8824677306118 16.85221140549448 0.11420433485042185 0.1453751861096036 0.08659247335148733 2.944296 3.2131424553908214 125.53739 138.5531687499231 157.52400695503002 0.55319595 0.16021347 0.2049879477574275 0.0 18.37733
PA157-R331 287.8824440546141 16.852190937488416 287.8824801059288 16.852206157287185 nan 0.12999528159343537 0.07901992622876487 0.7515075 3.591274244255472 -56.05 6.478336792078993 146.61496173485827 0.8987222 0.50546694 -0.36560499901865046 0.0 1.486759
PA156-R336 287.8826853629792 16.852112165619708 287.8826284541401 16.85204138296332 0.021638685800765278 0.265384316101521 0.15994676446656514 2.642223 0.0 4.0444336 0.0 0.0 -0.6931983 0.6121733 0.007503399661943025 0.5588235294117647 4.3161354
PA164-R337 287.8814168493215 16.851612654981835 287.8814214987843 16.851609059616496 0.12895268370575896 0.15415619497503982 0.0990757448682322 0.8667211 0.8578564837220424 47.115807 45.741788212704435 55.05614650739913 0.24911314 0.05507344 0.2677880648908944 0.0 15.737552
PA158-R351 287.8824605752336 16.85150074016643 287.88246046771 16.85149548126754 0.08831829154513139 0.18305159396075815 0.10868004020032447 2.8838387 2.7265764209165537 73.53579 73.59200399104142 210.55896449925152 0.7720827 0.44702697 0.1262340262384698 0.0 6.4511514
