m1-67/data/reproject/combo-E-ionized-knot-fluxes.ecsv
# %ECSV 1.0
# ---
# datatype:
# - {name: label, datatype: string}
# - {name: Center.ra, unit: deg, datatype: float64}
# - {name: Center.dec, unit: deg, datatype: float64}
# - {name: Peak.ra, unit: deg, datatype: float64}
# - {name: Peak.dec, unit: deg, datatype: float64}
# - {name: PA, unit: deg, datatype: float64}
# - {name: Sep, unit: arcsec, datatype: float64}
# - {name: Core Flux, datatype: float32}
# - {name: Halo Flux, datatype: float32}
# - {name: Bright Peak, datatype: float32}
# - {name: Bright BG, datatype: float64}
# - {name: Isolated, datatype: bool}
# meta: !!omap
# - __serialized_columns__:
#     Center:
#       __class__: astropy.coordinates.sky_coordinate.SkyCoord
#       dec: !astropy.table.SerializedColumn
#         __class__: astropy.coordinates.angles.core.Latitude
#         unit: &id001 !astropy.units.Unit {unit: deg}
#         value: !astropy.table.SerializedColumn {name: Center.dec}
#       frame: icrs
#       ra: !astropy.table.SerializedColumn
#         __class__: astropy.coordinates.angles.core.Longitude
#         unit: *id001
#         value: !astropy.table.SerializedColumn {name: Center.ra}
#         wrap_angle: &id002 !astropy.coordinates.Angle
#           unit: *id001
#           value: 360.0
#       representation_type: spherical
#     PA:
#       __class__: astropy.coordinates.angles.core.Angle
#       unit: *id001
#       value: !astropy.table.SerializedColumn {name: PA}
#     Peak:
#       __class__: astropy.coordinates.sky_coordinate.SkyCoord
#       dec: !astropy.table.SerializedColumn
#         __class__: astropy.coordinates.angles.core.Latitude
#         unit: *id001
#         value: !astropy.table.SerializedColumn {name: Peak.dec}
#       frame: icrs
#       ra: !astropy.table.SerializedColumn
#         __class__: astropy.coordinates.angles.core.Longitude
#         unit: *id001
#         value: !astropy.table.SerializedColumn {name: Peak.ra}
#         wrap_angle: *id002
#       representation_type: spherical
#     Sep:
#       __class__: astropy.coordinates.angles.core.Angle
#       unit: !astropy.units.Unit {unit: arcsec}
#       value: !astropy.table.SerializedColumn {name: Sep}
# schema: astropy-2.0
label Center.ra Center.dec Peak.ra Peak.dec PA Sep "Core Flux" "Halo Flux" "Bright Peak" "Bright BG" Isolated
[from data line 92]
PA189-R176 287.8778643228572 16.855751534924284 287.8778626891983 16.85575470360101 188.64232736446033 17.63489875467805 272.2751 1787.4243 4.141406 0.5314590930938721 True
PA198-R178 287.8770153773875 16.855901335399697 287.87701690686936 16.855901087549775 198.23955265921884 17.77261149543183 462.65784 2305.137 6.5631537 1.8055747747421265 False
PA207-R178 287.8762773886074 16.856201706712408 287.8762790935094 16.856202469298445 207.03168652386574 17.776624687504565 857.47217 3399.9578 9.916662 2.0928773880004883 True
PA005-R178 287.87911317136195 16.86549590790997 287.8791133895629 16.86549387119773 5.2731820214216745 17.791628251783205 612.9629 3073.164 9.212987 3.698070192337036 False
PA206-R180 287.8762966919544 16.85610683073044 287.8762970900705 16.856107747282348 206.20567409311846 18.035399255148473 824.43243 4178.054 9.625469 2.48920476436615 False
PA209-R181 287.87605602325306 16.856219040201914 287.8760541509675 16.856219688819806 209.31848710364113 18.0942864263893 1113.5879 5681.5186 11.963984 1.7027639031410218 False
PA071-R183 287.88366501053144 16.862266483455443 287.8836663598326 16.86226464400317 70.76222382906155 18.263259839271008 153.50635 1932.5659 4.212657 2.44770245552063 False
PA078-R183 287.8838734042474 16.861714218522184 287.8838732981489 16.861713527756496 77.5006301975835 18.313469628703977 302.48553 2190.3196 5.37693 2.515193223953247 False
PA006-R185 287.8791150612665 16.86573488328708 287.8791133901597 16.86573498230698 5.522816344565724 18.49619153069004 788.75024 5797.532 10.981552 3.3211342096328735 False
PA198-R185 287.8769627736733 16.8556923517388 287.87696292264127 16.855694420451773 198.21764260514252 18.532576222477886 491.85565 3077.6226 7.364073 2.3753442764282227 False
PA355-R186 287.8781413337178 16.86569860650477 287.8781415904883 16.865700537778064 354.84618775684214 18.583461478019462 819.4486 5835.7236 11.382615 4.152328014373779 False
PA090-R187 287.8840624512709 16.86061996640017 287.884062223858 16.860619911777974 89.82626085160686 18.66052194041143 59.27078 821.4867 2.9507163 2.1157050132751465 False
PA180-R189 287.8785903592253 16.855359702672036 287.8785915006575 16.855358593969875 180.32687525063494 18.851977771279667 441.35577 1651.1252 7.4884186 2.60076642036438 False
PA220-R189 287.875135374777 16.85658767677824 287.87513637940407 16.85658995303606 219.93908421929567 18.89532389182703 590.1465 3043.853 7.3516955 1.6553291082382202 True
PA271-R189 287.87315408125914 16.860653521658964 287.8731567650627 16.860654354320726 270.57477783709874 18.89944704233595 159.48486 388.4915 2.729379 0.4615028202533722 False
PA204-R191 287.87638503451376 16.85575388460245 287.87638707116537 16.855754692733253 203.9269727432652 19.0639206829023 634.28644 6735.3154 8.239531 2.4016536235809327 False
PA214-R197 287.8754423954104 16.856028973690265 287.8754423110501 16.856030235790897 213.9054444367864 19.671546227558665 127.43687 2782.603 4.611907 3.272723436355591 False
PA091-R197 287.88438846026537 16.860550582143425 287.884386146253 16.860551014134824 90.59056816065005 19.732389527449907 179.84003 551.4489 4.0825453 1.9949377298355102 False
PA282-R198 287.87303991036663 16.8617302055856 287.87303976039277 16.861730740060768 281.93430599348386 19.77660266704197 359.8338 1602.0103 4.890561 0.39045020937919617 True
PA210-R198 287.8757378220328 16.855847488153945 287.8757392374029 16.85584940685208 210.39669118198722 19.800287386514533 770.9389 4019.1704 12.073563 4.519381523132324 True
PA206-R200 287.87611675512346 16.855624708694215 287.87611714276505 16.855625522938606 205.68483552276567 19.978673207922732 622.7828 4316.801 12.907312 6.40871000289917 False
PA203-R200 287.87634868676616 16.855453108380765 287.87635108413934 16.85545330345009 202.93730669612367 19.99021584632001 567.42334 5939.4614 9.128545 3.8605311632156374 False
PA354-R202 287.87804240597745 16.866165942276105 287.87804260941795 16.866165537508614 354.06762896573895 20.179401353034518 51.61315 2355.4424 4.745856 3.8337193012237547 False
PA085-R202 287.88444965984877 16.861102150352366 287.8844491484655 16.86110212348179 84.82342868761081 20.18973416348814 368.4533 1002.6228 5.9761405 2.2731842041015624 True
PA092-R204 287.88455765552595 16.860413465707524 287.88455710202805 16.860413231532373 92.03975169791194 20.351477178788194 459.81992 1938.9592 5.671015 1.6514023303985597 False
PA194-R204 287.87720578919965 16.85511617443952 287.8772058640723 16.85511747784912 194.03330611890365 20.376799954788467 255.63408 3945.1675 5.0201964 1.6599437475204468 True
PA224-R205 287.87449062287044 16.85652211769301 287.87448854575183 16.85652105212023 224.2056099510396 20.5087223659346 169.1499 3642.8218 3.192154 1.0989662885665894 True
PA202-R206 287.8763586257821 16.85531617337219 287.87636008346146 16.85531552577336 202.17207230451473 20.567497520193836 546.87836 6054.553 8.883924 3.8717833518981934 False
PA077-R212 287.8846584787705 16.861965756870397 287.8846561281269 16.86196322866524 77.20003853917879 21.154082760191663 554.5564 1993.4612 7.2713013 2.097638201713562 False
PA205-R215 287.87598194970377 16.85518585527623 287.87598218398017 16.85518635457919 205.12327468049776 21.484081031420367 120.39348 4963.164 6.452391 4.541335535049439 False
PA091-R215 287.8848796517917 16.86048054707335 287.88488102843246 16.860482110889752 91.00559429601124 21.500348010281712 128.15094 1970.8257 5.0798244 3.4271929264068604 False
PA212-R215 287.87531630447677 16.855512768565752 287.87531635257193 16.85551356713605 211.98613816905123 21.533937877682064 166.3205 3053.371 6.732255 4.162110471725464 False
PA238-R217 287.8733822940936 16.857416965995107 287.8733818028131 16.857416582418892 237.60742355182862 21.670800472095003 108.96836 734.29767 1.2911214 0.39669559597969056 False
PA076-R219 287.8848090104843 16.862074542496288 287.8848090972043 16.862075168597734 75.56131087204639 21.92819127615792 801.15027 4395.645 9.152371 2.3846275329589846 False
PA077-R219 287.8848177422793 16.8620500730299 287.8848180943325 16.86204933499567 76.80858360911147 21.930559750761834 821.14075 4519.1333 9.152371 2.2832031726837156 False
PA271-R220 287.87225533456217 16.860706136709915 287.87225697291257 16.860705995099735 270.8866412346092 21.951598185904267 345.26727 1889.6013 4.298154 1.018474006652832 True
PA177-R222 287.87893448176777 16.85441826410837 287.87893341000733 16.854419982674454 177.2899997741525 22.197495029652874 336.8479 2046.645 4.1768155 0.9558330416679383 True
PA271-R224 287.87217445550743 16.86074776601697 287.8721759902808 16.860749048132757 271.25527958361334 22.353403767252228 428.19815 2640.6057 5.0237956 0.9506813526153566 False
PA185-R225 287.8781432300289 16.854350245245364 287.8781416207383 16.854351093372347 184.7717396256097 22.46754064730811 65.84341 774.30334 1.4726439 0.723138177394867 False
PA204-R225 287.8759006540383 16.85490018905626 287.87590120931026 16.85490218685512 204.4649080794199 22.514026956724873 223.66318 2358.6758 5.5769653 3.1501704454421997 False
PA083-R226 287.8851433548256 16.86135226008 287.88514199729866 16.861351825058804 83.07804039502408 22.558559452841962 319.3213 2178.5674 4.663004 1.6169937133789063 False
PA177-R232 287.8790204295392 16.854153194339588 287.8790233855479 16.854153038088192 176.69351501381556 23.199289667441274 121.342964 2697.5596 3.7892258 1.9371049880981446 True
PA230-R234 287.8734173730699 16.856442889458425 287.87341782071974 16.856443527785924 230.26700165995553 23.404535779506947 155.63754 624.9842 3.6897876 1.6574341297149657 False
PA204-R234 287.8758269654704 16.854644157741912 287.87582923211573 16.85464385255553 204.38749406544923 23.4225029159944 254.1382 2496.544 5.5665874 2.726997494697571 False
PA238-R234 287.8728412724262 16.85716649810325 287.87284194548187 16.857166845728358 238.32058359631765 23.44092972237505 73.00083 600.3152 1.4814246 0.6892822742462158 False
PA219-R235 287.8743426628389 16.85551407987886 287.8743446053541 16.855513549180756 219.0242389999707 23.503653024129004 75.10968 785.27734 3.7719212 2.3079772710800173 False
PA279-R237 287.87184415404965 16.861585087613538 287.8718430376101 16.861584315201448 278.5842547127372 23.71464173580181 27.146936 1036.1201 1.7446053 1.3359068870544435 False
PA220-R249 287.8740290354769 16.855272107237138 287.8740296931615 16.855272431272333 219.52377272389026 24.90338017126823 236.67128 1407.6309 4.4332013 2.1137213945388793 False
PA247-R249 287.8719766244985 16.857925129919266 287.87197813590495 16.85792459741012 247.2517830698292 24.92300151970066 338.49225 930.5216 4.2095356 0.5057037472724915 False
PA249-R252 287.8718115523442 16.858021096296778 287.87181617286063 16.85801070322621 248.57806544097872 25.181903328362115 349.58127 2365.1702 5.6674595 0.609120774269104 True
PA093-R256 287.8861340720791 16.860233268957657 287.8861317260615 16.860232347098393 92.97826595434081 25.64016418476542 260.5174 1588.4873 4.8208833 2.295605516433716 False
PA167-R257 287.8803744219127 16.853636509015644 287.88037302003306 16.853636364548013 166.59560512998968 25.742931287646034 266.016 1229.2236 4.746822 1.7245759963989258 True
PA348-R258 287.87713340517666 16.867620099456236 287.8771337829697 16.867620810611854 348.4534810994319 25.845394573831438 188.1239 2378.06 3.1350493 1.434895396232605 True
PA086-R259 287.8861949735647 16.86102436251462 287.8861947428842 16.861024567019815 86.35876212116817 25.946337569164978 229.16716 725.1251 4.411835 2.341609168052673 False
PA094-R261 287.8862407021628 16.86018167378976 287.88623969859276 16.860180676488 93.74912282892667 26.123691752755125 283.5499 1706.3599 5.0304923 2.4908438205718992 False
PA348-R264 287.87703718441537 16.867793173171886 287.8770348009095 16.867793032082453 348.02079036082057 26.44627224177772 201.87006 2386.3167 3.4540803 1.2614514589309693 False
PA221-R266 287.8735704160856 16.85501181397937 287.8735708200516 16.855014087173927 220.8666898312242 26.591569110038247 318.47766 2514.6123 5.329229 1.8670159578323364 False
PA249-R267 287.87139281784 16.858010577352044 287.8713932772862 16.85801068880328 249.45697867809605 26.708259258784533 243.3753 2140.1733 3.9877002 1.5299453020095826 False
PA343-R268 287.8762963229646 16.867671580793427 287.8762969464069 16.867672469449833 342.69923396465583 26.78417697853889 472.83826 2274.8535 5.5776954 1.3176078915596008 True
PA084-R268 287.88641841253286 16.861276662575154 287.8864107036137 16.86128289233961 84.48889595715141 26.800160136614075 85.413864 1252.4061 3.9129627 2.428374719619751 False
PA241-R269 287.8717968327044 16.856976616955148 287.87179821473046 16.856977369307238 240.75203377829365 26.867638937114105 150.14365 680.5288 1.9021852 0.5967044472694397 True
PA088-R273 287.88652751819336 16.860879014610965 287.88652765987985 16.860878165687474 87.75649694421752 27.30449147133537 73.252235 1748.2915 3.5385218 2.652407932281494 False
PA194-R274 287.8767491918521 16.85322347280151 287.8767470034254 16.853223029720407 193.66338280665852 27.41446161811034 154.44858 706.9081 2.4941418 0.8837283253669739 False
PA085-R274 287.8865552941921 16.861205411776737 287.88655466731353 16.861205386873994 85.3436239582365 27.431474278643382 104.71654 1159.7142 3.974707 2.6620707511901855 False
PA244-R275 287.87149985854154 16.857209273869906 287.8715012808874 16.857209859243184 243.58882284408608 27.46617378120109 236.46817 1304.7134 3.1685858 0.8525591969490052 False
PA162-R275 287.8811116834751 16.853325046518766 287.8811108167397 16.853326357062432 162.02841766461154 27.47934469729965 302.93707 1452.2175 4.713933 1.7747012376785278 True
PA220-R284 287.8733713055846 16.85450673586133 287.8733728862372 16.854506026665845 219.5602978605077 28.418568173668028 186.04544 2256.791 4.4393897 2.482506012916565 False
PA224-R286 287.8728789165162 16.854850268731663 287.8728780071006 16.854850457875074 223.80487115920315 28.596845517870875 122.88466 1562.3384 4.377494 2.7288281202316282 False
PA243-R287 287.87117719807344 16.856960265379524 287.87117737211014 16.856960125560782 243.04411802210387 28.707404855577785 79.106094 1229.4724 2.686482 1.7895586490631104 False
PA190-R293 287.8770804328691 16.852601024588402 287.877079917926 16.852603032524204 190.4969656328342 29.288811227632436 289.05362 1701.1157 3.6728845 0.8214920163154602 False
PA089-R308 287.88758114060937 16.86081004272373 287.8875804126322 16.86080923391351 88.54510177171716 30.800473748320062 60.530903 473.58514 2.2964752 1.5413400650024414 False
PA156-R329 287.88244308862454 16.85223050152138 287.8824424329667 16.852232725781942 156.4496533289238 32.85070143007623 189.354 860.6557 3.7112172 1.7836746215820312 False
PA157-R331 287.8823796191085 16.852111790487342 287.8823794480627 16.852112171377705 157.0440439800927 33.097725031700975 286.7765 1154.6033 4.6195283 1.97145414352417 False
PA156-R336 287.88261048110877 16.852122211918278 287.8826223804964 16.852112166842204 155.77751731657355 33.608446223283444 130.92163 1377.3179 4.1610203 2.118311619758606 False
PA164-R337 287.8814073066819 16.85163805197866 287.88140771140695 16.851638575562298 163.5135339419548 33.66570924297562 228.80852 951.686 3.4942434 1.5397645950317382 False
PA158-R351 287.8824610795396 16.85152578072934 287.8824604137249 16.851526614357155 158.0380970621678 35.096394021369534 146.21979 1460.795 5.0243177 3.4891836643218994 False
