m1-67/data/reproject/combo-E-ionized-combo-DD-neutral-knot-seps.ecsv
# %ECSV 1.0
# ---
# datatype:
# - {name: label, datatype: string}
# - {name: PA, unit: deg, datatype: float64}
# - {name: R, unit: arcsec, datatype: float64}
# - {name: dR, unit: arcsec, datatype: float64}
# meta: !!omap
# - __serialized_columns__:
#     PA:
#       __class__: astropy.coordinates.angles.core.Angle
#       unit: !astropy.units.Unit {unit: deg}
#       value: !astropy.table.SerializedColumn {name: PA}
#     R:
#       __class__: astropy.coordinates.angles.core.Angle
#       unit: &id001 !astropy.units.Unit {unit: arcsec}
#       value: !astropy.table.SerializedColumn {name: R}
#     dR:
#       __class__: astropy.coordinates.angles.core.Angle
#       unit: *id001
#       value: !astropy.table.SerializedColumn {name: dR}
# schema: astropy-2.0
label PA R dR
PA296-R030 296.28153574111286 2.960287659613229 -0.08423812760342832
PA067-R032 66.86947493936553 3.0417096079679515 -0.045385792275671806
PA031-R033 30.919260644413303 3.2050348620003195 0.04030133968050123
PA072-R035 71.97437921876036 3.508862279014224 0.14777041123692639
PA017-R038 16.829907671084754 3.7762478850784125 -0.09756730140623804
PA058-R044 57.69177263933969 4.534726087651646 -0.03429020030539659
PA338-R045 337.92334456075815 4.327220865223861 0.45782642916582944
PA050-R049 49.97813143674663 4.884786478092013 0.0850265913273294
PA028-R054 28.041795442239398 5.352440736173775 0.02649328393507424
PA262-R064 262.4843734024974 6.370135380149768 0.1854504860509301
PA192-R066 191.92627434328423 6.46742041265691 0.22272834259342045
PA202-R068 201.81557485506812 6.826841850668235 0.030658258011080283
PA251-R068 250.60075274581175 6.900013950781573 0.09820036931097939
PA185-R071 185.20291541111195 7.077744198208732 0.08288268723585218
PA177-R075 176.82857239170298 7.549222186447999 -0.05603385720929395
PA042-R077 41.62550224073183 7.669418195801111 0.004832175772196204
PA330-R077 329.9013966731095 7.700220312819266 0.028519012788772412
PA039-R083 39.060066349133635 8.148435857230544 0.20455425815517989
PA179-R085 179.24614909708282 8.55816901985419 0.06205408983605259
PA219-R092 219.06780010195922 9.271646841651812 0.009724773316498354
PA095-R093 94.99475790957146 9.393977059579926 -0.005674507182171912
PA330-R093 330.1218969791886 9.344258192220995 -0.007423430117019757
PA356-R098 356.0208232478922 9.725907935487102 0.10884253282129643
PA253-R098 252.61919285610367 9.827023322836974 -0.04491656155285444
PA005-R101 5.0073121388263475 10.058159981762685 0.15299057967160298
PA357-R101 357.4631799779348 9.96125700796177 0.027896142593905257
PA096-R102 95.87924919564686 10.107189538750962 0.1305525252071893
PA207-R102 207.252693260486 10.212958542737484 0.06879960590933254
PA203-R102 202.72686654996232 10.266526377109898 0.06720702609708598
PA359-R104 359.28660736819756 10.235047171506443 0.07844661541401443
PA290-R104 289.9597897996694 10.387730319643202 -0.06981147438810294
PA193-R105 192.7757138783096 10.622510621984382 0.02475735499170295
PA043-R107 42.69704250086977 10.623603784393106 0.224318379349734
PA062-R108 62.40598436334054 10.689142827037983 -0.0014912410632526851
PA227-R110 226.87355102948678 10.996232195669762 0.061807029264676454
PA203-R110 203.12007181342457 11.138260133890832 -0.02743500809957982
PA044-R110 44.14564066395699 11.006841985511137 0.014349722723784597
PA039-R111 38.65461531621216 11.077549646920476 0.09061198420706636
PA197-R112 196.689168799342 11.213850075988951 0.0639983792893836
PA084-R112 83.6130351782113 11.1611219185498 0.01945485702481986
PA170-R113 169.57252129628102 11.312205556502322 0.018537071736130298
PA188-R114 187.95016246963368 11.566338946783098 -0.01161556626076924
PA113-R116 113.30027352889753 11.556306975635497 0.05964852497948193
PA083-R117 83.16303931275354 11.626744897334666 0.10858843360781363
PA183-R119 182.64373160610052 12.017253623379114 -0.04088567180905913
PA205-R119 204.56392396493075 12.092117309199606 0.03147280009924824
PA055-R120 54.69872425735836 12.027187294082317 -0.2447788512839494
PA090-R121 90.41960329625103 12.219097551572567 -0.13512324122994385
PA209-R122 209.11767316527326 12.250456245253389 0.020403515484596242
PA167-R122 167.31028302472725 12.30822681999116 -0.18296737320885292
PA092-R123 91.89386166142998 12.283908799960432 0.00982934939047532
PA034-R126 33.80636265734553 12.500225431460834 -0.006012818406578649
PA050-R126 49.56704135346802 12.51668027856183 0.5078627329538448
PA180-R130 179.65278141202975 13.147128231755238 -0.005845676120796485
PA167-R131 166.5517940651275 13.104493823293275 0.009356451135490544
PA174-R133 173.51988201380723 13.405947506703624 -0.07876732066228014
PA060-R134 59.54811629721563 13.391990848883347 -0.0954325521390938
PA090-R137 90.37148626651197 13.576524249482215 0.02108724813661561
PA085-R138 85.4203587455898 13.708833819360171 0.07976973492306391
PA033-R138 33.41051222448549 13.834027750554885 -0.08879758110561398
PA036-R139 35.80539579467498 13.843749455822017 -0.009854235403175884
PA054-R139 54.130759713821845 13.73066490940814 0.26832806705010814
PA209-R141 208.5545148928927 14.10040041323265 0.005769731793917737
PA353-R145 352.939665855005 14.449361064593708 -0.011365627315414878
PA074-R145 73.77528454134325 14.557926962683323 -0.015843675995707435
PA109-R145 109.45504622280768 14.533142571445596 0.06274048339413307
PA196-R146 196.22234888710852 14.726385161839072 0.035468012834428964
PA062-R147 62.1214087821436 14.648069826787463 0.06123252231413426
PA031-R147 31.45004973402716 14.593066878945619 0.23210210901164208
PA357-R148 357.1338782920824 14.68325844967102 0.02690939117491846
PA068-R148 67.69819306812978 14.975050967312038 -0.24612857075207334
PA156-R149 155.77451414381082 14.953458049400982 -0.024880716394339725
PA097-R151 97.37451753929106 15.14163249013798 -0.08718826210228729
PA002-R153 2.1181482259414346 15.260519909713885 -0.06025563701849701
PA360-R153 359.62449822700506 15.34459262347833 -0.16916363266120082
PA093-R153 92.81866801623983 15.419068408205884 -0.12243767650422961
PA357-R158 356.7918781067209 15.746077655589437 -0.035211692190322344
PA090-R158 89.90038943961278 15.779530105890645 -0.001056659463549367
PA347-R159 347.23241870930246 15.846352445906724 -0.009605531808885154
PA074-R159 74.47115232219531 15.908890938209694 -0.03952484836979575
PA174-R162 173.7600671732906 16.27835525367563 -0.010309605786970252
PA001-R163 0.8698648579361684 16.242095193037773 0.010336883176111436
PA355-R163 355.2658866141879 16.248354543412447 0.019092542758446587
PA004-R164 4.409480231911589 16.324720171321566 0.013528877822865243
PA348-R166 348.02635079617806 16.40382623069503 0.024824273888124013
PA076-R166 75.91849971694795 16.625251678448723 -0.00733673745337976
PA042-R168 42.41286944294083 16.672608386413124 -0.08737328376408199
PA162-R171 162.3248335902421 17.148053964907152 -0.060349004740138656
PA069-R172 69.0059169003032 17.165416911713514 0.05863818622111189
PA170-R174 170.1243093230256 17.48650298267619 0.05478812132603296
PA180-R174 180.01378891487656 17.517965202216047 0.031678569801698794
PA356-R175 355.5867692698721 17.444145066024458 -0.0160021287361891
PA189-R176 188.64232736446033 17.701207709618295 0.0597950561616184
PA198-R178 198.23955265921884 17.862028733802187 -0.05953775239997128
PA207-R178 207.03168652386574 17.848662679276362 0.029622640785451765
PA005-R178 5.2731820214216745 17.657996969704985 -0.03651599369103274
PA206-R180 206.20567409311846 18.123323356624923 0.06913176819974762
PA209-R181 209.31848710364113 18.155549660622654 0.030810961946083418
PA071-R183 70.76222382906155 18.2911226799089 0.027055057736556296
PA078-R183 77.5006301975835 18.443807886714186 -0.11540256290285718
PA006-R185 5.522816344565724 18.51545332895081 0.00890555288416521
PA198-R185 198.21764260514252 18.633310673564498 -0.009594630237811166
PA355-R186 354.84618775684214 18.39622513644775 0.03145460281535131
PA090-R187 89.82626085160686 18.662809511534874 0.04677894636027774
PA180-R189 180.32687525063494 18.906962640025395 -0.0008038796245574825
PA220-R189 219.93908421929567 18.869887800014855 -0.0018827733787404877
PA271-R189 270.57477783709874 18.91985700248498 0.38918568134405085
PA204-R191 203.9269727432652 19.142758407756812 0.004690460257872689
PA214-R197 213.9054444367864 19.847489255036344 -0.03230939523074204
PA091-R197 90.59056816065005 19.787179369650104 0.005675145221917949
PA282-R198 281.93430599348386 19.728086740211246 0.03666832354305878
PA210-R198 210.39669118198722 19.86144924282886 0.010867434693190292
PA206-R200 205.68483552276567 19.95436355993126 0.020209764860397092
PA203-R200 202.93730669612367 20.18547784377551 -0.1608368594022809
PA354-R202 354.06762896573895 20.104107479244465 -0.07391582629525072
PA085-R202 84.82342868761081 20.07468835057031 0.019687783811100576
PA092-R204 92.03975169791194 20.38135259585171 -0.037537171866427674
PA194-R204 194.03330611890365 20.395074656365857 0.012734796738793006
PA224-R205 224.2056099510396 20.53356802798143 -0.04936845216942411
PA202-R206 202.17207230451473 20.626786499608162 -0.019828765577855137
PA077-R212 77.20003853917879 21.282224757559362 -0.15240509086590115
PA205-R215 205.12327468049776 21.580196930418637 -0.03293574581160266
PA091-R215 91.00559429601124 21.4834128124094 0.0659733685650192
PA212-R215 211.98613816905123 21.64407839860607 -0.002810698135819953
PA238-R217 237.60742355182862 21.47226288154521 0.018853065995773355
PA076-R219 75.56131087204639 21.878338235042634 0.00267235723893193
PA077-R219 76.80858360911147 21.886525733581216 -0.13537828059659757
PA271-R220 270.8866412346092 22.01829303757677 -0.031435773194538746
PA177-R222 177.2899997741525 22.317409253487916 -0.05263667507664424
PA271-R224 271.25527958361334 22.299702338448842 -0.011000756478245916
PA185-R225 184.7717396256097 22.606381252652486 -0.017112402873607768
PA204-R225 204.4649080794199 22.63083516808748 0.029292695044919395
PA083-R226 83.07804039502408 22.545048464124378 -0.019233160221732507
PA177-R232 176.69351501381556 23.285298523679714 0.02512714272809094
PA230-R234 230.26700165995553 23.444416293083314 -0.009595105783070587
PA204-R234 204.38749406544923 23.574814824280157 0.0003591807597846941
PA238-R234 238.32058359631765 23.5304865044067 -0.14803432901069508
PA219-R235 219.0242389999707 23.590194662234637 0.02819200148423892
PA279-R237 278.5842547127372 23.69295909368961 0.12266095040048865
PA220-R249 219.52377272389026 24.948561488789284 0.041698703428861075
PA247-R249 247.2517830698292 24.92822880717102 0.09619131273547986
PA249-R252 248.57806544097872 25.32411932215525 -0.19996133745155792
PA093-R256 92.97826595434081 25.835938204586693 -0.25755846610638833
PA167-R257 166.59560512998968 25.80639060791652 -0.22603400527173023
PA348-R258 348.4534810994319 25.763586177864838 -0.021021659086268435
PA086-R259 86.35876212116817 26.052281489635146 -0.13680519043628958
PA094-R261 93.74912282892667 26.213111277906712 -0.1756781323230927
PA348-R264 348.02079036082057 26.441556429354073 -0.0021222722388095083
PA221-R266 220.8666898312242 26.685038627449735 -0.10719939571630852
PA249-R267 249.45697867809605 26.68396239230305 -0.006820499946990147
PA343-R268 342.69923396465583 26.674197281433166 0.10140070310190215
PA084-R268 84.48889595715141 26.88649467247388 -0.23262062637092568
PA241-R269 240.75203377829365 26.980910824000755 -0.11432338334776936
PA088-R273 87.75649694421752 27.172618812906098 -0.02076164901957875
PA194-R274 193.66338280665852 27.38712925583025 0.044172827448078766
PA085-R274 85.3436239582365 27.33498497159504 0.07072368311304422
PA244-R275 243.58882284408608 27.496943225057663 0.06679933781762841
PA162-R275 162.02841766461154 27.57261920071987 -0.03620071090905709
PA220-R284 219.5602978605077 28.516059433436297 0.036987855202418735
PA224-R286 223.80487115920315 28.720488981498125 0.040488950188018874
PA243-R287 243.04411802210387 28.89316957520889 -0.2281903340522702
PA190-R293 190.4969656328342 29.337038716290476 0.027335532321797612
PA089-R308 88.54510177171716 30.79383077825861 0.006674948148579357
PA156-R329 156.4496533289238 32.88597726327714 0.09710261538381365
PA157-R331 157.0440439800927 33.19312714972268 -0.12911231066653137
PA156-R336 155.77751731657355 33.475181613520846 0.28992660945289933
PA164-R337 163.5135339419548 33.676218766494635 0.05890205639943816
PA158-R351 158.0380970621678 35.25107592536662 0.007669741461835411
