m1-67/data/reproject/combo-DD-neutral-knot-ellipses.ecsv
# %ECSV 1.0
# ---
# datatype:
# - {name: label, datatype: string}
# - {name: Ellipse Center.ra, unit: deg, datatype: float64}
# - {name: Ellipse Center.dec, unit: deg, datatype: float64}
# - {name: Ellipse Sigma X, unit: arcsec, datatype: float64}
# - {name: Ellipse Sigma Y, unit: arcsec, datatype: float64}
# - {name: Ellipse Theta, datatype: float64}
# - {name: Ellipse Bright Peak, datatype: float64}
# - {name: Ellipse Bright BG, datatype: float64}
# meta: !!omap
# - __serialized_columns__:
#     Ellipse Center:
#       __class__: astropy.coordinates.sky_coordinate.SkyCoord
#       dec: !astropy.table.SerializedColumn
#         __class__: astropy.coordinates.angles.core.Latitude
#         unit: &id001 !astropy.units.Unit {unit: deg}
#         value: !astropy.table.SerializedColumn {name: Ellipse Center.dec}
#       frame: icrs
#       ra: !astropy.table.SerializedColumn
#         __class__: astropy.coordinates.angles.core.Longitude
#         unit: *id001
#         value: !astropy.table.SerializedColumn {name: Ellipse Center.ra}
#         wrap_angle: !astropy.coordinates.Angle
#           unit: *id001
#           value: 360.0
#       representation_type: spherical
#     Ellipse Sigma X:
#       __class__: astropy.units.quantity.Quantity
#       unit: &id002 !astropy.units.Unit {unit: arcsec}
#       value: !astropy.table.SerializedColumn {name: Ellipse Sigma X}
#     Ellipse Sigma Y:
#       __class__: astropy.units.quantity.Quantity
#       unit: *id002
#       value: !astropy.table.SerializedColumn {name: Ellipse Sigma Y}
# schema: astropy-2.0
label "Ellipse Center.ra" "Ellipse Center.dec" "Ellipse Sigma X" "Ellipse Sigma Y" "Ellipse Theta" "Ellipse Bright Peak" "Ellipse Bright BG"
PA296-R030 287.87786138603195 16.86099600699517 0.47434635711983075 0.3073134891079183 296.28153574111286 13.499315124216487 -12.661021947860718
PA067-R032 287.87948630932 16.860937634071604 0.2802175282496136 0.33336177744762485 66.86947493936553 11.043168922609778 -10.53635835647583
PA031-R033 287.87917946319334 16.86133082567131 0.29720580583075945 1.234891557339338 30.919260644413303 17.588657637057842 -17.191819190979004
PA072-R035 287.87487933298 16.844918016327842 162.04681328353942 178.88004982333553 71.97437921876036 8.164400505926544 -8.072164535522461
PA017-R038 287.8789506842054 16.86163227629421 0.7239014083790096 0.40754280127097847 16.829907671084754 11.844670456493255 -11.861467361450195
PA058-R044 287.8797646561249 16.861259849788304 0.43250258235698386 0.5707854629227966 57.69177263933969 6.518984198614814 -6.6494364738464355
PA338-R045 287.8782412373505 16.862362900518203 0.9784192180031024 0.10735495081760793 337.92334456075815 170.7602723989178 -14.915838241577148
PA050-R049 287.8798702845933 16.861291254771903 1.3724323267422858 1.8038475127841096 49.97813143674663 13.587316364789633 -12.3605055809021
PA028-R054 287.8793716535128 16.86194593407666 0.42742549463622836 0.48040824330639087 28.041795442239398 5.364192641214462 -5.409352540969849
PA262-R064 287.87680382167304 16.860369408174243 0.20991857342202572 0.24658550270737895 262.4843734024974 3.78599669939776 -3.0451788902282715
PA192-R066 287.8782496428824 16.85878505987186 0.2728247400662875 0.2941088335775806 191.92627434328423 3.6915177021852315 -3.379180431365967
PA202-R068 287.87790413254277 16.858844227236954 0.188331271290276 0.18115089274574522 201.81557485506812 3.5506247791794565 -2.128952980041504
PA251-R068 287.8767605850126 16.85997527203027 0.253807714963201 0.23451378636982267 250.60075274581175 2.818156714037711 -2.333448886871338
PA185-R071 287.87844588531254 16.858643253640064 0.20984537492829441 0.19365529620628602 185.20291541111195 3.1078911735627193 -2.230821132659912
PA177-R075 287.8787798841559 16.85852436329424 0.36372813567583334 0.37123789307688154 176.82857239170298 2.518376650735653 -2.448830723762512
PA042-R077 287.88013412909726 16.86219744072371 0.14329558993993488 0.25242571224509286 41.62550224073183 14.965426887991155 -8.060279846191406
PA330-R077 287.8774990999484 16.862456224868172 0.0959268148104011 0.07033538799379785 329.9013966731095 0.5943480185810506 0.14639811339785916
PA039-R083 287.8802357436101 16.862363642960396 0.13525022821772648 0.14516013062010139 39.060066349133635 12.46264113190543 0.13283353668014714
PA179-R085 287.8786785579558 16.85821813074354 0.16173814045125642 0.20321166300587096 179.24614909708282 1.101359540445743 -0.6006860733032225
PA219-R092 287.87674352304924 16.858796935079106 0.10502704758502002 0.5054355907494746 219.06780010195922 18.841132312817173 -0.8975210189819336
PA095-R093 287.8813543474512 16.8603562952668 0.1264831695029848 0.15287964670051682 94.99475790957146 1.0410755606504718 -0.3935360908508301
PA330-R093 287.8773258812214 16.862835010908533 0.5637099485264383 0.21294460646652644 330.1218969791886 1.9294629841161943 -1.4922351837158203
PA356-R098 287.878422714545 16.863326405981343 0.22063523721405418 0.21474846873047115 356.0208232478922 1.4449385109650075 -1.0150249004364014
PA253-R098 287.87593247727756 16.85978175776683 0.3552329644535564 0.5110979659706857 252.61919285610367 2.205915413118507 -2.1963475942611694
PA005-R101 287.8788949582991 16.863397376090198 0.20143902793854312 0.1944113290011641 5.0073121388263475 1.6445365657707787 -1.2094519138336182
PA357-R101 287.8783109896735 16.86320493732242 0.4710105010528898 0.1177073214134908 357.4631799779348 3.4320825829240973 0.07829420628401852
PA096-R102 287.8815949606937 16.860289113287827 0.10738333145543805 0.10874468564711239 95.87924919564686 0.5296462315275557 0.0006341361999511736
PA207-R102 287.87727362520855 16.858093551013077 0.2098197377874698 0.20213822009506016 207.252693260486 2.1202967204696006 -1.6038923263549805
PA203-R102 287.87748934793194 16.85796383861023 0.16674116392790927 0.13560123870002416 202.72686654996232 1.6681869246464094 -0.6990952491760252
PA359-R104 287.8785683013731 16.86348090901851 0.21423096767048772 0.11980350581117968 359.28660736819756 0.6397879605066977 -0.1267566680908201
PA290-R104 287.8758097273445 16.861591319962987 0.44592189669862625 0.3973393567897928 289.9597897996694 2.641356001730307 -2.600324273109436
PA193-R105 287.8779623070745 16.857739112789282 0.12055759920423535 0.13602815174751784 192.7757138783096 1.1607184825673877 -0.5022149085998535
PA043-R107 287.88074623867186 16.862761397393204 1.5817925627753397 0.3696418094086028 42.69704250086977 14.970897259342035 -13.406013965606686
PA062-R108 287.88141586591877 16.861977116203526 0.468215206533215 0.3197853486324816 62.40598436334054 1.847233370886108 -1.8259165287017822
PA227-R110 287.8763122706811 16.85852045148297 0.24533183365973107 0.21761187589217806 226.87355102948678 1.8303536244445728 -1.4582056999206543
PA203-R110 287.8773800545269 16.85777467412976 0.04454007551001887 0.04674981458416115 203.12007181342457 1.013908249535886 0.21925568580627447
PA044-R110 287.88087028448786 16.862810256240458 0.2591752944727332 0.16345183436014443 44.14564066395699 1.614512015964476 -1.0235280990600581
PA039-R111 287.88068827748793 16.86302491994155 0.037784854832970165 0.07031037414261475 38.65461531621216 1.5515121322801426 0.6939854372850016
PA197-R112 287.8776974512215 16.857622897735116 0.1717456062686094 0.1927577504052898 196.689168799342 1.7321953073449585 -1.099481225013733
PA084-R112 287.88187614162297 16.86092967560216 0.08528195143653534 0.10388418209157474 83.6130351782113 0.815133926793369 0.1119065551707438
PA170-R113 287.87923907727884 16.85751844934301 0.12551312116971636 0.15076260005385173 169.57252129628102 0.9548511903954428 -0.4463299512863159
PA188-R114 287.87815686990604 16.857442496119432 0.0845758910278918 0.10950303688663988 187.95016246963368 0.6756132841631969 0.002790093421936035
PA113-R116 287.88172018529866 16.85931971254678 0.197375142366712 0.18809538515980032 113.30027352889753 1.4055836207259853 -0.9280697107315062
PA083-R117 287.88203131510534 16.860978228782848 0.08584276773262708 0.1242978090678889 83.16303931275354 0.45192777520392563 0.021136559492488854
PA183-R119 287.8784694855226 16.857290202149972 0.08944848164216243 0.09959178321080243 182.64373160610052 0.49397713549139444 0.006985489077330216
PA205-R119 287.87720115004703 16.857570137176562 0.27929211742655313 0.23473869355434218 204.56392396493075 1.4354604418467078 -1.1940107345581055
PA055-R120 287.88150514848616 16.862529325417334 0.25892275583081276 0.7013944824628545 54.69872425735836 1.8366970554753201 -1.7665529251098633
PA090-R121 287.8821530218156 16.860575139351766 0.08460882816838115 0.09429050635250234 90.41960329625103 0.6347766948029245 0.0009779787063598636
PA209-R122 287.8769084077904 16.85764092229719 0.10391942940159384 0.11608780737066758 209.11767316527326 1.83286412996136 -0.5018744468688965
PA167-R122 287.87939907789973 16.857323806867203 0.12593295024057138 0.11174953733108067 167.31028302472725 0.5991168432787475 0.07324158032056442
PA092-R123 287.88221498380994 16.860506185083743 0.07199394168027107 0.06505276333943594 91.89386166142998 0.4722332545971581 0.1946150615780359
PA034-R126 287.8806642595019 16.863490734894327 0.0713328123828868 0.10477647800062456 33.80636265734553 1.053526681246566 0.006882381439208986
PA050-R126 287.8814334007582 16.86284715169942 0.2998249540943356 0.3261810739376414 49.56704135346802 1.1600408688470925 -1.0158352851867676
PA180-R130 287.87865004542755 16.856964803010804 0.11599549083589505 0.09360752861659438 179.65278141202975 1.256965898689815 0.2702666791000346
PA167-R131 287.8794702062781 16.857047859044943 0.2048959612728167 0.11350869908211132 166.5517940651275 1.5177951601268391 0.24833808439847652
PA174-R133 287.8790679938703 16.856929098663333 0.12116585152550509 0.1399201946015776 173.51988201380723 0.4753013467901071 0.01270310640335083
PA060-R134 287.881988364406 16.862479184731544 0.09020194398708069 0.08424896612861513 59.54811629721563 0.787386814546343 0.1437234402092966
PA090-R137 287.88258743268193 16.860558838843332 0.03099999999999996 0.03099999999999996 90.37148626651197 0.6962776993172358 0.1060342275671513
PA085-R138 287.8826206207476 16.86089909657253 0.11077577773836736 0.06167492230798642 85.4203587455898 0.5141265042153906 0.2505091828804341
PA033-R138 287.88085516256683 16.863794212071188 0.2470399502185799 0.23435643047742324 33.41051222448549 1.039673855672726 -0.8133361339569091
PA036-R139 287.8809853625932 16.86373264325133 0.13304932424848992 0.11990417327310904 35.80539579467498 1.1966463780941168 -0.5321974754333496
PA054-R139 287.88193305927797 16.862903074425912 0.13777679274121044 0.1879814688302695 54.130759713821845 0.2383023955935973 -0.11108493804931638
PA209-R141 287.8767013013307 16.85716727224814 0.16018205865284577 0.14584113336124618 208.5545148928927 1.564898870922249 -0.8313169479370117
PA353-R145 287.87812230391955 16.8645826455303 0.08300301131278129 0.07284857662108747 352.939665855005 1.0793985377635464 -0.1087687015533447
PA074-R145 287.8826860727765 16.861714782175767 0.20713848300822327 0.1975606110199681 73.77528454134325 1.3504308349744185 -0.8007822036743163
PA109-R145 287.8826261318157 16.85924646683653 0.22563148861563265 0.23288826373958196 109.45504622280768 0.8052441446409545 -0.569895029067993
PA196-R146 287.87744416641254 16.856688119984295 0.1955453237754347 0.18132246716741887 196.22234888710852 1.8721152946685893 -1.2988640069961546
PA062-R147 287.8824212380741 16.862511731020415 0.15710262510959083 0.12650123662928262 62.1214087821436 0.6523200588388134 -0.2744126319885254
PA031-R147 287.63153009372456 16.730248641361975 1384.9896861291456 119.12104902207304 31.45004973402716 10662.90326643588 -0.913292646408081
PA357-R148 287.8784148877615 16.864690773298484 0.0743311233398548 0.07274157378674649 357.1338782920824 1.05440992055134 -0.08336496353149411
PA068-R148 287.88260402594875 16.86214362615888 0.1902036645032253 0.11945118024875587 67.69819306812978 0.47599919556277914 -0.2075862884521484
PA156-R149 287.88040024399805 16.856822923578978 0.0472184898511994 0.05809033626635374 155.77451414381082 0.528850420289322 0.13220217462540407
PA097-R151 287.88298052406816 16.860052479143505 0.09758770133878687 0.07663848875023642 97.37451753929106 0.7491941344885545 0.0072413587570190445
PA002-R153 287.87927377657934 16.864141857146805 0.09299999999999989 0.09299999999999989 2.1181482259414346 1.4105281829833984 -10.76469898223877
PA360-R153 287.87916556728607 16.864548897816018 0.09299999999999989 0.09299999999999989 359.62449822700506 1.3796415328979492 -8.660661697387695
PA093-R153 287.8830841284062 16.8604045745462 0.0523871321100656 0.07051400295630304 92.81866801623983 0.4329873539181385 0.07744635111512867
PA357-R158 287.8783706108309 16.864961712064677 0.07544813611414386 0.048903441369638 356.7918781067209 0.45000469485371813 0.1027112134152369
PA090-R158 287.88323120807746 16.860612741544625 0.06918923993903343 0.08780574767666872 89.90038943961278 1.1150668985306065 0.17162559693155266
PA347-R159 287.87760731688184 16.864889596076246 0.03099999999999996 0.03099999999999996 347.23241870930246 0.49625986761387275 0.3000905513763428
PA074-R159 287.88309480077356 16.861778491019486 0.11379633240075611 0.10808664841708517 74.47115232219531 0.5061735011614884 0.012528445172424277
PA174-R162 287.87913978596487 16.856121361785778 0.07845835376886921 0.06514753564765258 173.7600671732906 0.6456568418259473 0.049356121762285925
PA001-R163 287.878709804075 16.86512779888884 0.0602486660630757 0.07010162929957983 0.8698648579361684 0.4699636375068088 0.20755408542539502
PA355-R163 287.8782435945852 16.865111386284536 0.0675943152421316 0.09135053460090976 355.2658866141879 1.0008466074352071 0.05320477634347711
PA004-R164 287.87900067722444 16.865135515005495 0.03099999999999996 0.03099999999999996 4.409480231911589 0.8299463070031324 0.20597982406616214
PA348-R166 287.877619591783 16.865066771863322 0.2878932441343335 0.1205517686673413 348.02635079617806 0.7313550716056865 0.03956124544143677
PA076-R166 287.8833316304406 16.861706043011257 0.05420741115435824 0.05752561999575924 75.91849971694795 0.9747187229573864 0.1341144462293997
PA042-R168 287.8816408018277 16.864260454260126 1.5063414094805978 0.4923067440495475 42.41286944294083 2.820867513694697 -0.2856564521789551
PA162-R171 287.88012451083415 16.85608161919284 0.04468863460208 0.05318563669245678 162.3248335902421 0.5198918131788597 0.25188731211387005
PA069-R172 287.88330843940736 16.86229910728672 0.1293655868523921 0.09373404116026801 69.0059169003032 0.5218110726779916 -0.1925736665725708
PA170-R174 287.87949814676404 16.855844169236025 0.23250123727852023 0.2690204008199986 170.1243093230256 0.9765866910439773 -0.8162903189659119
PA180-R174 287.878624919674 16.855741388361718 0.05702789062538594 0.12848268636803595 180.01378891487656 0.5044166727029067 0.17026938263673816
PA356-R175 287.8782422348107 16.86544064578759 0.10277070638299951 0.08479331419285774 355.5867692698721 1.4416461362627058 0.0045343017578125
PA189-R176 287.8778663966545 16.85574781696006 0.19165083248059198 0.23248027250406683 188.64232736446033 1.5235933786378402 -1.1335688829421997
PA198-R178 287.8769999425514 16.855927549363834 0.03099999999999996 0.03099999999999996 198.23955265921884 3.3971634791625296 1.604548692703247
PA207-R178 287.8762815549232 16.856191868421583 0.07674356457816199 0.08535803406905015 207.03168652386574 1.3716378171939758 0.13017271434020292
PA005-R178 287.8791132359994 16.865486815172343 0.03099999999999996 0.03099999999999996 5.2731820214216745 0.8191975064970627 0.1913072493430376
PA206-R180 287.8763122826789 16.856079514068956 0.14554466492390644 0.15040456211116254 206.20567409311846 1.1314027255954247 0.042511472702026376
PA209-R181 287.87605191608276 16.856207476541154 0.08535116992530109 0.06853152191152583 209.31848710364113 1.2622922017544176 0.22201127040866483
PA071-R183 287.8836653014325 16.86228095719295 0.1064170697929761 0.09000421112693077 70.76222382906155 0.3381016365461751 0.003146438598632813
PA078-R183 287.88383369581226 16.861648895475863 0.30226097056058837 0.09104520468181637 77.5006301975835 0.46936783476314975 0.009215333461761474
PA006-R185 287.87911737237 16.865736864121136 0.06155403512430655 0.06727216895068616 5.522816344565724 0.9296808818423908 0.42914668030730824
PA198-R185 287.8769660191222 16.855695778629382 0.049373600990416946 0.05754838075121084 198.21764260514252 1.095282086101946 0.13256564576471075
PA355-R186 287.87813863316416 16.8656868475306 0.14567344538568502 0.27948095136026635 354.84618775684214 0.9471626984756207 0.10230210342826938
PA090-R187 287.8840624625001 16.8606158582328 0.19901483509844578 0.20478963269352005 89.82626085160686 0.6618324359914726 -0.4893441796302795
PA180-R189 287.87859022130766 16.855359608855835 0.049055128806749365 0.08423295513436553 180.32687525063494 0.5292216288454207 0.152547732954733
PA220-R189 287.8751180308642 16.856597211623715 0.12797648753015411 0.1286293221260587 219.93908421929567 1.1214178560720345 -0.26278162002563465
PA271-R189 287.87315627355923 16.86065085527478 0.24501413566295183 0.21243973454458934 270.57477783709874 1.5502400382085237 -1.261708915233612
PA204-R191 287.87638982968144 16.855745441432344 0.09636329452304122 0.10951993506388166 203.9269727432652 0.798887146528156 -0.07965803146362302
PA214-R197 287.87544376423153 16.856041421607053 0.033487945951450035 0.06314339586452603 213.9054444367864 0.260220689229357 0.061770200729370194
PA091-R197 287.88438329272645 16.860541770716956 0.08273976438000284 0.1468388996908783 90.59056816065005 0.3304033979831405 0.035671209519785856
