m1-67/data/reproject/combo-AA-neutral-knot-peak-stats.ecsv
# %ECSV 1.0
# ---
# datatype:
# - {name: label, datatype: string}
# - {name: Peak Center.ra, unit: deg, datatype: float64}
# - {name: Peak Center.dec, unit: deg, datatype: float64}
# - {name: Gauss Center.ra, unit: deg, datatype: float64}
# - {name: Gauss Center.dec, unit: deg, datatype: float64}
# - {name: r_eff, unit: arcsec, datatype: float64}
# - {name: r_rms, unit: arcsec, datatype: float64}
# - {name: Gauss sigma, unit: arcsec, datatype: float64}
# - {name: Bright Peak, datatype: float32}
# - {name: Bright Gauss, datatype: float64}
# - {name: Core flux, datatype: float32}
# - {name: Bright BG, datatype: float32}
# - {name: MAD BG, datatype: float32}
# - {name: Fill fraction, datatype: float64}
# - {name: NaN fraction, datatype: float64}
# - {name: Peak SNR, datatype: float32}
# meta: !!omap
# - __serialized_columns__:
#     Gauss Center:
#       __class__: astropy.coordinates.sky_coordinate.SkyCoord
#       dec: !astropy.table.SerializedColumn
#         __class__: astropy.coordinates.angles.core.Latitude
#         unit: &id001 !astropy.units.Unit {unit: deg}
#         value: !astropy.table.SerializedColumn {name: Gauss Center.dec}
#       frame: icrs
#       ra: !astropy.table.SerializedColumn
#         __class__: astropy.coordinates.angles.core.Longitude
#         unit: *id001
#         value: !astropy.table.SerializedColumn {name: Gauss Center.ra}
#         wrap_angle: &id002 !astropy.coordinates.Angle
#           unit: *id001
#           value: 360.0
#       representation_type: spherical
#     Gauss sigma:
#       __class__: astropy.units.quantity.Quantity
#       unit: &id003 !astropy.units.Unit {unit: arcsec}
#       value: !astropy.table.SerializedColumn {name: Gauss sigma}
#     Peak Center:
#       __class__: astropy.coordinates.sky_coordinate.SkyCoord
#       dec: !astropy.table.SerializedColumn
#         __class__: astropy.coordinates.angles.core.Latitude
#         unit: *id001
#         value: !astropy.table.SerializedColumn {name: Peak Center.dec}
#       frame: icrs
#       ra: !astropy.table.SerializedColumn
#         __class__: astropy.coordinates.angles.core.Longitude
#         unit: *id001
#         value: !astropy.table.SerializedColumn {name: Peak Center.ra}
#         wrap_angle: *id002
#       representation_type: spherical
#     r_eff:
#       __class__: astropy.units.quantity.Quantity
#       unit: *id003
#       value: !astropy.table.SerializedColumn {name: r_eff}
#     r_rms:
#       __class__: astropy.units.quantity.Quantity
#       unit: !astropy.units.Unit {unit: arcsec}
#       value: !astropy.table.SerializedColumn {name: r_rms}
# schema: astropy-2.0
label "Peak Center.ra" "Peak Center.dec" "Gauss Center.ra" "Gauss Center.dec" r_eff r_rms "Gauss sigma" "Bright Peak" "Bright Gauss" "Core flux" "Bright BG" "MAD BG" "Fill fraction" "NaN fraction" "Peak SNR"
[from data line 132]
PA083-R226 287.8851250081227 16.86136856137358 287.88513571551863 16.861354371679013 0.09632752640818565 0.11165194932974823 0.07513230925874942 0.5223979 0.4367749586946869 15.846331 0.21250224 0.066850305 0.2333371822650616 0.0 7.8144426
PA177-R232 287.8790235288117 16.854169206360215 287.87902188146757 16.854157096977627 0.08361960594110274 0.1030158156002813 0.06473601988228643 0.89647925 1.0056580692471482 20.491934 0.26217806 0.09303868 0.1731684569156531 0.0 9.635554
PA230-R234 287.8734178821328 16.856452641284616 287.873420232513 16.856452786321046 0.11011514024109552 0.10973349201205979 0.0770163874398006 0.56387764 0.5483465168773262 22.351437 0.022138894 0.029627204 0.30727756115817284 0.0 19.032429
PA204-R234 287.87582923211573 16.85464385255553 287.8758195323293 16.854652914765843 0.08383438844333473 0.12882306724072526 0.09896595282596458 0.8199326 0.5847365841251914 18.838617 0.29040086 0.14398271 0.17538788482433057 0.10687022900763359 5.69466
PA238-R234 287.8728779077278 16.857183288213744 287.8728488738762 16.85717061480471 0.09088438777054139 0.10905256279780187 0.10969545337257057 0.17555088 0.09941057804822727 4.7403245 -0.005322635 0.0311476 0.20771205608661358 0.0 5.6360965
PA219-R235 287.87433671344775 16.855523010337386 287.87434197856953 16.855522246054086 0.090805269125067 0.10988123459936318 0.06296518888966571 0.5012706 0.48806937172347514 13.512036 -0.0021449924 0.034630507 0.20735056950495792 0.0 14.474827
PA279-R237 287.87185243559986 16.86158485439278 287.8718188488362 16.861576219643272 0.07135127911964524 0.10189905790005195 0.10338073698143681 0.17528614 0.07166399654177547 2.9172764 -0.0044624507 0.018749982 0.12704533293047024 0.0 9.348603
PA220-R249 287.8740299674079 16.855280825958015 287.874037291145 16.855271133752485 0.09381815914501199 0.09784616727340177 0.07931807677218101 0.3778826 0.3084413444434465 10.873196 0.060580015 0.031320363 0.21964888536293087 0.0 12.065077
PA247-R249 287.87194214358726 16.85795904068873 287.87196838620474 16.85795954315595 0.0751365042078902 0.14478863233075656 0.07858021312007679 1.0811058 0.5081631424118802 19.952469 0.19935715 0.10665184 0.14088253574516937 0.6183206106870229 10.136776
PA249-R252 287.87186116144255 16.858019315820613 287.8718517380846 16.85803433626632 0.08944682571938174 0.10685913795812409 0.05354423582402859 1.7961123 1.925600723547762 46.977493 0.16404545 0.09275234 0.19814468152595288 0.5 19.364605
PA093-R256 287.88605080913476 16.86022381009484 287.88605889164916 16.860227178207534 0.05994591072853188 0.08841926694874067 0.05271485446311738 0.20320964 0.17028580629341342 2.387206 0.26006663 0.040108114 0.08574820608988296 0.0 5.066547
PA167-R257 287.8803819378703 16.853644728544257 287.88037929366425 16.853639678185434 0.07996689364457675 0.113110379323082 0.0516598109379976 0.69109136 0.6667341179063373 14.447157 0.432162 0.16111207 0.1608064944927509 0.0 4.289507
PA348-R258 287.8771423406196 16.867612465887465 287.87714204575406 16.86763060422035 0.10526983840028897 0.11746096758620751 0.061114160907695475 0.2144481 0.21497732393473556 7.768847 0.039684296 0.025267273 0.2723847296004905 0.0 8.487188
PA086-R259 287.88613260560777 16.861024265176244 287.8861247514604 16.860864225656456 0.036827974211295765 0.18176104734287526 0.32940807129271676 0.20168352 0.40511386323296045 0.8942368 0.2864331 0.08063567 0.03358986160971902 0.0 2.5011702
PA094-R261 287.886176680623 16.86010416007315 287.88619311242223 16.86011568488922 0.07884316973461905 0.12339250265413605 0.07505646263989821 0.47750178 0.3055034336683225 9.703527 0.3048912 0.04220125 0.15279283738674077 0.0 11.314873
PA348-R264 287.87703480046923 16.867844698748296 287.87671295312043 16.8678880133298 0.10145151203514592 0.13865668203933237 0.2880636357851057 0.65417457 558.3699476263383 22.01087 0.116942406 0.061078727 0.2588213993952824 0.2 10.71035
PA221-R266 287.8735888153229 16.855014087615423 287.8735958171982 16.855012366139984 0.0291543015031504 0.09850091580730251 0.05828663111617331 0.65475696 0.49565179244774016 1.8193316 0.25805932 0.06828588 0.021050277984503544 0.5833333333333334 9.588468
PA249-R267 287.87140227407457 16.858036522452245 287.8713957218951 16.858014044577377 0.09760658234862117 0.09344516679928505 0.06471902910400124 0.47685778 0.4992376214294777 14.851611 0.15488517 0.047709227 0.23417097106015772 0.22556390977443608 9.995085
PA343-R268 287.8762968929143 16.867706719403493 287.8762950002918 16.867705449948083 nan 0.09009623110099463 0.05004581894369272 0.38969636 0.35852689361794077 -1.5509224 0.2314496 0.082178354 -0.029480167671486184 0.0 4.74208
PA084-R268 287.88640170815285 16.861343170455147 287.8863994053996 16.861335357703734 0.051130091964169816 0.09605038981684011 0.03099999999999996 0.8803334 1.372195327560922 7.523619 0.6173868 0.14182734 0.06676819920539856 0.9375 6.2070785
PA241-R269 287.87185163449783 16.856979498411462 287.87185803708076 16.856979782142798 0.09149180198047048 0.12905304045708407 0.09584817763808057 0.08144814 0.04870154266748016 2.2288046 -0.015047252 0.035567164 0.21049776810866136 0.0 2.2899811
PA088-R273 287.88651841208286 16.860877289075418 287.8865343250013 16.86084852829591 0.09353446038513755 0.1264881628369604 0.2463071856174862 0.22386628 0.08912091524878657 6.402631 0.1932779 0.048659384 0.22000189561110275 0.0 4.6006804
PA194-R274 287.8767653064433 16.853171492973395 287.87676972882485 16.853189428676703 0.1157975157968575 0.11755175917264256 0.05605805742399699 0.33571437 0.3644408335622237 14.716174 0.064795166 0.041536033 0.33462137120370644 0.0 8.082485
PA085-R274 287.8865542205766 16.861205552435003 287.8865490305234 16.86121485870479 0.11038253512336045 0.12625737207355112 0.10875955402047299 0.41546473 0.35747803505800624 16.548605 0.31633177 0.09055385 0.30405763815377507 0.0 4.5880404
PA244-R275 287.8715024220311 16.857201906654055 287.87150410676935 16.857203162452485 0.07468229987733585 0.10196550746064678 0.050424499919223834 0.4598466 0.3848706861402732 8.384455 0.025343925 0.023525864 0.1402550477247972 0.0 19.546427
PA162-R275 287.88111981452045 16.853343579176716 287.88112516875765 16.85333450961573 0.1063478512638105 0.11869675368999237 0.1016421343083403 0.6427537 0.5026297159524602 23.76449 0.367903 0.056018412 0.28440719017615684 0.17692307692307693 11.473972
PA220-R284 287.87338075516567 16.854497708693586 287.87336904209474 16.8545001628886 0.059859324795026154 0.09304075709180659 0.07399696207390616 0.39159882 0.3033146449366424 4.587029 0.069847465 0.040171504 0.08873933734315814 0.0 9.748175
PA224-R286 287.87288578057246 16.85485830039914 287.8728747552134 16.85485039831302 0.07402723392860348 0.13485469641881356 0.07569816962263683 0.3646678 0.323105373395085 6.532914 0.05469808 0.04355666 0.13780538118802585 0.0 8.372263
PA243-R287 287.87122141683386 16.85704526471741 287.8712204973229 16.857044438380978 0.04321239018331846 0.1556371315833146 0.03099999999999996 0.77434367 0.7633936631331403 4.7269044 0.06366265 0.03224647 0.04659848176796018 0.0 24.013285
PA190-R293 287.87707980302616 16.85261092632842 287.87708031413825 16.852607278310977 0.07149381570782556 0.10313694595314665 0.05846786867940321 0.6183338 0.4652845607588671 10.332048 0.07962009 0.041240573 0.1256353335272997 0.0 14.993338
PA089-R308 287.8875725507093 16.860801211669113 287.8875787817884 16.860805796910736 0.06787069892302118 0.1080661878305725 0.06338918557099588 0.3059199 0.21657152780385322 4.6067944 0.08509779 0.018850803 0.11408201853434245 0.0 16.22848
PA156-R329 287.8824517593688 16.852241125697258 287.8824604412546 16.85223500055131 0.08066856433463968 0.06641344454971676 0.06302416050730987 0.36889374 0.3962388457411525 7.8475924 0.57969034 0.0934006 0.1661977618932724 0.0 3.9495866
PA157-R331 287.88244366317895 16.852155543647243 287.88247038069017 16.852160460282384 0.05136926240731533 0.1783530816164767 0.06363883682078708 0.2939862 0.7731707136014232 2.5360632 0.581707 0.14461994 0.065850920349587 0.0 2.0328193
PA156-R336 287.88264937189484 16.85206049965522 287.8826609516334 16.85204335771895 0.09309302013615436 0.15898986786434077 0.11744433071329523 5.0608225 5.747914399739657 143.37778 2.5490377 0.524771 0.21301445925146117 0.849624060150376 9.643868
PA164-R337 287.8814083521619 16.85163050721047 287.88140980569864 16.851635216067574 0.04571312544000975 nan 0.0426711004022512 0.22056314 0.23849537672327287 1.5067502 0.234862 0.029869705 0.05214792353506307 0.0 7.3841753
PA158-R351 287.88244237032313 16.851527301958328 287.8824437674341 16.85153297652883 0.08558869085501854 0.1346385744308784 0.06531524306550414 0.59489495 0.45725927970479546 14.246216 0.5273678 0.062235832 0.18563913744549418 0.13953488372093023 9.558721
