m1-67/data/reproject/combo-D-neutral-knot-fluxes.ecsv
# %ECSV 1.0
# ---
# datatype:
# - {name: label, datatype: string}
# - {name: ICRS.ra, unit: deg, datatype: float64}
# - {name: ICRS.dec, unit: deg, datatype: float64}
# - {name: PA, unit: deg, datatype: float64}
# - {name: Sep, unit: arcsec, datatype: float64}
# - {name: Core Flux, datatype: float32}
# - {name: Halo Flux, datatype: float32}
# - {name: Bright Peak, datatype: float32}
# - {name: Bright BG, datatype: float64}
# - {name: Isolated, datatype: bool}
# meta: !!omap
# - __serialized_columns__:
#     ICRS:
#       __class__: astropy.coordinates.sky_coordinate.SkyCoord
#       dec: !astropy.table.SerializedColumn
#         __class__: astropy.coordinates.angles.core.Latitude
#         unit: &id001 !astropy.units.Unit {unit: deg}
#         value: !astropy.table.SerializedColumn {name: ICRS.dec}
#       frame: icrs
#       ra: !astropy.table.SerializedColumn
#         __class__: astropy.coordinates.angles.core.Longitude
#         unit: *id001
#         value: !astropy.table.SerializedColumn {name: ICRS.ra}
#         wrap_angle: !astropy.coordinates.Angle
#           unit: *id001
#           value: 360.0
#       representation_type: spherical
#     PA:
#       __class__: astropy.coordinates.angles.core.Angle
#       unit: *id001
#       value: !astropy.table.SerializedColumn {name: PA}
#     Sep:
#       __class__: astropy.coordinates.angles.core.Angle
#       unit: !astropy.units.Unit {unit: arcsec}
#       value: !astropy.table.SerializedColumn {name: Sep}
# schema: astropy-2.0
label ICRS.ra ICRS.dec PA Sep "Core Flux" "Halo Flux" "Bright Peak" "Bright BG" Isolated
[from data line 116]
PA092-R204 287.8845121112291 16.860370177260606 92.03975169791194 20.351477178788194 168.93152 628.3375 2.669256 0.2142098665237427 False
PA194-R204 287.8771968665637 16.85510025556412 194.03330611890365 20.376799954788467 260.47318 876.4976 3.92255 -0.12676770687103273 True
PA224-R205 287.8744795482342 16.85651244082781 224.2056099510396 20.5087223659346 81.07225 709.5815 1.1640855 0.0890546441078186 True
PA202-R206 287.8764140698698 16.855272470808707 202.17207230451473 20.567497520193836 225.99869 2103.2676 2.8018692 0.030884981155395515 False
PA077-R212 287.88463813028346 16.86190295141111 77.20003853917879 21.154082760191663 424.993 157.20914 7.042796 0.3080514192581177 False
PA205-R215 287.87605416501316 16.855194966606152 205.12327468049776 21.484081031420367 108.45568 2651.7332 1.8399205 0.574862003326416 False
PA091-R215 287.8849170205871 16.860499332021476 91.00559429601124 21.500348010281712 297.57446 698.13416 4.575595 0.38880290985107424 False
PA212-R215 287.87531635302685 16.85548773380296 211.98613816905123 21.533937877682064 214.60236 2302.41 3.0106525 0.4578864574432373 False
PA238-R217 287.8732918267766 16.857364913438914 237.60742355182862 21.670800472095003 21.746956 196.72086 0.27563953 0.007378172874450686 False
PA076-R219 287.8848270934292 16.862083779170597 75.56131087204639 21.92819127615792 285.86948 1101.8169 3.1406064 0.3619805693626404 False
PA077-R219 287.8848180920832 16.86198044610722 76.80858360911147 21.930559750761834 451.13635 976.90295 5.6584754 0.3159321784973145 False
PA271-R220 287.87223897709964 16.860705994541977 270.8866412346092 21.951598185904267 138.13638 172.09653 2.385826 0.03194452524185181 True
PA177-R222 287.8789424076148 16.854419982661728 177.2899997741525 22.197495029652874 110.88954 220.57025 1.541995 0.06374633312225342 True
PA271-R224 287.87214899655527 16.86074904728494 271.25527958361334 22.353403767252228 278.5094 331.83444 3.4416199 0.02905043363571167 False
PA185-R225 287.87815061829735 16.854368315616142 184.7717396256097 22.46754064730811 22.891218 120.2388 0.2493797 0.010416090488433838 False
PA204-R225 287.87590120956025 16.85488496463308 204.4649080794199 22.514026956724873 76.981285 663.8116 1.4308846 0.28131290674209597 False
PA083-R226 287.8851509955322 16.861360435886457 83.07804039502408 22.558559452841962 164.39471 1060.5919 2.2649562 0.2545029819011688 False
PA177-R232 287.8790233855307 16.854144426977207 176.69351501381556 23.199289667441274 431.8468 503.13654 7.2420535 0.024240732192993164 True
PA230-R234 287.87339982531245 16.85644352732948 230.26700165995553 23.404535779506947 182.31961 204.11835 2.8713982 0.23409717082977294 False
PA204-R234 287.87582023462636 16.8546352413216 204.38749406544923 23.4225029159944 176.38197 380.4131 2.5148582 0.2655560612678528 False
PA238-R234 287.87281495253325 16.857158233856758 238.32058359631765 23.44092972237505 34.35786 164.21458 0.49423158 0.043164169788360594 False
PA219-R235 287.87432661042874 16.855496326583072 219.0242389999707 23.503653024129004 49.368656 623.82245 1.0398018 0.21387730836868285 False
PA279-R237 287.87183403966185 16.861584314904704 278.5842547127372 23.71464173580181 40.056602 558.7198 0.61677855 0.1211525559425354 False
PA220-R249 287.87401169849886 16.85524659753623 219.52377272389026 24.90338017126823 212.16539 620.78357 2.855161 0.16378117799758912 False
PA247-R249 287.8719601406613 16.857915985717117 247.2517830698292 24.92300151970066 153.84395 304.03384 2.7546954 -0.14291186332702638 False
PA249-R252 287.871807174148 16.85803653626145 248.57806544097872 25.181903328362115 390.09045 362.48828 6.005045 -0.15537201166152953 True
PA093-R256 287.88607773875805 16.8602323490493 92.97826595434081 25.64016418476542 72.71511 250.85399 1.4676224 0.4833071708679199 False
PA167-R257 287.8803910148553 16.85360191995276 166.59560512998968 25.742931287646034 659.31616 1963.776 6.7098484 -0.9344217777252197 True
PA348-R258 287.8771427811369 16.86762942178858 348.4534810994319 25.845394573831438 59.945156 304.412 0.86497533 0.1416265368461609 True
PA086-R259 287.88617674669797 16.861015956566174 86.35876212116817 25.946337569164978 122.05038 258.46335 1.973314 0.4654247760772705 False
PA094-R261 287.886212702191 16.860111788591052 93.74912282892667 26.123691752755125 181.09082 278.4934 3.3393312 0.5260063111782074 False
PA348-R264 287.8769988077088 16.867818865131287 348.02079036082057 26.44627224177772 169.36269 408.2843 3.3565254 0.103718101978302 False
PA221-R266 287.87357082074504 16.85498825384094 220.8666898312242 26.591569110038247 230.74829 826.9174 3.3316045 0.1473710536956787 False
PA249-R267 287.8713572865055 16.85800207642477 249.45697867809605 26.708259258784533 66.14613 1412.9828 0.8745129 0.057463645935058594 False
PA343-R268 287.8762879475244 16.867724136013052 342.69923396465583 26.78417697853889 85.41358 707.85345 1.118156 0.10784916877746582 True
PA084-R268 287.8863567195227 16.86136900547393 84.48889595715141 26.800160136614075 1247.169 518.59125 22.06828 0.4301463603973389 False
PA241-R269 287.8718252094707 16.856934314645663 240.75203377829365 26.867638937114105 1.5063181 277.71515 -0.02812457 -0.09193757176399231 True
PA088-R273 287.8865906445584 16.860860941050607 87.75649694421752 27.30449147133537 118.72077 231.91594 1.9862987 0.4697047233581543 False
PA194-R274 287.8767649988689 16.85318858544122 193.66338280665852 27.41446161811034 70.93899 351.21246 0.77587426 0.023430585861206055 False
PA085-R274 287.8865906601201 16.861231218824802 85.3436239582365 27.431474278643382 166.04813 2301.5276 2.497186 0.47984015941619873 False
PA244-R275 287.87147428897373 16.857175413863274 243.58882284408608 27.46617378120109 53.897697 203.3187 0.49681556 -0.10286078453063964 False
PA162-R275 287.8811288117373 16.85331774573582 162.02841766461154 27.47934469729965 358.99594 2221.9514 3.0596476 -0.7992005348205566 True
PA220-R284 287.8733458936443 16.854497414863836 219.5602978605077 28.418568173668028 72.91838 434.87292 1.5080884 0.19526197910308837 False
PA224-R286 287.872869009999 16.854833235401593 223.80487115920315 28.596845517870875 105.32286 332.9444 1.7245498 0.039713549613952646 False
PA243-R287 287.87116837404136 16.8569687363461 243.04411802210387 28.707404855577785 41.930866 179.50696 0.5604081 0.05264151096343994 False
PA190-R293 287.8770799181399 16.85257719919138 190.4969656328342 29.288811227632436 176.64145 349.58884 2.3447313 -0.10130083560943604 False
PA089-R308 287.887598408047 16.860800622022737 88.54510177171716 30.800473748320062 44.243965 164.56995 1.0684156 0.43068748712539673 False
PA156-R329 287.88246042762574 16.85221550322848 156.4496533289238 32.85070143007623 195.47115 387.22626 3.4974918 0.2739231586456299 False
PA157-R331 287.8823884452193 16.85209494899301 157.0440439800927 33.097725031700975 96.16723 569.0835 1.621762 0.20946495532989504 False
PA156-R336 287.88263137744934 16.852086333336025 155.77751731657355 33.608446223283444 185.65259 2001.4905 4.433096 -0.3148275852203368 False
PA164-R337 287.8814167085033 16.851612742109086 163.5135339419548 33.66570924297562 78.15721 364.76813 1.1158342 0.03981969356536866 False
PA158-R351 287.8824604135512 16.851518003246287 158.0380970621678 35.096394021369534 390.55182 2829.8564 3.6559215 -0.9509337902069092 False
