m1-67/data/reproject/combo-DD-neutral-combo-AA-neutral-knot-seps.ecsv
# %ECSV 1.0
# ---
# datatype:
# - {name: label, datatype: string}
# - {name: PA, unit: deg, datatype: float64}
# - {name: R, unit: arcsec, datatype: float64}
# - {name: dR, unit: arcsec, datatype: float64}
# meta: !!omap
# - __serialized_columns__:
#     PA:
#       __class__: astropy.coordinates.angles.core.Angle
#       unit: !astropy.units.Unit {unit: deg}
#       value: !astropy.table.SerializedColumn {name: PA}
#     R:
#       __class__: astropy.coordinates.angles.core.Angle
#       unit: &id001 !astropy.units.Unit {unit: arcsec}
#       value: !astropy.table.SerializedColumn {name: R}
#     dR:
#       __class__: astropy.coordinates.angles.core.Angle
#       unit: *id001
#       value: !astropy.table.SerializedColumn {name: dR}
# schema: astropy-2.0
label PA R dR
PA296-R030 296.28153574111286 2.8760495320098007 0.05549917895568174
PA067-R032 66.86947493936553 2.99632381569228 0.08789545782380216
PA031-R033 30.919260644413303 3.2453362016808205 0.16633645614379466
PA072-R035 71.97437921876036 3.65663269025115 -0.04322892225013496
PA017-R038 16.829907671084754 3.678680583672174 -0.3293220607143489
PA058-R044 57.69177263933969 4.500435887346249 0.057367884585681705
PA338-R045 337.92334456075815 4.78504729438969 -0.41430716357181474
PA050-R049 49.97813143674663 4.9698130694193425 -0.0813657117622827
PA028-R054 28.041795442239398 5.378934020108849 0.008207858992326147
PA262-R064 262.4843734024974 6.5555858662006985 -0.12203931135142243
PA192-R066 191.92627434328423 6.690148755250331 0.02936346528450203
PA202-R068 201.81557485506812 6.857500108679315 -0.018599405181138253
PA251-R068 250.60075274581175 6.9982143200925515 -0.10753798281689497
PA185-R071 185.20291541111195 7.160626885444585 -0.03054200104842513
PA177-R075 176.82857239170298 7.493188329238705 0.048066789952903345
PA042-R077 41.62550224073183 7.674250371573307 -0.00568306046250279
PA330-R077 329.9013966731095 7.728739325608038 0.0015454759786223335
PA039-R083 39.060066349133635 8.352990115385722 0.04501930943588903
PA179-R085 179.24614909708282 8.620223109690244 -0.1401537049392146
PA219-R092 219.06780010195922 9.281371614968311 -0.05149104731178751
PA095-R093 94.99475790957146 9.388302552397754 -0.013702181074338148
PA330-R093 330.1218969791886 9.336834762103974 -0.10558541250011277
PA356-R098 356.0208232478922 9.8347504683084 0.1305491936649082
PA253-R098 252.61919285610367 9.782106761284119 -0.025553895473640238
PA005-R101 5.0073121388263475 10.211150561434287 -0.09045835220938495
PA357-R101 357.4631799779348 9.989153150555675 0.014230570195365722
PA096-R102 95.87924919564686 10.237742063958152 -0.015385018538572985
PA207-R102 207.252693260486 10.281758148646816 -0.05336960799200204
PA203-R102 202.72686654996232 10.333733403206983 0.09342343618530605
PA359-R104 359.28660736819756 10.313493786920457 -0.003935629793648532
PA290-R104 289.9597897996694 10.317918845255099 0.09170237992796905
PA193-R105 192.7757138783096 10.647267976976087 -0.04606999603235622
PA043-R107 42.69704250086977 10.84792216374284 -0.12890201514244148
PA062-R108 62.40598436334054 10.68765158597473 0.0703731433969011
PA227-R110 226.87355102948678 11.05803922493444 -0.05017029264407953
PA203-R110 203.12007181342457 11.110825125791251 -0.013824889008064688
PA044-R110 44.14564066395699 11.021191708234921 -0.02042580163717899
PA039-R111 38.65461531621216 11.168161631127543 -0.06567964712623411
PA197-R112 196.689168799342 11.277848455278335 -0.025349166048922386
PA084-R112 83.6130351782113 11.18057677557462 -0.0033145656303712814
PA170-R113 169.57252129628102 11.330742628238452 -0.009442849807655626
PA188-R114 187.95016246963368 11.55472338052233 -0.01998258761993863
PA113-R116 113.30027352889753 11.615955500614978 -0.04501447471318247
PA083-R117 83.16303931275354 11.73533333094248 -0.004920460120167412
PA183-R119 182.64373160610052 11.976367951570055 -0.01002790538779108
PA205-R119 204.56392396493075 12.123590109298855 -0.08715371598291433
PA055-R120 54.69872425735836 11.782408442798369 0.14672311802995439
PA090-R121 90.41960329625103 12.083974310342624 -0.017206516874366043
PA209-R122 209.11767316527326 12.270859760737986 -0.022204524453857746
PA167-R122 167.31028302472725 12.125259446782309 -0.018221941829576344
PA092-R123 91.89386166142998 12.293738149350906 0.025094636928885486
PA034-R126 33.80636265734553 12.494212613054255 0.005401808869545492
PA050-R126 49.56704135346802 13.024543011515675 -0.5254170976825829
PA180-R130 179.65278141202975 13.14128255563444 -0.04262781038123376
PA167-R131 166.5517940651275 13.113850274428765 -0.0016964261682640355
PA174-R133 173.51988201380723 13.327180186041344 0.002815269097066961
PA060-R134 59.54811629721563 13.296558296744253 0.11628143732930508
PA090-R137 90.37148626651197 13.59761149761883 -0.022157902752302158
PA085-R138 85.4203587455898 13.788603554283235 -0.02249903453679751
PA033-R138 33.41051222448549 13.745230169449272 0.01906689694224778
PA036-R139 35.80539579467498 13.833895220418842 -0.01096417641869886
PA054-R139 54.130759713821845 13.998992976458249 -0.008416040628662913
PA209-R141 208.5545148928927 14.106170145026569 -0.05371476281339476
PA353-R145 352.939665855005 14.437995437278293 0.043531332216497146
PA074-R145 73.77528454134325 14.542083286687616 -0.1306967294982725
PA109-R145 109.45504622280768 14.59588305483973 -0.06603349030931474
PA196-R146 196.22234888710852 14.761853174673503 -0.03727104472275242
PA062-R147 62.1214087821436 14.709302349101597 -0.0043795547363074255
PA031-R147 31.45004973402716 14.82516898795726 -0.12005052375945041
PA357-R148 357.1338782920824 14.710167840845939 0.007151181816611452
PA068-R148 67.69819306812978 14.728922396559964 -0.05161565591309987
PA156-R149 155.77451414381082 14.928577333006642 -0.029628315654167334
PA097-R151 97.37451753929106 15.054444228035692 0.043028068673870226
PA002-R153 2.1181482259414346 15.200264272695389 0.09905980333813694
PA360-R153 359.62449822700506 15.17542899081713 0.09863961117486039
PA093-R153 92.81866801623983 15.296630731701654 -0.005935492729083197
PA357-R158 356.7918781067209 15.710865963399115 0.008127854522818265
PA090-R158 89.90038943961278 15.778473446427094 -0.0013966276788412307
PA347-R159 347.23241870930246 15.836746914097839 0.0595008096381279
PA074-R159 74.47115232219531 15.8693660898399 -0.025106370255536387
PA174-R162 173.7600671732906 16.26804564788866 -0.026298683776444787
PA001-R163 0.8698648579361684 16.252432076213886 -0.0064658260644643445
PA355-R163 355.2658866141879 16.267447086170893 -9.34661462038966e-05
PA004-R164 4.409480231911589 16.338249049144434 -0.031260033540534554
PA348-R166 348.02635079617806 16.428650504583157 0.004156011885124433
PA076-R166 75.91849971694795 16.617914940995345 -0.007490085515743719
PA042-R168 42.41286944294083 16.58523510264904 -0.004661750058676528
PA162-R171 162.3248335902421 17.087704960167017 0.016366926621732072
PA069-R172 69.0059169003032 17.224055097934624 -0.04949932341669454
PA170-R174 170.1243093230256 17.541291104002223 -0.11514207334921735
PA180-R174 180.01378891487656 17.549643772017745 -0.023651142298343475
PA356-R175 355.5867692698721 17.428142937288268 0.05366967153846679
PA189-R176 188.64232736446033 17.761002765779914 -0.04896796026312954
PA198-R178 198.23955265921884 17.802490981402215 -0.011245150393360617
PA207-R178 207.03168652386574 17.878285320061813 -0.01665013630716347
PA005-R178 5.2731820214216745 17.621480976013956 0.0608736105624591
PA206-R180 206.20567409311846 18.192455124824672 -0.05342917168067243
PA209-R181 209.31848710364113 18.186360622568735 -0.006192985700084752
PA071-R183 70.76222382906155 18.318177737645456 -0.013640738418342277
PA078-R183 77.5006301975835 18.328405323811328 0.010923706505359607
PA006-R185 5.522816344565724 18.524358881834974 0.030159998614569597
PA198-R185 198.21764260514252 18.623716043326684 0.003144762358585698
PA355-R186 354.84618775684214 18.4276797392631 0.0030126788122510073
PA090-R187 89.82626085160686 18.70958845789515 -0.08795536321597984
PA180-R189 180.32687525063494 18.90615876040084 -0.027550928234759686
PA220-R189 219.93908421929567 18.868005026636116 -0.0027214828704852367
PA271-R189 270.57477783709874 19.30904268382903 -0.39719713598738404
PA204-R191 203.9269727432652 19.147448868014685 -0.022998237674590194
PA214-R197 213.9054444367864 19.815179859805603 0.021316697150292052
PA091-R197 90.59056816065005 19.792854514872023 -0.06113088524410219
PA282-R198 281.93430599348386 19.764755063754304 -0.030821993979651338
PA210-R198 210.39669118198722 19.87231667752205 -0.02218498881304022
PA206-R200 205.68483552276567 19.974573324791656 -0.01392607920737976
PA203-R200 202.93730669612367 20.024640984373228 0.12615784424723636
PA354-R202 354.06762896573895 20.030191652949213 0.04016165530119804
PA085-R202 84.82342868761081 20.09437613438141 -0.0009820092738508507
PA092-R204 92.03975169791194 20.34381542398528 0.0014386984545575188
PA194-R204 194.03330611890365 20.40780945310465 -0.028489409334011423
PA224-R205 224.2056099510396 20.484199575812006 0.0820731784835823
PA202-R206 202.17207230451473 20.606957734030306 0.08510701175553602
PA077-R212 77.20003853917879 21.12981966669346 -0.006169115158706842
PA205-R215 205.12327468049776 21.547261184607034 0.0034921665680042596
PA091-R215 91.00559429601124 21.54938618097442 0.016011406205022893
PA212-R215 211.98613816905123 21.641267700470248 -0.0021136094386510484
PA238-R217 237.60742355182862 21.491115947540983 0.26646135963470546
PA076-R219 75.56131087204639 21.881010592281566 0.004827852257403148
PA077-R219 76.80858360911147 21.75114745298462 0.006056065680446962
PA271-R220 270.8866412346092 21.986857264382227 -0.01000846506044005
PA177-R222 177.2899997741525 22.26477257841127 -0.029213198101993992
PA271-R224 271.25527958361334 22.288701581970596 -0.014233310195714208
PA185-R225 184.7717396256097 22.58926884977888 0.1020971265729937
PA204-R225 204.4649080794199 22.6601278631324 -0.07469507867826838
PA083-R226 83.07804039502408 22.525815303902647 -0.02385583274696866
PA177-R232 176.69351501381556 23.310425666407806 -0.05366873735149526
PA230-R234 230.26700165995553 23.434821187300244 -0.013709801960924
PA204-R234 204.38749406544923 23.57517400503994 -0.0046838770607571245
PA238-R234 238.32058359631765 23.382452175396004 0.12605014249276214
PA219-R235 219.0242389999707 23.618386663718873 -0.04513691916106337
PA279-R237 278.5842547127372 23.815620044090096 -0.03253649168477139
PA220-R249 219.52377272389026 24.990260192218145 -0.05280688683841697
PA247-R249 247.2517830698292 25.0244201199065 -0.04326598753189442
PA249-R252 248.57806544097872 25.124157984703693 0.032696813551272644
PA093-R256 92.97826595434081 25.578379738480304 -0.00997676222003717
PA167-R257 166.59560512998968 25.58035660264479 0.2025067203539666
PA348-R258 348.4534810994319 25.742564518778572 0.031097296188406162
PA086-R259 86.35876212116817 25.915476299198858 -0.06278809758410511
PA094-R261 93.74912282892667 26.03743314558362 -0.0029835954991057345
PA348-R264 348.02079036082057 26.439434157115265 0.10737150354398865
PA221-R266 220.8666898312242 26.577839231733428 0.0722917516048003
PA249-R267 249.45697867809605 26.67714189235606 0.015355453883812709
PA343-R268 342.69923396465583 26.775597984535068 0.0040503683849547195
PA084-R268 84.48889595715141 26.653874046102956 0.21596911751400397
PA241-R269 240.75203377829365 26.866587440652985 -0.05825575674800708
PA088-R273 87.75649694421752 27.15185716388652 0.00394372787981892
PA194-R274 193.66338280665852 27.43130208327833 0.09726879661791539
PA085-R274 85.3436239582365 27.405708654708086 -0.07397974136790081
PA244-R275 243.58882284408608 27.56374256287529 -0.06668331555179617
PA162-R275 162.02841766461154 27.536418489810814 -0.004784864079442064
PA220-R284 219.5602978605077 28.553047288638716 -0.0263403284641181
PA224-R286 223.80487115920315 28.760977931686142 -0.036103773612788936
PA243-R287 243.04411802210387 28.664979241156622 -0.0368567268377272
PA190-R293 190.4969656328342 29.364374248612275 -0.03879267160189978
PA089-R308 88.54510177171716 30.80050572640719 -0.03153235189910994
PA156-R329 156.4496533289238 32.98307987866096 -0.1107259913982507
PA157-R331 157.0440439800927 33.06401483905615 0.08301006755252333
PA156-R336 155.77751731657355 33.76510822297375 -0.04258183301769081
PA164-R337 163.5135339419548 33.735120822894075 -0.02780956992025352
PA158-R351 158.0380970621678 35.25874566682846 -0.0383191115298373
