m1-67/data/reproject/combo-E-ionized-knot-peak-stats.ecsv
# %ECSV 1.0
# ---
# datatype:
# - {name: label, datatype: string}
# - {name: Peak Center.ra, unit: deg, datatype: float64}
# - {name: Peak Center.dec, unit: deg, datatype: float64}
# - {name: Gauss Center.ra, unit: deg, datatype: float64}
# - {name: Gauss Center.dec, unit: deg, datatype: float64}
# - {name: r_eff, unit: arcsec, datatype: float64}
# - {name: r_rms, unit: arcsec, datatype: float64}
# - {name: Gauss sigma, unit: arcsec, datatype: float64}
# - {name: Bright Peak, datatype: float32}
# - {name: Bright Gauss, datatype: float64}
# - {name: Core flux, datatype: float32}
# - {name: Bright BG, datatype: float32}
# - {name: MAD BG, datatype: float32}
# - {name: Fill fraction, datatype: float64}
# - {name: NaN fraction, datatype: float64}
# - {name: Peak SNR, datatype: float32}
# meta: !!omap
# - __serialized_columns__:
#     Gauss Center:
#       __class__: astropy.coordinates.sky_coordinate.SkyCoord
#       dec: !astropy.table.SerializedColumn
#         __class__: astropy.coordinates.angles.core.Latitude
#         unit: &id001 !astropy.units.Unit {unit: deg}
#         value: !astropy.table.SerializedColumn {name: Gauss Center.dec}
#       frame: icrs
#       ra: !astropy.table.SerializedColumn
#         __class__: astropy.coordinates.angles.core.Longitude
#         unit: *id001
#         value: !astropy.table.SerializedColumn {name: Gauss Center.ra}
#         wrap_angle: &id002 !astropy.coordinates.Angle
#           unit: *id001
#           value: 360.0
#       representation_type: spherical
#     Gauss sigma:
#       __class__: astropy.units.quantity.Quantity
#       unit: &id003 !astropy.units.Unit {unit: arcsec}
#       value: !astropy.table.SerializedColumn {name: Gauss sigma}
#     Peak Center:
#       __class__: astropy.coordinates.sky_coordinate.SkyCoord
#       dec: !astropy.table.SerializedColumn
#         __class__: astropy.coordinates.angles.core.Latitude
#         unit: *id001
#         value: !astropy.table.SerializedColumn {name: Peak Center.dec}
#       frame: icrs
#       ra: !astropy.table.SerializedColumn
#         __class__: astropy.coordinates.angles.core.Longitude
#         unit: *id001
#         value: !astropy.table.SerializedColumn {name: Peak Center.ra}
#         wrap_angle: *id002
#       representation_type: spherical
#     r_eff:
#       __class__: astropy.units.quantity.Quantity
#       unit: *id003
#       value: !astropy.table.SerializedColumn {name: r_eff}
#     r_rms:
#       __class__: astropy.units.quantity.Quantity
#       unit: !astropy.units.Unit {unit: arcsec}
#       value: !astropy.table.SerializedColumn {name: r_rms}
# schema: astropy-2.0
label "Peak Center.ra" "Peak Center.dec" "Gauss Center.ra" "Gauss Center.dec" r_eff r_rms "Gauss sigma" "Bright Peak" "Bright Gauss" "Core flux" "Bright BG" "MAD BG" "Fill fraction" "NaN fraction" "Peak SNR"
PA296-R030 287.8778627711407 16.860955788999863 287.8778799044734 16.860922979946537 0.11705174296326896 0.13000798570209168 0.16870471533408396 7.340476 6.053490026740956 328.78082 11.120198 4.4433327 0.21848840480897486 0.0 1.6520203
PA067-R032 287.87947335735413 16.860904172851605 287.879483404207 16.860886591842743 0.08773412383154022 0.15339710418441882 0.1511186417281537 3.1490045 3.1560856764456817 79.23861 5.9435916 1.3572273 0.12395599440400823 0.0 2.3201747
PA031-R033 287.87916720826854 16.861351900850902 287.87916873566 16.86134835168267 0.1135071923093034 0.17899784734856772 0.11952663444754082 10.569052 9.903564330397144 445.15295 12.476694 1.2403135 0.2064634023928175 0.09803921568627451 8.521275
PA072-R035 287.8796172671925 16.860903995925376 287.87962035388296 16.86088464049811 0.10333332300798509 0.08417702977769907 0.11321306766233892 2.6468773 2.57682952915383 92.393425 7.356591 0.6482296 0.17111067678414138 0.0 4.0832405
PA017-R038 287.8789513862415 16.861618876255864 287.87896740523945 16.861610525450622 0.15360222733497553 0.14514209924952445 0.13228169167893142 4.288936 3.766397437011021 330.80426 6.480182 0.60051537 0.3708157539367676 0.0 7.142092
PA058-R044 287.8797702387726 16.86126566698071 287.8797726305544 16.861252170733824 0.10542993147814568 0.17056652857955368 0.1044582388207678 1.9330659 1.7209451959058866 70.24267 3.6106858 0.36310768 0.1746992331284743 0.0 5.3236713
PA338-R045 287.87819558871956 16.86176526013841 287.8781952365935 16.861762244555596 0.13266076790760953 0.1647694213874225 0.11115032097046434 12.926495 12.937780151446027 743.69055 9.999439 2.084715 0.28064521231302403 0.6682926829268293 6.2006054
PA050-R049 287.87972539864813 16.86148964563032 287.8797312954676 16.8614936082321 0.11310878021610263 0.11256259033229009 0.07864917232155473 2.3742237 2.52250957906908 99.29806 5.7677393 0.6535101 0.20602650008178108 0.0 3.633033
PA028-R054 287.87945552254354 16.86195476120241 287.8794786703519 16.86197752623959 nan 0.25607650896193174 0.12379493679280355 0.87209773 1.2299757847693158 -4.835489 3.5819724 0.47742736 -0.027179725029889273 0.0 1.8266605
PA262-R064 287.87681851968443 16.860361820442648 287.8768022692851 16.86036324098131 0.12374454983230104 0.13616098072807334 0.10201476711942813 3.4743655 3.1288103497506743 173.92184 2.4945009 0.24261248 0.24538526348039216 0.0 14.320638
PA192-R066 287.87820461318074 16.858871957955895 287.8782043526946 16.85885451872851 0.1026529580775982 0.15488279338882677 0.0945248218728079 1.9198198 2.2859283834800306 66.13478 5.1718855 1.0691104 0.16886484856699027 0.0 1.7957171
PA202-R068 287.8778987891498 16.858854628174154 287.8779102934588 16.858850256614016 0.14427726007974984 0.141421150110404 0.11614275858846383 4.484481 4.103960708875545 305.1648 4.8456697 0.3980167 0.33687663314366106 0.0 11.267067
PA251-R068 287.8767561303355 16.859974156948944 287.8767573560326 16.85998046413794 0.14085104024478023 0.13928805110390324 0.11190192839332061 2.2627804 2.1846192149414025 146.7537 3.3265836 0.49260807 0.32106667698019803 0.0 4.59347
PA185-R071 287.8784474767854 16.858656501976853 287.87843515786193 16.858639589375635 0.11696684527455221 0.12475363465912845 0.10030721076677289 2.2533069 2.069511479829915 100.77954 3.4837089 0.2420944 0.2181715802448552 0.0 9.307555
PA177-R075 287.8787804492129 16.858518859983135 287.87878751635066 16.858512915040553 nan 0.21924631287939167 0.07072009841796789 0.5886259 0.49808802593510404 -10.604771 4.2424455 0.17991018 -0.08831443973616057 0.0 3.2717764
PA042-R077 287.8801391507669 16.862187199668238 287.8801308094902 16.86220131156679 0.09945012369959223 0.1000469830431765 0.0786190356164131 2.8670902 4.046899410094041 92.69974 6.4076843 0.2962401 0.15927261202206167 0.6995073891625616 9.678266
PA330-R077 287.8775116313 16.862454061963383 287.8775067829877 16.862458117854253 0.13728986336441384 0.13619574369199108 0.1069614137661445 2.836687 2.7188200812260597 174.7893 4.3976207 0.5593476 0.3020461213354971 0.0 5.0714207
PA039-R083 287.8801032012093 16.862376709687858 287.88013620536725 16.86239039512097 0.16291474658268346 0.15558181501850388 0.14377193291206175 2.8111706 2.397435968983903 243.91273 7.6637793 0.52296877 0.4274164585057151 0.22167487684729065 5.375408
PA179-R085 287.8786724439783 16.85823462629718 287.8786724439783 16.85823462629718 0.14643992315806395 0.13705502554039797 0.10354866270150395 2.5624251 2.562425136566162 179.63736 5.711125 0.5324607 0.34364917231541053 0.0 4.8124213
PA219-R092 287.87696288983534 16.85860495992465 287.8769550394433 16.858590457729157 0.07621766287837205 0.12417252951798763 0.0914033458121661 2.9802957 2.8309830890867262 56.597477 4.0361614 0.713732 0.0935495498732393 0.2019704433497537 4.175651
PA095-R093 287.88139930584174 16.86034408128188 287.88141932200716 16.860314082860288 nan nan 0.1549999999999998 1.7411454 2.7294164603147486 -3.638317 3.5430396 0.87547374 -0.010243192607281255 0.0 1.9888036
PA330-R093 287.877286787264 16.862850256155475 287.8772830276666 16.862852685174712 0.14148898732770304 0.15255788709716164 0.10242616797257263 2.656361 2.6619410254755613 173.84366 2.9118505 0.3883109 0.31924043981040395 0.13658536585365855 6.84081
PA356-R098 287.87842943400113 16.86330661752605 287.87842697020585 16.863291325109287 0.13800863606596186 0.16430593529957882 0.08870735068519989 2.5492244 2.832019267843277 158.72563 5.240578 0.41637707 0.30521708843754786 0.0 6.1223936
PA253-R098 287.87592810119406 16.859784703925904 287.87591829480226 16.85979290349795 0.12957264178652428 0.13346480238485667 0.1045020860980309 1.204239 1.0483174955668533 66.094574 1.9435276 0.18700421 0.26386985412010777 0.0 6.4396358
PA005-R101 287.8788973869314 16.863392687259072 287.8788963525781 16.86340374272205 0.14416460828588537 0.14684052722806887 0.09516072150925886 2.4745593 2.442053732737003 168.12863 2.6741328 0.20743299 0.3397142791748047 0.0 11.92944
PA357-R101 287.87849253785464 16.863375383004293 287.8784882100904 16.86336760702398 0.07043553967924872 0.2055909191830695 0.10350883079272644 2.23705 1.74027809490487 36.281555 4.7428694 0.73223424 0.08028951021704343 0.0 3.0551016
PA096-R102 287.88151541857997 16.86030119392343 287.8814489144467 16.860255843724453 0.1066580298866749 0.180712995539975 0.22550640337999203 2.4250412 5.865683585491993 90.18467 6.0149565 0.6471839 0.18140937991258574 0.0 3.7470667
PA207-R102 287.87727783752933 16.858096835067833 287.8772777494134 16.85805800916043 0.12256126168622347 0.1312823037957831 0.12288983507114076 2.0713358 1.6511494352717866 101.71463 4.2795267 0.5424427 0.2419005708741437 0.0 3.818534
PA203-R102 287.8774937984362 16.85798485171724 287.8774697360829 16.857938532314535 0.12621882407439572 0.13205862022771994 0.14797100123792079 2.3256931 2.3230727903590447 121.12315 4.864069 1.0584648 0.2552963331633923 0.0 2.1972325
PA359-R104 287.8786005360161 16.863453056440587 287.87859933358015 16.863459618807795 0.14397572737128303 0.15162995521718894 0.11133794663592313 2.4183688 2.610188317351553 163.88062 4.2285633 0.3792379 0.33218107036515776 0.0 6.376918
PA290-R104 287.8758111394493 16.861592971525578 287.8758073890418 16.86159088222671 0.13004503774930193 0.13043294239990882 0.10359755723840916 1.6938136 1.5374364918316417 93.643936 0.9925024 0.15715691 0.26968711294778963 0.0 10.777849
PA193-R105 287.8779527060294 16.857691745940024 287.87796394724126 16.857682675278152 0.09111556864329064 0.12551714045369683 0.13953927288357276 2.454217 2.712114496144578 66.60773 4.766034 0.8529571 0.1336951420224946 0.0 2.877304
PA043-R107 287.8807510005406 16.86276436118493 287.8807576361086 16.862780821356345 0.11240120968822612 0.11437613268845735 0.06958760760408425 2.3841457 2.357543263812415 98.46939 8.222424 1.229794 0.20345689745372153 0.10837438423645321 1.9386545
PA062-R108 287.88140783268875 16.86196339551758 287.8814089016492 16.86196365615129 0.08255193793862022 0.12791187081153332 0.0927597604025097 0.7683337 0.7307053514198198 17.117128 2.4525626 0.32358932 0.10974506321798992 0.0 2.37441
PA227-R110 287.876323900857 16.85851880439482 287.87631252478 16.85851056746927 0.1004710790683561 0.08191556793185986 0.0978806723502994 2.2594633 2.056444089355787 74.56138 3.2481093 0.51170206 0.16255958444379234 0.0 4.4155836
PA203-R110 287.87736786042194 16.857769845830216 287.8773668552973 16.857769680625207 0.10928173101908738 0.14234058601167454 0.10377665371630403 3.0475569 3.010675070850003 118.97985 5.7364283 0.53748775 0.1876974105834961 0.0 5.6700025
PA044-R110 287.88084097197816 16.86283292759002 287.88084000398567 16.86283073696282 0.09784341317629912 0.13863336081554542 0.11161325112765406 2.1251345 1.8083912589332305 66.50834 8.231684 0.9990263 0.1534120615790872 0.0 2.1272058
PA039-R111 287.88070611173146 16.862970852901054 287.88070201970504 16.862984794153355 0.11673949820651547 0.1261624763378847 0.13625017308330642 3.9098701 4.081376134253452 174.1905 9.163996 2.0894794 0.2173242894614615 0.0 1.8712174
PA197-R112 287.87770059210783 16.85763186383826 287.8776811542765 16.857621784332082 nan 0.22274820213296248 0.07299519162607201 1.2751203 0.9971842080419999 -17.016338 4.7582464 0.14920163 -0.0654161210153617 0.0 8.546289
PA084-R112 287.88186681433484 16.86093008445155 287.8818716712074 16.860938810557528 0.13953466513389096 0.13597029564007695 0.08765157053252864 2.417172 2.7042195765147006 153.85027 5.0663295 0.34545088 0.31354124322900634 0.0 6.997151
PA170-R113 287.879230489526 16.85751994885963 287.87927934519445 16.85754297943786 0.09120540575686528 nan 0.12141404465663207 1.2681518 0.8887736829832702 34.485687 4.3160458 0.46986663 0.1333022491604674 0.0 2.698961
PA188-R114 287.87815960334444 16.857433760459227 287.87814997788234 16.857430252535742 0.11835478796597215 0.16139970600902503 0.11977502670391216 4.0408173 4.308549848076943 185.04074 5.658533 1.4680476 0.22338000041682546 0.0 2.752511
PA113-R116 287.8817136603829 16.859319559622495 287.8817273113303 16.859283846990404 0.1276525902415722 0.1627311944825276 0.14142151286843266 3.0411832 2.856048231815181 162.00497 3.2496235 0.50947475 0.2561075687408447 0.0 5.969252
PA083-R117 287.8820016934798 16.860938573434574 287.8820043472409 16.860920479155144 nan 0.20419706743095606 0.14279747209892302 1.0567446 1.1652461561214227 -52.816826 4.7139177 0.7850437 -0.24500340106440524 0.0 1.3460965
PA183-R119 287.8784745022421 16.857278883989775 287.87847201427326 16.857265921080153 0.12746280092208276 0.15130298110348 0.12892500943355809 2.961196 3.139170553479656 157.27531 5.295746 0.83036137 0.2590833710461128 0.0 3.5661533
PA205-R119 287.8771426388638 16.85762333862143 287.8771319295643 16.85760853180635 nan 0.1648369258743649 0.03099999999999996 0.7931833 1.1922049314332908 -96.68579 6.408654 0.8441019 -0.5975289064295152 0.0 0.93967724
PA055-R120 287.88146187192035 16.86259203672527 287.88147541916356 16.86257275017378 0.15666695443887932 0.1569046173829891 0.1299423778699749 1.5967312 1.469325010731451 128.11887 3.251605 0.42335498 0.3914059522675305 0.0 3.7716131
PA090-R121 287.882199739697 16.860533776068735 287.88221274789197 16.860523908744373 0.12351765150838609 0.15808263822339844 0.1862796496472902 1.8175378 1.9159340350147123 90.65004 5.19993 0.45569754 0.24569057596140895 0.0 3.9884741
PA209-R122 287.87690927532225 16.857640715250618 287.8769324962491 16.8576305473587 0.14654393033440372 0.15310553056311826 0.12746202546626056 4.550296 4.223030163570329 319.4492 4.698448 0.5747247 0.3441374909644033 0.0 7.917349
PA167-R122 287.8794012099583 16.857252914661956 287.8793933153423 16.85724127538297 0.11565745552846247 0.14990199828654813 0.16733249979491924 3.6004863 3.9052928991777276 157.44719 7.7900167 1.7738066 0.21541587942339516 0.0 2.0298078
PA092-R123 287.88220872233506 16.860508035527534 287.8822169241803 16.860525501190615 0.10002324455565102 0.06161664826641887 0.0948683697094451 1.2703547 1.2925670703738819 41.54831 6.1365347 0.47462916 0.1603238722857307 0.0 2.6765206
PA034-R126 287.88065196875925 16.86350455707809 287.8806501397497 16.863503507656915 0.14899325885561854 0.152402523494459 0.11566606155283005 3.940637 3.848683465279038 285.97375 6.627235 0.3234825 0.35400211985518293 0.0 12.181917
PA050-R126 287.88148888226823 16.862850181847996 287.88149434051303 16.862847706821587 0.08742995483889876 0.17504250828641515 0.09351209370500126 0.8337941 0.6521752986632227 20.83559 5.350661 0.58720326 0.12249456667432598 0.0 1.4199412
PA180-R130 287.87864551610926 16.856960303108377 287.878646746679 16.85694980533505 0.12764799669798646 0.14358822970749457 0.1424950043685151 4.239151 3.869769104540996 225.8049 9.423887 1.6083021 0.26369574518487005 0.0 2.6357927
PA167-R131 287.87949129035195 16.857063510319414 287.8794884171398 16.857046456732142 0.11915409676131172 0.12918886582980546 0.13369944022967986 3.8298073 3.5001127913299803 177.7548 9.465748 1.5515351 0.22863799597829434 0.0 2.4683986
PA174-R133 287.87905938245746 16.856908622770696 287.8790627593136 16.85690809597299 0.14662943381515242 0.14857782916523224 0.12387000162876821 2.8709998 2.8202011806891996 201.79108 5.136624 0.33468103 0.3462364309527017 0.0 8.578317
PA060-R134 287.88200169456763 16.862488605656612 287.8820013414284 16.862488744193527 0.15626163081328603 0.1427073876990532 0.10928652106649268 2.8271914 2.8549661298192865 225.67653 6.272831 0.51527166 0.38376720135028547 0.0 5.486798
PA090-R137 287.8825864777066 16.860542540335647 287.8825744309678 16.860536097984156 nan 0.17761520656840152 0.08228548515247167 0.6901016 0.7771859189057924 -29.562624 4.6151543 0.3857379 -0.20999055750229778 0.0 1.7890428
PA085-R138 287.88261351328646 16.860895472465973 287.8826123133456 16.860893090022184 0.12124965892774074 0.14395054756037545 0.09300263280858112 1.4593134 1.3894808058310195 70.13521 5.5015745 0.18306923 0.23105969795813927 0.0 7.9713745
PA033-R138 287.8809132820833 16.86378003509619 287.8809324840437 16.863776223976792 0.12464388910258119 0.16429978115404809 0.18547887862263354 3.1628637 3.38814550895985 160.63824 5.944277 1.5067198 0.24896500157374962 0.0 2.0991719
PA036-R139 287.8809849962592 16.863737164407333 287.8809739950552 16.863755986217914 0.14629218520277162 0.14511541092099767 0.12839753452095007 3.0471268 3.10935740850042 213.18628 7.8932247 0.9787712 0.3429561315798292 0.0 3.1132166
PA054-R139 287.8818666609012 16.862841594170796 287.8818615051343 16.862851194300003 0.08742612759383789 0.14681135108820598 0.08279035655499309 1.005959 1.2476582274327566 25.135601 4.8754315 0.5678592 0.12248384251314051 0.0 1.7714939
PA209-R141 287.87670197001006 16.85716680980339 287.87669597917755 16.857149506411343 0.13719558390891912 0.13809915395315414 0.10266478620859308 2.557427 2.6689923644293367 157.36566 4.355009 0.30079842 0.29583081832298863 0.0 8.502129
PA353-R145 287.87812354329316 16.864589681711774 287.87811601161786 16.864618394554302 0.008356807231686601 nan 0.079000396270296 1.3816748 1.3446867414444366 0.31543732 4.297431 0.2967944 0.0011246340174980351 0.0 4.655326
PA074-R145 287.8827035633258 16.861679109624855 287.8826818104224 16.86169340171046 0.07148398937535584 0.12172187686021163 0.04940588535776179 1.105428 4.053134617540332 18.46607 3.3928583 0.22730517 0.08229017962375886 0.15763546798029557 4.8631887
PA109-R145 287.88261356548765 16.859242090265493 287.88248781013715 16.858939207135645 nan 0.3766506104736866 0.43826267158443566 0.79113054 5.404440553037406 -0.68260956 4.7300634 0.23457909 -0.004271425528101402 0.0 3.3725536
PA196-R146 287.87744854015307 16.856684852206694 287.87744254832876 16.856687424183935 0.05399970767922122 nan 0.05930181516062786 1.7661381 1.8354507995581744 16.835808 2.2930918 0.099288225 0.04695839717470367 0.0 17.78799
PA062-R147 287.88240675239706 16.86250579820233 287.882412074454 16.86252532280712 0.16239081642283262 0.14781941697973253 0.12736868093183415 1.735558 1.683444639522219 149.61963 4.54504 0.31204462 0.4225900313433479 0.0 5.5618906
