m1-67/data/reproject/combo-E-ionized-knot-fluxes.ecsv
# %ECSV 1.0
# ---
# datatype:
# - {name: label, datatype: string}
# - {name: ICRS.ra, unit: deg, datatype: float64}
# - {name: ICRS.dec, unit: deg, datatype: float64}
# - {name: PA, unit: deg, datatype: float64}
# - {name: Sep, unit: arcsec, datatype: float64}
# - {name: Core Flux, datatype: float32}
# - {name: Halo Flux, datatype: float32}
# - {name: Bright Peak, datatype: float32}
# - {name: Bright BG, datatype: float64}
# - {name: Isolated, datatype: bool}
# meta: !!omap
# - __serialized_columns__:
#     ICRS:
#       __class__: astropy.coordinates.sky_coordinate.SkyCoord
#       dec: !astropy.table.SerializedColumn
#         __class__: astropy.coordinates.angles.core.Latitude
#         unit: &id001 !astropy.units.Unit {unit: deg}
#         value: !astropy.table.SerializedColumn {name: ICRS.dec}
#       frame: icrs
#       ra: !astropy.table.SerializedColumn
#         __class__: astropy.coordinates.angles.core.Longitude
#         unit: *id001
#         value: !astropy.table.SerializedColumn {name: ICRS.ra}
#         wrap_angle: !astropy.coordinates.Angle
#           unit: *id001
#           value: 360.0
#       representation_type: spherical
#     PA:
#       __class__: astropy.coordinates.angles.core.Angle
#       unit: *id001
#       value: !astropy.table.SerializedColumn {name: PA}
#     Sep:
#       __class__: astropy.coordinates.angles.core.Angle
#       unit: !astropy.units.Unit {unit: arcsec}
#       value: !astropy.table.SerializedColumn {name: Sep}
# schema: astropy-2.0
label ICRS.ra ICRS.dec PA Sep "Core Flux" "Halo Flux" "Bright Peak" "Bright BG" Isolated
PA296-R030 287.87786266766204 16.860955814700002 296.28153574111286 2.9841626738870715 1075.5969 46797.223 18.460674 7.044234752655029 False
PA067-R032 287.8794732948441 16.860904147857816 66.86947493936553 3.1549125149909147 35.10447 22659.57 9.092596 7.684754085540772 False
PA031-R033 287.87916736693546 16.861351926635756 30.919260644413303 3.3108251070294017 1453.8328 18410.35 24.7749 6.2373322486877445 False
PA072-R035 287.87961726150047 16.860904147230237 71.97437921876036 3.5235564474513 329.3455 9647.612 10.0034685 5.989586067199707 False
PA017-R038 287.8789514168714 16.861618871513173 16.829907671084754 3.803227856282498 404.85815 9616.382 10.769118 5.490235614776611 False
PA058-R044 287.8797702282245 16.861265813119978 57.69177263933969 4.378772881478465 89.50276 6367.7363 5.5437517 3.697020435333252 False
PA338-R045 287.87819558871956 16.86176526013841 337.92334456075815 4.521866041533656 1719.4478 14352.983 24.318195 3.922443222999573 True
PA050-R049 287.8797252398371 16.861489702249038 49.97813143674663 4.9470357908001645 391.77713 7967.718 8.141963 3.6106858253479004 False
PA028-R054 287.87936532375363 16.86192887048452 28.041795442239398 5.4263621184941275 -85.19693 7654.3247 4.33673 4.081608772277832 False
PA262-R064 287.8768189148594 16.860361641436175 262.4843734024974 6.350637941225752 362.35724 1393.5115 5.9688663 1.0600467085838319 True
PA192-R066 287.8782135912633 16.85886331573318 191.92627434328423 6.584807134813525 691.51355 1812.7668 7.1011806 1.1991497874259949 True
PA202-R068 287.8778986676362 16.85885470372299 201.81557485506812 6.759768181790186 769.0994 3699.994 9.330151 1.2684496998786927 True
PA251-R068 287.8767559335011 16.85997414086945 250.60075274581175 6.821162395568218 478.35577 1794.5398 5.589364 0.9040756940841674 True
PA185-R071 287.8784475347708 16.85865664942362 185.20291541111195 7.074820455075996 351.81448 3656.59 5.7370157 1.6417928457260131 True
PA177-R075 287.8787804536075 16.858518871696802 176.82857239170298 7.475119183735325 379.4073 3426.5427 4.8310714 1.553028404712677 True
PA042-R077 287.88009416101346 16.862204422211118 41.62550224073183 7.663316111213477 852.9751 4198.588 10.434832 2.085685205459595 True
PA330-R077 287.8775117398557 16.862454146403252 329.9013966731095 7.674085680330464 660.0283 1686.7712 7.234308 0.8587234616279602 True
PA039-R083 287.8801121583722 16.862385255417156 39.060066349133635 8.308393048281967 885.3364 5872.7954 10.47495 2.352277421951294 False
PA179-R085 287.87867247993694 16.858234705072935 179.24614909708282 8.519408373717578 446.0492 2051.7014 8.27355 3.713169527053833 False
PA219-R092 287.87696289673727 16.85860497599482 219.06780010195922 9.199690349976892 569.5139 2110.0479 7.016457 0.8143998861312867 True
PA095-R093 287.881353851149 16.86033579841648 94.99475790957146 9.321903082673638 419.93707 1937.2998 6.680351 1.7025663614273072 False
PA330-R093 287.8772957853341 16.862841645103423 330.1218969791886 9.330486013373456 363.86606 2763.6858 6.062656 1.5956817865371704 False
PA356-R098 287.87842953384103 16.8633066494028 356.0208232478922 9.782912671341565 732.6004 3883.7417 7.7898026 0.9547693729400635 True
PA253-R098 287.87592813202355 16.85978468718778 252.61919285610367 9.793772318367127 199.93896 1061.3359 3.1477666 0.9088156461715698 True
PA005-R101 287.8788974315352 16.86339276047292 5.0073121388263475 10.115936365100394 409.76065 2638.7017 5.148692 0.5839505076408387 True
PA357-R101 287.8784925199979 16.863375538347825 357.4631799779348 10.116243243106208 583.3534 4584.009 6.9799194 1.2429483532905579 False
PA096-R102 287.8815608016654 16.860275517819662 95.87924919564686 10.178391233994837 652.8696 4626.678 9.565637 2.667703914642334 True
PA207-R102 287.8772778236433 16.858096922766823 207.252693260486 10.213385398548805 464.87134 2490.1848 6.3508625 1.4543236374855042 True
PA203-R102 287.8774937711031 16.857984979640303 202.72686654996232 10.244036846699961 586.8646 2921.2014 7.189762 1.4465367078781128 True
PA359-R104 287.8786004963833 16.863453038399427 359.28660736819756 10.367132616032288 557.25775 5389.1807 6.646932 1.4139841556549073 False
PA290-R104 287.87581113269664 16.86159301894579 289.9597897996694 10.371434598825056 164.45541 550.42664 2.686316 0.4288609981536865 True
PA193-R105 287.87797065417993 16.85773525952835 192.7757138783096 10.535492309816057 627.8812 2805.6582 7.696542 1.1435036420822144 True
PA043-R107 287.88075101963426 16.8627641387768 42.69704250086977 10.707356881564325 663.5421 3523.9946 10.606569 3.494528460502625 True
PA062-R108 287.8814078622636 16.861963297698914 62.40598436334054 10.803883288615872 243.72348 2247.3076 3.2208962 0.9117280304431915 False
PA227-R110 287.8763240535272 16.85851885868839 226.87355102948678 10.957440029214718 371.5583 3098.8918 5.5075727 1.2546136379241943 False
PA203-R110 287.8773678036789 16.85776970112189 203.12007181342457 11.007756179808554 547.2707 3639.8152 8.783985 3.098195219039917 False
PA044-R110 287.88084100047973 16.862833026727984 44.14564066395699 11.04749837554651 729.702 4552.7896 10.356818 3.738431215286255 False
PA039-R111 287.8806970339432 16.8629794170978 38.65461531621216 11.114203809022609 1251.5752 6835.151 13.499509 2.8004938125610352 False
PA197-R112 287.8777007217404 16.857631925136463 196.689168799342 11.161835629378425 282.52673 3579.0928 6.0333667 2.749486207962036 True
PA084-R112 287.8818667409432 16.860929957715634 83.6130351782113 11.177524015082085 701.8931 2281.1233 7.4835014 0.9319968819618225 True
PA170-R113 287.8792303406421 16.85751998202567 169.57252129628102 11.295210816019617 386.25253 2324.7407 5.5841975 1.709071397781372 True
PA188-R114 287.87815960802374 16.85743387117149 187.95016246963368 11.426491994316251 734.7051 4596.586 9.69935 2.6212241411209107 False
PA113-R116 287.8817137502157 16.859319682270876 113.30027352889753 11.560079928382175 378.15045 1551.5121 6.290807 1.8101944923400881 False
PA083-R117 287.88200171000733 16.860947177787374 83.16303931275354 11.654695003981551 583.1188 4823.649 5.7706623 1.1403449535369874 False
PA183-R119 287.8784745294439 16.857278871672953 182.64373160610052 11.886321907780335 776.8237 4703.8945 8.256942 1.4367148637771607 True
PA205-R119 287.8771968477586 16.857554422215912 204.56392396493075 11.923778194336005 276.92792 1962.7396 7.638013 4.623228073120117 False
PA055-R120 287.8814618592986 16.862583296968033 54.69872425735836 12.015383889211755 399.68405 2732.8403 4.874408 1.1905495047569274 False
PA090-R121 287.88219065885806 16.860551063518123 90.41960329625103 12.093260660970929 349.39215 1654.2446 7.4068894 3.9475236892700196 False
PA209-R122 287.87690891875684 16.857640531105574 209.11767316527326 12.151300191368758 662.3524 5837.954 9.248744 1.8896955251693726 False
PA167-R122 287.8793922992448 16.85727025928192 167.31028302472725 12.155578123781261 939.9611 3319.7393 12.050314 3.5158699989318847 False
PA092-R123 287.88220865384494 16.86050800765279 91.89386166142998 12.302070271695632 357.8269 1636.716 7.4068894 3.943382501602173 False
PA034-R126 287.8806520494446 16.863504695316454 33.80636265734553 12.562377904588997 765.12134 5267.9 10.567872 3.0002777576446533 True
PA050-R126 287.88141687335855 16.862858853131904 49.56704135346802 12.579288239376472 338.95007 2985.604 6.0429707 2.9336206197738646 False
PA180-R130 287.87864548657 16.856960260633826 179.65278141202975 13.047910576140387 946.6942 4658.3945 13.663038 4.858182334899903 False
PA167-R131 287.87949127349395 16.85706359223426 166.5517940651275 13.092657659199855 937.3169 5726.26 13.295555 4.734861564636231 False
PA174-R133 287.8790593819594 16.85690859355248 173.51988201380723 13.318761877650125 481.86133 5605.546 8.007624 3.1885441303253175 False
PA060-R134 287.88200173737204 16.862488566672944 59.54811629721563 13.356809945837046 719.2183 2966.5254 9.100022 2.5263734817504884 False
PA090-R137 287.88258656624254 16.86054244522766 90.37148626651197 13.655069079842528 69.682526 2446.5522 6.0127015 4.473069381713867 False
PA085-R138 287.8826135673493 16.860895500265215 85.4203587455898 13.757538002330357 219.03601 1618.9285 6.960888 4.410506725311279 False
PA033-R138 287.88090399795357 16.86378885937879 33.41051222448549 13.809421841269197 609.24646 4359.193 10.43925 3.9891842126846315 False
PA036-R139 287.880984979794 16.86373719181021 35.80539579467498 13.89057484457009 707.9229 3913.3857 10.9403515 4.312571048736572 False
PA054-R139 287.8818667738103 16.86285884660033 54.130759713821845 13.923710067249017 386.6606 2979.9023 6.019179 2.6581520080566405 False
PA209-R141 287.87670197512995 16.857166918151712 208.5545148928927 14.103100349390585 294.47656 3184.6538 6.912436 3.248668074607849 False
PA353-R145 287.8781235972663 16.864589704407027 352.939665855005 14.469046238460129 494.9145 768.4046 5.6791058 0.724491286277771 True
PA074-R145 287.8826855676041 16.861687721088973 73.77528454134325 14.49317834167031 378.2791 1847.617 6.5586596 1.1292803883552551 True
PA109-R145 287.88261353264676 16.85924216693611 109.45504622280768 14.51218874991077 274.00455 1969.7559 5.521194 2.9397785663604736 False
PA196-R146 287.8774487904484 16.85668470161124 196.22234888710852 14.63432749622834 141.39218 1556.7307 4.05923 1.47620187997818 True
PA062-R147 287.8824066473278 16.862505781913562 62.1214087821436 14.66308539938589 317.82776 2957.6597 6.280598 3.071184253692627 False
PA031-R147 287.8808950029742 16.864047192809334 31.45004973402716 14.689298247893328 317.91595 4029.7456 7.1348095 3.786892867088318 False
PA357-R148 287.8784205341712 16.864684427166083 357.1338782920824 14.753784965895571 1029.5581 2931.7256 10.577737 0.7568475425243377 True
PA068-R148 287.882658584712 16.862204388280695 67.69819306812978 14.789679176532534 443.16937 2432.6309 7.6445594 3.120639276504517 False
PA156-R149 287.88040004223245 16.856813864290046 155.77451414381082 14.869046331318039 186.5205 2455.6978 4.492327 2.5777650594711305 False
PA097-R151 287.88300045847706 16.860060214689227 97.37451753929106 15.110538931828286 282.31372 1500.9612 5.1965947 2.409250593185425 False
PA002-R153 287.87878945621014 16.864822205015525 2.1181482259414346 15.266760452082998 860.5254 4988.8887 9.875261 1.109641146659851 False
PA360-R153 287.8786184922551 16.86487387173036 359.62449822700506 15.314657912783273 1134.5422 7634.323 11.031061 1.701089644432068 False
PA093-R153 287.88311743982507 16.86043910107597 92.81866801623983 15.3227473785155 375.5041 2938.2854 6.103288 2.9685720443725585 False
PA357-R158 287.8783755432734 16.864977204888337 356.7918781067209 15.773048466137206 259.00293 4780.4814 6.5477242 3.8116018056869505 False
PA090-R158 287.8832254178889 16.860576876485823 89.90038943961278 15.825309446908959 489.1663 2220.7715 8.150877 3.6005059242248536 False
PA347-R159 287.8776107043573 16.86489970247099 347.23241870930246 15.881003000556705 557.3103 3112.7793 5.4798136 0.5461641192436218 True
PA074-R159 287.8830994754833 16.861773823683087 74.47115232219531 15.88392729964669 403.64072 2539.6353 5.6896324 1.90439110994339 False
PA174-R162 287.8791403594184 16.856116371156133 173.7600671732906 16.2066860316981 325.24847 3002.5579 6.312704 2.839819884300232 True
PA001-R163 287.878708473388 16.865123593943277 0.8698648579361684 16.271204218608734 511.72015 7309.0283 8.9697485 4.035801982879638 False
PA355-R163 287.87824956946446 16.86510637135099 355.2658866141879 16.295925132835396 517.1939 4526.348 9.699075 3.463077974319458 False
PA004-R164 287.8790054112606 16.865132204750072 4.409480231911589 16.375801803428427 429.8042 5039.3125 7.571311 3.0433712005615234 False
PA348-R166 287.8776376978037 16.86506331371472 348.02635079617806 16.578023863007996 765.8899 3526.1936 9.4971695 1.733549976348877 False
PA076-R166 287.8833334206664 16.86170492961348 75.91849971694795 16.644017911931392 205.21988 1838.282 4.973725 2.4442046165466307 False
PA042-R168 287.88191178408954 16.86402995699952 42.41286944294083 16.75654606880907 377.35422 2622.858 6.4387326 1.9254587292671204 False
PA162-R171 287.8801301047091 16.856064699745144 162.3248335902421 17.073643954105012 147.67892 2531.3857 7.5929117 4.907265138626099 False
PA069-R172 287.8833064412409 16.862290485778086 69.0059169003032 17.197900389824706 81.19187 1636.3424 3.6688101 2.5516029596328735 False
PA170-R174 287.87950026562066 16.855823592203958 170.1243093230256 17.351780019240017 45.766304 3133.0415 2.977513 2.2518452167510987 True
PA180-R174 287.87862749122894 16.855746093973128 180.01378891487656 17.412671492984114 235.1001 2126.2524 5.535942 2.7818125247955323 True
PA356-R175 287.8782405706291 16.86544220466462 355.5867692698721 17.478152911453822 768.23975 4020.6797 13.296137 4.502437114715576 False
PA189-R176 287.8778626891983 16.85575470360101 188.64232736446033 17.63489875467805 272.2751 1787.4243 4.141406 0.5314590930938721 True
PA198-R178 287.87701690686936 16.855901087549775 198.23955265921884 17.77261149543183 462.65784 2305.137 6.5631537 1.8055747747421265 False
PA207-R178 287.8762790935094 16.856202469298445 207.03168652386574 17.776624687504565 857.47217 3399.9578 9.916662 2.0928773880004883 True
PA005-R178 287.8791133895629 16.86549387119773 5.2731820214216745 17.791628251783205 622.5464 3209.9126 9.212987 3.6281172752380373 False
PA206-R180 287.8762970900705 16.856107747282348 206.20567409311846 18.035399255148473 824.43243 4178.054 9.625469 2.48920476436615 False
PA209-R181 287.8760541509675 16.856219688819806 209.31848710364113 18.0942864263893 1113.5879 5681.5186 11.963984 1.7027639031410218 False
PA071-R183 287.8836663598326 16.86226464400317 70.76222382906155 18.263259839271008 153.22845 1930.5522 4.212657 2.4497309207916262 False
PA078-R183 287.8838732981489 16.861713527756496 77.5006301975835 18.313469628703977 303.42767 2656.8416 5.37693 2.5083165645599363 False
PA006-R185 287.8791133901597 16.86573498230698 5.522816344565724 18.49619153069004 788.66785 5805.41 10.981552 3.321735882759094 False
PA198-R185 287.87696292264127 16.855694420451773 198.21764260514252 18.532576222477886 491.85565 3077.6226 7.364073 2.3753442764282227 False
PA355-R186 287.8781415904883 16.865700537778064 354.84618775684214 18.583461478019462 819.4486 5835.7236 11.382615 4.152328014373779 False
PA090-R187 287.884062223858 16.860619911777974 89.82626085160686 18.66052194041143 59.167984 1016.74023 2.9507163 2.1164552688598635 False
PA180-R189 287.8785915006575 16.855358593969875 180.32687525063494 18.851977771279667 441.35577 1651.1252 7.4884186 2.60076642036438 False
PA220-R189 287.87513637940407 16.85658995303606 219.93908421929567 18.89532389182703 590.1465 3043.853 7.3516955 1.6553291082382202 True
PA271-R189 287.8731567650627 16.860654354320726 270.57477783709874 18.89944704233595 159.31409 511.5941 2.729379 0.46274938583374026 False
PA204-R191 287.87638707116537 16.855754692733253 203.9269727432652 19.0639206829023 645.1553 6735.004 8.239531 2.401782250404358 False
PA214-R197 287.8754423110501 16.856030235790897 213.9054444367864 19.671546227558665 127.43687 2782.603 4.611907 3.272723436355591 False
PA091-R197 287.884386146253 16.860551014134824 90.59056816065005 19.732389527449907 179.44292 586.2372 4.0825453 1.9978363752365114 False
PA282-R198 287.87303976039277 16.861730740060768 281.93430599348386 19.77660266704197 360.67 1623.9048 4.890561 0.3843463361263275 True
PA210-R198 287.8757392374029 16.85584940685208 210.39669118198722 19.800287386514533 770.9389 4019.1704 12.073563 4.519381523132324 True
PA206-R200 287.87611714276505 16.855625522938606 205.68483552276567 19.978673207922732 639.9001 4603.014 12.907312 6.283766365051269 False
PA203-R200 287.87635108413934 16.85545330345009 202.93730669612367 19.99021584632001 566.8185 6004.535 9.128545 3.864945960044861 False
PA354-R202 287.87804260941795 16.866165537508614 354.06762896573895 20.179401353034518 51.54576 2377.3535 4.745856 3.834211015701294 False
PA085-R202 287.8844491484655 16.86110212348179 84.82342868761081 20.18973416348814 368.4533 1002.6228 5.9761405 2.2731842041015624 True
