m1-67/data/reproject/combo-DD-neutral-knot-fluxes.ecsv
# %ECSV 1.0
# ---
# datatype:
# - {name: label, datatype: string}
# - {name: Center.ra, unit: deg, datatype: float64}
# - {name: Center.dec, unit: deg, datatype: float64}
# - {name: Peak.ra, unit: deg, datatype: float64}
# - {name: Peak.dec, unit: deg, datatype: float64}
# - {name: PA, unit: deg, datatype: float64}
# - {name: Sep, unit: arcsec, datatype: float64}
# - {name: Core Flux, datatype: float32}
# - {name: Halo Flux, datatype: float32}
# - {name: Bright Peak, datatype: float32}
# - {name: Bright BG, datatype: float64}
# - {name: Isolated, datatype: bool}
# meta: !!omap
# - __serialized_columns__:
#     Center:
#       __class__: astropy.coordinates.sky_coordinate.SkyCoord
#       dec: !astropy.table.SerializedColumn
#         __class__: astropy.coordinates.angles.core.Latitude
#         unit: &id001 !astropy.units.Unit {unit: deg}
#         value: !astropy.table.SerializedColumn {name: Center.dec}
#       frame: icrs
#       ra: !astropy.table.SerializedColumn
#         __class__: astropy.coordinates.angles.core.Longitude
#         unit: *id001
#         value: !astropy.table.SerializedColumn {name: Center.ra}
#         wrap_angle: &id002 !astropy.coordinates.Angle
#           unit: *id001
#           value: 360.0
#       representation_type: spherical
#     PA:
#       __class__: astropy.coordinates.angles.core.Angle
#       unit: *id001
#       value: !astropy.table.SerializedColumn {name: PA}
#     Peak:
#       __class__: astropy.coordinates.sky_coordinate.SkyCoord
#       dec: !astropy.table.SerializedColumn
#         __class__: astropy.coordinates.angles.core.Latitude
#         unit: *id001
#         value: !astropy.table.SerializedColumn {name: Peak.dec}
#       frame: icrs
#       ra: !astropy.table.SerializedColumn
#         __class__: astropy.coordinates.angles.core.Longitude
#         unit: *id001
#         value: !astropy.table.SerializedColumn {name: Peak.ra}
#         wrap_angle: *id002
#       representation_type: spherical
#     Sep:
#       __class__: astropy.coordinates.angles.core.Angle
#       unit: !astropy.units.Unit {unit: arcsec}
#       value: !astropy.table.SerializedColumn {name: Sep}
# schema: astropy-2.0
label Center.ra Center.dec Peak.ra Peak.dec PA Sep "Core Flux" "Halo Flux" "Bright Peak" "Bright BG" Isolated
[from data line 91]
PA356-R175 287.87824555788575 16.86543736980536 287.8782585669108 16.8654335935881 355.5867692698721 17.478152911453822 78.71738 316.53433 1.4633245 -0.05310094356536865 False
PA189-R176 287.8778506567709 16.85573675343211 287.87787168686924 16.855754703634933 188.64232736446033 17.63489875467805 37.307594 160.66087 0.70899487 -0.20259653329849242 True
PA198-R178 287.87700258293546 16.855922848873625 287.8769989112885 16.85592692074021 198.23955265921884 17.77261149543183 101.823944 231.97624 5.9048433 -0.12317298054695129 False
PA207-R178 287.8762769017558 16.85619269611285 287.8762790935094 16.856202469298445 207.03168652386574 17.776624687504565 97.57971 240.78716 1.7243576 -0.14345667362213135 True
PA005-R178 287.87911385111204 16.865485662218543 287.8791133895416 16.86548526008667 5.2731820214216745 17.791628251783205 33.922325 224.9314 0.91894484 -0.02258753776550293 False
PA206-R180 287.87632309122637 16.85607291929399 287.87633308134804 16.856064692133334 206.20567409311846 18.035399255148473 102.41974 317.9314 1.5442734 -0.0976819396018982 False
PA209-R181 287.8760513806678 16.856211720187197 287.8760541509675 16.856219688819806 209.31848710364113 18.0942864263893 101.33304 355.75574 1.565455 -0.162009197473526 False
PA071-R183 287.8836699538559 16.86227580780854 287.88367535781333 16.862264643784087 70.76222382906155 18.263259839271008 30.759401 292.8216 0.5629797 -0.08639613389968871 False
PA078-R183 287.88384350960376 16.861695017197984 287.88385530105336 16.861670472656158 77.5006301975835 18.313469628703977 48.82494 498.12912 1.4947174 -0.20930676460266112 False
PA006-R185 287.87912438917516 16.865736576119556 287.87912238830563 16.865734982286384 5.522816344565724 18.49619153069004 79.19835 316.34576 1.4604435 -0.01991063356399536 False
PA198-R185 287.8769648934745 16.85569449210216 287.87696292256464 16.85570303156282 198.21764260514252 18.532576222477886 48.08322 304.69296 1.3136749 -0.04613077640533447 False
PA355-R186 287.87814659845264 16.865707857537917 287.8781505886101 16.865709148910877 354.84618775684214 18.583461478019462 106.620705 455.6656 1.0708904 -0.04859393835067749 False
PA090-R187 287.8840760226974 16.860623123030322 287.88405322570924 16.86061130090283 89.82626085160686 18.66052194041143 27.142231 318.30777 0.3287598 -0.16705601215362548 False
PA180-R189 287.87858731737265 16.855359956036708 287.8785915006575 16.855358593969875 180.32687525063494 18.851977771279667 46.344273 261.98865 0.69969654 -0.07471177577972411 False
PA220-R189 287.8751205424705 16.85660025349752 287.8751363792442 16.856598564147106 219.93908421929567 18.89532389182703 103.656006 723.04034 1.1526341 -0.40985727310180664 True
PA271-R189 287.8730419956521 16.86071543751453 287.8731657632163 16.860645743448714 270.57477783709874 18.89944704233595 38.29035 242.3367 0.747854 -0.2670315146446228 False
PA204-R191 287.87638967368 16.85575048408944 287.8763960687338 16.85576330394251 203.9269727432652 19.0639206829023 40.027695 512.8821 1.0334606 -0.040526962280273436 False
PA214-R197 287.8754389459607 16.856041990715255 287.8754423107583 16.856047458012984 213.9054444367864 19.671546227558665 29.33672 209.11226 0.3774655 -0.13406014442443848 False
PA091-R197 287.8843899082996 16.86053527890628 287.8843861454685 16.86052518080162 90.59056816065005 19.732389527449907 37.97357 210.86444 0.4023192 -0.09884519577026367 False
PA282-R198 287.8730286234063 16.861728294846287 287.87303976039277 16.861730740060768 281.93430599348386 19.77660266704197 100.78712 876.62366 1.1739168 -0.5377589464187622 True
PA210-R198 287.8757218453245 16.855852950192524 287.8757212417857 16.855866628820092 210.39669118198722 19.800287386514533 99.69404 376.62793 1.7855301 -0.08818004131317138 True
PA206-R200 287.876143007721 16.855606369563702 287.87614413598726 16.855608301045326 205.68483552276567 19.978673207922732 100.239944 540.1055 1.7636456 0.031588172912597655 False
PA203-R200 287.8763843889902 16.85548714441825 287.87639607191 16.8554963595003 202.93730669612367 19.99021584632001 25.872192 385.70386 0.4905572 -0.020419764518737792 False
PA354-R202 287.87804132723494 16.86614519138554 287.8780426095003 16.866139704175495 354.06762896573895 20.179401353034518 22.284266 324.04504 1.2411289 -0.018058633804321288 False
PA085-R202 287.8844567344618 16.86108741944155 287.88445814586134 16.86108490100646 84.82342868761081 20.18973416348814 86.50109 147.56453 1.5238833 0.01280907988548279 True
PA092-R204 287.88454511408554 16.86037287839847 287.8845481027912 16.860370176234543 92.03975169791194 20.351477178788194 49.622334 223.24487 0.52710176 -0.09681471586227416 False
PA194-R204 287.8772038235101 16.855112999283946 287.8772058640723 16.85511747784912 194.03330611890365 20.376799954788467 37.70022 237.79443 1.318038 -0.04766215085983276 True
PA224-R205 287.8744876674908 16.856544032208834 287.87448854575183 16.85652105212023 224.2056099510396 20.5087223659346 23.390705 225.30463 0.53646016 -0.182227349281311 True
PA202-R206 287.87637239054857 16.855316702127876 287.87637807865826 16.855324137082793 202.17207230451473 20.567497520193836 41.199493 415.15887 0.7789078 -0.017963707447052002 False
PA077-R212 287.8846277303861 16.861904971726453 287.88462013408434 16.861894340821756 77.20003853917879 21.154082760191663 48.762283 138.28104 0.9052565 -0.052980899810791016 False
PA205-R215 287.87598596798995 16.855194156733454 287.8759911815032 16.855194965806092 205.12327468049776 21.484081031420367 18.710781 407.2054 0.63405085 0.03559806346893311 False
PA091-R215 287.884899006816 16.86048967358175 287.88489902450897 16.8604907214564 91.00559429601124 21.500348010281712 22.475796 224.9878 0.6556072 0.0660949468612671 False
PA212-R215 287.8753283684306 16.85550649134239 287.8753253502314 16.855513567280937 211.98613816905123 21.533937877682064 34.398254 303.4339 0.8762009 -0.030686557292938225 False
PA238-R217 287.8733643929924 16.857434289496158 287.873363806832 16.85743380418138 237.60742355182862 21.670800472095003 9.397957 154.29022 -0.007953942 -0.1811235249042511 False
PA076-R219 287.8848065574445 16.862087035425336 287.8848090977658 16.862092390819846 75.56131087204639 21.92819127615792 85.31093 461.04944 0.9718876 -0.04107901453971863 False
PA077-R219 287.8847939562636 16.861983385347845 287.8847910981818 16.86198044691274 76.80858360911147 21.930559750761834 79.124374 355.40417 0.9970951 -0.04535123705863952 False
PA271-R220 287.8722644459809 16.860705264203283 287.87227496872555 16.860705995655923 270.8866412346092 21.951598185904267 29.712307 131.27048 0.7995999 -0.11262013912200927 True
PA177-R222 287.8789327403096 16.85443282563361 287.8789244124253 16.854437204908816 177.2899997741525 22.197495029652874 39.48204 138.78207 1.6492858 -0.09952475428581238 True
PA271-R224 287.8721777778997 16.860753244889732 287.87218498818936 16.86074904841458 271.25527958361334 22.353403767252228 72.19186 176.65683 5.3517656 -0.1067403346300125 False
PA185-R225 287.87808673202926 16.854359402075282 287.87808763513885 16.85434248212254 184.7717396256097 22.46754064730811 11.907449 124.0787 0.0670495 -0.14342703223228453 False
PA204-R225 287.8758902212968 16.854895829734204 287.87591020669146 16.85491940919655 204.4649080794199 22.514026956724873 18.611378 247.25867 0.56144214 -0.05208778381347656 False
PA083-R226 287.8851371006517 16.861357316467615 287.88513299965695 16.861360436452866 83.07804039502408 22.558559452841962 38.644585 272.71716 0.639966 -0.025326800346374512 False
PA177-R232 287.87901834714893 16.854146093521283 287.8790143879532 16.854153038104478 176.69351501381556 23.199289667441274 58.11152 344.1709 1.1060638 -0.0002560853958129882 True
PA230-R234 287.8734168645603 16.85644763935533 287.87343581565244 16.85646075046286 230.26700165995553 23.404535779506947 31.581875 178.69513 0.54806674 -0.09794548749923707 False
PA204-R234 287.8758240610655 16.854645305484937 287.87582923211573 16.85464385255553 204.38749406544923 23.4225029159944 47.81508 221.19633 0.64523697 -0.07407251596450806 False
PA238-R234 287.87287948292743 16.857185555356292 287.87285094321993 16.857166845981098 238.32058359631765 23.44092972237505 14.592411 114.09772 0.18949413 -0.13328062891960143 False
PA219-R235 287.8743464429052 16.85550110194014 287.8743356074984 16.855522160104144 219.0242389999707 23.503653024129004 35.128864 351.4368 0.5302324 -0.21732034683227536 False
PA279-R237 287.8718055172716 16.861567955737296 287.87180704644 16.86156709179004 278.5842547127372 23.71464173580181 18.015133 47.68814 0.11947286 -0.1550540566444397 False
PA220-R249 287.87403192126214 16.85525480406951 287.8740566861053 16.855272431873995 219.52377272389026 24.90338017126823 72.71884 818.7942 0.5159714 -0.437642216682434 False
PA247-R249 287.8719262097137 16.857971584839884 287.8719241486481 16.857941817881557 247.2517830698292 24.92300151970066 31.153957 257.71298 3.1197767 -0.15132259130477904 False
PA249-R252 287.871857282443 16.858061527093614 287.8718611611335 16.858027926931644 248.57806544097872 25.181903328362115 43.07456 202.58464 1.9671872 -0.13986490964889525 True
PA093-R256 287.88605870954854 16.860224397738296 287.886050744769 16.860223738908427 92.97826595434081 25.64016418476542 26.59467 187.70163 0.48123848 0.02059025764465332 False
PA167-R257 287.88040343482487 16.853707762344367 287.88040001338277 16.853705253208272 166.59560512998968 25.742931287646034 105.6129 869.46204 2.2410045 0.044030725955963135 True
PA348-R258 287.87713361570775 16.867614178468216 287.8771427813423 16.86760358845564 348.4534810994319 25.845394573831438 14.5233345 153.43848 0.22738779 -0.03709121942520142 True
PA086-R259 287.88615548521574 16.861019582886343 287.8861497529344 16.86101595754933 86.35876212116817 25.946337569164978 34.173218 216.77162 0.54254055 0.01826443672180176 False
PA094-R261 287.88618465709203 16.86010818600976 287.88617671033535 16.860103178796304 93.74912282892667 26.123691752755125 38.446365 217.00452 0.7393447 0.023910075426101685 False
PA348-R264 287.8770236456914 16.86778978108339 287.8769988078588 16.867801642909345 348.02079036082057 26.44627224177772 17.136425 189.4096 1.6020069 -0.045596033334732056 False
PA221-R266 287.87356578239655 16.855055169021753 287.8735888153229 16.855014087615423 220.8666898312242 26.591569110038247 51.318184 953.6772 0.49378967 -0.4969360828399658 False
PA249-R267 287.8713824872623 16.858042575314407 287.87137528040523 16.858045132614418 249.45697867809605 26.708259258784533 46.284256 333.8764 2.4556255 -0.12631653547286986 False
PA343-R268 287.8762990885075 16.86770197422788 287.876296945979 16.867706913893734 342.69923396465583 26.78417697853889 51.253044 362.0674 0.4767325 -0.1822981595993042 True
PA084-R268 287.886347632967 16.8613076396776 287.8864107039674 16.861291503450644 84.48889595715141 26.800160136614075 -2.3454516 340.4381 1.0569377 -0.021689105033874497 False
PA241-R269 287.87184325797506 16.856962141730342 287.87184320368533 16.856968759683415 240.75203377829365 26.867638937114105 12.522171 144.99878 0.070470214 -0.13304060697555542 True
PA088-R273 287.8865215111854 16.860878394687553 287.8865186619652 16.860878166030883 87.75649694421752 27.30449147133537 22.244888 254.48795 0.45596552 0.04479804039001465 False
PA194-R274 287.8767609797849 16.85320808101393 287.8767739962472 16.853205807744867 193.66338280665852 27.41446161811034 29.420313 205.2791 0.31171584 -0.131375253200531 False
PA085-R274 287.8865743185091 16.86122426945929 287.8865726642572 16.861231219516725 85.3436239582365 27.431474278643382 70.899765 619.2868 0.6222768 -0.1905900001525879 False
PA244-R275 287.8714896921107 16.85718720809437 287.8715012812128 16.857201248132167 243.58882284408608 27.46617378120109 18.857536 171.94485 0.52657914 -0.11089922189712524 False
PA162-R275 287.88111752508627 16.853337433330058 287.88111981452045 16.853343579176716 162.02841766461154 27.47934469729965 34.736794 1641.56 0.5389571 -0.008828878402709961 True
PA220-R284 287.87337186721436 16.85449296684736 287.87337288647734 16.85449741555487 219.5602978605077 28.418568173668028 45.725277 593.0619 0.37641716 -0.28352260589599604 False
PA224-R286 287.8728684749493 16.854844267530197 287.8728780071006 16.854850457875074 223.80487115920315 28.596845517870875 19.908339 203.61542 0.84374523 -0.045541238784790036 False
PA243-R287 287.8712211392938 16.85701741698544 287.8712223577079 16.8570376271823 243.04411802210387 28.707404855577785 15.1847 135.23302 0.27282214 -0.0847674548625946 False
PA190-R293 287.877078758755 16.85259359937568 287.877079917926 16.852603032524204 190.4969656328342 29.288811227632436 30.16781 155.10075 0.77616906 -0.06158888339996338 False
PA089-R308 287.8875832297868 16.860803704905756 287.8875804122252 16.860800622802504 88.54510177171716 30.800473748320062 9.484008 152.21786 0.38575435 -0.005545598268508908 False
PA156-R329 287.8824466718019 16.852202592500934 287.8824424324479 16.85220689244923 156.4496533289238 32.85070143007623 73.5479 280.03094 1.0501878 0.10396690368652343 False
PA157-R331 287.8824423876497 16.852176335070194 287.8824424317561 16.852172448005607 157.0440439800927 33.097725031700975 71.53111 317.21033 1.0501878 0.11410969495773315 False
PA156-R336 287.8826404265953 16.852046809184365 287.88264937189484 16.85206049965522 155.77751731657355 33.608446223283444 139.8762 1290.6263 7.8783636 0.19821447134017944 False
PA164-R337 287.88141545226966 16.851623292153622 287.88141670875575 16.85162996433087 163.5135339419548 33.66570924297562 33.742058 330.90637 0.43235135 -0.06765522956848144 False
PA158-R351 287.88245607826457 16.851521562874133 287.88245141625526 16.851526614523177 158.0380970621678 35.096394021369534 43.30246 1964.5803 1.1034117 0.22817633152008057 False
