m1-67/data/reproject/combo-AA-neutral-combo-D-neutral-knot-seps.ecsv
# %ECSV 1.0
# ---
# datatype:
# - {name: label, datatype: string}
# - {name: PA, unit: deg, datatype: float64}
# - {name: R, unit: arcsec, datatype: float64}
# - {name: dR, unit: arcsec, datatype: float64}
# meta: !!omap
# - __serialized_columns__:
#     PA:
#       __class__: astropy.coordinates.angles.core.Angle
#       unit: !astropy.units.Unit {unit: deg}
#       value: !astropy.table.SerializedColumn {name: PA}
#     R:
#       __class__: astropy.coordinates.angles.core.Angle
#       unit: &id001 !astropy.units.Unit {unit: arcsec}
#       value: !astropy.table.SerializedColumn {name: R}
#     dR:
#       __class__: astropy.coordinates.angles.core.Angle
#       unit: *id001
#       value: !astropy.table.SerializedColumn {name: dR}
# schema: astropy-2.0
label PA R dR
PA296-R030 296.28153574111286 2.9315487109654828 0.09232334640872915
PA067-R032 66.86947493936553 3.0842192735160823 0.0018494824713452453
PA031-R033 30.919260644413303 3.4116726578246155 0.012307428904131251
PA072-R035 71.97437921876036 3.613403768001015 -0.05991591956459805
PA017-R038 16.829907671084754 3.3493585229578255 0.4104103238133642
PA058-R044 57.69177263933969 4.5578037719319315 -0.010059756192355197
PA338-R045 337.92334456075815 4.370740130817875 0.20314363050625545
PA050-R049 49.97813143674663 4.88844735765706 0.0244817591146803
PA028-R054 28.041795442239398 5.387141879101176 0.03213829450265625
PA262-R064 262.4843734024974 6.433546554849276 0.017999747571384537
PA192-R066 191.92627434328423 6.719512220534833 0.05774292962274184
PA202-R068 201.81557485506812 6.838900703498177 0.07638275743352599
PA251-R068 250.60075274581175 6.890676337275657 0.07127673067491647
PA185-R071 185.20291541111195 7.13008488439616 0.07036569438383222
PA177-R075 176.82857239170298 7.541255119191608 0.006012779963336309
PA042-R077 41.62550224073183 7.668567311110804 0.004512565472097017
PA330-R077 329.9013966731095 7.730284801586661 0.040545782469975956
PA039-R083 39.060066349133635 8.398009424821613 0.08007665572724187
PA179-R085 179.24614909708282 8.48006940475103 0.23926487701682927
PA219-R092 219.06780010195922 9.229880567656522 0.17902567831132277
PA095-R093 94.99475790957146 9.374600371323416 0.06142110066401207
PA330-R093 330.1218969791886 9.231249349603862 0.25788719910324176
PA356-R098 356.0208232478922 9.965299661973308 -0.03677067830775548
PA253-R098 252.61919285610367 9.756552865810479 0.0716692174931444
PA005-R101 5.0073121388263475 10.120692209224904 0.15031479769965045
PA357-R101 357.4631799779348 10.00338372075104 0.20448434930606402
PA096-R102 95.87924919564686 10.222357045419578 0.1314798448956704
PA207-R102 207.252693260486 10.228388540654814 0.07871169404752351
PA203-R102 202.72686654996232 10.427156839392289 0.00477054876171553
PA359-R104 359.28660736819756 10.309558157126808 -0.01763134064051413
PA290-R104 289.9597897996694 10.409621225183068 0.07171479701775056
PA193-R105 192.7757138783096 10.60119798094373 0.14030178474441682
PA043-R107 42.69704250086977 10.719020148600398 0.047161150483799805
PA062-R108 62.40598436334054 10.758024729371632 0.044429450246188766
PA227-R110 226.87355102948678 11.007868932290359 0.1415766903565695
PA203-R110 203.12007181342457 11.097000236783188 0.06096024138370071
PA044-R110 44.14564066395699 11.000765906597742 0.017213829930192576
PA039-R111 38.65461531621216 11.102481984001308 0.10996292182030715
PA197-R112 196.689168799342 11.252499289229412 0.039747020155323984
PA084-R112 83.6130351782113 11.177262209944248 0.08547269324260531
PA170-R113 169.57252129628102 11.321299778430797 0.09172992516193312
PA188-R114 187.95016246963368 11.53474079290239 -0.1439983832150601
PA113-R116 113.30027352889753 11.570941025901796 0.08577084686947102
PA083-R117 83.16303931275354 11.730412870822313 0.07063243943299363
PA183-R119 182.64373160610052 11.966340046182264 0.13105592501630337
PA205-R119 204.56392396493075 12.03643639331594 0.013530808567505971
PA055-R120 54.69872425735836 11.929131560828322 0.04962450782008479
PA090-R121 90.41960329625103 12.066767793468257 0.0622085839024707
PA209-R122 209.11767316527326 12.248655236284128 0.08741179643185093
PA167-R122 167.31028302472725 12.107037504952732 0.12177934420960733
PA092-R123 91.89386166142998 12.318832786279792 0.068551613280508
PA034-R126 33.80636265734553 12.4996144219238 0.05356074005354698
PA050-R126 49.56704135346802 12.499125913833092 0.0460552817874868
PA180-R130 179.65278141202975 13.098654745253206 0.11322512956715905
PA167-R131 166.5517940651275 13.112153848260501 0.12779763720267168
PA174-R133 173.51988201380723 13.329995455138413 0.15425732937285436
PA060-R134 59.54811629721563 13.41283973407356 0.02812177847449429
PA090-R137 90.37148626651197 13.575453594866529 0.10447054723835714
PA085-R138 85.4203587455898 13.766104519746436 0.04680266898867691
PA033-R138 33.41051222448549 13.764297066391519 0.0796298945885815
PA036-R139 35.80539579467498 13.822931044000143 0.08892709205714742
PA054-R139 54.130759713821845 13.990576935829587 0.07983890369937988
PA209-R141 208.5545148928927 14.052455382213173 0.20950156334381703
PA353-R145 352.939665855005 14.48152676949479 -0.00032350124107641265
PA074-R145 73.77528454134325 14.411386557189342 0.1458725374183647
PA109-R145 109.45504622280768 14.529849564530416 0.058457491805687795
PA196-R146 196.22234888710852 14.724582129950749 0.07598834525863879
PA062-R147 62.1214087821436 14.70492279436529 0.032027061435061996
PA031-R147 31.45004973402716 14.705118464197811 0.18937699438868022
PA357-R148 357.1338782920824 14.71731902266255 0.09942535450423347
PA068-R148 67.69819306812978 14.677306740646864 0.048353810130885924
PA156-R149 155.77451414381082 14.898949017352475 0.07006905544260748
PA097-R151 97.37451753929106 15.097472296709562 0.042007427136162706
PA002-R153 2.1181482259414346 15.299324076033525 -0.021183787379078223
PA360-R153 359.62449822700506 15.27406860199199 0.08096720042187443
PA093-R153 92.81866801623983 15.290695238972571 0.0786056586498253
PA357-R158 356.7918781067209 15.718993817921934 0.035789825376150025
PA090-R158 89.90038943961278 15.777076818748254 0.09897818834456104
PA347-R159 347.23241870930246 15.896247723735968 0.03383446471244868
PA074-R159 74.47115232219531 15.844259719584363 0.14204867476518696
PA174-R162 173.7600671732906 16.241746964112217 0.10080430060245317
PA001-R163 0.8698648579361684 16.245966250149422 0.0690083308111121
PA355-R163 355.2658866141879 16.26735362002469 0.0711764322407795
PA004-R164 4.409480231911589 16.306989015603897 0.18149840812691603
PA348-R166 348.02635079617806 16.43280651646828 0.22908062743980107
PA076-R166 75.91849971694795 16.6104248554796 0.06707733279680238
PA042-R168 42.41286944294083 16.580573352590363 0.24361489569053008
PA162-R171 162.3248335902421 17.10407188678875 0.06342037137529732
PA069-R172 69.0059169003032 17.17455577451793 0.035759357478179835
PA170-R174 170.1243093230256 17.426149030653004 0.040101065079067855
PA180-R174 180.01378891487656 17.5259926297194 0.09234142312913758
PA356-R175 355.5867692698721 17.481812608826736 0.1692531242522853
PA189-R176 188.64232736446033 17.712034805516783 0.10744685731044964
PA198-R178 198.23955265921884 17.791245831008855 0.18570943257571054
PA207-R178 207.03168652386574 17.86163518375465 0.1459420300378579
PA005-R178 5.2731820214216745 17.682354586576412 0.03819659943299185
PA206-R180 206.20567409311846 18.139025953144 0.10045714905779872
PA209-R181 209.31848710364113 18.180167636868653 0.13797483282909812
PA071-R183 70.76222382906155 18.304536999227114 0.052158477529434116
PA078-R183 77.5006301975835 18.339329030316687 0.15911474865409303
PA006-R185 5.522816344565724 18.554518880449542 0.07108094216187917
PA198-R185 198.21764260514252 18.626860805685272 0.07776566174069223
PA355-R186 354.84618775684214 18.430692418075353 0.09805641817812183
PA090-R187 89.82626085160686 18.621633094679172 0.040911276391140255
PA180-R189 180.32687525063494 18.87860783216608 0.17692267797706668
PA220-R189 219.93908421929567 18.865283543765628 0.16524202402015375
PA271-R189 270.57477783709874 18.911845547841647 0.09981512842238104
PA204-R191 203.9269727432652 19.124450630340093 0.1270844872762234
PA214-R197 213.9054444367864 19.836496556955893 0.04770423871731551
PA091-R197 90.59056816065005 19.731723629627922 0.0806699142948307
PA282-R198 281.93430599348386 19.733933069774654 0.15368975374570082
PA210-R198 210.39669118198722 19.850131688709013 0.1634477769800854
PA206-R200 205.68483552276567 19.960647245584276 0.12183501499284065
PA203-R200 202.93730669612367 20.150798828620463 -0.02954019399296487
PA354-R202 354.06762896573895 20.07035330825041 0.1521341598978626
PA085-R202 84.82342868761081 20.093394125107558 0.06758801475408062
PA092-R204 92.03975169791194 20.345254122439837 -0.10901547002652445
PA194-R204 194.03330611890365 20.37932004377064 0.0907755546866118
PA224-R205 224.2056099510396 20.56627275429559 0.01737436858241445
PA202-R206 202.17207230451473 20.692064745785842 0.03808577417879003
PA077-R212 77.20003853917879 21.12365055153475 0.054630110571649015
PA205-R215 205.12327468049776 21.55075335117504 -0.11731618160114934
PA091-R215 91.00559429601124 21.565397587179444 0.0540351786432712
PA212-R215 211.98613816905123 21.639154091031596 0.08822684803406547
PA238-R217 237.60742355182862 21.757577307175687 0.08988108044616083
PA076-R219 75.56131087204639 21.88583844453897 0.062431382012655134
PA077-R219 76.80858360911147 21.757203518665065 0.07542476960576833
PA271-R220 270.8866412346092 21.97684879932179 0.13195617279412597
PA177-R222 177.2899997741525 22.235559380309276 0.09903461761936391
PA271-R224 271.25527958361334 22.274468271774882 0.10996740947958258
PA185-R225 184.7717396256097 22.69136597635187 -0.16071659779799963
PA204-R225 204.4649080794199 22.58543278445413 0.10888125914504734
PA083-R226 83.07804039502408 22.50195947115568 0.08128741089176716
PA177-R232 176.69351501381556 23.25675692905631 0.06308081407028938
PA230-R234 230.26700165995553 23.42111138533932 0.08040974562551623
PA204-R234 204.38749406544923 23.570490127979184 0.0704496067332902
PA238-R234 238.32058359631765 23.508502317888766 0.10584243832418537
PA219-R235 219.0242389999707 23.57324974455781 0.10555732856555831
PA279-R237 278.5842547127372 23.783083552405326 -0.049928161125285114
PA220-R249 219.52377272389026 24.937453305379726 0.13320087032050523
PA247-R249 247.2517830698292 24.981154132374606 0.044115554856609396
PA249-R252 248.57806544097872 25.156854798254965 0.17222226796154183
PA093-R256 92.97826595434081 25.568402976260266 0.07351798193194099
PA167-R257 166.59560512998968 25.782863322998757 0.17098046575337278
PA348-R258 348.4534810994319 25.773661814966978 0.021469046094127475
PA086-R259 86.35876212116817 25.852688201614754 0.1412981091008729
PA094-R261 93.74912282892667 26.034449550084513 0.10149486433725478
PA348-R264 348.02079036082057 26.546805660659253 0.020258503133982822
PA221-R266 220.8666898312242 26.650130983338226 0.11379835886507379
PA249-R267 249.45697867809605 26.692497346239875 0.1357751536247856
PA343-R268 342.69923396465583 26.779648352920024 0.08947420522117701
PA084-R268 84.48889595715141 26.86984316361696 0.09895587322754432
PA241-R269 240.75203377829365 26.808331683904978 0.14063474941408555
PA088-R273 87.75649694421752 27.155800891766336 0.24262695893818054
PA194-R274 193.66338280665852 27.528570879896243 -0.022176340107719558
PA085-R274 85.3436239582365 27.331728913340186 0.13963000296460804
PA244-R275 243.58882284408608 27.497059247323495 0.13648151912324413
PA162-R275 162.02841766461154 27.53163362573137 0.09884098493787817
PA220-R284 219.5602978605077 28.5267069601746 0.09799863525155952
PA224-R286 223.80487115920315 28.724874158073355 0.10539946435143555
PA243-R287 243.04411802210387 28.628122514318893 0.29823850772298166
PA190-R293 190.4969656328342 29.325581577010375 0.11016893423366689
PA089-R308 88.54510177171716 30.76897337450808 0.08149832652254649
PA156-R329 156.4496533289238 32.872353887262705 0.10325667490411888
PA157-R331 157.0440439800927 33.14702490660867 0.1515498585251393
PA156-R336 155.77751731657355 33.72252638995606 0.025921794366751127
PA164-R337 163.5135339419548 33.70731125297382 0.07324566115904999
PA158-R351 158.0380970621678 35.22042655529862 0.08380251179218867
