m1-67/data/reproject/combo-DD-neutral-knot-peak-stats.ecsv
# %ECSV 1.0
# ---
# datatype:
# - {name: label, datatype: string}
# - {name: Peak Center.ra, unit: deg, datatype: float64}
# - {name: Peak Center.dec, unit: deg, datatype: float64}
# - {name: Gauss Center.ra, unit: deg, datatype: float64}
# - {name: Gauss Center.dec, unit: deg, datatype: float64}
# - {name: r_eff, unit: arcsec, datatype: float64}
# - {name: r_rms, unit: arcsec, datatype: float64}
# - {name: Gauss sigma, unit: arcsec, datatype: float64}
# - {name: Bright Peak, datatype: float32}
# - {name: Bright Gauss, datatype: float64}
# - {name: Core flux, datatype: float32}
# - {name: Core flux Gauss, datatype: float64}
# - {name: Total flux Gauss, datatype: float64}
# - {name: Bright BG, datatype: float32}
# - {name: MAD BG, datatype: float32}
# - {name: Fill fraction, datatype: float64}
# - {name: NaN fraction, datatype: float64}
# - {name: Peak SNR, datatype: float32}
# meta: !!omap
# - __serialized_columns__:
#     Gauss Center:
#       __class__: astropy.coordinates.sky_coordinate.SkyCoord
#       dec: !astropy.table.SerializedColumn
#         __class__: astropy.coordinates.angles.core.Latitude
#         unit: &id001 !astropy.units.Unit {unit: deg}
#         value: !astropy.table.SerializedColumn {name: Gauss Center.dec}
#       frame: icrs
#       ra: !astropy.table.SerializedColumn
#         __class__: astropy.coordinates.angles.core.Longitude
#         unit: *id001
#         value: !astropy.table.SerializedColumn {name: Gauss Center.ra}
#         wrap_angle: &id002 !astropy.coordinates.Angle
#           unit: *id001
#           value: 360.0
#       representation_type: spherical
#     Gauss sigma:
#       __class__: astropy.units.quantity.Quantity
#       unit: &id003 !astropy.units.Unit {unit: arcsec}
#       value: !astropy.table.SerializedColumn {name: Gauss sigma}
#     Peak Center:
#       __class__: astropy.coordinates.sky_coordinate.SkyCoord
#       dec: !astropy.table.SerializedColumn
#         __class__: astropy.coordinates.angles.core.Latitude
#         unit: *id001
#         value: !astropy.table.SerializedColumn {name: Peak Center.dec}
#       frame: icrs
#       ra: !astropy.table.SerializedColumn
#         __class__: astropy.coordinates.angles.core.Longitude
#         unit: *id001
#         value: !astropy.table.SerializedColumn {name: Peak Center.ra}
#         wrap_angle: *id002
#       representation_type: spherical
#     r_eff:
#       __class__: astropy.units.quantity.Quantity
#       unit: *id003
#       value: !astropy.table.SerializedColumn {name: r_eff}
#     r_rms:
#       __class__: astropy.units.quantity.Quantity
#       unit: !astropy.units.Unit {unit: arcsec}
#       value: !astropy.table.SerializedColumn {name: r_rms}
# schema: astropy-2.0
label "Peak Center.ra" "Peak Center.dec" "Gauss Center.ra" "Gauss Center.dec" r_eff r_rms "Gauss sigma" "Bright Peak" "Bright Gauss" "Core flux" "Core flux Gauss" "Total flux Gauss" "Bright BG" "MAD BG" "Fill fraction" "NaN fraction" "Peak SNR"
PA296-R030 287.87787092692196 16.86098991105466 287.87786071775867 16.86099446792652 0.08609806122351464 0.09930713857548266 0.07445053266085978 3.0908809 2.5697278894722126 74.90236 86.67746948875885 93.127777204989 -0.79775524 0.5278944 0.18641028771033655 0.0 5.855112
PA067-R032 287.8794740330987 16.860923566067836 287.87948737557304 16.86093707668487 0.09878809159970979 0.1217301222191531 0.07195679752747425 1.9479887 1.6792936822020554 62.147278 53.434177086330706 56.84951815043668 -0.85491824 0.29164994 0.24541003887469953 0.0 6.6792016
PA031-R033 287.87916660243087 16.861352069743308 287.87916508233303 16.861346764865775 nan 0.14356374220322765 0.03099999999999996 2.2988596 2.826640794398657 -24.956112 6.8035507732418985 17.760307908040076 -0.0598526 1.1157446 -0.08224141236507532 0.36363636363636365 2.0603817
PA072-R035 287.8796489908848 16.86089646937675 287.8796427079853 16.860885445972794 0.10983231163015038 0.1170500245191194 0.10430415524100756 0.87684107 0.9272639155012682 34.578617 40.42588372763392 65.95732902819205 -0.8725362 0.16172624 0.30103392273415136 0.0 5.4217615
PA017-R038 287.8789594164147 16.86159863919538 287.87895665641423 16.861611144799884 0.10459114802447586 0.10647565584569403 0.060317453851671116 1.5999228 1.827036519425892 57.215717 42.763353453017984 43.45999881787264 -0.9755713 0.20220828 0.28158701498677413 0.0 7.9122515
PA058-R044 287.87976181917946 16.861261954524362 287.87977113064335 16.86125844446455 0.06513226529274442 0.11972118158095768 0.090547202346842 1.0402584 0.6242326213591264 14.42647 16.227402423285298 33.46208621883334 -0.58694834 0.17845279 0.10834500193595886 0.0 5.82932
PA338-R045 287.8781505990473 16.861722204479896 287.87819882748613 16.861726040220265 0.09427625075022741 0.16691839636126174 0.10907614532222679 8.271807 13.533448476460435 240.343 38.89719490337928 1052.7482260746694 1.2693572 1.0389876 0.21846378297734081 0.8120300751879699 7.96141
PA050-R049 287.8797425931709 16.861504376889357 287.8797345223535 16.8614795083273 0.05591515266159372 nan 0.03764291686130873 1.0393192 1.37050920188659 10.622688 12.691865111399087 12.697112674835848 -0.44758427 0.33059764 0.07802148629690854 0.0 3.1437585
PA028-R054 287.8793724714176 16.861941708198042 287.87937356261244 16.861942496645874 0.07916997053135097 0.10204372984612765 0.05321024826786591 0.94275874 0.8194899966914456 19.317371 15.11399606548965 15.170179089357053 -0.4620554 0.09782666 0.16008014976978302 0.0 9.6370325
PA262-R064 287.87680993788706 16.86036946810038 287.87680609508936 16.860367997343506 0.07425633521227536 0.09726239546735346 0.06819258494691406 2.116324 1.545563638259622 38.148342 44.82204023820856 46.99132373599825 -0.2503196 0.055785537 0.13865966796875 0.0 37.936787
PA192-R066 287.8782506397153 16.858786193172225 287.8782510785628 16.858785645677678 0.05418007971028438 0.13200347075002886 0.04386796276751647 1.3850121 1.3936245665156848 13.291052 16.31713145824394 17.534654234629567 -0.2666641 0.053043544 0.07325452702646038 0.0 26.110853
PA202-R068 287.87791676290317 16.858846589085495 287.87790136436666 16.858844846307072 0.10427985703906256 0.1195917069629475 0.1028438391070414 2.0298502 1.617670689429364 72.15914 80.1863766256388 111.8673004136708 -0.17519212 0.16072905 0.2734538151667668 0.0 12.629019
PA251-R068 287.87676607122967 16.85997215423678 287.8767614168935 16.859971104187103 0.08424429231728715 0.11066366136824854 0.0771956109351281 1.3594398 0.9598773838213526 31.540419 33.92964113343672 37.39878188836918 -0.20451069 0.0734725 0.17846954052264874 0.0 18.502703
PA185-R071 287.87844766467515 16.85864779349336 287.8784458151475 16.8586427855673 0.1008537321667114 0.10777514171562684 0.08152576276063393 1.5818188 1.4331702551308063 52.597748 56.3479123946007 62.279340963828005 -0.23298484 0.069613576 0.2519048344005238 0.0 22.722849
PA177-R075 287.8787791169532 16.858526362838628 287.87877718834505 16.85852298786663 0.06973301785021088 0.1014966522411489 0.05122631750322752 0.67995983 0.6118197585391346 10.809029 10.405015408562354 10.497025516018192 -0.20587546 0.05568713 0.12134785688560427 0.0 12.210359
PA042-R077 287.88014814874396 16.86218719960292 287.88009691322696 16.862230399182238 0.13646546625190345 0.14269596052332195 0.13830384018696465 8.624065 26.040578566115308 525.0299 132.75235512677398 3256.6837552629295 -0.6551614 0.59716463 0.4577415867855674 0.7368421052631579 14.441689
PA330-R077 287.8774934820445 16.862453845208968 287.8775039352161 16.86245702471927 0.10772611073793337 0.12161107525624149 0.10175497279035257 0.9060284 0.6595267944729274 34.372433 34.09544653310591 44.64781499202385 0.022063136 0.12538731 0.28524418881064967 0.0 7.225838
PA039-R083 287.8801931403213 16.862393865936887 287.8802706132875 16.862330348306187 0.0945464162055877 0.12874332300802893 0.1801508585445356 8.109669 32.54728623889145 236.98439 164.13392741572954 6906.27609633092 0.29854465 0.47512865 0.2197176711003583 0.16541353383458646 17.068363
PA179-R085 287.8786809591903 16.85821766046587 287.87867720615014 16.858220007766413 0.11914641374838529 0.13095302944849055 0.084471841065106 0.716431 0.69653422396039 33.24779 27.45299656345565 32.495472811080084 -0.044626594 0.07153869 0.35425593834796937 0.0 10.014596
PA219-R092 287.8769184608263 16.858631284128457 287.87687691910264 16.85867501828839 0.09174149991580245 0.13850725411464493 0.1840090852106434 6.425332 6.623351406408028 176.78839 130.8559591643396 1466.266156889337 -0.2151525 0.21120143 0.21164831014779897 0.16153846153846155 30.422768
PA095-R093 287.8813447241065 16.8603532934809 287.8813557344232 16.86035891018698 0.08698542459136693 0.12442178924995961 0.08891493502570752 0.9111831 0.7128107776389278 22.538506 27.747493579686704 36.84513644919201 -0.01616478 0.1411463 0.18882007453277821 0.0 6.455593
PA330-R093 287.87727778931765 16.862841644984954 287.8772937942354 16.86283899660969 0.08419000857629261 0.13138425130704856 0.1032707174106651 1.2415347 0.6483173509881883 28.767788 22.50885061432426 45.20625324090998 -0.11561036 0.0661937 0.17163814968532987 0.2074074074074074 18.756086
PA356-R098 287.87842997059823 16.863314604899706 287.87842538570055 16.86331673205766 0.08464410906620139 0.12930197368172378 0.05781264183520657 0.9183098 0.8185278231601947 21.508453 17.35000014576487 17.886919737906076 -0.009225011 0.16371953 0.1787922400554628 0.0 5.609042
PA253-R098 287.8759350379169 16.859782625721436 287.8759323458259 16.859780392034885 0.061795569278851686 0.08225004519694441 0.0664919044877513 0.4079486 0.3022099387395718 5.092683 8.321740585717698 8.735801722618419 -0.1593591 0.03861144 0.09752842038869858 0.0 10.565485
PA005-R101 287.87889773255165 16.863384937044813 287.8788955546815 16.863393853612536 0.1065924757138791 0.12055750194859109 0.0686038039528219 0.86534965 0.8220225967372143 32.141876 24.132874830424115 25.295113426648847 -0.117961764 0.031947613 0.28571709852952226 0.0 27.08652
PA357-R101 287.87848329548837 16.86337437386794 287.8785000060063 16.86336387608125 0.06751880911446455 0.1453586916125457 0.10100671004523003 0.45218396 0.3537517165512127 6.7389336 8.964798660856403 23.59692911445134 0.1803391 0.15736032 0.11552775183389354 0.0 2.8735578
PA096-R102 287.88159589964243 16.86030922296691 287.8815900291597 16.86029077924737 0.02395098824483088 nan 0.05771957503768773 0.4670062 0.4634878531446922 0.875782 9.158513530868518 10.095808110294355 0.18541193 0.12462664 0.014537296553914862 0.0 3.7472422
PA207-R102 287.877277022449 16.858097012266665 287.87727337409854 16.858095288638342 0.08874939179296712 0.09709060822925265 0.061815034876056704 0.9850385 1.062107065448849 25.363575 26.089026503047783 26.53462875511633 -0.12007022 0.05425167 0.19360011681578213 0.0 18.156834
PA203-R102 287.8775016376349 16.857976260184767 287.8774858153351 16.857961520486644 0.10940926823318636 0.11833184985192698 0.09599274285621555 1.2324264 1.141164772778935 48.227604 52.72266163254559 68.75141481534214 -0.04456544 0.06275892 0.29645636587431934 0.0 19.637468
PA359-R104 287.87858266610505 16.863478812987662 287.8785739000075 16.863479364328754 0.04214509857090882 0.046202815145313186 0.06989284089803532 0.4942236 0.4983749555600473 2.8697503 12.754159573663419 15.917617975727904 0.14214182 0.20630074 0.04432506051682334 0.0 2.3956463
PA290-R104 287.8758170191753 16.861592876815234 287.8758092455399 16.861593846132013 0.07990523935215808 0.09303037940069862 0.05990245642875383 0.574716 0.5156875327364235 11.995829 12.030171591123135 12.09852361680653 -0.20507899 0.044551253 0.16055862720196062 0.0 12.900107
PA193-R105 287.87796229365017 16.857743868111584 287.8779633563299 16.857738916191067 0.08261064234392891 0.10571058504533833 0.060216511545507174 1.1218035 1.0327648663167455 25.027374 23.752265514100877 24.484380539885677 -0.04355836 0.079784155 0.17030491719719107 0.0 14.06048
PA043-R107 287.88075046717677 16.862842223952722 287.8806076696608 16.862983710885235 0.0961422390701106 0.12287348802168652 0.31509434214804033 2.4783707 17.56318464623358 74.88955 74.5612364522806 11400.947818766548 0.3693533 0.66922665 0.22891856684829248 0.045454545454545456 3.7033353
PA062-R108 287.88140952369065 16.861972248713336 287.8814132415435 16.86197262566742 0.07951539592195785 0.12302373266105064 0.09130967420451669 0.33177453 0.18533630605467083 6.8575974 7.421597310454745 10.103005046869233 -0.152515 0.026891828 0.1577820668693717 0.0 12.337374
PA227-R110 287.87630635184445 16.858527032208123 287.8763120369265 16.858519215034136 0.09679159056761168 0.10635535286624442 0.09270468258117194 0.7507101 0.5572257366647786 22.991856 26.872561938292264 31.310571174394372 -0.1227504 0.04242277 0.23202127398866595 0.0 17.695923
PA203-R110 287.8773855253069 16.857777503880165 287.8773749968879 16.857771964059523 0.07940077748384688 0.12184164380213842 0.08451409201646265 1.2057512 0.77149154254414 24.850418 27.3174302467986 36.02847750722908 0.0460279 0.10670555 0.16228271844818837 0.0 11.299799
PA044-R110 287.8808682152014 16.862791748180204 287.8807910991136 16.862896204113955 0.08613512449755845 0.11022712778921934 0.18684838661739786 0.81256175 1.2659692232162254 19.70804 18.072992133876966 288.97370942221886 0.15642238 0.23737764 0.1823624489002658 0.0 3.4230762
PA039-R111 287.88068777746923 16.863022665460154 287.88068584730945 16.863021865461555 0.09996117815170893 0.11748811057866333 0.08147478374232636 1.9337726 1.7218067712781842 63.167633 64.71678094536136 74.72868239317492 0.2008748 0.27449548 0.24196661489981192 0.0 7.0448246
PA197-R112 287.87770923820494 16.857624144728845 287.8776957480913 16.857622977153316 0.08645368312965482 0.10989925695764052 0.07991359506237768 1.0472682 0.8868039914318168 25.588886 31.553603132976768 37.027590933771904 -0.06835723 0.08496523 0.18651861816872167 0.0 12.325844
PA084-R112 287.8818669398054 16.860929802948345 287.8818752809962 16.860929949743582 0.1092347541597216 0.1239411975026536 0.08626560144840378 0.86883616 0.8445553256890126 33.89113 33.272764604721004 41.092247456018576 0.12713742 0.04473722 0.29776720236275944 0.0 19.42088
PA170-R113 287.87923888013444 16.857520573038382 287.87923823987643 16.857520677841887 0.07189376986695037 0.09381294458475543 0.04689487303092865 1.2094514 1.0555941248984873 20.436073 15.17495343326344 15.177637421876252 -0.018858194 0.049431205 0.12800739750717627 0.0 24.467367
PA188-R114 287.878159880132 16.85743418601069 287.8781584274348 16.85744132122899 0.09175107714905438 0.13965628904942246 0.07699442478090172 0.73551154 0.7208572637234748 20.241297 20.67249437161933 27.93986588896374 0.0744493 0.19390321 0.20235312686246984 0.0 3.793189
PA113-R116 287.88170663695627 16.859328415189548 287.8817207530728 16.859316960122836 0.09112161325762103 0.11388567373716778 0.07792598925791842 0.795366 0.723064634452231 21.589188 24.391397149253656 28.7076901212478 -0.052580535 0.08352369 0.2189009266514932 0.0 9.522639
PA083-R117 287.88202852163715 16.86098214970866 287.8820306411621 16.86097774184173 0.08016115099666193 0.11781374068899231 0.0897210609295811 0.5199621 0.37954837098803273 10.9226 14.850803335862427 19.976178644789687 0.090384245 0.10990274 0.15914039900808624 0.0 4.731111
PA183-R119 287.87847423317316 16.85729610486921 287.8784691415933 16.857288491092994 0.09947109515288584 0.11836822013094313 0.09271241203292838 0.55068135 0.4755218288220711 17.812326 20.104092027146127 26.72407602748845 0.025900126 0.10003626 0.24320284047521146 0.0 5.5048175
PA205-R119 287.8772054145851 16.857572360700107 287.877204814718 16.85757207734054 0.036458261791792124 0.09649701858879396 0.03777614762116774 0.85068357 0.825454761451289 3.6964636 7.666140320724798 7.701673286613412 -0.012986064 0.042001963 0.0331701249566697 0.0 20.253424
PA055-R120 287.8814622428974 16.862507975577234 287.8814994716815 16.862523102269854 0.07124185448415589 0.12516913125982657 0.10911991383868387 0.49809176 0.14337432339760475 8.264304 8.494334712941304 11.16184252098195 -0.10882145 0.049836755 0.12569644234397195 0.0 9.994466
PA090-R121 287.8821374682485 16.860577685599257 287.88215632300347 16.86057384075764 0.09466556874777503 0.10824880534598817 0.08974577299635632 0.7393 0.5166194654867163 21.658646 24.20216794492908 27.205408511161764 0.074481726 0.098771095 0.22194054632475882 0.0 7.4849834
PA209-R122 287.8769089247482 16.85764870783794 287.87690920154336 16.857637955720087 0.09860119126531809 0.12846452783760534 0.08281168069511613 1.5238037 1.5146452576405025 48.4306 53.23537184542258 67.9126391534857 -0.051220894 0.091001034 0.2444823191716121 0.0 16.744905
PA167-R122 287.8794267092446 16.857331558811932 287.87939547174136 16.857314464098184 0.098129144207016 0.1256160764419158 0.11098431899269147 0.77199864 0.46141744367765736 24.301834 26.44454991408317 37.159831201316685 0.20568109 0.122187376 0.24214703486515926 0.0 6.318154
PA092-R123 287.8822098871654 16.860507756585925 287.8822129508351 16.86050767539376 0.09631805591874448 0.10267129066490577 0.06560599307372804 0.5684366 0.5484547001315522 17.239471 15.207610833912216 15.434205231954822 0.15935612 0.09417534 0.2297565864794182 0.0 6.035939
PA034-R126 287.88065216376395 16.86349649495034 287.88066357453954 16.863491719194606 0.10708684243979615 0.117283819970015 0.08069269213991954 1.0245384 1.0085966381792917 38.408466 37.35694071289928 42.93805885807666 0.05210936 0.07400823 0.2906089605287064 0.0 13.843575
PA050-R126 287.8814166004115 16.862849505398632 287.881425783301 16.862849824132102 0.04670654686011613 nan 0.06964508577507995 0.46207166 0.2728068959182301 3.2952726 7.676738170741201 8.651527248563598 -0.0384562 0.08624196 0.05402665427236846 0.0 5.357852
PA180-R130 287.87865504688455 16.856960280441683 287.8786482480107 16.85696288675064 0.09956789955421014 0.12498230541728379 0.09860235030464651 1.1987576 1.013286122373027 38.8505 45.77868473193067 64.41145497087767 0.46852064 0.25656962 0.24739668751490934 0.0 4.6722507
PA167-R131 287.8794821624928 16.857062771183678 287.8794797411494 16.85703356843462 0.06775870598407935 0.14028966927729064 0.1269507470069455 1.4631722 1.092824212789016 21.961 35.07329326343087 115.15354462511135 0.647825 0.36099553 0.11370583736535275 0.0 4.0531588
PA174-R133 287.8790677207735 16.856934937184267 287.8790680763105 16.85693144960251 0.1131924067423889 0.11917002088894592 0.08306286577294865 0.50490403 0.4602336019812515 21.14803 18.948221839355817 20.76101708296908 0.11918235 0.058443785 0.32219420212965744 0.0 8.63914
PA060-R134 287.88197542282603 16.862463101775614 287.8819916081385 16.86248342718617 0.11642645613209167 0.11610833737758802 0.08715010828447962 0.8829311 0.8121393639229944 39.12521 36.8425302753469 40.32950613789228 0.14684403 0.06377125 0.34351059078246127 0.0 13.845285
