m1-67/data/reproject/combo-AA-neutral-knot-peak-stats.ecsv
# %ECSV 1.0
# ---
# datatype:
# - {name: label, datatype: string}
# - {name: Peak Center.ra, unit: deg, datatype: float64}
# - {name: Peak Center.dec, unit: deg, datatype: float64}
# - {name: Gauss Center.ra, unit: deg, datatype: float64}
# - {name: Gauss Center.dec, unit: deg, datatype: float64}
# - {name: r_eff, unit: arcsec, datatype: float64}
# - {name: r_rms, unit: arcsec, datatype: float64}
# - {name: Gauss sigma, unit: arcsec, datatype: float64}
# - {name: Bright Peak, datatype: float32}
# - {name: Bright Gauss, datatype: float64}
# - {name: Core flux, datatype: float32}
# - {name: Bright BG, datatype: float32}
# - {name: MAD BG, datatype: float32}
# - {name: Fill fraction, datatype: float64}
# - {name: NaN fraction, datatype: float64}
# - {name: Peak SNR, datatype: float32}
# meta: !!omap
# - __serialized_columns__:
#     Gauss Center:
#       __class__: astropy.coordinates.sky_coordinate.SkyCoord
#       dec: !astropy.table.SerializedColumn
#         __class__: astropy.coordinates.angles.core.Latitude
#         unit: &id001 !astropy.units.Unit {unit: deg}
#         value: !astropy.table.SerializedColumn {name: Gauss Center.dec}
#       frame: icrs
#       ra: !astropy.table.SerializedColumn
#         __class__: astropy.coordinates.angles.core.Longitude
#         unit: *id001
#         value: !astropy.table.SerializedColumn {name: Gauss Center.ra}
#         wrap_angle: &id002 !astropy.coordinates.Angle
#           unit: *id001
#           value: 360.0
#       representation_type: spherical
#     Gauss sigma:
#       __class__: astropy.units.quantity.Quantity
#       unit: &id003 !astropy.units.Unit {unit: arcsec}
#       value: !astropy.table.SerializedColumn {name: Gauss sigma}
#     Peak Center:
#       __class__: astropy.coordinates.sky_coordinate.SkyCoord
#       dec: !astropy.table.SerializedColumn
#         __class__: astropy.coordinates.angles.core.Latitude
#         unit: *id001
#         value: !astropy.table.SerializedColumn {name: Peak Center.dec}
#       frame: icrs
#       ra: !astropy.table.SerializedColumn
#         __class__: astropy.coordinates.angles.core.Longitude
#         unit: *id001
#         value: !astropy.table.SerializedColumn {name: Peak Center.ra}
#         wrap_angle: *id002
#       representation_type: spherical
#     r_eff:
#       __class__: astropy.units.quantity.Quantity
#       unit: *id003
#       value: !astropy.table.SerializedColumn {name: r_eff}
#     r_rms:
#       __class__: astropy.units.quantity.Quantity
#       unit: !astropy.units.Unit {unit: arcsec}
#       value: !astropy.table.SerializedColumn {name: r_rms}
# schema: astropy-2.0
label "Peak Center.ra" "Peak Center.dec" "Gauss Center.ra" "Gauss Center.dec" r_eff r_rms "Gauss sigma" "Bright Peak" "Bright Gauss" "Core flux" "Bright BG" "MAD BG" "Fill fraction" "NaN fraction" "Peak SNR"
PA296-R030 287.87791665520615 16.86094720378658 287.87792399547436 16.86092267946307 nan 0.12021750117011691 0.047690238038867204 1.365588 3.5853822966832114 -30.06343 0.11532426 0.28888798 -0.16934622251070464 0.4846153846153846 4.7270503
PA067-R032 287.8794732949572 16.860929981191145 287.87946372986227 16.8609397351192 0.11863177744598428 0.10527344769193869 0.10967413750720255 1.6130829 1.599249779568258 74.2139 -0.17431164 0.12681746 0.3539037851186899 0.7769230769230769 12.719722
PA031-R033 287.8790863856601 16.861420815713494 287.87908921866824 16.861419754681013 nan 0.1739759981364472 0.03099999999999996 0.84501743 0.871093847740948 -122.52167 0.85050106 0.57427764 -1.0984322519013376 0.8712121212121212 1.4714441
PA072-R035 287.8796532531646 16.860904147057653 287.87963797749205 16.860876350389645 0.11081447854436545 0.08168875766665343 0.07983860707651438 0.90377736 2.29461467790376 36.281143 -0.50989604 0.22521186 0.3064419404240965 0.7404580152671756 4.0130095
PA017-R038 287.8789424189349 16.861627482637417 287.87895461642245 16.86162796989946 0.09622349075864631 0.1020662013799431 0.07477665065351803 1.3250463 1.5953780785137024 40.10696 -0.68741536 0.07678127 0.23833343926377185 0.8582677165354331 17.257416
PA058-R044 287.8796802488922 16.861265813590677 287.87967268820887 16.861274574158404 nan 0.08581794914826664 0.03099999999999996 0.10417271 0.08818689298533075 -5.1503563 -0.054352522 0.0804708 -0.38625434041023254 0.8828125 1.2945404
PA338-R045 287.87812360492086 16.861816926635605 287.878126741696 16.861823800090878 0.10810434272553926 0.16763084961769345 0.03099999999999996 2.6433887 3.9723323642051604 100.98894 0.6804142 0.87163687 0.2872507195723684 0.9172932330827067 3.032672
PA050-R049 287.8797342378306 16.861498313312882 287.8797350723666 16.861490097480466 0.07640262174492427 0.04174432808012862 0.0548628240064563 0.6503854 0.7243762078836153 12.411201 0.29662156 0.09013939 0.1456705340902314 0.8244274809160306 7.215329
PA028-R054 287.87937432178484 16.861946092675158 287.8793721180496 16.8619406283994 0.09340677576686898 0.0932652494704239 0.05560053156641377 0.8819423 0.7418793182897986 25.154947 -0.0592916 0.047048748 0.22282980382442474 0.515625 18.745287
PA262-R064 287.8768104690018 16.860370266264162 287.8768065888593 16.86037093577475 0.08710074973084915 0.10243433991252802 0.07558791622769624 1.5169398 1.2530855012007267 37.621716 -0.078887105 0.044379592 0.19077739715576172 0.023076923076923078 34.181023
PA192-R066 287.8782500379183 16.85879353506075 287.8782504707739 16.858788545152272 0.060192258662202666 0.11283979079542046 0.04641498289467385 1.0242801 1.1928317193362354 12.131835 -0.008380115 0.07952577 0.09041416372051676 0.022900763358778626 12.879851
PA202-R068 287.8779076654547 16.858854703755362 287.87790051530266 16.858850001087493 0.11630083481226447 0.12795161183464546 0.10328888219870226 1.8357763 1.71105726196785 81.17306 0.10214853 0.06744504 0.34013302142803487 0.35384615384615387 27.21885
PA251-R068 287.8767658599743 16.859973808474326 287.8767617023773 16.859975920869044 0.08575924008102855 0.09875082663348135 0.08354687261053868 0.8943703 0.6748795912477163 21.50333 0.012590647 0.06262672 0.18494601616492637 0.007692307692307693 14.280971
PA185-R071 287.8784385369712 16.8586480383037 287.8784387149139 16.85864412565017 0.10389161627340424 0.11509964605494537 0.08277197753985194 1.5083278 1.414978462781255 53.221027 -0.05948341 0.09749234 0.2673089865482215 0.06060606060606061 15.471245
PA177-R075 287.8787793355233 16.858527684345436 287.87877683429974 16.858527756584063 0.06731503585026545 0.07734993262055845 0.05269872642207096 0.53668606 0.4883040925493291 7.9500704 -0.049751878 0.04848188 0.11307832120939065 0.0 11.069827
PA042-R077 287.88013015265454 16.86216997751095 287.88010357790574 16.862212312259565 0.07398569040181405 0.12777416470050004 0.066250510354162 1.9895116 58.823083187896366 35.60151 1.3641824 0.39958417 0.13454584967821165 0.8571428571428571 4.978955
PA330-R077 287.8774931522192 16.862454264848463 287.8775009193594 16.862459118334282 0.10813496692979079 0.12122668167675417 0.11580280718707574 1.1063526 0.7304538177069101 42.291428 0.12555486 0.06342 0.2874134895496799 0.0 17.444853
PA039-R083 287.88021113643777 16.86241108802337 287.88028353077436 16.862309043589853 0.08856069777518964 0.13074180848114617 0.16754425426140368 2.8389778 69.0811823715918 72.7898 0.87556326 0.62742424 0.1927777483947295 0.5112781954887218 4.5248137
PA179-R085 287.8786634821488 16.858243316185 287.87867389302755 16.858221707223997 0.11725126384606453 0.13161495631164866 0.07965367422199705 0.839772 0.8762236962010345 37.74183 0.17286706 0.086625814 0.3430759342572161 0.183206106870229 9.694246
PA219-R092 287.87692690511955 16.85864803125382 287.8768741975088 16.858692319423383 0.09715570510600509 0.14176182724908665 0.1566859807576739 3.7274303 11.545299144837308 115.019806 0.056402564 0.17322797 0.2373666763305664 0.5076923076923077 21.517487
PA095-R093 287.88134499298184 16.860369852540483 287.8813578742526 16.860367540236997 0.09306632977831507 0.11646373492961157 0.09185208888598319 0.8642907 0.6638605382381507 24.472115 0.113877535 0.073732734 0.2161425961792924 0.0 11.72194
PA330-R093 287.8772687913094 16.862841644925137 287.8772673014361 16.86286022566988 0.09978743592416368 0.14942895343408652 0.06791330320020637 0.6555323 0.8620657900379497 21.338913 0.1418994 0.10162836 0.24112622296368635 0.5777777777777777 6.450289
PA356-R098 287.8784749757578 16.863366685059624 287.878475521668 16.863372871660044 0.06714291202049939 0.12340298088070499 0.06254208067615517 0.7768321 0.6870939301862639 11.448643 0.20390272 0.1761657 0.11250078041134899 0.0 4.409667
PA253-R098 287.87593621339954 16.859784426982426 287.87593218925934 16.85978566809737 0.05616558731526215 0.04261853004090444 0.045056490054115106 0.5221267 0.500363852010227 5.38447 -0.08398116 0.02779141 0.08056698739528656 0.0 18.78734
PA005-R101 287.87889737730325 16.863385332308674 287.87889152315245 16.863399308447978 0.10683642536279886 0.12050264368764525 0.07471657286654593 1.0847069 0.9555310475056544 40.474136 -0.08469856 0.051142216 0.2870263906625601 0.0 21.20962
PA357-R101 287.8785284041994 16.863375846850044 287.87850365310896 16.863371935192596 0.09774896577498661 0.14257175406692887 0.10756324603082647 0.5643468 0.460742758418483 17.62775 0.26781583 0.16766477 0.24213697743970294 0.0 3.3659236
PA096-R102 287.8815877958597 16.86030996188106 287.88159203972214 16.86030799900832 0.08101603699086533 0.10663111860473443 0.06861573685504291 0.6224954 0.5302809218170266 13.356868 0.30742073 0.108294964 0.16633313201194586 0.09302325581395349 5.7481475
PA207-R102 287.87728583120503 16.85809708387192 287.8772757083616 16.8580961242088 0.0994112136069084 0.10078793481290438 0.06663653407171982 0.77578455 0.8540716496621351 25.063307 -0.015705884 0.049042344 0.24291011265345983 0.0 15.818667
PA203-R102 287.87746644665435 16.857942064433193 287.877477456464 16.857952531356403 0.11178144004375369 0.12323105310457799 0.11006503034631378 1.1760181 1.0944499882625338 48.037445 0.0663532 0.06833625 0.3094510454120058 0.0 17.209288
PA359-R104 287.87859995129554 16.863479009422086 287.878578153467 16.863469856975176 0.09200421568736443 0.1128626168815116 0.08950363969615979 0.4664439 0.5082565040230353 12.907476 0.2199291 0.21522641 0.21123731773318224 0.0 2.1672242
PA290-R104 287.87581920548814 16.861592923593996 287.8758066836308 16.861593580739928 0.09097001503680986 0.09253458697109171 0.07321367773788066 0.58139396 0.5290319542477374 15.728725 -0.0028736591 0.042993605 0.20810363476093 0.0 13.5228
PA193-R105 287.8779700896213 16.85775210425073 287.87796214406256 16.85774156585377 0.08226478792487066 0.10549233705709517 0.06457661978189486 1.0508235 0.8559724000062856 23.247925 0.034550905 0.05434668 0.16888191863780713 0.0 19.33556
PA043-R107 287.8807330243859 16.86283302784835 287.88068559768993 16.862884062545252 0.059244301065700694 nan 0.1549999999999998 1.0880076 2.9984835419039295 12.483936 0.74125755 0.5831258 0.08692520314996893 0.4318181818181818 1.8658196
PA062-R108 287.881408158337 16.86197219746755 287.8814162639185 16.861972243511364 0.07865371330788362 0.12690102052979912 0.08953782912078465 0.33891994 0.19108744911009204 6.8542833 -0.026424587 0.03532648 0.1543809293790628 0.0 9.593934
PA227-R110 287.87632379561234 16.858527117820653 287.8763186229195 16.858522244407837 0.09868518664953405 0.10272885143329491 0.08669911652429506 0.79752445 0.6616950673505039 25.390686 -0.019319057 0.05987537 0.24118843945589932 0.0 13.319742
PA203-R110 287.8773858332796 16.857778566514657 287.87737903091056 16.85777705018006 0.07955251903892867 0.1140014205910344 0.07373474474201008 1.399806 1.0065657130358918 28.960245 0.18529445 0.12952554 0.1629035829559086 0.023622047244094488 10.807181
PA044-R110 287.880867993997 16.862789970883615 287.8808560212361 16.862820784385136 0.10221820533341028 0.11254421734654242 0.09011752541334965 0.9831377 1.5046200072559923 33.581287 0.3850993 0.24068391 0.2568214818050987 0.6541353383458647 4.084767
PA039-R111 287.88067891231924 16.863031194546178 287.8806755849785 16.863030897603007 0.10683138460076703 0.09053448757600291 0.08233385963026672 0.89621353 0.801570834730208 33.437645 0.6268997 0.10841465 0.27636970237449365 0.3851851851851852 8.266536
PA197-R112 287.87770047986015 16.857632251352648 287.8776934397783 16.857626863856655 0.09818433781201175 0.11574105932668495 0.08156337075222023 1.011044 0.9638131822502383 31.862583 -0.051920652 0.06382024 0.24056897636588292 0.0 15.842058
PA084-R112 287.88186669236376 16.860938305399987 287.88187631911563 16.860933448773284 0.10485948126239636 0.1164836215897889 0.08339763567976842 1.0110866 0.9655615572883617 36.343792 0.31731474 0.07732117 0.2743914655146708 0.0 13.076452
PA170-R113 287.87923833820213 16.857527771102784 287.87923523849605 16.857524155790088 0.08107312244053351 0.09624361335058748 0.049650057915905495 0.7832328 0.7898272206302107 16.829498 -0.014505506 0.05551362 0.16278198993567264 0.0 14.10884
PA188-R114 287.8781506102504 16.857442482261206 287.87815533594454 16.85744058589942 0.08622622605893802 0.14598512811398323 0.07665734032536403 1.0056895 1.0203843034954174 24.443825 0.19056308 0.18373919 0.17871719248154583 0.022058823529411766 5.473462
PA113-R116 287.8817047526538 16.859336904626616 287.881724012114 16.859316183963685 0.0872903304745825 0.1281213240716847 0.09357703013657617 1.1022778 0.9293647951513548 27.456793 0.07838726 0.09428167 0.2008801737139302 0.3225806451612903 11.691326
PA083-R117 287.88202851849144 16.86099033527304 287.88202257110106 16.86097871615281 0.06658225540055812 0.07274936707215142 0.07717871872218818 0.4462874 0.3715220125927664 6.4678226 0.28123832 0.0981884 0.10979171232743697 0.0 4.545215
PA183-R119 287.8784742201477 16.85729645462348 287.878474895483 16.857291164514542 0.1013340771980712 0.11907381714069193 0.0913707189502739 0.7487448 0.6065268170747582 25.134563 0.09463495 0.082429945 0.2523979818014274 0.0 9.083407
PA205-R119 287.8772063357506 16.857579266305525 287.87720662837046 16.857576237041958 0.009851753753295986 nan 0.03535727843652327 0.7818247 0.775796509254982 0.24806356 0.11932552 0.082998395 0.0024220454328842747 0.0 9.419757
PA055-R120 287.8814625457536 16.862513232373452 287.8814924729876 16.862517060250237 0.08511766228371374 0.11949145213113216 0.09178283884125452 0.47386098 0.25812230283052084 11.223203 0.045375586 0.065001726 0.17942870746959338 0.045454545454545456 7.289975
PA090-R121 287.8821373804454 16.860585210930967 287.8821589896855 16.860571136523973 0.10573798017682065 0.111735396718915 0.09926459981793218 0.8292018 0.6238373297650533 30.307404 0.16248286 0.084515095 0.27689465609463776 0.0 9.811287
PA209-R122 287.8769173756779 16.85764918315624 287.8769117351854 16.857640749129114 0.10203482909977903 0.12501407688620064 0.08483514514166922 1.5396123 1.5089569241250962 52.400414 0.07980871 0.11212921 0.2618062532865084 0.038461538461538464 13.730698
PA167-R122 287.87941035973404 16.85733864248155 287.8793916940001 16.85731611825304 0.10017356836608758 0.12983247764055053 0.08982135703054668 0.66252685 0.5009568128473848 21.73383 0.2841401 0.17143059 0.25234193068284255 0.0 3.8646946
PA092-R123 287.88221711560556 16.860499214953233 287.88221711560556 16.860499214953233 0.1043318387867207 0.10414064935005563 0.07377375069975185 0.68506575 0.685065746307373 24.377686 0.35878825 0.07986224 0.26957913601037226 0.030303030303030304 8.578094
PA034-R126 287.8806521817206 16.86349625047295 287.880660564497 16.86349623419079 0.11180775396823346 0.12061266318264417 0.0782864112245966 1.0161448 1.0175625866033176 41.526554 0.15477753 0.07725632 0.3167966798294422 0.0 13.152901
PA050-R126 287.8814082718415 16.86284297355617 287.8814535972772 16.86284561270288 0.09704964151435916 0.12712234259295446 0.15360055534644126 0.3245778 0.16020108363037946 9.993858 0.11707878 0.044752 0.23326008247606683 0.022727272727272728 7.252811
PA180-R130 287.87866339897823 16.856976819405705 287.87863849511274 16.85696478072913 0.09453318765089785 0.12009171802031231 0.09949627965578448 1.020951 0.9253715243422416 29.826344 0.6448071 0.29230154 0.22300972101342587 0.0 3.4928007
PA167-R131 287.87948204328063 16.857063388807475 287.87948584280514 16.85703456036987 0.09066705881950601 0.13292614622128307 0.13876819349302413 1.5338029 1.1641637192498149 41.218777 0.6843897 0.41008663 0.203587734338009 0.0 3.7401924
PA174-R133 287.8790511418707 16.85693436311627 287.8790603576307 16.856924813428193 0.11313305776687234 0.11698746898388034 0.08998753249330355 0.41742778 0.4136191351170298 17.465736 0.10676837 0.068315744 0.3218564253586989 0.0 6.110272
PA060-R134 287.8820018750289 16.862505693682234 287.88199738947213 16.86249408946727 0.12078857487330745 0.1133234389818456 0.085388864673738 0.7342068 0.762575667362311 35.018425 0.25680792 0.05300951 0.36973323378452033 0.0 13.850473
PA090-R137 287.8825863357777 16.860559896632285 287.88258685336825 16.860562711056314 0.060771530190365096 0.12384532185776692 0.05080798313958556 0.47521412 0.46070337458190574 5.737414 0.14870083 0.06739235 0.09287171730628381 0.0 7.051455
PA085-R138 287.88263141251923 16.860895355139 287.88262448073755 16.860896879170195 0.11041018120400785 0.119042444110449 0.10339107931695661 0.6260301 0.5284109622037829 24.948242 0.33545792 0.06266618 0.30892639751582185 0.0 9.98992
PA033-R138 287.8808414407549 16.863789557154643 287.88084302346726 16.863793710150947 0.07664235301282582 0.11631647448024547 0.04190819422377461 0.63035655 0.6334712069850762 12.104599 0.08294177 0.16897917 0.14547561876701587 0.0 3.7303803
PA036-R139 287.8809848004972 16.86372066038612 287.8809864154692 16.863736964587865 0.09108222000777783 0.10935318042332474 0.07322101234955314 0.8502233 0.7145421693606319 23.05827 0.14707255 0.13267279 0.20702481451835342 0.0 6.408423
PA054-R139 287.8819301280298 16.862901107811993 287.88193479032014 16.86289782686392 0.06316765673656025 0.08000337865201387 0.053561001261941084 0.20590007 0.17295033015361552 2.685793 0.1498537 0.05226928 0.09957371777250566 0.0 3.9392178
PA209-R141 287.8767099708316 16.85718396111614 287.8767007824788 16.857162681122766 0.11358368358821853 0.11013343994538947 0.0625662376221181 0.8440156 1.036355706473711 35.596626 0.17335486 0.066740274 0.3320891312726839 0.09448818897637795 12.646271
PA353-R145 287.87812345195937 16.864573286670243 287.87812260889257 16.864577899802274 0.07614293210218957 0.10948942395497796 0.048457772773738146 1.0509557 0.9391373218823463 19.919117 -0.017691255 0.03904593 0.14468195966181865 0.0 26.915882
PA074-R145 287.8826585744754 16.861722166059927 287.88267153350813 16.861696409098514 0.0701702136057663 0.10835705997418267 0.05191438950371632 2.487636 17.229525797932165 40.042294 0.21157539 0.13671839 0.1228742235489474 0.5343511450381679 18.195328
