m1-67/data/reproject/combo-D-neutral-knot-ellipses.ecsv
# %ECSV 1.0
# ---
# datatype:
# - {name: label, datatype: string}
# - {name: Ellipse Center.ra, unit: deg, datatype: float64}
# - {name: Ellipse Center.dec, unit: deg, datatype: float64}
# - {name: Ellipse Sigma X, unit: arcsec, datatype: float64}
# - {name: Ellipse Sigma Y, unit: arcsec, datatype: float64}
# - {name: Ellipse Theta, datatype: float64}
# - {name: Ellipse Bright Peak, datatype: float64}
# - {name: Ellipse Bright BG, datatype: float64}
# meta: !!omap
# - __serialized_columns__:
#     Ellipse Center:
#       __class__: astropy.coordinates.sky_coordinate.SkyCoord
#       dec: !astropy.table.SerializedColumn
#         __class__: astropy.coordinates.angles.core.Latitude
#         unit: &id001 !astropy.units.Unit {unit: deg}
#         value: !astropy.table.SerializedColumn {name: Ellipse Center.dec}
#       frame: icrs
#       ra: !astropy.table.SerializedColumn
#         __class__: astropy.coordinates.angles.core.Longitude
#         unit: *id001
#         value: !astropy.table.SerializedColumn {name: Ellipse Center.ra}
#         wrap_angle: !astropy.coordinates.Angle
#           unit: *id001
#           value: 360.0
#       representation_type: spherical
#     Ellipse Sigma X:
#       __class__: astropy.units.quantity.Quantity
#       unit: &id002 !astropy.units.Unit {unit: arcsec}
#       value: !astropy.table.SerializedColumn {name: Ellipse Sigma X}
#     Ellipse Sigma Y:
#       __class__: astropy.units.quantity.Quantity
#       unit: *id002
#       value: !astropy.table.SerializedColumn {name: Ellipse Sigma Y}
# schema: astropy-2.0
label "Ellipse Center.ra" "Ellipse Center.dec" "Ellipse Sigma X" "Ellipse Sigma Y" "Ellipse Theta" "Ellipse Bright Peak" "Ellipse Bright BG"
PA296-R030 287.8777713881935 16.860884195975324 0.20108327565336576 0.3107066905139085 296.28153574111286 14.339393610587686 2.0143685001322207
PA067-R032 287.8794706842278 16.860917018162965 0.10745028024995941 0.13869516381341646 66.86947493936553 7.31271181856516 4.6895565872774565
PA031-R033 287.8791678584019 16.861422607329676 0.2318598156355636 0.13899863145449828 30.919260644413303 39.78644421970429 2.213151802478329
PA072-R035 287.8796390884499 16.860859614589263 0.09937920535010776 0.10729032974997622 71.97437921876036 9.329776648656683 3.5910060497466914
PA017-R038 287.8789614127626 16.86161224479076 0.12890287951487245 0.09674254401017067 16.829907671084754 13.225500796384908 3.113083810786399
PA058-R044 287.8797856600657 16.86127122256821 0.08558883915047281 0.15951864318331427 57.69177263933969 3.4132420179975864 1.9712655992605885
PA338-R045 287.8780414797211 16.86174332785349 0.681458113261811 0.5183712850276296 337.92334456075815 24.966966536416614 -19.23562431335449
PA050-R049 287.8797307246043 16.861504049133824 0.11262683986839299 0.1630615799278011 49.97813143674663 5.732479247124745 1.7177272897691445
PA028-R054 287.87937446052337 16.861942866912045 0.107094016434982 0.12067666457324272 28.041795442239398 2.571827743827694 1.161719282534513
PA262-R064 287.87678791373895 16.86036820616367 0.09770264940194766 0.10839700627178929 262.4843734024974 4.432267301127259 0.70222686636068
PA192-R066 287.8782406187609 16.858771012312857 0.11084720161779923 0.13202958682367727 191.92627434328423 2.490575489775653 0.8159623937981847
PA202-R068 287.8778932651093 16.858827969707708 0.11198979140349792 0.13727458227569286 201.81557485506812 14.552847197016225 1.1975251521268062
PA251-R068 287.8767321533682 16.859961968227413 0.1348266279611263 0.13567385147632263 250.60075274581175 3.4892321379596147 0.5189698933568168
PA185-R071 287.87844049235247 16.85861739149913 0.10816594400035133 0.13622724292066773 185.20291541111195 12.485676115305496 1.06476114922318
PA177-R075 287.87879244430593 16.85852916174832 0.13005615539096613 0.18772831766195966 176.82857239170298 0.6761834915699745 0.6590012307264862
PA042-R077 287.88017006187897 16.862190938306185 0.15093641963309135 0.2513397554309993 41.62550224073183 4.279889225633567 0.07526004314422609
PA330-R077 287.8774991647504 16.862480211797465 0.13729370595253204 0.15753589007723123 329.9013966731095 5.66581258190178 0.8583031556916505
PA039-R083 287.8801872544014 16.86245505813786 0.12103092121653702 0.1097532454283325 39.060066349133635 8.538897952045597 2.6182343257130185
PA179-R085 287.87868420437763 16.858186274147826 0.12535724079519547 0.13635662152108227 179.24614909708282 3.4592646703204566 0.6378117840133498
PA219-R092 287.87692594914813 16.85857187661892 0.2366078300673737 0.10726961859712733 219.06780010195922 3.9633328901201494 -0.21355628967285123
PA095-R093 287.8813746213482 16.860372128488724 0.11111098617796264 0.12071505585753182 94.99475790957146 9.881964447592608 0.9128524562887058
PA330-R093 287.87723579232795 16.86289596164634 0.14392465106173233 0.12444250233314119 330.1218969791886 1.5567054485920266 0.6844256523764227
PA356-R098 287.87847679523304 16.863391341573863 0.1522293712210073 0.33501491549659684 356.0208232478922 6.04474431904738 0.46840364739562357
PA253-R098 287.875925402006 16.85978370933282 0.1232471799291971 0.09657267659269697 252.61919285610367 0.7415898513622864 0.27381662690033964
PA005-R101 287.8789067650389 16.863482162310067 0.28419901407476245 0.09784108763350192 5.0073121388263475 6.484424788497096 0.5284396080332592
PA357-R101 287.8785462402145 16.863440816466117 0.3410393052270522 0.1390757586367659 357.4631799779348 7.6934083607684824 0.7155221177770372
PA096-R102 287.8816389006849 16.860306408871562 0.10383402803404693 0.16386383742913413 95.87924919564686 2.859416589727606 1.1850188566965087
PA207-R102 287.8772601839217 16.85806550218712 0.12864539607515557 0.1165883150747455 207.252693260486 2.9569497040347628 0.5832710095447919
PA203-R102 287.87747086159135 16.857935532172196 0.13295630934230107 0.12084465201888649 202.72686654996232 14.146222491933484 0.6919921281787385
PA359-R104 287.87855057166354 16.863455927575615 0.1811456342876208 0.20786465029673357 359.28660736819756 7.267765280880948 0.947192010125853
PA290-R104 287.8757795001663 16.861597930550012 0.10251005084835457 0.10544350066428482 289.9597897996694 1.0126170909458094 0.24315323182043658
PA193-R105 287.87795355031056 16.857689165910653 0.14038180455168944 0.10745511842210632 192.7757138783096 8.490897590312676 0.4470633378168577
PA043-R107 287.8808090178788 16.86284188317425 0.2521308767761652 0.19969898123185822 42.69704250086977 13.413258741981013 0.06664066314697266
PA062-R108 287.881456734597 16.861983682571978 0.20508325191617618 0.11824134024012425 62.40598436334054 0.7732447361644199 0.3443182370824917
PA227-R110 287.8762721158619 16.858497859116806 0.11887975556219504 0.16068922586089449 226.87355102948678 1.3059404228370328 0.37062093815405545
PA203-R110 287.87737750665167 16.85776432739524 0.19519322527587127 0.10248728650532993 203.12007181342457 3.9986505118707036 0.8450416750990126
PA044-R110 287.88083295121345 16.86288917057332 0.2860785053624364 0.3210228320948504 44.14564066395699 14.614309217187877 0.08238937854766847
PA039-R111 287.880685228771 16.863046707748104 0.11722503886930437 0.13786708972092734 38.65461531621216 19.435112290698342 1.8537092234516017
PA197-R112 287.8776858437408 16.85760355148545 0.14176870949982306 0.11416738923273399 196.689168799342 8.330687814323724 0.650493197945004
PA084-R112 287.88190522276767 16.860924124544873 0.12249130485279794 0.14556766734818835 83.6130351782113 5.880478551650268 0.49373711015136035
PA170-R113 287.8792348473886 16.857486935021015 0.10037379038014368 0.13269912028248754 169.57252129628102 2.366380435707753 0.554776038947724
PA188-R114 287.87811295125533 16.857498889697364 0.09511258314566266 0.2668287866028598 187.95016246963368 4.584777142822695 0.5018557048350615
PA113-R116 287.8817587278944 16.859297991810056 0.18523337353649982 0.14435607825721644 113.30027352889753 11.227846302524602 0.3969355406329959
PA083-R117 287.8820642570303 16.860976571752982 0.12333064347230845 0.3125113020705147 83.16303931275354 2.209721066968572 0.504096177812682
PA183-R119 287.87850794771026 16.857202947959145 0.18718173231264051 0.14238899162562318 182.64373160610052 2.657117621520448 0.559109388823033
PA205-R119 287.8772038377658 16.857561414368114 0.06855540419427227 0.06325403752878582 204.56392396493075 1.2905509576289385 0.9770228016682205
PA055-R120 287.88149197275493 16.86255086852135 0.2702647243231569 0.19891791070816373 54.69872425735836 0.9120052431888827 0.12410229430016229
PA090-R121 287.88220678308113 16.8605373507336 0.1217576320342885 0.3110476398503319 90.41960329625103 6.267358819303363 0.6106106218738824
PA209-R122 287.87689804244076 16.857614692687914 0.13217807221553005 0.11766471509850901 209.11767316527326 12.111210591411714 0.666147776847456
PA167-R122 287.8794052955375 16.85725668987296 0.22597417965653582 0.17722136818647538 167.31028302472725 4.608080156179676 0.23692223564943865
PA092-R123 287.88223947682326 16.860504578597922 0.24427302216455163 0.1416167457892488 91.89386166142998 6.723000935879019 0.960778799186955
PA034-R126 287.8806946932687 16.863518479498246 0.18962619269719244 0.12543688267172373 33.80636265734553 7.589432066990904 0.6303023597709873
PA050-R126 287.8814296332476 16.862884508056858 0.16575751951635329 0.14133480340475263 49.56704135346802 0.783342587926751 0.6181391945350664
PA180-R130 287.8786149250304 16.85695474038752 0.30978160044172026 0.19603414554292004 179.65278141202975 11.131057011101086 0.10760183334350587
PA167-R131 287.87949500666195 16.85701687908744 0.15685935434295636 0.15877432034198474 166.5517940651275 12.931403003714422 2.5515204478463427
PA174-R133 287.8790610154546 16.856876042815944 0.1242538122708115 0.13713390159752278 173.51988201380723 1.5850426969585687 0.3528552494755471
PA060-R134 287.88201707148716 16.86250769100245 0.14034181142800814 0.13284221516802625 59.54811629721563 4.049550490515432 0.7727926342202701
PA090-R137 287.8826264687311 16.86056209504527 0.11822157672507556 0.0946152949001996 90.37148626651197 1.8955526589458989 1.2360028882057177
PA085-R138 287.8826529857285 16.860895479718376 0.15371840366593664 0.10351880664053538 85.4203587455898 3.9473370361379065 0.8951072177215789
PA033-R138 287.8809270500538 16.86378089484356 0.39300385086995454 0.12691047529669133 33.41051222448549 3.6709622997321745 1.2081690463412726
PA036-R139 287.8806032810579 16.86369108858093 0.2955177568220401 1.360979944378089 35.80539579467498 6.52455218804181 0.07894190311431885
PA054-R139 287.88194934090114 16.862906047003733 0.10846001861912956 0.1468208748702831 54.130759713821845 1.1111147411327056 0.6013641608723154
PA209-R141 287.87667560366253 16.857118301922224 0.13910084836585018 0.15914799829818377 208.5545148928927 4.141247709508898 0.5493449792488875
PA353-R145 287.87811212604174 16.864638889692728 0.23183857636431107 0.1278354619907184 352.939665855005 2.7601076572651047 0.0878512033125573
PA074-R145 287.88270562236846 16.86172178236881 0.10034612034748185 0.16044653910685447 73.77528454134325 6.723795791432017 0.6905750298163424
PA109-R145 287.8826696709602 16.85926172166652 0.2307603387217229 0.12558289147452165 109.45504622280768 2.5620306246572606 0.666435088578659
PA196-R146 287.87743682643276 16.856664349728746 0.1100351121852763 0.09850171463857897 196.22234888710852 5.801634168789566 0.3709932758778971
PA062-R147 287.88247193865226 16.86253233356004 0.2101715082399127 0.10383495345981636 62.1214087821436 1.1895498104611777 0.6547662753718467
PA031-R147 287.88090100849473 16.86415228399607 0.09056440266667597 0.1948865605246732 31.45004973402716 1.3273796781721463 0.6379825908121163
PA357-R148 287.87840886225945 16.86473160447448 0.13621169563693708 0.13652714339202693 357.1338782920824 3.487113839942556 0.4938295071660254
PA068-R148 287.88262066210854 16.862165868907304 0.16772811912186253 0.14714873818737198 67.69819306812978 1.0485569464794655 0.4571739331051324
PA156-R149 287.8804080753402 16.856805159991225 0.11070591525961997 0.10566956972277734 155.77451414381082 1.7543827937994618 0.6305685578118594
PA097-R151 287.8830055115023 16.86005657590413 0.13629645023077513 0.09815122816100841 97.37451753929106 3.808397885228494 0.6595701860315274
PA002-R153 287.8788087451442 16.864846088397634 0.08228979378889613 0.07556883380557101 2.1181482259414346 4.747712837821705 1.2968306652231614
PA360-R153 287.8786665906036 16.864852863104115 0.18651260765425667 0.13642772899873737 359.62449822700506 2.6813559877019295 1.3082850512764352
PA093-R153 287.8831047349695 16.860406935038796 0.08153805877696073 0.09993977277174168 92.81866801623983 2.3695519624081207 0.9601319546804304
PA357-R158 287.87838207507815 16.86501000865563 0.187018403522465 0.12313942586968633 356.7918781067209 2.0862637041054866 0.7668391771126756
PA090-R158 287.88325670555406 16.860614997226488 0.09900844580814676 0.1258694323928738 89.90038943961278 16.60950966335582 1.8562649600570762
PA347-R159 287.8776047366815 16.86495564848305 0.21327607967210108 0.12433186068237324 347.23241870930246 1.3916593885702064 0.17256440634173228
PA074-R159 287.8831274654863 16.861800154684783 0.1726420664920847 0.10563604242005288 74.47115232219531 3.12382930385501 0.5466049258378325
PA174-R162 287.8791372903348 16.85608301871257 0.15913095047447326 0.11335926423099688 173.7600671732906 2.6243374495038414 0.6820545235846039
PA001-R163 287.878734897166 16.86516928777034 0.11824005044015481 0.2311868164073051 0.8698648579361684 2.959623071739012 1.573210060447963
PA355-R163 287.8782446374482 16.86514220344461 0.09885385058895123 0.13165782084324906 355.2658866141879 3.4705504974958243 1.057425777650711
PA004-R164 287.87902416331553 16.865205368624462 0.18632526647785638 0.17463056185314105 4.409480231911589 0.7857947987253016 0.6578890691835271
PA348-R166 287.87762090923997 16.865153877251064 0.18575961319348938 0.252877697496286 348.02635079617806 7.417967789820301 0.05918268680572511
PA076-R166 287.8833563090421 16.861717731560482 0.1045127249024256 0.13671575210182607 75.91849971694795 6.415460111468049 1.0316530026821977
PA042-R168 287.8819548980831 16.86404662613192 0.14301740363060417 0.1611581230175171 42.41286944294083 2.1133341322009023 0.3950184906138032
PA162-R171 287.8801437510717 16.856058130417335 0.061492386349215014 0.05450986647063876 162.3248335902421 0.6413695208860979 1.074298064290354
PA069-R172 287.8833256916347 16.86230655615131 0.12317656437859126 0.09175577419670508 69.0059169003032 1.8422957010817245 0.5431514194787718
PA170-R174 287.8795158535578 16.855828962682647 0.12020182359229849 0.13050192786972872 170.1243093230256 0.3142827692289228 0.43042695669540426
PA180-R174 287.8786170546592 16.85570663189018 0.11594294337173511 0.17249210065879697 180.01378891487656 6.424371173800614 0.5496361215431536
PA356-R175 287.8782155396486 16.86551086869997 0.15103496816555323 0.11880336244661703 355.5867692698721 8.83475447947015 1.657253682450712
PA189-R176 287.8778595091896 16.855718988391466 0.10732123055070561 0.11258859683480055 188.64232736446033 1.5145855014085365 0.12983665598657843
PA198-R178 287.8770119167845 16.85586424968961 0.09915210559746912 0.0994421598443342 198.23955265921884 3.611894307875479 0.22059769915026414
PA207-R178 287.87626000336974 16.856128529719868 0.14405761662627972 0.16997662464719385 207.03168652386574 17.46159226129365 0.3782260011277717
PA005-R178 287.87911167169585 16.865513269691537 0.07756226607077318 0.08103215833580557 5.2731820214216745 1.2871030688145584 0.516543810956421
PA206-R180 287.87625860630556 16.856090234123783 0.1898580140354039 0.25570839302458914 206.20567409311846 18.601196967038977 0.10882925510406496
PA209-R181 287.8760154562463 16.85616269216276 0.15512016301829734 0.12203395798766899 209.31848710364113 15.250990088568052 0.5354677959099676
PA071-R183 287.88367446280256 16.862279337965205 0.10795874004093962 0.12117561038139606 70.76222382906155 0.9963017690406938 0.46016431635176624
PA078-R183 287.8838893069807 16.86174363862825 0.19994060038397216 0.12976049058112885 77.5006301975835 1.7292733620019693 0.6258058411569674
PA006-R185 287.8791214955097 16.86578155411137 0.11813709839942688 0.22077772794841993 5.522816344565724 5.38940449708589 1.2929010312932478
PA198-R185 287.876966585943 16.855660181156633 0.12783935780607597 0.12818320819643206 198.21764260514252 3.452788084483051 0.2580419470117013
PA355-R186 287.87814035192696 16.865732489059532 0.14550069254731338 0.27662279328376077 354.84618775684214 6.898694927792912 1.2795219494454035
PA090-R187 287.8840629348156 16.860615208861837 0.0982612712092566 0.10542355964065829 89.82626085160686 0.9531656505733794 0.5486581636416821
PA180-R189 287.8785782370298 16.85530739625801 0.11757828865147228 0.10533541008693353 180.32687525063494 1.7782047203900158 0.40484204478318153
PA220-R189 287.87508351285 16.856549639035347 0.13873813363174364 0.138789951280798 219.93908421929567 5.845487570028514 0.7126170494880156
PA271-R189 287.87312510640953 16.860649236765646 0.10045656123234839 0.11315104056932213 270.57477783709874 1.015253597239157 0.21086097829485337
PA204-R191 287.87634337063116 16.855668898190295 0.14533031913980796 0.11642115127615384 203.9269727432652 6.79224028853159 0.9608223277476078
PA214-R197 287.8754216492774 16.856011140512386 0.12684254347842625 0.14601639879213854 213.9054444367864 0.9826720593079545 0.2506854717045641
PA091-R197 287.88439843341024 16.860537970712596 0.11572112193070129 0.14277084469419984 90.59056816065005 1.628742593436319 0.4399962255152638
PA282-R198 287.87298847957436 16.861735418511813 0.10366051916978225 0.12043841612073121 281.93430599348386 4.0941699327615275 0.7884504767788887
