m1-67/data/reproject/combo-E-ionized-knot-peak-stats.ecsv
# %ECSV 1.0
# ---
# datatype:
# - {name: label, datatype: string}
# - {name: Peak Center.ra, unit: deg, datatype: float64}
# - {name: Peak Center.dec, unit: deg, datatype: float64}
# - {name: r_eff, unit: arcsec, datatype: float64}
# - {name: r_rms, unit: arcsec, datatype: float64}
# - {name: Bright Peak, datatype: float32}
# - {name: Core flux, datatype: float32}
# - {name: Bright BG, datatype: float32}
# - {name: MAD BG, datatype: float32}
# - {name: Fill fraction, datatype: float64}
# - {name: NaN fraction, datatype: float64}
# meta: !!omap
# - __serialized_columns__:
#     Peak Center:
#       __class__: astropy.coordinates.sky_coordinate.SkyCoord
#       dec: !astropy.table.SerializedColumn
#         __class__: astropy.coordinates.angles.core.Latitude
#         unit: &id001 !astropy.units.Unit {unit: deg}
#         value: !astropy.table.SerializedColumn {name: Peak Center.dec}
#       frame: icrs
#       ra: !astropy.table.SerializedColumn
#         __class__: astropy.coordinates.angles.core.Longitude
#         unit: *id001
#         value: !astropy.table.SerializedColumn {name: Peak Center.ra}
#         wrap_angle: !astropy.coordinates.Angle
#           unit: *id001
#           value: 360.0
#       representation_type: spherical
#     r_eff:
#       __class__: astropy.units.quantity.Quantity
#       unit: !astropy.units.Unit {unit: arcsec}
#       value: !astropy.table.SerializedColumn {name: r_eff}
#     r_rms:
#       __class__: astropy.units.quantity.Quantity
#       unit: !astropy.units.Unit {unit: arcsec}
#       value: !astropy.table.SerializedColumn {name: r_rms}
# schema: astropy-2.0
label "Peak Center.ra" "Peak Center.dec" r_eff r_rms "Bright Peak" "Core flux" "Bright BG" "MAD BG" "Fill fraction" "NaN fraction"
[from data line 107]
PA204-R191 287.8763690763419 16.855711636980416 nan 0.17311035243249762 1.1196084 -20.454315 7.119922 0.43167067 -0.09465890597802987 0.05392156862745098
PA214-R197 287.8754423110501 16.856030235790897 0.06990969562612946 0.18895367376483105 0.8193133 13.090351 3.7925937 0.22977304 0.07793767510390863 0.0
PA091-R197 287.88444013364773 16.86055101262631 0.14920825378411784 0.15795635052752544 1.5713396 114.36213 2.5112057 0.34043658 0.34990395032442534 0.0
PA282-R198 287.87303976039277 16.861730740060768 0.11546524646449871 0.12776382803800865 2.82544 123.14453 2.0651212 0.24183166 0.2147004827489994 0.0
PA210-R198 287.8757392374029 16.85584940685208 0.1606709833316907 0.1549896904745463 4.830838 407.6842 7.2427244 0.62415314 0.4136863783294079 0.0
PA206-R200 287.87611714276505 16.855625522938606 0.14405866459992842 0.14501679318227084 3.2673092 221.66415 9.640003 0.5496807 0.3325638864554611 0.0
PA203-R200 287.876324090218 16.855530803147687 nan 0.18024183659923795 1.1511612 -103.49335 7.598613 1.4543419 -0.4407031115363626 0.0
PA354-R202 287.87804260941795 16.866165537508614 0.16379732887997317 0.15378604582987146 1.0644097 93.357445 3.681446 0.16783774 0.4278447965296303 0.0
PA085-R202 287.8844491484655 16.86110212348179 0.15301321233388757 0.17042023811230786 1.6520534 126.44697 4.324087 0.6261852 0.3733623225514482 0.0
PA092-R204 287.88455710202805 16.860413231532373 0.16248943246076095 0.152171951396612 1.4648819 126.43851 4.206133 0.3061862 0.42518769813875845 0.0
PA194-R204 287.8772058640723 16.85511747784912 0.09506403025587332 0.09415281975016888 1.9205322 56.73885 3.0996642 0.13875175 0.1441136336908108 0.0
PA224-R205 287.87448854575183 16.85652105212023 0.12144193241694937 0.13546764362412697 1.1391363 54.921135 2.0530176 0.37509102 0.23750228130171452 0.004901960784313725
PA202-R206 287.87636008346146 16.85531552577336 0.14347610499024854 0.15853775415710286 2.7519102 185.19101 6.1320133 1.2119465 0.3235357724703275 0.0
PA077-R212 287.8846831220259 16.861963227877375 0.10813949911480668 0.17341796505555374 2.8416758 108.63499 4.1830034 1.3192387 0.18739803164613014 0.0
PA205-R215 287.87598218398017 16.85518635457919 0.13984353346803133 0.14921714677488535 1.9550147 124.98598 4.4973764 0.28604746 0.3118583679199219 0.0
PA091-R215 287.8848270404943 16.860464890291457 0.03414019809380101 nan 1.0733528 4.0897903 4.0064716 0.7019768 0.01858680306411371 0.0
PA212-R215 287.87531635257193 16.85551356713605 0.11349330263271527 0.14914130089805297 2.1239367 89.4352 4.6083183 0.29377842 0.20540598427377096 0.0
PA238-R217 287.87338180257336 16.857425193529934 0.07243922542031189 0.15542250031212404 0.24135077 4.140214 1.0497706 0.087414205 0.0840899149576823 0.0
PA076-R219 287.8848090972043 16.862075168597734 0.12378695829717747 0.1594138819599479 3.0591059 153.23952 6.0932655 1.4340353 0.24676310722463823 0.0
PA077-R219 287.8848180948948 16.86206655721778 0.1348405609420818 0.1624581657960373 2.3810992 141.52888 6.688436 0.9957142 0.28994373228491804 0.0
PA271-R220 287.87225697291257 16.860705995099735 0.14155908837118097 0.15082173419462447 1.5513256 101.62602 2.7468283 0.5337671 0.31955685499237807 0.0
PA177-R222 287.87896940037797 16.85438553817709 0.09298316010237687 0.15749684385893326 1.1605422 32.801678 2.9187162 0.3479998 0.1385494867960612 0.0
PA271-R224 287.8720950102975 16.8607146011345 0.12990772703332706 0.15448383224461026 1.802407 99.4373 3.5157053 0.42871547 0.2858506237286978 0.05392156862745098
PA185-R225 287.8781686135073 16.854368315658473 0.021064670668531585 0.4428422571223809 0.45796418 0.66430473 0.9184321 0.20916682 0.007110590443891638 0.0
PA204-R225 287.87590120931026 16.85490218685512 0.11615955312013829 0.16453586659895755 1.4959254 65.98516 4.08104 0.21772361 0.21412586471409473 0.0
PA083-R226 287.88514199729866 16.861351825058804 0.16238391795592214 0.14812331385966138 1.4870286 128.18341 3.1759753 0.26064563 0.4204928886599657 0.0
PA177-R232 287.8789783976957 16.85422192705366 0.07385514895532785 0.12499297965109607 1.519347 27.092245 2.530391 0.61250377 0.08740934671140184 0.0
PA230-R234 287.87341782071974 16.856443527785924 0.12630677399106086 0.12216516158033927 1.5147259 78.99759 2.1750617 0.22036523 0.2507358514345609 0.0
PA204-R234 287.87582923211573 16.85464385255553 0.13672047177302754 0.1548301591181305 2.030255 124.063545 3.5363324 0.43115807 0.2995459238688151 0.0
PA238-R234 287.87284194548187 16.857166845728358 0.10478929431580868 0.14998694684758576 0.36201513 12.995322 1.1194094 0.06123364 0.17683339236405096 0.0
PA219-R235 287.8743446053541 16.855513549180756 0.10989376708151705 0.13293738336371375 1.3060389 51.561874 2.4658823 0.19899106 0.19448072687158444 0.0
PA279-R237 287.87190602202014 16.86161876171185 0.14833568274928047 0.15799865532655608 0.46971703 33.787346 1.3477898 0.17161608 0.35260428634344365 0.0
PA220-R249 287.8740296931615 16.855272431272333 0.11150443927182063 0.1092488041901003 0.98459196 40.019077 3.4486094 0.379009 0.19924188127704695 0.0
PA247-R249 287.87197813590495 16.85792459741012 0.14480301844552393 0.14567358228148208 2.1191068 145.25616 2.0904288 0.3713802 0.34972416624730945 0.034482758620689655
PA249-R252 287.8718071753939 16.85800209181732 0.11584955721677936 0.1514002021058846 2.7229972 119.470985 2.9444623 0.17552447 0.22385106767926896 0.0392156862745098
PA093-R256 287.88614972217107 16.860240957555988 nan 0.18847783376211522 0.81605506 -8.172481 3.7526329 0.6933515 -0.048614654726195104 0.0
PA167-R257 287.88037302003306 16.853636364548013 0.10991121178639306 0.13437367707848596 1.4583669 57.594 3.288455 0.19976091 0.1935888365203259 0.0
PA348-R258 287.8771337829697 16.867620810611854 0.14953808329814527 0.15458423120609321 0.75084543 54.888412 2.384204 0.13316488 0.36010907553686883 0.0
PA086-R259 287.88619474254034 16.86101595590878 0.17204506055042204 0.16736307743513698 1.0049069 97.23816 3.3427284 0.26610494 0.4743301541197534 0.0
PA094-R261 287.8862666922371 16.860180675493126 0.11474377883490129 0.1400505443305272 1.0495017 45.171852 3.7280333 0.8975582 0.21202581621743188 0.0
PA348-R264 287.876980811446 16.86779303165396 0.12055092502427234 0.15875149840657088 1.5275908 72.57292 2.36978 0.14969969 0.2399398533984868 0.005025125628140704
PA221-R266 287.8735708200516 16.855014087173927 0.11257510126381876 0.13489147577534283 1.8952367 78.51898 3.4339921 0.28761494 0.20308647903741575 0.0
PA249-R267 287.8713932772862 16.85801068880328 0.15177558684321174 0.14082178830239264 1.3519878 101.81297 2.6357124 0.21865916 0.37653064727783203 0.0196078431372549
PA343-R268 287.8762879482762 16.867663858236245 0.12766449611992767 0.1727910564710664 1.8893423 100.66475 3.5472813 0.48425794 0.26117799796310126 0.0
PA084-R268 287.8864107036137 16.86128289233961 0.10570906250900583 0.18422241819586202 1.1716857 42.801804 2.741277 0.25580192 0.4198862711588542 0.5671641791044776
PA241-R269 287.87179821473046 16.856977369307238 0.11711899509234788 0.15191923937907473 0.41551578 18.632395 1.4866694 0.23442972 0.2187395421470084 0.0
PA088-R273 287.88652765987985 16.860878165687474 0.14648623646089465 0.154970983671072 0.756547 53.07085 2.7819748 0.21475148 0.34556049666381233 0.0
PA194-R274 287.8767470034254 16.853223029720407 0.15806637414982166 0.14809539759297616 0.94982004 77.57947 1.5443218 0.07250714 0.4023550249672876 0.0
PA085-R274 287.88655466731353 16.861205386873994 0.13386776485567975 0.1492599540467195 1.0677235 62.55144 2.9069834 0.2150675 0.28717613220214844 0.0
PA244-R275 287.8715012808874 16.857209859243184 0.13381626039253183 0.139143595454754 0.98748875 57.806465 2.181097 0.20863253 0.28979633822299466 0.0
PA162-R275 287.8811108167397 16.853326357062432 0.12111167893105354 0.15396174236316534 1.3160195 63.10458 3.3979135 0.49716198 0.23505439010320925 0.0
PA220-R284 287.8733728862372 16.854506026665845 0.09875974427577443 0.1064128720249152 0.90629554 28.897232 3.5330942 0.46732366 0.15629901138006472 0.0
PA224-R286 287.8728780071006 16.854850457875074 0.12080800576997582 0.14811295501476296 1.0623424 50.68535 3.3151515 0.17324305 0.23387712590834675 0.0
PA243-R287 287.87117737211014 16.856960125560782 0.14349327285431085 0.16081559260606523 0.8096497 54.498775 1.8768322 0.12466371 0.32834900646674925 0.0
PA190-R293 287.877079917926 16.852603032524204 0.12753937178180513 0.15590611734848026 1.1334276 60.27106 2.5394568 0.25547087 0.2606662862441119 0.0
PA089-R308 287.8875804126322 16.86080923391351 0.1425310130551 0.15366782301014215 0.44027114 29.239199 1.856204 0.13072997 0.3271517072405134 0.0
PA156-R329 287.88244243192906 16.852181059116507 0.09458688032779791 0.13625672418588847 0.7859721 22.987696 2.925245 0.35991454 0.14061283148252046 0.0
PA157-R331 287.8823794480627 16.852112171377705 0.15014209224920616 0.16297731581799313 1.1593671 85.438255 3.4601612 0.2735393 0.36124450085209864 0.0
PA156-R336 287.8826223804964 16.852112166842204 0.06771732108158401 0.08215941498402332 0.61842203 9.270667 3.5425982 0.31864405 0.16656490961710613 0.5588235294117647
PA164-R337 287.88140771140695 16.851638575562298 nan 0.39397828888945413 0.31278753 -1.3763227 3.1814559 0.10373926 -0.021675784012366986 0.0
PA158-R351 287.8824604137249 16.851526614357155 nan 0.0980310721802307 0.665607 -7.960514 4.358711 0.22859764 -0.05920683983528968 0.0
