m1-67/data/reproject/combo-E-ionized-knot-fluxes.ecsv
# %ECSV 1.0
# ---
# datatype:
# - {name: label, datatype: string}
# - {name: ICRS.ra, unit: deg, datatype: float64}
# - {name: ICRS.dec, unit: deg, datatype: float64}
# - {name: PA, unit: deg, datatype: float64}
# - {name: Sep, unit: arcsec, datatype: float64}
# - {name: Core Flux, datatype: float32}
# - {name: Halo Flux, datatype: float32}
# - {name: Bright Peak, datatype: float32}
# - {name: Bright BG, datatype: float64}
# - {name: Isolated, datatype: bool}
# meta: !!omap
# - __serialized_columns__:
#     ICRS:
#       __class__: astropy.coordinates.sky_coordinate.SkyCoord
#       dec: !astropy.table.SerializedColumn
#         __class__: astropy.coordinates.angles.core.Latitude
#         unit: &id001 !astropy.units.Unit {unit: deg}
#         value: !astropy.table.SerializedColumn {name: ICRS.dec}
#       frame: icrs
#       ra: !astropy.table.SerializedColumn
#         __class__: astropy.coordinates.angles.core.Longitude
#         unit: *id001
#         value: !astropy.table.SerializedColumn {name: ICRS.ra}
#         wrap_angle: !astropy.coordinates.Angle
#           unit: *id001
#           value: 360.0
#       representation_type: spherical
#     PA:
#       __class__: astropy.coordinates.angles.core.Angle
#       unit: *id001
#       value: !astropy.table.SerializedColumn {name: PA}
#     Sep:
#       __class__: astropy.coordinates.angles.core.Angle
#       unit: !astropy.units.Unit {unit: arcsec}
#       value: !astropy.table.SerializedColumn {name: Sep}
# schema: astropy-2.0
label ICRS.ra ICRS.dec PA Sep "Core Flux" "Halo Flux" "Bright Peak" "Bright BG" Isolated
[from data line 117]
PA194-R204 287.8772058640723 16.85511747784912 194.03330611890365 20.376799954788467 255.63408 3945.1675 5.0201964 1.6599437475204468 True
PA224-R205 287.87448854575183 16.85652105212023 224.2056099510396 20.5087223659346 169.07413 3686.9365 3.192154 1.0995194435119628 True
PA202-R206 287.87636008346146 16.85531552577336 202.17207230451473 20.567497520193836 546.5815 6079.7554 8.883924 3.8739500284194945 False
PA077-R212 287.8846561281269 16.86196322866524 77.20003853917879 21.154082760191663 554.5564 1993.4612 7.2713013 2.097638201713562 False
PA205-R215 287.87598218398017 16.85518635457919 205.12327468049776 21.484081031420367 120.39348 4963.164 6.452391 4.541335535049439 False
PA091-R215 287.88488102843246 16.860482110889752 91.00559429601124 21.500348010281712 128.15094 1970.8257 5.0798244 3.4271929264068604 False
PA212-R215 287.87531635257193 16.85551356713605 211.98613816905123 21.533937877682064 166.3205 3053.371 6.732255 4.162110471725464 False
PA238-R217 287.8733818028131 16.857416582418892 237.60742355182862 21.670800472095003 108.96836 734.29767 1.2911214 0.39669559597969056 False
PA076-R219 287.8848090972043 16.862075168597734 75.56131087204639 21.92819127615792 801.15027 4395.645 9.152371 2.3846275329589846 False
PA077-R219 287.8848180943325 16.86204933499567 76.80858360911147 21.930559750761834 821.14075 4519.1333 9.152371 2.2832031726837156 False
PA271-R220 287.87225697291257 16.860705995099735 270.8866412346092 21.951598185904267 345.26727 1889.6013 4.298154 1.018474006652832 True
PA177-R222 287.87893341000733 16.854419982674454 177.2899997741525 22.197495029652874 336.8479 2046.645 4.1768155 0.9558330416679383 True
PA271-R224 287.8721759902808 16.860749048132757 271.25527958361334 22.353403767252228 428.19815 2640.6057 5.0237956 0.9506813526153566 False
PA185-R225 287.8781416207383 16.854351093372347 184.7717396256097 22.46754064730811 65.84341 774.30334 1.4726439 0.723138177394867 False
PA204-R225 287.87590120931026 16.85490218685512 204.4649080794199 22.514026956724873 223.00931 2366.8916 5.5769653 3.1549429893493652 False
PA083-R226 287.88514199729866 16.861351825058804 83.07804039502408 22.558559452841962 319.3213 2178.5674 4.663004 1.6169937133789063 False
PA177-R232 287.8790233855479 16.854153038088192 176.69351501381556 23.199289667441274 121.342964 2697.5596 3.7892258 1.9371049880981446 True
PA230-R234 287.87341782071974 16.856443527785924 230.26700165995553 23.404535779506947 155.63754 624.9842 3.6897876 1.6574341297149657 False
PA204-R234 287.87582923211573 16.85464385255553 204.38749406544923 23.4225029159944 254.1382 2496.544 5.5665874 2.726997494697571 False
PA238-R234 287.87284194548187 16.857166845728358 238.32058359631765 23.44092972237505 73.00083 600.3152 1.4814246 0.6892822742462158 False
PA219-R235 287.8743446053541 16.855513549180756 219.0242389999707 23.503653024129004 75.246605 840.5271 3.7719212 2.3069776773452757 False
PA279-R237 287.8718430376101 16.861584315201448 278.5842547127372 23.71464173580181 27.146936 1036.1201 1.7446053 1.3359068870544435 False
PA220-R249 287.8740296931615 16.855272431272333 219.52377272389026 24.90338017126823 236.67128 1407.6309 4.4332013 2.1137213945388793 False
PA247-R249 287.87197813590495 16.85792459741012 247.2517830698292 24.92300151970066 338.35007 936.8087 4.2095356 0.5067418873310089 False
PA249-R252 287.87181617286063 16.85801070322621 248.57806544097872 25.181903328362115 425.62045 2383.8765 5.6674595 0.6104534149169922 True
PA093-R256 287.8861317260615 16.860232347098393 92.97826595434081 25.64016418476542 260.5174 1588.4873 4.8208833 2.295605516433716 False
PA167-R257 287.88037302003306 16.853636364548013 166.59560512998968 25.742931287646034 266.016 1229.2236 4.746822 1.7245759963989258 True
PA348-R258 287.8771337829697 16.867620810611854 348.4534810994319 25.845394573831438 188.1239 2378.06 3.1350493 1.434895396232605 True
PA086-R259 287.8861947428842 16.861024567019815 86.35876212116817 25.946337569164978 229.16716 725.1251 4.411835 2.341609168052673 False
PA094-R261 287.88623969859276 16.860180676488 93.74912282892667 26.123691752755125 283.5499 1706.3599 5.0304923 2.4908438205718992 False
PA348-R264 287.8770348009095 16.867793032082453 348.02079036082057 26.44627224177772 222.56738 2385.8018 4.4324923 1.2616658926010131 False
PA221-R266 287.8735708200516 16.855014087173927 220.8666898312242 26.591569110038247 318.47766 2514.6123 5.329229 1.8670159578323364 False
PA249-R267 287.8713932772862 16.85801068880328 249.45697867809605 26.708259258784533 243.113 2290.6633 3.9877002 1.5318599939346313 False
PA343-R268 287.8762969464069 16.867672469449833 342.69923396465583 26.78417697853889 472.6949 2341.5781 5.5776954 1.3186543583869934 True
PA084-R268 287.8863477208831 16.861351783587825 84.48889595715141 26.800160136614075 52.453293 1226.1924 6.330594 2.2938082695007322 False
PA241-R269 287.87179821473046 16.856977369307238 240.75203377829365 26.867638937114105 150.14365 680.5288 1.9021852 0.5967044472694397 True
PA088-R273 287.88652765987985 16.860878165687474 87.75649694421752 27.30449147133537 73.252235 1748.2915 3.5385218 2.652407932281494 False
PA194-R274 287.8767470034254 16.853223029720407 193.66338280665852 27.41446161811034 153.99911 716.6769 2.4941418 0.8870089590549469 False
PA085-R274 287.88655466731353 16.861205386873994 85.3436239582365 27.431474278643382 113.38248 1306.98 3.974707 2.598815679550171 False
PA244-R275 287.8715012808874 16.857209859243184 243.58882284408608 27.46617378120109 236.46817 1304.7134 3.1685858 0.8525591969490052 False
PA162-R275 287.8811108167397 16.853326357062432 162.02841766461154 27.47934469729965 302.93707 1452.2175 4.713933 1.7747012376785278 True
PA220-R284 287.8733728862372 16.854506026665845 219.5602978605077 28.418568173668028 186.04544 2256.791 4.4393897 2.482506012916565 False
PA224-R286 287.8728780071006 16.854850457875074 223.80487115920315 28.596845517870875 122.88466 1562.3384 4.377494 2.7288281202316282 False
PA243-R287 287.87117737211014 16.856960125560782 243.04411802210387 28.707404855577785 79.106094 1229.4724 2.686482 1.7895586490631104 False
PA190-R293 287.877079917926 16.852603032524204 190.4969656328342 29.288811227632436 289.05362 1701.1157 3.6728845 0.8214920163154602 False
PA089-R308 287.8875804126322 16.86080923391351 88.54510177171716 30.800473748320062 60.51416 474.45123 2.2964752 1.5414623498916626 False
PA156-R329 287.8824424329667 16.852232725781942 156.4496533289238 32.85070143007623 189.22682 921.5485 3.7112172 1.784602952003479 False
PA157-R331 287.8823794480627 16.852112171377705 157.0440439800927 33.097725031700975 286.30527 1219.9254 4.6195283 1.9748936891555786 False
PA156-R336 287.8826223804964 16.852112166842204 155.77751731657355 33.608446223283444 212.68756 1432.9551 4.1610203 2.127001905441284 False
PA164-R337 287.88140771140695 16.851638575562298 163.5135339419548 33.66570924297562 228.80852 951.686 3.4942434 1.5397645950317382 False
PA158-R351 287.8824604137249 16.851526614357155 158.0380970621678 35.096394021369534 145.50937 1487.4199 5.0243177 3.4943692445755006 False
