m1-67/data/reproject/combo-DD-neutral-knot-ellipses.ecsv
# %ECSV 1.0
# ---
# datatype:
# - {name: label, datatype: string}
# - {name: Ellipse Center.ra, unit: deg, datatype: float64}
# - {name: Ellipse Center.dec, unit: deg, datatype: float64}
# - {name: Ellipse Sigma X, unit: arcsec, datatype: float64}
# - {name: Ellipse Sigma Y, unit: arcsec, datatype: float64}
# - {name: Ellipse Theta, datatype: float64}
# - {name: Ellipse Bright Peak, datatype: float64}
# - {name: Ellipse Bright BG, datatype: float64}
# meta: !!omap
# - __serialized_columns__:
#     Ellipse Center:
#       __class__: astropy.coordinates.sky_coordinate.SkyCoord
#       dec: !astropy.table.SerializedColumn
#         __class__: astropy.coordinates.angles.core.Latitude
#         unit: &id001 !astropy.units.Unit {unit: deg}
#         value: !astropy.table.SerializedColumn {name: Ellipse Center.dec}
#       frame: icrs
#       ra: !astropy.table.SerializedColumn
#         __class__: astropy.coordinates.angles.core.Longitude
#         unit: *id001
#         value: !astropy.table.SerializedColumn {name: Ellipse Center.ra}
#         wrap_angle: !astropy.coordinates.Angle
#           unit: *id001
#           value: 360.0
#       representation_type: spherical
#     Ellipse Sigma X:
#       __class__: astropy.units.quantity.Quantity
#       unit: &id002 !astropy.units.Unit {unit: arcsec}
#       value: !astropy.table.SerializedColumn {name: Ellipse Sigma X}
#     Ellipse Sigma Y:
#       __class__: astropy.units.quantity.Quantity
#       unit: *id002
#       value: !astropy.table.SerializedColumn {name: Ellipse Sigma Y}
# schema: astropy-2.0
label "Ellipse Center.ra" "Ellipse Center.dec" "Ellipse Sigma X" "Ellipse Sigma Y" "Ellipse Theta" "Ellipse Bright Peak" "Ellipse Bright BG"
[from data line 111]
PA210-R198 287.87572505728883 16.855845428545607 0.09129943228507323 0.11847431461907658 210.39669118198722 1.562606233600119 0.00858802318572998
PA206-R200 287.8761379943648 16.855611054564246 0.044328092307782986 0.0647243274688871 205.68483552276567 0.9356758654812357 0.6268772701832623
PA203-R200 287.87637818491805 16.855480813672276 0.11709505360083047 0.09839702652280222 202.93730669612367 0.39476537948560025 0.0054322406613558395
PA354-R202 287.87804042664266 16.866146370004003 0.04141302898481884 0.04330869645842365 354.06762896573895 0.3275377381060454 0.12309550434892344
PA085-R202 287.884460515875 16.861089651671087 0.050801806191272676 0.08699386810318509 84.82342868761081 0.9068432549202646 0.4658325112028988
PA092-R204 287.8845306474601 16.860365294627837 0.0918703649232382 0.1605021317902071 92.03975169791194 0.2812034379103153 0.15324004852019188
PA194-R204 287.8772053266963 16.85511552389472 0.043822864352125616 0.05337570526338258 194.03330611890365 1.2149948549558998 0.09449647952220251
PA224-R205 287.87449031140574 16.856519431625454 0.25649834525721443 0.29572385450260197 224.2056099510396 1.1551401904569858 -1.024462103843689
PA202-R206 287.8763712200792 16.85531229463422 0.10310073833429773 0.08830160791709193 202.17207230451473 0.5621165780452713 0.06202051860595094
PA077-R212 287.8846305742569 16.861906366904805 0.09327572804698098 0.1188843374282178 77.20003853917879 0.702646271906365 0.010355141162872316
PA205-R215 287.87598855150713 16.85519448425986 0.041085154455085655 0.05502590560664046 205.12327468049776 0.45106330935417077 0.121484565057917
PA091-R215 287.88489815270384 16.860495459082617 0.07158530356641417 0.052456777536426115 91.00559429601124 0.4990644554155504 0.13182162139049203
PA212-R215 287.87532447580276 16.85550706042579 0.05293415334226999 0.09243542970748293 211.98613816905123 0.6644752551807611 0.06340773671350751
PA238-R217 287.87315112364587 16.857460911108067 0.03099999999999996 0.03099999999999996 237.60742355182862 1.287312268654306 -1.5817391872406006
PA076-R219 287.8847928990992 16.86207260344239 0.17480631815763248 0.11652061163600894 75.56131087204639 0.6421949632890053 0.257835197807996
PA077-R219 287.88477020720654 16.86198568659719 0.11868835608724634 0.26852444337917386 76.80858360911147 0.9253894226992387 0.03790514945983887
PA271-R220 287.87226833483317 16.86070527135267 0.12904743913297886 0.13802277237218405 270.8866412346092 0.6506870926731673 -0.2788972854614257
PA177-R222 287.87892659913814 16.85444051989339 0.03099999999999996 0.03099999999999996 177.2899997741525 1.236846170781126 0.33081007003784185
PA271-R224 287.8721824729515 16.860752686556445 0.03099999999999996 0.03099999999999996 271.25527958361334 4.895174914288199 0.4491034746170045
PA185-R225 287.87874681082866 16.85351541197066 10.927974818206911 7.230880285411861 184.7717396256097 1.283648573912038 -1.1983203291893005
PA204-R225 287.8758989406614 16.85489085072131 0.19641119251977285 0.32888874606147733 204.4649080794199 0.9969026554846672 -0.7227435111999512
PA083-R226 287.88513779340593 16.86135259092794 0.09248138624645573 0.06991487239669902 83.07804039502408 0.3960449303477096 0.14377096399364117
PA177-R232 287.8790199519381 16.85414945767954 0.07786576897616415 0.08996093930032355 176.69351501381556 1.0429282345230115 0.0498600341405543
PA230-R234 287.8734204641586 16.856450035832406 0.14353694981170093 0.12063748465053141 230.26700165995553 0.649665387492799 -0.2298690676689148
PA204-R234 287.87580423660177 16.854582660818377 0.13937714843458063 0.4195307345702306 204.38749406544923 0.46611392797907175 0.014458245038986206
PA238-R234 287.87278881842667 16.857131324044555 0.7555146346931123 0.5079758302739479 238.32058359631765 0.9147442670407305 -0.8627955913543701
PA219-R235 287.8743415343614 16.855517931821012 0.17056977038578758 0.19551900689908083 219.0242389999707 0.8557812092347462 -0.6045753955841064
PA279-R237 287.87182309072597 16.861574127438224 0.3291501780624495 0.3382704858010068 278.5842547127372 0.7812307767370071 -0.7533568143844604
PA220-R249 287.8740346966115 16.85525990118442 0.2548361776516555 0.23178739661313016 219.52377272389026 0.9962618048068369 -0.7090129852294922
PA247-R249 287.87220383823063 16.858670499992236 0.09299999999999989 0.09299999999999989 247.2517830698292 1.001701831817627 -7.211925983428955
PA249-R252 287.8718607165514 16.858046183771208 0.21312845749873444 0.36322393711671214 248.57806544097872 5.61174413757981 -4.640089750289917
PA093-R256 287.88606851526856 16.86022574192586 0.08473030914954581 0.09917253768681766 92.97826595434081 0.2886251944414382 0.11669218208481559
PA167-R257 287.88044702089303 16.85378438310447 0.28414743857589625 0.03099999999999996 166.59560512998968 2.661724497378753 0.7153165233668338
PA348-R258 287.8771355909028 16.86761905031413 0.037683540267716045 0.08681375292161317 348.4534810994319 0.17083320453978385 0.05272372091946068
PA086-R259 287.886203833174 16.860999357875222 0.08380269078717685 0.1467765560642025 86.35876212116817 0.2489495156386995 0.25665536623096935
PA094-R261 287.8861926773813 16.860111274764787 0.08171100751337564 0.053979608787669144 93.74912282892667 0.4053864782207651 0.2725288855633859
PA348-R264 287.8781929187304 16.8687021102475 5.4288109300126 0.5791972185675233 348.02079036082057 4.420977365917307 -2.570075273513794
PA221-R266 287.8736727330251 16.854892417867838 1.0709262642651518 0.613032658679999 220.8666898312242 4.927869950975153 -4.410408973693848
PA249-R267 287.8713749056167 16.858044957201745 0.03526111678878731 0.03441895242152753 249.45697867809605 2.972465837983229 -0.1705080270767212
PA343-R268 287.8762953775813 16.86769919118267 0.0749124111654742 0.08737700825877474 342.69923396465583 0.26290731438724857 0.12273750916464203
PA084-R268 287.88658266462903 16.861101663154972 0.09299999999999989 0.09299999999999989 84.48889595715141 1.0569376945495605 -7.357347011566162
PA241-R269 287.8706053646471 16.85750379685556 0.4417506934843342 10.771705044619068 240.75203377829365 1.052923807617196 -0.9732611179351807
PA088-R273 287.88650762245817 16.860870800180173 0.10912992819620705 0.04818448371562186 87.75649694421752 0.24571083257503729 0.18475070946007113
PA194-R274 287.876759134082 16.85321090565014 0.1515433337147337 0.13228433983955656 193.66338280665852 0.23496286595954427 -0.05740499496459957
PA085-R274 287.886573640057 16.861210555564337 0.10781213382871571 0.13574882968217297 85.3436239582365 0.4232247489375849 0.11975833335070078
PA244-R275 287.87149959252696 16.857199467760047 0.24470134891889697 0.2198425761754275 243.58882284408608 0.9478946266223872 -0.7615098953247069
PA162-R275 287.88111639324757 16.853331854154835 0.12293499402835219 0.16382452043422607 162.02841766461154 0.39783409405609393 0.011226859092712404
PA220-R284 287.873377870385 16.854496366118962 0.17737310511858445 0.17753010460010665 219.5602978605077 0.5881510726121627 -0.39035511016845703
PA224-R286 287.87287367145944 16.85484847131288 0.13871387465771032 0.15037815520187026 223.80487115920315 1.0087119279612162 -0.5462493896484375
PA243-R287 287.87103816839016 16.85742400785818 0.8931726895719652 0.13980161349076917 243.04411802210387 0.6386750654602118 -0.060360848903655964
PA190-R293 287.87707854603326 16.852601996858365 0.04265439320849676 0.0471885140910162 190.4969656328342 0.6693006470189607 0.08906542183171266
PA089-R308 287.88757931337483 16.860803373911548 0.043640415142165476 0.04866888667619418 88.54510177171716 0.2774719926014028 0.03910183126461537
PA156-R329 287.88245957017284 16.852192347648568 0.2724082401311455 0.1790865071965974 156.4496533289238 0.8222961347407635 0.03225927352905274
PA157-R331 287.8828101264103 16.852205267739524 0.8279167649376877 0.21708313318429706 157.0440439800927 2.5888360292257895 0.04397101402282715
PA156-R336 287.8826404550416 16.85206202598832 0.10288238914350523 0.13491993465272276 155.77751731657355 5.5321977692318995 0.42599489140783453
PA164-R337 287.8814130957049 16.851618595836545 0.10464038003773779 0.10011368210538106 163.5135339419548 0.2483283311073098 0.07074220291947682
PA158-R351 287.88245661657555 16.85152601892118 0.06349272290062626 0.12703622640561588 158.0380970621678 0.7057203145111322 0.24020554976963485
