m1-67/data/reproject/combo-D-neutral-knot-fluxes.ecsv
# %ECSV 1.0
# ---
# datatype:
# - {name: label, datatype: string}
# - {name: ICRS.ra, unit: deg, datatype: float64}
# - {name: ICRS.dec, unit: deg, datatype: float64}
# - {name: PA, unit: deg, datatype: float64}
# - {name: Sep, unit: arcsec, datatype: float64}
# - {name: Core Flux, datatype: float32}
# - {name: Halo Flux, datatype: float32}
# - {name: Bright Peak, datatype: float32}
# - {name: Bright BG, datatype: float64}
# - {name: Isolated, datatype: bool}
# meta: !!omap
# - __serialized_columns__:
#     ICRS:
#       __class__: astropy.coordinates.sky_coordinate.SkyCoord
#       dec: !astropy.table.SerializedColumn
#         __class__: astropy.coordinates.angles.core.Latitude
#         unit: &id001 !astropy.units.Unit {unit: deg}
#         value: !astropy.table.SerializedColumn {name: ICRS.dec}
#       frame: icrs
#       ra: !astropy.table.SerializedColumn
#         __class__: astropy.coordinates.angles.core.Longitude
#         unit: *id001
#         value: !astropy.table.SerializedColumn {name: ICRS.ra}
#         wrap_angle: !astropy.coordinates.Angle
#           unit: *id001
#           value: 360.0
#       representation_type: spherical
#     PA:
#       __class__: astropy.coordinates.angles.core.Angle
#       unit: *id001
#       value: !astropy.table.SerializedColumn {name: PA}
#     Sep:
#       __class__: astropy.coordinates.angles.core.Angle
#       unit: !astropy.units.Unit {unit: arcsec}
#       value: !astropy.table.SerializedColumn {name: Sep}
# schema: astropy-2.0
label ICRS.ra ICRS.dec PA Sep "Core Flux" "Halo Flux" "Bright Peak" "Bright BG" Isolated
PA296-R030 287.87784467186157 16.860947203519856 296.28153574111286 2.9841626738870715 3783.324 63789.24 15.437284 -18.616398620605466 False
PA067-R032 287.87948229283637 16.860921370043755 66.86947493936553 3.1549125149909147 764.66187 18846.982 13.002155 2.813558387756348 False
PA031-R033 287.87916736712566 16.861420815524625 30.919260644413303 3.3108251070294017 3942.102 23108.664 43.19102 1.541683578491211 False
PA072-R035 287.8796442550666 16.86086970265695 71.97437921876036 3.5235564474513 607.5458 7088.1577 13.036831 3.071273994445801 False
PA017-R038 287.8789604148071 16.861610260388524 16.829907671084754 3.803227856282498 870.4627 7936.166 16.793507 3.0287760734558105 False
PA058-R044 287.8797702282245 16.861265813119978 57.69177263933969 4.378772881478465 262.1211 4353.334 5.5152626 1.6316751003265382 False
PA338-R045 287.8781146071065 16.861765259946004 337.92334456075815 4.521866041533656 406.60977 18332.088 9.570123 0.6695205688476564 True
PA050-R049 287.8797432356749 16.861481091043 49.97813143674663 4.9470357908001645 503.54218 7011.166 8.858024 0.9034602642059327 False
PA028-R054 287.87937432178484 16.861946092675158 28.041795442239398 5.4263621184941275 163.03967 3732.4402 4.0950837 1.1997756958007812 False
PA262-R064 287.87679192110437 16.860370252306648 262.4843734024974 6.350637941225752 300.09628 790.942 5.3429694 0.4179472327232361 True
PA192-R066 287.8782405849228 16.85876859356577 191.92627434328423 6.584807134813525 225.82181 618.7911 3.5977235 0.45266611576080323 True
PA202-R068 287.87789866773824 16.858828870389686 201.81557485506812 6.759768181790186 1160.8579 1679.4639 15.945297 0.5290253281593323 True
PA251-R068 287.8767469358023 16.85995691856467 250.60075274581175 6.821162395568218 279.4532 512.16846 4.344872 0.4284687876701355 True
PA185-R071 287.87843853699945 16.85862220497039 185.20291541111195 7.074820455075996 978.0796 771.80615 14.161974 0.4143345832824707 True
PA177-R075 287.8787804536075 16.858518871696802 176.82857239170298 7.475119183735325 101.23638 746.57196 1.4972603 0.3456229567527771 True
PA042-R077 287.8801211549472 16.86220442201988 41.62550224073183 7.663316111213477 1147.3356 3615.689 12.729692 -0.2097170352935791 True
PA330-R077 287.8775027417618 16.862471368575815 329.9013966731095 7.674085680330464 585.04486 1581.7354 6.934624 0.14123940467834473 True
PA039-R083 287.8801841427549 16.862445532670744 39.060066349133635 8.308393048281967 936.50696 5118.7075 11.504006 -0.07603697776794431 False
PA179-R085 287.8786814777177 16.85819164951608 179.24614909708282 8.519408373717578 287.89145 926.7713 4.1430326 0.5124574422836303 False
PA219-R092 287.87692690566746 16.85858775347614 219.06780010195922 9.199690349976892 318.24503 2741.4658 5.288627 -0.3671513557434082 True
PA095-R093 287.8813718474236 16.86037024262398 94.99475790957146 9.321903082673638 753.7558 1255.8624 11.113005 0.34919854402542116 False
PA330-R093 287.87724179702894 16.862876089187683 330.1218969791886 9.330486013373456 164.24875 979.0624 2.4035919 0.3392331600189209 False
PA356-R098 287.8784115377164 16.86335831604975 356.0208232478922 9.782912671341565 594.7409 599.5272 6.610991 0.008588445186614993 True
PA253-R098 287.87592813202355 16.85978468718778 252.61919285610367 9.793772318367127 51.844955 322.78287 1.0623685 0.23459307551383973 True
PA005-R101 287.87889743161554 16.86345303825055 5.0073121388263475 10.115936365100394 572.75665 485.99866 6.8318305 0.030808532238006593 True
PA357-R101 287.8785555062007 16.863444427273635 357.4631799779348 10.116243243106208 876.66254 1320.9409 8.991312 0.03731579780578614 False
PA096-R102 287.88163278516225 16.860301350123766 95.87924919564686 10.178391233994837 320.0114 2264.6248 3.971928 0.4253696441650391 True
PA207-R102 287.87726882604903 16.85807108937375 207.252693260486 10.213385398548805 282.64 344.9621 4.117608 0.01749598979949951 True
PA203-R102 287.87747577581536 16.85794192398368 202.72686654996232 10.244036846699961 1155.0537 501.9204 14.795303 0.026977765560150146 True
PA359-R104 287.8785735022647 16.863470260613962 359.28660736819756 10.367132616032288 851.25134 1763.979 8.991312 0.04417438507080078 False
PA290-R104 287.87578413885024 16.86159301857335 289.9597897996694 10.371434598825056 82.90939 400.54437 1.249308 0.07868702411651611 True
PA193-R105 287.8779526587442 16.85770942613548 192.7757138783096 10.535492309816057 628.82263 415.61243 8.80341 0.0428932785987854 True
PA043-R107 287.8807600181204 16.86280719424027 42.69704250086977 10.707356881564325 1246.8564 1949.432 16.465548 -0.29112257957458465 True
PA062-R108 287.8814348564169 16.861980519558063 62.40598436334054 10.803883288615872 92.531906 362.1992 1.2877625 0.13890515565872194 False
PA227-R110 287.8762790647304 16.8585016359554 226.87355102948678 10.957440029214718 145.74133 779.687 1.7763722 0.07127714157104492 False
PA203-R110 287.8773768015035 16.857761090066287 203.12007181342457 11.007756179808554 399.04782 2593.0815 5.8633637 0.2531655788421631 False
PA044-R110 287.8808679941995 16.862807193105798 44.14564066395699 11.04749837554651 1168.7631 2448.96 13.156242 -0.13228054046630847 False
PA039-R111 287.88067903856205 16.86303969505354 38.65461531621216 11.114203809022609 1710.3716 2398.9768 22.699516 -0.0680167198181152 False
PA197-R112 287.877691724067 16.857614702872922 196.689168799342 11.161835629378425 671.1199 2390.7136 9.568672 0.16600823402404785 True
PA084-R112 287.8818937346949 16.86092995729261 83.6130351782113 11.177524015082085 498.06552 369.18402 6.4455557 0.18301975727081302 True
PA170-R113 287.87923933831587 16.857494148666728 169.57252129628102 11.295210816019617 219.62755 788.8565 3.0811803 0.09178042411804199 True
PA188-R114 287.878132614631 16.857485537772725 187.95016246963368 11.426491994316251 409.6645 1451.0015 5.3592205 0.06819870471954347 False
PA113-R116 287.8817407435964 16.8593110707568 113.30027352889753 11.560079928382175 1010.65405 639.1607 13.768631 0.2850731134414673 False
PA083-R117 287.88204670021724 16.860981621495327 83.16303931275354 11.654695003981551 263.55923 1198.4138 3.3265789 0.12567341327667236 False
PA183-R119 287.8784745294595 16.85726164945081 182.64373160610052 11.886321907780335 209.8172 640.5143 3.2943377 0.09124913215637206 True
PA205-R119 287.8772058454496 16.85756303338995 204.56392396493075 11.923778194336005 122.25134 1522.5566 2.1767583 0.3144533634185791 False
PA055-R120 287.88148885237973 16.862523018820273 54.69872425735836 12.015383889211755 101.78937 269.6091 1.3223851 0.11294344663619996 False
PA090-R121 287.8821636658015 16.860585508424354 90.41960329625103 12.093260660970929 547.83813 930.3275 8.333067 0.34265575408935545 False
PA209-R122 287.87689992115514 16.857623308807522 209.11767316527326 12.151300191368758 939.58875 609.59424 13.490763 0.22523558139801025 False
PA167-R122 287.87940129709114 16.85729609258241 167.31028302472725 12.155578123781261 446.28552 956.9884 5.0245147 0.05709521770477296 False
PA092-R123 287.88223564720926 16.86049078496287 91.89386166142998 12.302070271695632 725.5419 931.8171 8.92308 0.4878859519958496 False
PA034-R126 287.8806700455242 16.86350469514071 33.80636265734553 12.562377904588997 670.1951 1737.3489 9.34321 0.26113412380218504 True
PA050-R126 287.8814258713676 16.862858853010874 49.56704135346802 12.579288239376472 106.339424 1202.6411 1.6515162 0.29723734855651857 False
PA180-R130 287.8786544842975 16.85694303841148 179.65278141202975 13.047910576140387 1138.283 3541.8032 12.659491 0.21469483375549317 False
PA167-R131 287.87950027107144 16.857029147752897 166.5517940651275 13.092657659199855 1464.0278 2607.263 16.241297 0.25385050773620604 False
PA174-R133 287.87906837964675 16.856891371312116 173.51988201380723 13.318761877650125 134.96017 825.7041 1.906394 0.22995903491973876 False
PA060-R134 287.88201073551676 16.86249717763753 59.54811629721563 13.356809945837046 397.40485 461.52692 5.0943956 0.22563846111297609 False
PA090-R137 287.8826135603003 16.860559666932687 90.37148626651197 13.655069079842528 186.24548 2558.407 3.3790448 0.6594087600708007 False
PA085-R138 287.882640561096 16.860895499744515 85.4203587455898 13.757538002330357 331.27783 579.06506 5.3529987 0.5017298698425293 False
PA033-R138 287.88090399795357 16.86378885937879 33.41051222448549 13.809421841269197 440.99008 3715.9214 5.463258 0.3871492624282837 False
PA036-R139 287.88100297600306 16.8637458027165 35.80539579467498 13.89057484457009 329.53717 3653.3967 4.54976 0.46681801080703733 False
PA054-R139 287.8819477567941 16.86291051198699 54.130759713821845 13.923710067249017 115.09123 510.3398 1.7772727 0.360337495803833 False
PA209-R141 287.8766839801004 16.857123862426143 208.5545148928927 14.103100349390585 388.38437 1663.3684 5.058757 0.3137967586517334 False
PA353-R145 287.87812359724256 16.864598315518123 352.939665855005 14.469046238460129 225.87363 236.0556 3.392528 0.061564290523529054 True
PA074-R145 287.88268556815615 16.86171355442223 73.77528454134325 14.49317834167031 556.4197 222.64087 8.872442 0.17878981232643126 True
PA109-R145 287.8826315285021 16.859250777700492 109.45504622280768 14.51218874991077 223.91394 322.09097 3.9367769 0.5572385668754578 False
PA196-R146 287.87743979284306 16.856667479336743 196.22234888710852 14.63432749622834 377.5974 230.24982 6.651493 0.11313019394874574 True
PA062-R147 287.8824336413045 16.862505781419884 62.1214087821436 14.66308539938589 121.75218 939.45966 1.7917013 0.3590232372283936 False
PA031-R147 287.8808950041014 16.864141915031137 31.45004973402716 14.689298247893328 128.0115 1917.878 2.0292525 0.39010047912597656 False
PA357-R148 287.8784115360326 16.86471887160036 357.1338782920824 14.753784965895571 340.875 367.56714 4.491297 -0.005288463830947876 True
PA068-R148 287.8826045955824 16.862144111545756 67.69819306812978 14.789679176532534 116.3597 266.2174 1.6832459 0.24143189191818237 False
PA156-R149 287.8804090399538 16.856813864213375 155.77451414381082 14.869046331318039 162.64182 550.1408 2.5408008 0.21952996253967286 False
PA097-R151 287.88300045827873 16.86005160357814 97.37451753929106 15.110538931828286 312.85236 546.6117 4.58451 0.23453955650329592 False
PA002-R153 287.8787804580954 16.86480498279948 2.1181482259414346 15.266760452082998 1833.9978 3075.2444 61.645042 -0.05011552572250366 False
PA360-R153 287.8786724808849 16.86487387173036 359.62449822700506 15.314657912783273 435.3746 6024.15 6.2783985 -0.04016752243041992 False
PA093-R153 287.88309944322594 16.860404657020716 92.81866801623983 15.3227473785155 193.48148 648.9198 3.3324172 0.3818393707275391 False
PA357-R158 287.8783845413833 16.86497720489991 356.7918781067209 15.773048466137206 231.28598 4615.176 2.9430537 0.2663361787796021 False
PA090-R158 287.8832524124295 16.860611320329458 89.90038943961278 15.825309446908959 1242.6561 718.22644 19.44944 0.5457849740982056 False
PA347-R159 287.87760170615604 16.864916924647794 347.23241870930246 15.881003000556705 136.22252 509.7011 1.6755748 -0.03342365324497223 True
PA074-R159 287.8831174718054 16.86179104551613 74.47115232219531 15.88392729964669 276.19675 979.37103 3.9481072 0.27439969778060913 False
PA174-R162 287.87913136168595 16.856099148955394 173.7600671732906 16.2066860316981 249.46077 763.01685 3.4477613 0.2970407962799072 True
PA001-R163 287.8787174715114 16.865140816162437 0.8698648579361684 16.271204218608734 400.205 6071.78 4.7096167 0.4652948617935181 False
PA355-R163 287.87824956941034 16.86513220468415 355.2658866141879 16.295925132835396 299.74988 1543.1798 4.9468436 0.4898632049560547 False
PA004-R164 287.8790144094619 16.86517526028947 4.409480231911589 16.375801803428427 122.11951 1283.4385 1.556124 0.26983199119567874 False
PA348-R166 287.8776556936259 16.865140813801336 348.02635079617806 16.578023863007996 741.1521 1389.3911 7.692212 -0.07117915153503418 False
PA076-R166 287.8833424188344 16.861713540519997 75.91849971694795 16.644017911931392 529.31836 848.96344 8.090833 0.27544370889663694 False
PA042-R168 287.8819657726294 16.864038567249075 42.41286944294083 16.75654606880907 275.52863 1300.4126 2.6635475 -0.3141911029815673 False
PA162-R171 287.8801481000805 16.85606469961496 162.3248335902421 17.073643954105012 81.89924 1092.6565 1.6635697 0.5018579959869385 False
PA069-R172 287.8833154394356 16.86229909668577 69.0059169003032 17.197900389824706 129.06096 380.21378 2.6770713 0.3610951900482178 False
PA170-R174 287.87951826100885 16.855832203239718 170.1243093230256 17.351780019240017 26.247654 470.11713 0.7770716 0.4075894594192505 True
PA180-R174 287.8786364889007 16.855720260640574 180.01378891487656 17.412671492984114 544.71906 648.20337 6.8291416 0.18160529136657716 True
PA356-R175 287.8782225742495 16.865493871294827 355.5867692698721 17.478152911453822 844.0845 1833.5541 10.886122 0.4231362104415894 False
PA189-R176 287.87785369167165 16.8557202591225 188.64232736446033 17.63489875467805 118.34124 230.32204 1.7162788 -0.029343783855438232 True
PA198-R178 287.8770169070919 16.85587525421664 198.23955265921884 17.77261149543183 228.3414 315.90167 3.988754 -0.028530359268188477 False
PA207-R178 287.87627009625 16.856168024750904 207.03168652386574 17.776624687504565 1308.0496 535.08936 18.164 -0.14696522951126098 True
PA005-R178 287.87911338960555 16.86551109341982 5.2731820214216745 17.791628251783205 76.469284 1107.1377 1.7779822 0.3252230405807495 False
PA206-R180 287.8763150859767 16.856064691931 206.20567409311846 18.035399255148473 1597.158 1527.5934 18.346458 -0.14981651306152344 False
PA209-R181 287.87604515374824 16.85618524426248 209.31848710364113 18.0942864263893 1086.8899 811.08826 15.361864 -0.14867708683013917 False
PA071-R183 287.8836843560236 16.86227325467568 70.76222382906155 18.263259839271008 91.74405 657.6934 1.5995631 0.2546302080154419 False
PA078-R183 287.88388229681897 16.861739360861616 77.5006301975835 18.313469628703977 199.62885 1719.4104 2.4190924 0.3124473452568054 False
PA006-R185 287.87912238837083 16.86576081561949 5.522816344565724 18.49619153069004 594.24927 893.2267 6.9718494 0.2360769987106323 False
PA198-R185 287.8769629227945 16.855677198229685 198.21764260514252 18.532576222477886 290.1358 691.8157 4.299089 -0.09027457237243652 False
PA355-R186 287.87813259225055 16.865734982200074 354.84618775684214 18.583461478019462 825.67395 3388.1729 8.724321 0.44142937660217285 False
PA090-R187 287.88406222361124 16.860611300666903 89.82626085160686 18.66052194041143 64.01364 909.5228 1.5539694 0.48709731101989745 False
PA180-R189 287.8785915006673 16.855324149525725 180.32687525063494 18.851977771279667 133.46997 1623.3013 2.2104545 0.22005752325057984 False
PA220-R189 287.8751003890459 16.85656411908805 219.93908421929567 18.89532389182703 554.9479 643.7052 7.23284 -0.10132670998573301 True
PA271-R189 287.8731297716017 16.860645742490103 270.57477783709874 18.89944704233595 83.32327 848.253 1.3209168 0.05112121105194092 False
PA204-R191 287.87638707147397 16.85572885940013 203.9269727432652 19.0639206829023 431.24454 4557.356 6.573678 -0.10514531135559083 False
PA214-R197 287.8754333133661 16.85603023565112 213.9054444367864 19.671546227558665 89.96805 312.19244 1.3245709 0.11754488945007324 False
PA091-R197 287.88439514389023 16.860542402773312 90.59056816065005 19.732389527449907 125.992485 363.83475 2.136729 0.42336875200271606 False
PA282-R198 287.87299477061634 16.861730738833977 281.93430599348386 19.77660266704197 378.32898 663.037 5.0574713 -0.06730402708053589 True
PA210-R198 287.8757212425848 16.85581496215384 210.39669118198722 19.800287386514533 1038.0023 3015.3953 12.871532 0.20146658420562744 True
PA206-R200 287.8761261410036 16.855582467493424 205.68483552276567 19.978673207922732 730.6395 4171.6113 7.759719 0.3561520576477051 False
PA203-R200 287.8763780770058 16.855461914859323 202.93730669612367 19.99021584632001 165.41415 2371.9492 2.0577397 -0.13280338048934937 False
PA354-R202 287.87804260930807 16.866199981952715 354.06762896573895 20.179401353034518 144.00441 1695.7267 2.2638974 0.5892832279205322 False
