m1-67/data/reproject/combo-D-neutral-knot-peak-stats.ecsv
# %ECSV 1.0
# ---
# datatype:
# - {name: label, datatype: string}
# - {name: Peak Center.ra, unit: deg, datatype: float64}
# - {name: Peak Center.dec, unit: deg, datatype: float64}
# - {name: Gauss Center.ra, unit: deg, datatype: float64}
# - {name: Gauss Center.dec, unit: deg, datatype: float64}
# - {name: r_eff, unit: arcsec, datatype: float64}
# - {name: r_rms, unit: arcsec, datatype: float64}
# - {name: Gauss sigma, unit: arcsec, datatype: float64}
# - {name: Bright Peak, datatype: float32}
# - {name: Bright Gauss, datatype: float64}
# - {name: Core flux, datatype: float32}
# - {name: Core flux Gauss, datatype: float64}
# - {name: Total flux Gauss, datatype: float64}
# - {name: Bright BG, datatype: float32}
# - {name: MAD BG, datatype: float32}
# - {name: Fill fraction, datatype: float64}
# - {name: NaN fraction, datatype: float64}
# - {name: Peak SNR, datatype: float32}
# meta: !!omap
# - __serialized_columns__:
#     Gauss Center:
#       __class__: astropy.coordinates.sky_coordinate.SkyCoord
#       dec: !astropy.table.SerializedColumn
#         __class__: astropy.coordinates.angles.core.Latitude
#         unit: &id001 !astropy.units.Unit {unit: deg}
#         value: !astropy.table.SerializedColumn {name: Gauss Center.dec}
#       frame: icrs
#       ra: !astropy.table.SerializedColumn
#         __class__: astropy.coordinates.angles.core.Longitude
#         unit: *id001
#         value: !astropy.table.SerializedColumn {name: Gauss Center.ra}
#         wrap_angle: &id002 !astropy.coordinates.Angle
#           unit: *id001
#           value: 360.0
#       representation_type: spherical
#     Gauss sigma:
#       __class__: astropy.units.quantity.Quantity
#       unit: &id003 !astropy.units.Unit {unit: arcsec}
#       value: !astropy.table.SerializedColumn {name: Gauss sigma}
#     Peak Center:
#       __class__: astropy.coordinates.sky_coordinate.SkyCoord
#       dec: !astropy.table.SerializedColumn
#         __class__: astropy.coordinates.angles.core.Latitude
#         unit: *id001
#         value: !astropy.table.SerializedColumn {name: Peak Center.dec}
#       frame: icrs
#       ra: !astropy.table.SerializedColumn
#         __class__: astropy.coordinates.angles.core.Longitude
#         unit: *id001
#         value: !astropy.table.SerializedColumn {name: Peak Center.ra}
#         wrap_angle: *id002
#       representation_type: spherical
#     r_eff:
#       __class__: astropy.units.quantity.Quantity
#       unit: *id003
#       value: !astropy.table.SerializedColumn {name: r_eff}
#     r_rms:
#       __class__: astropy.units.quantity.Quantity
#       unit: !astropy.units.Unit {unit: arcsec}
#       value: !astropy.table.SerializedColumn {name: r_rms}
# schema: astropy-2.0
label "Peak Center.ra" "Peak Center.dec" "Gauss Center.ra" "Gauss Center.dec" r_eff r_rms "Gauss sigma" "Bright Peak" "Bright Gauss" "Core flux" "Core flux Gauss" "Total flux Gauss" "Bright BG" "MAD BG" "Fill fraction" "NaN fraction" "Peak SNR"
[from data line 59]
PA033-R138 287.88092252686937 16.863797405420996 287.88093971421335 16.863789151124028 0.10235102148124427 0.18378000171301845 0.15397042044938566 3.5142438 4.069470346828297 120.349075 155.08018756917554 630.766994470244 1.3449976 0.77876365 0.16787293378044577 0.0 4.5125937
PA036-R139 287.8810030811727 16.863745930755165 287.88092912835515 16.863784930501833 0.08015308241483343 nan 0.1549999999999998 2.19245 2.1239858656749484 46.0465 85.17197597015391 333.6349195966488 2.3573098 1.26494 0.10295247096641391 0.0 1.7332443
PA054-R139 287.8819477680886 16.862910404219033 287.88194936489793 16.86290665524758 0.13381310801574273 0.1582788276305366 0.10544539806620284 1.0693314 1.0795397396170445 62.594494 59.80777921184249 78.47844262614876 0.7079413 0.06217277 0.2869416779162837 0.0 17.199352
PA209-R141 287.8766838910889 16.857123856511862 287.87668328561074 16.85713000385745 0.13853766166828102 0.15302907530593352 0.10065810544535324 4.2193727 4.811347938040037 264.73422 246.77699204829838 318.72839015660503 0.8393843 0.30647922 0.3016468928410457 0.0 13.76724
PA353-R145 287.8781234016164 16.864598158481044 287.8781184619568 16.864611513806313 0.1480678658995699 0.14621506200476136 0.09135509057427114 3.010897 3.4519318025971892 215.7963 180.36718470004934 188.35805308594965 0.38163114 0.13276982 0.3530628974801801 0.0 22.67757
PA074-R145 287.88268556834015 16.861722165533315 287.88269645063525 16.861717314963823 0.13509085971260798 0.13890292849469255 0.1273221376017175 7.6563463 6.371890756611052 456.77255 420.4618393189543 675.3558168182514 1.1254625 0.43524933 0.2938883551235857 0.15763546798029557 17.590714
PA109-R145 287.8826314457984 16.85925092122053 287.88264337364336 16.859254070368788 0.1294909563263794 0.14318592858533616 0.1272199220286648 2.9531264 2.3974082429191883 161.87784 192.04655891443113 253.69314071006033 0.98365057 0.2988752 0.27136509961420946 0.0 9.880801
PA196-R146 287.8774397369828 16.856667611780118 287.87743845669144 16.85666787142479 0.11574704890140054 0.16461425528014267 0.09208944911026064 6.338514 6.4477512582031355 277.60916 278.1533696241599 357.5069636153971 0.31297922 0.26888144 0.21574974999639202 0.0 23.573639
PA062-R147 287.8824336615683 16.862505899190676 287.88244995216183 16.862517588612675 0.1337091600674043 0.1519488246251679 0.1298633596969946 1.0003948 0.8957605343527479 58.46827 66.3551529308957 98.76923126475423 0.7913065 0.17675138 0.2864960502175724 0.0 5.6598983
PA031-R147 287.8809038355768 16.864150581174588 287.88090059624875 16.864142111602288 0.11696014597695226 0.15906822970764078 0.08841975043694882 1.298696 1.3547508368577108 58.077755 41.94333719229154 69.24915497504539 0.7293546 0.12541676 0.22029581680673685 0.0 10.355044
PA357-R148 287.87841150479704 16.864718776889383 287.8784105768614 16.86472147827583 0.13310000502498953 0.14195188457315142 0.0949012111619615 3.672963 3.8691867318395707 212.71552 206.32210945271478 227.83460104101368 0.81833386 0.3160832 0.2838915469599705 0.0 11.620241
PA068-R148 287.8826047506476 16.862144113410913 287.88261697925986 16.862159150063366 0.1523947562539404 0.14670281860177373 0.11022870898805462 1.0162151 0.9980988101050998 77.152885 71.92616450896803 79.29019033988851 0.6670308 0.07249308 0.37585052641311495 0.0 14.018099
PA156-R149 287.88040895602086 16.8568136809604 287.8804081760557 16.856807621591525 0.1249864139772746 0.15704773821614654 0.10113263803754018 1.9423306 1.9031863578842223 99.19168 101.08648626187376 127.26836609166183 0.5984703 0.10173321 0.2503352071724686 0.0 19.092396
PA097-R151 287.8830004690956 16.8600518156485 287.8830018313058 16.86005481579298 0.14325697125287332 0.14364057119511425 0.11156354361400547 3.7737424 3.72853623430781 253.18051 268.25425959878885 303.4166782307503 0.8107674 0.22540474 0.3225482427156888 0.0 16.742073
PA002-R153 287.87877146000517 16.864822205027302 287.87874748474053 16.86478092569185 0.13235924173079666 0.10224168419294971 0.10254233952676194 5.583037 29.120126869133067 319.7463 71.40434377628722 2001.963646689504 1.3041053 0.43114233 0.27937089873523246 0.1951219512195122 12.949406
PA360-R153 287.87867248088247 16.864856649508237 287.8786749785069 16.86486208676622 0.11900585301744701 0.1419187696501717 0.12965910131075756 2.9096596 2.788868058586951 134.7117 116.06361693496302 306.5423363990215 1.6234214 0.58791804 0.2247480373938107 0.10194174757281553 4.9490905
PA093-R153 287.88309956649096 16.860404747712987 287.8831045373813 16.86040704564152 0.11973217768718863 0.12336547550342623 0.09686910777480431 2.3572311 2.1663698943490224 110.47154 124.85578061724974 132.91062238267602 0.975186 0.113666415 0.22749980445047027 0.0 20.73815
PA357-R158 287.878384572674 16.86497727741931 287.87838284888034 16.864993839543224 0.16066601559055516 0.14747310384372023 0.09598461546448211 1.9398506 2.337071413789896 163.69778 134.5742917993345 140.77700540667922 1.0032032 0.2015723 0.41775644887792 0.0 9.623597
PA090-R158 287.8832522990892 16.860611503721994 287.8832540528538 16.860614218604333 0.14011445741873893 0.13868145410961208 0.11197148696993088 17.500088 16.91518487953798 1123.1367 1238.2798675792433 1386.5901822644655 1.9493518 0.42568278 0.314602533976237 0.0 41.11063
PA347-R159 287.8776019358912 16.864916899972552 287.87760319750123 16.864937098516737 0.14673017333584182 0.15534072826318965 0.09434874060539439 1.3500648 1.624871333020989 95.02107 82.36277731745176 94.56875514554594 0.32551003 0.080471754 0.34671234732190964 0.0 16.776878
PA074-R159 287.8831175818411 16.861791097449117 287.88311917778316 16.861793386211115 0.14322883392744493 0.15056051001661305 0.11814498870097989 3.268903 3.2311615545799124 219.22467 232.36331599602357 294.8803027111782 0.6792042 0.13307643 0.3303629682569081 0.0 24.564102
PA174-R162 287.87913149771623 16.85609908976935 287.87913459281094 16.856093239854882 0.125123063458797 0.1655653320922415 0.10075039364711749 2.6766217 2.9615964311413556 136.98979 136.68686037777758 196.55127351773464 0.77113956 0.1663183 0.25211877306106645 0.0 16.093369
PA001-R163 287.8787174278116 16.865140862241258 287.87871971642517 16.865150352516427 0.14963090669941576 0.14244843235065116 0.09202814998901407 2.6479115 3.1425076465580686 193.80838 163.8185799144048 174.01000002446514 2.061705 0.6381874 0.3570386560951791 0.0 4.1491127
PA355-R163 287.8782494036645 16.86513206338231 287.8782456796472 16.865135395399047 0.13322002061291868 0.13457713396118304 0.08789536082460564 3.8373747 4.2459879708795425 222.6382 206.99237246285628 214.4702938378439 1.1094689 0.24871707 0.2844037448658663 0.0 15.428675
PA004-R164 287.8790143892427 16.865175314923935 287.8790176226029 16.86518724137456 0.13417631558117646 0.15288949553227354 0.10969432413731868 0.8033085 0.8584842149168943 47.27816 49.610064058317946 67.53938599764417 0.7528155 0.101011276 0.28709415342749617 0.0 7.9526615
PA348-R166 287.8776556605416 16.865140743754203 287.8776324673881 16.86513933268107 0.17008011300816972 0.15487444877430373 0.13215708648811272 5.450707 5.768663671159516 515.4498 497.4131527987877 658.7378397261323 2.2415051 1.1234341 0.46355726204666436 0.0 4.851826
PA076-R166 287.883342633854 16.8617134508561 287.88335446182407 16.86171519028976 0.12237730261113187 0.14512212717566064 0.11085317792281549 6.45167 5.733970079761718 315.8642 376.3348088802643 460.68937802123975 1.6391625 0.71547365 0.23882202520603088 0.0 9.017342
PA042-R168 287.881965732635 16.864038634293866 287.8819571874234 16.864043456794796 0.1428624137102438 0.14318044807983138 0.1214315618528484 1.8055172 1.6502142545809393 120.46588 123.4215097905641 159.09626232949117 0.85803026 0.2647164 0.33030190798315673 0.0049504950495049506 6.820572
PA162-R171 287.88014805364867 16.856064675926213 287.88012686570664 16.856047163871374 nan 0.19053033477600675 0.08750145986517835 0.46994174 0.0 -32.468998 0.0 0.0 1.193628 0.09969878 -0.34035240135756617 0.0 4.7136154
PA069-R172 287.8833155326783 16.86229937513332 287.88332156634726 16.862305152033645 0.12529648647081962 0.14219943996811996 0.10136442186009376 2.119528 1.875261541328849 108.778595 113.71241992947009 125.97646660851676 0.5575433 0.10406196 0.24913632291034588 0.0 20.367943
PA170-R174 287.8795182024625 16.85583216931134 287.8795165161865 16.85583086057314 0.13169778775052 0.14717423874479793 0.10548205474812482 0.3264729 0.3255046465804531 18.51103 19.41367108631566 23.679407717189388 0.4505987 0.050115287 0.28069331858417773 0.0 6.5144377
PA180-R174 287.87861850699295 16.8557117208143 287.87862697123444 16.85571469898419 0.11687880095252787 0.17430361369048297 0.12496621921736394 6.0252333 6.003772984783515 269.07407 288.5831274847292 613.0078053377043 0.80390817 0.3830312 0.21891111486098347 0.0 15.730398
PA356-R175 287.87821368402797 16.865502781400572 287.878219708244 16.865498688937866 0.11839411033352379 0.1565073684381838 0.10379130013400029 8.286324 8.534386001858715 379.70697 338.7679484520987 601.1054514959109 2.1630654 0.9510238 0.2246241850011489 0.0 8.713056
PA189-R176 287.8778539293183 16.85572021218965 287.8778592575438 16.855719456075352 0.11764471305773182 0.17308211115339558 0.10657090464159698 1.5440686 1.472580685235461 69.861496 71.37799008998269 109.34851393212423 0.17221028 0.13956219 0.21752440012418306 0.0 11.06366
PA198-R178 287.8770166197479 16.855866678433443 287.8770123846334 16.855865712440767 0.09628279158421094 0.18346169574943905 0.09704322840391848 3.7442763 3.612353255448497 113.472786 125.33690143564957 222.42170554279932 0.24447769 0.2681114 0.14570031716273382 0.02403846153846154 13.965375
PA207-R178 287.87626985198466 16.856150586584445 287.8762671191252 16.856156919474977 0.10877697935544026 0.1750773605803174 0.10950384631175751 14.711561 15.694047564595184 569.0615 573.6126389304715 1230.4109662195708 0.6551666 0.63159466 0.18961395936853745 0.0 23.292727
PA005-R178 287.87911340218193 16.865510892199634 287.8791115394183 16.865514138368912 0.13440279257769144 0.1508251503161656 0.0845859077127611 1.3264294 1.3305659858452836 78.329834 60.03472214285701 62.24277204603553 0.45155287 0.12782168 0.2866657775582619 0.0 10.377186
PA206-R180 287.8762697380627 16.856099058882904 287.8762627756809 16.85608467033075 nan 0.12371708906374802 0.11938876175769346 10.136593 12.517035135002304 -174.32889 382.4945206126765 1166.5002812371379 8.209866 7.319968 -0.08389257105385385 0.0 1.3847865
PA209-R181 287.87602699339266 16.856176441240404 287.87602775760445 16.856176059817003 0.09560553191530742 0.17985079882718494 0.10999734806824671 13.7507305 13.999027142901088 410.88312 458.9913674111642 1107.436328322171 1.0278363 0.8264704 0.14647461386287913 0.0 16.6379
PA071-R183 287.8836843199539 16.862273294061353 287.88367741089036 16.86227864748317 0.13298472045223553 0.1501739061256272 0.10593676357780904 1.0508585 0.9121431577473575 60.753906 58.39388809191515 66.92877669540141 0.5487046 0.03634429 0.2833999745986041 0.0 28.913992
PA078-R183 287.88388242125643 16.861747956217762 287.88388185256207 16.861738285163025 0.10309791510312646 0.12719313040580515 0.10092095805106796 1.4106623 1.5324095006171845 49.017292 64.85482257885016 102.04554414928192 1.0084301 0.3647982 0.1703319362565583 0.0 3.8669662
PA006-R185 287.87912243240925 16.865760841666734 287.8791267000639 16.865764557912883 0.12142357359567199 0.16274738286867474 0.09937429766111798 4.745673 4.858936723863056 228.7338 202.99643079717202 313.72264553338016 2.2261763 0.6653495 0.2374304785517049 0.0 7.132602
PA198-R185 287.87696266399587 16.855677120466993 287.8769608082249 16.85567279630398 0.10304736054763838 0.16279455819176744 0.08549216518120188 3.8230765 4.1125075892376275 132.71292 143.10692704317805 196.52410426645767 0.47601247 0.20022297 0.17100318194610145 0.0 19.094095
PA355-R186 287.87813265007395 16.865734933899635 287.87813676666354 16.86573368031021 0.11022866131827745 0.11845363968957587 0.08771324229171706 4.2794065 5.4183968051240194 169.9805 247.595212057695 272.55717357242344 4.444915 0.99289227 0.19470871196073644 0.0 4.310041
PA090-R187 287.8840623811528 16.860611522352464 287.8840632661396 16.860615077162937 0.1316539478748194 0.13378680412571609 0.10053157399116365 0.9740789 0.9033825296038226 55.193558 56.30650437762064 59.69433695028346 0.5798905 0.033257365 0.27640150116711126 0.0 29.289118
PA180-R189 287.87858219769345 16.85531527204912 287.87857922596345 16.855314379816623 0.08769940288932818 0.18455527966755036 0.0956610524822955 1.6545117 1.7291807426263042 41.599644 43.89245242718192 103.45873894038108 0.46788764 0.09718168 0.12385790218860646 0.0 17.024935
PA220-R189 287.87510022629374 16.856564130298473 287.8750929833504 16.856557739404266 0.12887257468966834 0.1535728745134565 0.10869550875586777 6.416521 6.610494525022032 348.37512 372.65034625096155 510.63858716062333 0.8163192 0.51126146 0.2635604710254854 0.0 12.550371
PA271-R189 287.87312977184416 16.860645994889104 287.87312623369826 16.860649430849662 0.10701144299029905 0.14460200142379698 0.0854736533298057 1.0199394 1.0649828842833584 38.18223 44.7388653060807 50.870223170892416 0.3009773 0.09119126 0.18350874208936505 0.0 11.184618
PA204-R191 287.8763867644763 16.85572885417308 287.87638036362415 16.855722439854848 0.12189226465428143 0.16479056737267883 0.10685925281450309 4.4857273 4.678262052128433 217.87714 214.93404009945823 349.2732232804462 0.60809505 0.59107673 0.23809408674053117 0.05392156862745098 7.589078
PA214-R197 287.87543317981635 16.85601311720299 287.8754273640502 16.856020006179076 0.08642963416809643 0.1880569270816588 0.09783372979261297 1.0018325 1.0410737240158392 24.465097 31.68810399480454 65.1501151427367 0.32273835 0.13899547 0.11912364494509814 0.0 7.207663
PA091-R197 287.88439513797863 16.860542340706374 287.88439676088933 16.860539200375264 0.14936791218654222 0.15003509924662933 0.11670666831962923 1.6544834 1.6693100476582148 120.67117 121.41940912240611 148.65681734341067 0.48224556 0.07452428 0.35065317153930664 0.0 22.200596
PA282-R198 287.8729948684485 16.861730811320943 287.87299194339056 16.861734637257957 0.12430373888401557 0.1541431397686343 0.11033769806319745 4.117781 3.7820335538737764 207.99751 229.85842657639904 301.0438064238373 0.9396902 0.5010442 0.24882776044272437 0.0 8.218399
PA210-R198 287.8757210747118 16.8558064602899 287.87571042491703 16.855807110934762 0.09600251091043753 0.1824729100141464 0.11533791397924663 10.687122 11.014955610484959 321.99747 425.2800882830064 958.0395031466617 2.1844106 1.3141274 0.14769354053572112 0.0 8.132485
PA206-R200 287.87612615079934 16.85558251787082 287.8761234260188 16.855579057552966 0.12763567330079909 0.13842577899014338 0.11911871342832875 4.6150265 4.884726881837417 245.77904 347.9712714481317 453.1654122027018 3.1446924 1.4173841 0.26106007893880206 0.0 3.2560167
PA203-R200 287.87637787417384 16.855462029424988 287.8763726424714 16.855462298493382 0.0856285161712547 0.1246453708826646 0.07612193185647048 1.3732505 1.4973062910378272 32.91646 51.218835872022375 56.72659722317298 0.68448925 0.30610442 0.11749872506833543 0.0 4.4862156
PA354-R202 287.8780611360099 16.86612195827908 287.8780627080255 16.866138426035498 0.1571112030961708 0.15156178802064335 0.09676153906797683 1.3587452 1.5340178067953434 109.64247 60.965931848040576 93.9057999580845 1.0055815 0.2013486 0.39362886010146725 0.0 6.748223
PA085-R202 287.88447595682845 16.86109356714042 287.88447521117683 16.861098618570896 0.14900587550768604 0.1457487595691386 0.09716015327272456 8.398346 8.68235348270381 609.5748 498.601678596355 535.8834274110508 3.314063 0.79555225 0.35406207573123094 0.0 10.556623
