m1-67/data/reproject/combo-DD-neutral-knot-fluxes.ecsv
# %ECSV 1.0
# ---
# datatype:
# - {name: label, datatype: string}
# - {name: Center.ra, unit: deg, datatype: float64}
# - {name: Center.dec, unit: deg, datatype: float64}
# - {name: Peak.ra, unit: deg, datatype: float64}
# - {name: Peak.dec, unit: deg, datatype: float64}
# - {name: PA, unit: deg, datatype: float64}
# - {name: Sep, unit: arcsec, datatype: float64}
# - {name: Core Flux, datatype: float32}
# - {name: Halo Flux, datatype: float32}
# - {name: Bright Peak, datatype: float32}
# - {name: Bright BG, datatype: float64}
# - {name: Isolated, datatype: bool}
# meta: !!omap
# - __serialized_columns__:
#     Center:
#       __class__: astropy.coordinates.sky_coordinate.SkyCoord
#       dec: !astropy.table.SerializedColumn
#         __class__: astropy.coordinates.angles.core.Latitude
#         unit: &id001 !astropy.units.Unit {unit: deg}
#         value: !astropy.table.SerializedColumn {name: Center.dec}
#       frame: icrs
#       ra: !astropy.table.SerializedColumn
#         __class__: astropy.coordinates.angles.core.Longitude
#         unit: *id001
#         value: !astropy.table.SerializedColumn {name: Center.ra}
#         wrap_angle: &id002 !astropy.coordinates.Angle
#           unit: *id001
#           value: 360.0
#       representation_type: spherical
#     PA:
#       __class__: astropy.coordinates.angles.core.Angle
#       unit: *id001
#       value: !astropy.table.SerializedColumn {name: PA}
#     Peak:
#       __class__: astropy.coordinates.sky_coordinate.SkyCoord
#       dec: !astropy.table.SerializedColumn
#         __class__: astropy.coordinates.angles.core.Latitude
#         unit: *id001
#         value: !astropy.table.SerializedColumn {name: Peak.dec}
#       frame: icrs
#       ra: !astropy.table.SerializedColumn
#         __class__: astropy.coordinates.angles.core.Longitude
#         unit: *id001
#         value: !astropy.table.SerializedColumn {name: Peak.ra}
#         wrap_angle: *id002
#       representation_type: spherical
#     Sep:
#       __class__: astropy.coordinates.angles.core.Angle
#       unit: !astropy.units.Unit {unit: arcsec}
#       value: !astropy.table.SerializedColumn {name: Sep}
# schema: astropy-2.0
label Center.ra Center.dec Peak.ra Peak.dec PA Sep "Core Flux" "Halo Flux" "Bright Peak" "Bright BG" Isolated
PA296-R030 287.87790843457367 16.860986474015554 287.87787166543956 16.860990259178372 296.28153574111286 2.9841626738870715 370.57227 20609.912 2.2931256 -2.933995246887207 False
PA067-R032 287.8794585298444 16.860906863782656 287.87947329491953 16.860921370080035 66.86947493936553 3.1549125149909147 259.67212 1930.1875 1.0930705 -2.5610203742980957 False
PA031-R033 287.879145277868 16.86137550115262 287.87916736693546 16.861351926635756 30.919260644413303 3.3108251070294017 209.93045 2824.0586 2.5417175 -2.8087398529052736 False
PA072-R035 287.879661187099 16.860906078524565 287.87965325311865 16.860895535946547 71.97437921876036 3.5235564474513 257.01 2004.6917 0.2809763 -2.2972030639648438 False
PA017-R038 287.87896147284323 16.861587456768987 287.87896041479274 16.861601649277404 16.829907671084754 3.803227856282498 194.60208 2002.6283 0.6243515 -2.0901672363281247 False
PA058-R044 287.879755098236 16.861271028768446 287.8797612302913 16.861265813168814 57.69177263933969 4.378772881478465 191.87549 2149.179 0.45331 -1.783979845046997 False
PA338-R045 287.87811759467564 16.86184080008798 287.87812360492086 16.861816926635605 337.92334456075815 4.521866041533656 145.33308 1552.8188 9.571457 -1.444070076942444 True
PA050-R049 287.8797277360427 16.86152409566316 287.8797432358249 16.86150692437632 49.97813143674663 4.9470357908001645 192.4198 2012.2037 0.5917349 -1.8653005361557007 False
PA028-R054 287.8793768941617 16.86193142070368 287.87937432175164 16.861937481564052 28.041795442239398 5.4263621184941275 115.07991 1041.1499 0.48070335 -1.158280849456787 False
PA262-R064 287.876761586821 16.86035541701041 287.8768099168856 16.86037025246746 262.4843734024974 6.350637941225752 106.23888 579.6752 1.8660045 -0.7037469387054444 True
PA192-R066 287.87824852456873 16.858792242121204 287.87824958270113 16.858785815805437 191.92627434328423 6.584807134813525 100.421585 749.44653 1.1183481 -0.8549741983413697 True
PA202-R068 287.8778966844771 16.8588464478666 287.87791666330634 16.858846092676213 201.81557485506812 6.759768181790186 168.18489 590.8888 1.8546581 -0.7992464303970337 True
PA251-R068 287.87672180014886 16.859987137870586 287.87676493137286 16.859974140951607 250.60075274581175 6.821162395568218 92.14035 440.18726 1.1549292 -0.6241767883300781 True
PA185-R071 287.8784431000903 16.85863176146363 287.87844753477987 16.85864803831252 185.20291541111195 7.074820455075996 95.112724 343.5295 1.348834 -0.4945246458053589 True
PA177-R075 287.87878212610997 16.858534042303948 287.8787804536136 16.85852748280789 176.82857239170298 7.475119183735325 49.570835 386.2877 0.47408438 -0.47796621918678284 True
PA042-R077 287.88014709239224 16.86218591447269 287.88014814874396 16.86218719960292 41.62550224073183 7.663316111213477 160.95395 1326.9248 7.9689045 -0.8589405298233032 True
PA330-R077 287.87750374013655 16.862459384541772 287.87749374387613 16.8624541463036 329.9013966731095 7.674085680330464 116.26597 743.31616 0.9280915 -0.5688444375991821 True
PA039-R083 287.88018613055425 16.86240296109292 287.8801931403213 16.862393865936887 39.060066349133635 8.308393048281967 220.66776 1326.3774 8.408214 -0.599285364151001 False
PA179-R085 287.8786796767597 16.858217088893277 287.87868147772264 16.858217482849366 179.24614909708282 8.519408373717578 70.81506 298.06317 0.6718044 -0.301249361038208 False
PA219-R092 287.87692810154624 16.85862502223054 287.8769179074683 16.858630808956523 219.06780010195922 9.199690349976892 207.2979 1397.1486 6.2101793 -0.7665979862213135 True
PA095-R093 287.88135744757557 16.86035657002673 287.881344853506 16.86035302075654 94.99475790957146 9.321903082673638 70.861206 859.20703 0.89501834 -0.30345609188079836 False
PA330-R093 287.87728844706317 16.862856358726425 287.87727778931765 16.862841644984954 330.1218969791886 9.330486013373456 33.56848 311.62744 1.1259243 -0.2274167239665985 False
PA356-R098 287.87842350863133 16.863334974757997 287.8784295338312 16.863315260513897 356.0208232478922 9.782912671341565 59.975834 308.60437 0.9090848 -0.31614258885383606 True
PA253-R098 287.8759394607221 16.859788650820715 287.87593712988627 16.859784687306036 252.61919285610367 9.793772318367127 32.79612 211.3838 0.24858952 -0.3576067328453064 True
PA005-R101 287.8788873389553 16.86343834328859 287.87889743152374 16.86338414936184 5.0073121388263475 10.115936365100394 47.98458 175.81406 0.7473879 -0.29362571239471436 True
PA357-R101 287.87848986208513 16.86338213666686 287.87848352196426 16.863375538340957 357.4631799779348 10.116243243106208 72.37949 301.6641 0.8616047 -0.29050254821777344 False
PA096-R102 287.88159859112443 16.860294981973738 287.8815967937474 16.860309961752606 95.87924919564686 10.178391233994837 60.319122 820.99634 0.65241814 -0.20822293758392332 True
PA207-R102 287.87725700958333 16.858083273976302 287.8772778236433 16.858096922766823 207.252693260486 10.213385398548805 47.513588 222.08769 0.8649683 -0.2730991363525391 True
PA203-R102 287.8774865535001 16.857963823364862 287.87750276893223 16.85797636857924 202.72686654996232 10.244036846699961 89.16433 267.7426 1.187861 -0.3132676064968109 True
PA359-R104 287.8785742399691 16.86347541963037 287.8785825003 16.86347887172799 359.28660736819756 10.367132616032288 72.52767 423.07416 0.6363654 -0.26134324073791504 False
PA290-R104 287.8758330506495 16.86159631992961 287.8758201306454 16.86159301906915 289.9597897996694 10.371434598825056 32.763657 229.0524 0.369637 -0.3582078695297241 True
PA193-R105 287.8779598919298 16.857727495453368 287.8779616563836 16.857743870609827 192.7757138783096 10.535492309816057 69.46031 265.30637 1.0782452 -0.3069443702697754 True
PA043-R107 287.8807701962296 16.862835215576695 287.8807510204974 16.862841638776636 42.69704250086977 10.707356881564325 173.65578 1451.4177 4.334431 -0.5407203674316406 True
PA062-R108 287.8814027637945 16.86197180232014 287.8814078623894 16.86197190881001 62.40598436334054 10.803883288615872 24.060886 177.19987 0.17925954 -0.2754161834716797 False
PA227-R110 287.87631843333884 16.858495827723228 287.8763060578157 16.85852746959635 226.87355102948678 10.957440029214718 55.120857 588.98193 0.6279597 -0.34434244632720945 False
PA203-R110 287.8773780634943 16.857773370771746 287.87738579915515 16.857778312343562 203.12007181342457 11.007756179808554 66.881714 353.62674 1.2517791 -0.21065787076950074 False
PA044-R110 287.8808764137561 16.862805486951043 287.880867993997 16.862789970883615 44.14564066395699 11.04749837554651 101.5603 1279.8909 0.9689841 -0.5120456695556641 False
PA039-R111 287.880694983286 16.86301491874462 287.8806880363936 16.86302247274251 38.65461531621216 11.114203809022609 202.34279 1361.1433 4.2027063 -0.49748592376708983 False
PA197-R112 287.8776873952146 16.85761582458187 287.8777097195433 16.857623314066373 196.689168799342 11.161835629378425 52.744453 335.9746 0.9789109 -0.20305323600769043 True
PA084-R112 287.88187333851226 16.860932256143172 287.8818667409432 16.860929957715634 83.6130351782113 11.177524015082085 96.259155 342.54602 0.9959736 -0.29426605701446534 True
PA170-R113 287.87923989138454 16.857515776985124 287.87923933839704 16.857519981999996 169.57252129628102 11.295210816019617 60.744766 388.63373 1.1905932 -0.3067971467971802 True
PA188-R114 287.87815337651284 16.8574364669578 287.87815960802374 16.85743387117149 187.95016246963368 11.426491994316251 67.579605 399.83777 0.80996084 -0.18323900699615478 False
PA113-R116 287.88173220079636 16.859313309001802 287.8817047525144 16.859328293515517 113.30027352889753 11.560079928382175 35.80096 252.68842 0.74278545 -0.14387040138244628 False
PA083-R117 287.8820302495233 16.860976870250497 287.8820287043779 16.860981621791076 83.16303931275354 11.654695003981551 59.354225 470.71848 0.6103463 -0.20958977937698364 False
PA183-R119 287.87847222306937 16.85728873785989 287.87847452942833 16.857296093895137 182.64373160610052 11.886321907780335 57.103516 245.40417 0.5765815 -0.20877009630203247 True
PA205-R119 287.8771878181968 16.857546231982152 287.877205845384 16.85757164450103 204.56392396493075 11.923778194336005 31.77116 319.195 0.8376975 -0.1808173656463623 False
PA055-R120 287.8814407920244 16.862496972906378 287.881461858144 16.862505796968218 54.69872425735836 12.015383889211755 26.122292 159.12315 0.39468622 -0.2740258574485779 False
PA090-R121 287.8821526836369 16.860572482943173 287.88213667194003 16.860576897771583 90.41960329625103 12.093260660970929 37.92903 216.51474 0.81378174 -0.06695448160171509 False
PA209-R122 287.87690845161575 16.85763565973056 287.8769089186777 16.857649142216662 209.11767316527326 12.151300191368758 89.33497 267.2492 1.4725828 -0.2481823682785034 False
PA167-R122 287.8794158686209 16.8573249278578 287.87942829046665 16.857330536926174 167.31028302472725 12.155578123781261 77.21279 476.7532 0.9776797 -0.23535937070846558 False
PA092-R123 287.88221224172804 16.86051034970412 287.88220865384494 16.86050800765279 91.89386166142998 12.302070271695632 50.288754 221.6076 0.72779274 -0.07215738296508789 False
PA034-R126 287.8806630503103 16.863495309731793 287.8806520493532 16.86349608420539 33.80636265734553 12.562377904588997 70.60526 245.92892 1.0766478 -0.18407446146011353 True
PA050-R126 287.88160490267643 16.86286262572235 287.8814168732323 16.86285024202081 49.56704135346802 12.579288239376472 31.133072 243.23734 0.42361546 -0.21963944435119628 False
PA180-R130 287.87865181032384 16.856961020491376 287.87865448429835 16.856960260633613 179.65278141202975 13.047910576140387 124.381195 470.99918 1.6672783 -0.039422035217285156 False
PA167-R131 287.87948348535934 16.857058014244952 287.8794822757607 16.85706359227093 166.5517940651275 13.092657659199855 153.42014 657.83417 2.1109972 -0.08863859176635741 False
PA174-R133 287.87906896782164 16.856931628476605 287.87906837974305 16.85693442686748 173.51988201380723 13.318761877650125 52.482582 395.07806 0.6240864 -0.10216941833496093 False
PA060-R134 287.88197998549265 16.86247106470062 287.88197474294293 16.862462733776884 59.54811629721563 13.356809945837046 82.81183 265.92496 1.0297751 -0.21044321060180665 False
PA090-R137 287.8825919069016 16.860560884786466 287.88258656660156 16.860559667449838 90.37148626651197 13.655069079842528 18.558218 291.91455 0.7472036 -0.014420151710510254 False
PA085-R138 287.8826368905489 16.860892677472982 287.88264056091407 16.860886888633424 85.4203587455898 13.757538002330357 49.53742 236.09421 0.82259417 0.014203906059265137 False
PA033-R138 287.8808614840694 16.863786364439832 287.8808500096337 16.863788859962543 33.41051222448549 13.809421841269197 39.6893 357.2923 0.7350564 -0.21214395761489868 False
PA036-R139 287.88097616535106 16.863740542944445 287.8809759815308 16.86371996968986 35.80539579467498 13.89057484457009 62.74094 541.7045 0.96802425 -0.2681023597717285 False
PA054-R139 287.8819307584288 16.862899681067503 287.8819297606215 16.86290190116306 54.130759713821845 13.923710067249017 29.578793 253.06128 0.2327447 -0.16784871816635133 False
PA209-R141 287.87670043178383 16.85716337625909 287.8767019749529 16.85718414037386 208.5545148928927 14.103100349390585 49.11579 397.59235 1.0924892 -0.1612727999687195 False
PA353-R145 287.8781207926851 16.86459036752462 287.8781235972901 16.864581093295968 352.939665855005 14.469046238460129 58.78071 174.77817 1.3600383 -0.21482980251312256 True
PA074-R145 287.8827027899745 16.861725162397978 287.8826945662951 16.861722165356998 73.77528454134325 14.49317834167031 38.830547 221.70818 1.7622504 -0.19902775883674623 True
PA109-R145 287.88263309734606 16.859242139225017 287.8826135330082 16.85925938915828 109.45504622280768 14.51218874991077 36.584038 282.54602 0.5095372 -0.19600099325180054 False
PA196-R146 287.8774308685176 16.856679068763132 287.8774487903939 16.856693312722314 196.22234888710852 14.63432749622834 42.031036 168.07022 1.3332434 -0.19645003080368043 True
PA062-R147 287.88242363872274 16.8625143339987 287.8824246434844 16.862514392695914 62.1214087821436 14.66308539938589 39.160667 283.81848 0.4635861 -0.15153684616088867 False
PA031-R147 287.88091729921763 16.864108786064893 287.88088600562304 16.86410747068473 31.45004973402716 14.689298247893328 20.703075 405.46832 0.20592809 -0.16368675231933594 False
PA357-R148 287.87841582067244 16.864691614008922 287.8784205341712 16.864684427166083 357.1338782920824 14.753784965895571 58.03148 245.35715 1.3426709 -0.21223331689834596 True
PA068-R148 287.88260857918357 16.862145838317545 287.88259559742744 16.862135500607074 67.69819306812978 14.789679176532534 31.077532 269.51984 0.4319861 -0.1433284044265747 False
PA156-R149 287.88040236393715 16.856820703764516 287.8804000423124 16.856822475401113 155.77451414381082 14.869046331318039 38.099823 342.3985 0.67014647 -0.07528412342071532 False
PA097-R151 287.88297576697653 16.86005149853973 287.88296446677714 16.860051604334338 97.37451753929106 15.110538931828286 56.067314 390.80902 0.825331 -0.15134218931198118 False
PA002-R153 287.8787201481757 16.86483306276416 287.8787534638198 16.86485664948175 2.1181482259414346 15.266760452082998 28.214779 1128.9797 1.4105282 -0.773346734046936 False
PA360-R153 287.87875287996866 16.864825515605826 287.8786364884655 16.86486526062088 359.62449822700506 15.314657912783273 69.82467 960.7105 1.3796415 -0.6636940479278565 False
PA093-R153 287.88308009070175 16.86040351478654 287.88307244954933 16.86040465760141 92.81866801623983 15.3227473785155 27.50798 191.8735 0.5534935 -0.04874510765075683 False
PA357-R158 287.8783815725491 16.86496818663016 287.87835754709295 16.864951371530804 356.7918781067209 15.773048466137206 45.15873 357.98267 0.57439804 -0.21558585166931152 False
PA090-R158 287.88322526468613 16.860614612066364 287.8832164210296 16.86061993224069 89.90038943961278 15.825309446908959 66.691986 145.51672 1.4047775 -0.020390033721923828 False
PA347-R159 287.8776126905811 16.864897994841044 287.87760170629866 16.864891091314618 347.23241870930246 15.881003000556705 41.771805 288.31348 0.8061452 -0.1871597319841385 True
PA074-R159 287.8830868233322 16.86178009302963 287.8830724816112 16.86177382426383 74.47115232219531 15.88392729964669 51.21537 259.2766 0.6186218 -0.1571325421333313 False
PA174-R162 287.87914132984093 16.856117454886654 287.8791403594409 16.856124982267183 173.7600671732906 16.2066860316981 39.846535 167.88264 0.7252567 -0.08536338806152344 True
PA001-R163 287.8787130435971 16.865125473246152 287.878708473388 16.865123593943277 0.8698648579361684 16.271204218608734 105.94916 829.794 0.74053335 -0.47902345657348633 False
PA355-R163 287.8782439920518 16.86511374170273 287.87824956946446 16.86510637135099 355.2658866141879 16.295925132835396 61.16356 373.88153 1.2000389 -0.12503275871276856 False
PA004-R164 287.878998359345 16.86513719279024 287.879005411277 16.865140815861142 4.409480231911589 16.375801803428427 57.81754 475.09366 0.91302776 -0.2497946143150328 False
PA348-R166 287.8776336332182 16.865070964445604 287.8776376978037 16.86506331371472 348.02635079617806 16.578023863007996 73.87844 227.88713 0.9603877 -0.06797080039978028 False
PA076-R166 287.8833318307759 16.86170412612328 287.88332442271235 16.86170492981766 75.91849971694795 16.644017911931392 56.109535 284.87122 1.1116376 -0.1247639775276184 False
PA042-R168 287.8818704616021 16.86403178016966 287.8818757925661 16.86407301312136 42.41286944294083 16.75654606880907 94.92271 1010.1576 5.744899 -0.4694058895111084 False
PA162-R171 287.8801321178573 16.856083031059658 287.88012110715783 16.856081922031763 162.3248335902421 17.073643954105012 79.911385 1120.6746 0.79557085 -0.3179141998291012 False
PA069-R172 287.8833184542465 16.86231185114084 287.883297443259 16.86229048598109 69.0059169003032 17.197900389824706 24.676977 210.38797 0.55144167 -0.12319006919860839 False
PA170-R174 287.8794771694792 16.855804239418376 287.8795002657375 16.855849425537098 170.1243093230256 17.351780019240017 10.963984 232.00113 0.42735362 -0.06630403995513916 True
