m1-67/data/reproject/combo-AA-neutral-knot-ellipses.ecsv
# %ECSV 1.0
# ---
# datatype:
# - {name: label, datatype: string}
# - {name: Ellipse Center.ra, unit: deg, datatype: float64}
# - {name: Ellipse Center.dec, unit: deg, datatype: float64}
# - {name: Ellipse Sigma X, unit: arcsec, datatype: float64}
# - {name: Ellipse Sigma Y, unit: arcsec, datatype: float64}
# - {name: Ellipse Theta, datatype: float64}
# - {name: Ellipse Bright Peak, datatype: float64}
# - {name: Ellipse Bright BG, datatype: float64}
# meta: !!omap
# - __serialized_columns__:
#     Ellipse Center:
#       __class__: astropy.coordinates.sky_coordinate.SkyCoord
#       dec: !astropy.table.SerializedColumn
#         __class__: astropy.coordinates.angles.core.Latitude
#         unit: &id001 !astropy.units.Unit {unit: deg}
#         value: !astropy.table.SerializedColumn {name: Ellipse Center.dec}
#       frame: icrs
#       ra: !astropy.table.SerializedColumn
#         __class__: astropy.coordinates.angles.core.Longitude
#         unit: *id001
#         value: !astropy.table.SerializedColumn {name: Ellipse Center.ra}
#         wrap_angle: !astropy.coordinates.Angle
#           unit: *id001
#           value: 360.0
#       representation_type: spherical
#     Ellipse Sigma X:
#       __class__: astropy.units.quantity.Quantity
#       unit: &id002 !astropy.units.Unit {unit: arcsec}
#       value: !astropy.table.SerializedColumn {name: Ellipse Sigma X}
#     Ellipse Sigma Y:
#       __class__: astropy.units.quantity.Quantity
#       unit: *id002
#       value: !astropy.table.SerializedColumn {name: Ellipse Sigma Y}
# schema: astropy-2.0
label "Ellipse Center.ra" "Ellipse Center.dec" "Ellipse Sigma X" "Ellipse Sigma Y" "Ellipse Theta" "Ellipse Bright Peak" "Ellipse Bright BG"
PA296-R030 287.87829849399884 16.860336661139467 2.050947403668316 0.3505574545158391 296.28153574111286 22.854311861261834 -9.143777132034302
PA067-R032 287.87947085439316 16.860938240294768 0.0787051200725185 0.0570604695154799 66.86947493936553 1.0494301476005299 0.29682825472164803
PA031-R033 287.87897188001153 16.86132421495653 2.7327004618997823 0.2712805616326687 30.919260644413303 18.956062970087896 -15.406133651733398
PA072-R035 287.87979841002283 16.860328897592012 0.3269546247476993 1.7768600810033401 71.97437921876036 10.786329982121156 -4.907341003417969
PA017-R038 287.8812567911276 16.861363551763727 2.4110513571552694 7.571814883513041 16.829907671084754 50.39831541196632 -7.579774379730225
PA058-R044 287.8797658820289 16.8612638130322 0.17851523926217286 0.23452889498718885 57.69177263933969 2.258200645006662 -1.6011273860931396
PA338-R045 287.87815871408185 16.86185602263524 0.19908707232128445 0.059254687685511634 337.92334456075815 79.64425323478257 0.05230254650115967
PA050-R049 287.8797308208611 16.8614835723965 0.051084480309640225 0.06901950764951753 49.97813143674663 1.0024144570350133 0.37557693241035167
PA028-R054 287.8793789131745 16.861936870162697 0.19199115286444188 0.20196509131970972 28.041795442239398 1.054913276657248 -0.7173831462860107
PA262-R064 287.8768034711421 16.860370339197097 0.1534053948508314 0.17003166650886115 262.4843734024974 2.0698951149302736 -1.1934492588043213
PA192-R066 287.87824813776086 16.85878940531188 0.15932331380805945 0.18354090757899783 191.92627434328423 1.3893460240790645 -0.870807647705078
PA202-R068 287.8779003238593 16.858848733473927 0.09576751004702247 0.10646977567091569 201.81557485506812 1.9188397870147047 0.015580427646636964
PA251-R068 287.8767608871454 16.859977326393402 0.12712136553310593 0.13493566117376754 250.60075274581175 1.0209364825774114 -0.40971994400024414
PA185-R071 287.8784380987935 16.858643126663193 0.10028838885298298 0.09059439084402832 185.20291541111195 1.3283477737753546 -0.11397349834442135
PA177-R075 287.87877832919025 16.85852790896721 0.21775311017414092 0.2038673432350693 176.82857239170298 0.8916864752386158 -0.6989827156066895
PA042-R077 287.8800693415585 16.86225593637213 0.16825841829702604 0.11757276340665589 41.62550224073183 39.30158102403074 0.09632580757141114
PA330-R077 287.87749737624756 16.862456717233126 0.13712443277593114 0.07065277449172053 329.9013966731095 0.7887706264002378 0.19766746865662133
PA039-R083 287.880235379547 16.862380351680496 0.05625278562575002 0.07628667297503579 39.060066349133635 19.775633425392076 2.0507668290942678
PA179-R085 287.87871150574864 16.858255318725273 0.2544585357072451 0.09817013067909677 179.24614909708282 0.7337372542318176 0.013064033985137941
PA219-R092 287.87695569728464 16.858629546712795 0.04054969797856671 0.03832843769348677 219.06780010195922 17.00506256545749 -0.4377865791320801
PA095-R093 287.8813561528215 16.860367804758887 0.07507581184750006 0.10480590726959481 94.99475790957146 0.7487880482804252 0.07536204758756808
PA330-R093 287.8773120804354 16.862833639177865 0.03099999999999996 0.03099999999999996 330.1218969791886 28.504241962747145 1.607537865638733
PA356-R098 287.87848036621693 16.86336777675998 0.03099999999999996 0.08403316775157933 356.0208232478922 0.9040174549769486 0.1541745662689209
PA253-R098 287.87593057224575 16.859788755656073 0.32354046292554056 0.33755101751616107 252.61919285610367 1.4625427074108908 -1.3782259225845337
PA005-R101 287.87889209665303 16.863398716265525 0.16342484978731905 0.17799637870312265 5.0073121388263475 1.7561010578907168 -1.1107453107833862
PA357-R101 287.87848406645287 16.863361292750298 0.22653080318450128 0.10287045853922387 357.4631799779348 0.8607454464159188 0.006657711267471319
PA096-R102 287.8815936768468 16.860310622307793 0.08269466860481024 0.08786331940333092 95.87924919564686 0.6462843884212182 0.20661309739802478
PA207-R102 287.87727769414306 16.85809418298825 0.1395713269169982 0.14198407421867296 207.252693260486 1.1031589163392714 -0.5117534399032593
PA203-R102 287.87747355456906 16.85794135486145 0.15714598450171505 0.138943510769376 202.72686654996232 1.0545306958893803 0.029613614082336426
PA359-R104 287.87857708396234 16.86347104183753 0.17763468209942873 0.116413571958327 359.28660736819756 0.6951187886652731 0.005397272109985352
PA290-R104 287.87580901397354 16.861592904093968 0.15758155371294716 0.14477304834543991 289.9597897996694 0.7713933692936046 -0.3883459568023681
PA193-R105 287.8779620761058 16.85774240781491 0.07624816021836968 0.085274640825526 192.7757138783096 0.7701959687068828 -0.014196634292602504
PA043-R107 287.8807121345994 16.862834196563167 0.19303206059709102 0.18922546183728844 42.69704250086977 2.077147347012303 0.10359001159667969
PA062-R108 287.8814158642035 16.86197515746557 0.2652877952985616 0.18446667302470782 62.40598436334054 0.7284998305919171 -0.5693919658660889
PA227-R110 287.8763182256331 16.8585222317241 0.14879963162083906 0.1394180425866512 226.87355102948678 1.0238579455748382 -0.4685087203979492
PA203-R110 287.8773799512581 16.85777707589313 0.07029289472819734 0.065176377839504 203.12007181342457 1.0635904901495836 0.20453142360510895
PA044-R110 287.88085903060045 16.862817179398288 0.14636555559199663 0.11339296289430705 44.14564066395699 1.232905451688431 0.0309543776512146
PA039-R111 287.8809140675678 16.86270796629787 0.8364224536130127 0.11535397417572524 38.65461531621216 5.001433989468247 0.054347648620605475
PA197-R112 287.87769365855655 16.857626023614863 0.14936867738189835 0.13783159961690714 196.689168799342 1.3579473620030789 -0.6111696958541869
PA084-R112 287.88187702000477 16.86093347482959 0.08848094212600514 0.10793725597156013 83.6130351782113 0.9930074819416413 0.22685848084755608
PA170-R113 287.87923667573097 16.857520950180945 0.15205202445321828 0.19564800589505693 169.57252129628102 0.9098004666482509 -0.539283514022827
PA188-R114 287.8781564337785 16.85743988805596 0.05978870144386889 0.07776300019082524 187.95016246963368 0.9657950837734347 0.25352180293569443
PA113-R116 287.88172241603144 16.859317558144003 0.09286732677704612 0.09596194382171377 113.30027352889753 1.2986735978882888 0.009479393959045413
PA083-R117 287.88202198067637 16.86097845068448 0.11625075558448972 0.13553762626222293 83.16303931275354 0.6101454407540557 0.014260537624359132
PA183-R119 287.87847438850264 16.85729216279976 0.09401692208108978 0.09659085126487343 182.64373160610052 0.6019193510399521 0.08222030779205869
PA205-R119 287.8772012495644 16.857571332567794 0.1281804167129908 0.09496867190751648 204.56392396493075 0.5264152433006579 -0.10806465148925781
PA055-R120 287.88148933444234 16.86251936737052 0.06927760928013851 0.1468957513459221 54.69872425735836 0.3493660901772025 0.0027373886108398443
PA090-R121 287.8821541149045 16.860574818995612 0.09797547440723023 0.11094414398674418 90.41960329625103 0.8252377067162352 0.007381498813629152
PA209-R122 287.876910146432 16.8576440654954 0.08067359535551567 0.09481386649193572 209.11767316527326 1.5686285643658453 0.008220598697662354
PA167-R122 287.8793919154428 16.857321891870075 0.1324872830323583 0.12251265861518441 167.31028302472725 0.6637422564363827 0.07022645399132556
PA092-R123 287.8822197453244 16.86050204692543 0.13188341441628806 0.10913548410678346 91.89386166142998 0.756087335856239 0.14699843875800003
PA034-R126 287.88066116763116 16.863495584081097 0.08090740671319334 0.11026977716437336 33.80636265734553 1.1017044781382779 0.01761560916900635
PA050-R126 287.881427493483 16.86285224713716 0.13370610368106492 0.12491089964219491 49.56704135346802 0.3126646341428234 0.007616951465606689
PA180-R130 287.87864303981837 16.856968544719393 0.12627399322851796 0.09085206259121813 179.65278141202975 1.2442411830496911 0.40633838896277813
PA167-R131 287.8794631631302 16.85704940633208 0.27599086410112084 0.12583826600639134 166.5517940651275 1.5468052325907682 0.3397605084479331
PA174-R133 287.8790612330917 16.85692503128936 0.12375161881894856 0.12331404997249207 173.51988201380723 0.47082175626569867 0.01339773774147034
PA060-R134 287.8819999271203 16.86249575687748 0.12524262366520209 0.1103400257343738 59.54811629721563 0.8444418924621945 0.08237676935725195
PA090-R137 287.8825869271845 16.860561738987002 0.050417238002986815 0.03099999999999996 90.37148626651197 0.5433443584994361 0.17124550429885632
PA085-R138 287.88262066608513 16.860899568152988 0.12613906118242788 0.06469586241860917 85.4203587455898 0.6169836463864002 0.3339738516874897
PA033-R138 287.8808557449909 16.863797053484475 0.17469756471251116 0.19411790047737726 33.41051222448549 0.9094635195859188 -0.5492522716522217
PA036-R139 287.8809864318186 16.863736590812188 0.09028508515175578 0.09181199036995034 35.80539579467498 0.8049907679202722 0.004785981178283692
PA054-R139 287.8819323675327 16.8628991090254 0.03099999999999996 0.061224063060853574 54.130759713821845 0.19482543846811298 0.16320767510936318
PA209-R141 287.87670170163705 16.857166229699697 0.097748581179072 0.08101432270354564 208.5545148928927 0.9065721383732855 0.08751029289782501
PA353-R145 287.87812359681544 16.86458492493874 0.15254363769330284 0.1486229807187409 352.939665855005 1.142609864871303 -0.6752301454544067
PA074-R145 287.8826750743252 16.861687616983758 0.03099999999999996 0.03099999999999996 73.77528454134325 101.77842202772052 5.342419743537903
PA109-R145 287.8826229524899 16.85924860988855 0.03929508324662021 0.07321279095325549 109.45504622280768 0.5671321655644602 0.1412707135425209
PA196-R146 287.87744385980943 16.85668825488503 0.05237701915745232 0.0488331344283838 196.22234888710852 1.0448726385881622 0.14594709873199463
PA062-R147 287.88242051141026 16.86251218787983 0.10725858394524046 0.08396402647601264 62.1214087821436 0.6608069792554127 0.006352863311767579
PA031-R147 287.8808831532405 16.86410152614011 0.26565893196368107 0.4358723297667075 31.45004973402716 0.908402416408921 -0.8170371055603026
PA357-R148 287.8784132597333 16.864693994853035 0.05995494660628695 0.06322083923321987 357.1338782920824 1.1162002987479824 0.10453993789743721
PA068-R148 287.88259912632066 16.862145081672566 0.09916531377854634 0.06886889196022607 67.69819306812978 0.3678631210995971 0.0782087113905797
PA156-R149 287.8804010447932 16.856829097316844 0.05186446644047959 0.0612481670812696 155.77451414381082 0.4840667927379301 0.12536878912663013
PA097-R151 287.882985163318 16.860060543003474 0.10185554810517919 0.06784531050891543 97.37451753929106 0.6340932067017152 0.1398181214480216
PA002-R153 287.87879429931934 16.864860278667727 0.18965599175811962 0.25621269953216896 2.1181482259414346 2.8303693963418946 -1.683638095855713
PA360-R153 287.8786415558832 16.864850589444863 0.0495534477876712 0.06932708325732856 359.62449822700506 1.9017784593160494 0.6179856779892249
PA093-R153 287.8830845031936 16.86040941714866 0.056134350565329616 0.08109666174099438 92.81866801623983 0.3885674412471049 0.10136008020159279
PA357-R158 287.87837918928136 16.864977589612053 0.14767580749453466 0.08621112771513599 356.7918781067209 0.45117680362203877 0.011045225858688355
PA090-R158 287.883230433575 16.86061299984797 0.0685064284753407 0.0903820108525462 89.90038943961278 1.1302971174584098 0.2221286945073638
PA347-R159 287.87761030369523 16.864902997746203 0.15679488256048899 0.13515631460402025 347.23241870930246 0.7640192594747357 -0.42494869232177734
PA074-R159 287.88308800647525 16.861776975539772 0.0961193887461074 0.09709893570521431 74.47115232219531 0.5919126024678659 0.1808891952395682
PA174-R162 287.8791367455367 16.856122399321425 0.09989797727770461 0.0914538250296333 173.7600671732906 0.7870096568533824 0.00625775290095598
PA001-R163 287.8787059136722 16.865124664196042 0.06499598146480663 0.05585638524947341 0.8698648579361684 0.6469583323800094 0.3282130651139235
PA355-R163 287.87824311127264 16.865112624068757 0.06699812365250382 0.0872610061295708 355.2658866141879 1.2088134324389312 0.0013010466098785402
PA004-R164 287.8789888113315 16.86512949359731 0.15084615354206315 0.1727195936736008 4.409480231911589 0.6778474141268012 -0.28900301456451416
PA348-R166 287.87761981396653 16.865075038660674 0.20547023646381482 0.12346675690049765 348.02635079617806 0.9259002019637094 0.0455220127105713
PA076-R166 287.8833301352126 16.861709022069864 0.05067057346983424 0.062445444875127605 75.91849971694795 1.019136392595614 0.2356025009096034
PA042-R168 287.88159843069207 16.864034024004283 0.10765945767021093 0.6952413346232275 42.41286944294083 1.1799807999770506 0.007993249893188477
PA162-R171 287.8801375569212 16.856074338821024 0.10287988738826014 0.10641543523348847 162.3248335902421 0.4658912011712833 0.14227568020135825
PA069-R172 287.8833090543886 16.862301765907358 0.07338467155692402 0.047520213499208694 69.0059169003032 0.4048854176991365 0.10328622449486688
PA170-R174 287.879496814296 16.855843388481613 0.06995050769854454 0.08114661137275503 170.1243093230256 0.30013464793849226 0.0004718029499053955
PA180-R174 287.87862378757814 16.855744545023914 0.06593023389399683 0.11812129862187697 180.01378891487656 0.6137930064204293 0.17333329773038386
PA356-R175 287.87823164783845 16.865452022727553 0.1413161053548869 0.1036758988236884 355.5867692698721 1.3886085281179699 0.02108456611633301
PA189-R176 287.8778630502753 16.855752666283824 0.10975983217296256 0.12925558936972803 188.64232736446033 1.0332508072684545 -0.36696672439575195
PA198-R178 287.8770003773134 16.85592746095108 0.03099999999999996 0.03099999999999996 198.23955265921884 10.44315150018552 1.9198638200759888
PA207-R178 287.87628432577424 16.856195492348437 0.07666781661728314 0.08899959518822376 207.03168652386574 1.101022703025844 0.14180610583747913
PA005-R178 287.8791117722516 16.865489561995314 0.043645890203465015 0.046374401744797025 5.2731820214216745 0.4586851286290003 0.0868561751398313
PA206-R180 287.8757700529289 16.856328541045254 0.08446229666694159 1.1372648511007146 206.20567409311846 3.7992526826432256 0.4057334236808064
PA209-R181 287.8760503134986 16.856213267921763 0.08997346402707558 0.08247127229546686 209.31848710364113 1.0591234946610404 0.19234640189892083
PA071-R183 287.88366461356804 16.862286694359046 0.10339167016342825 0.0931055496772927 70.76222382906155 0.43255416435189165 0.097795136421162
PA078-R183 287.8838534516489 16.861710082045583 0.11980553811645132 0.1026885591099411 77.5006301975835 0.6692487733805484 0.14418770426990962
PA006-R185 287.87911737102513 16.865740555148555 0.0630519586346304 0.06560756640655892 5.522816344565724 0.9880514528135858 0.5350183006002456
PA198-R185 287.87696634157686 16.855697635768927 0.059737892050148 0.07163274674903454 198.21764260514252 1.031724687086015 0.0919786355743227
PA355-R186 287.87813312444587 16.865703131954735 0.139508176877868 0.15665972012623253 354.84618775684214 0.9249774388522776 0.242174307407127
PA090-R187 287.8840519235546 16.86061267431797 0.0638777689935235 0.054864518042348376 89.82626085160686 0.2632848294906569 0.11694309231919582
PA180-R189 287.8785888915191 16.855362854013148 0.05759048999142205 0.09337592597652007 180.32687525063494 0.6690571468302301 0.18098808388168963
PA220-R189 287.875107202624 16.856600490489086 0.10814230308654073 0.13356379106497435 219.93908421929567 0.801247891378871 0.004295868873596192
PA271-R189 287.87315935174706 16.860653876333473 0.14739333554553244 0.1395269979507944 270.57477783709874 0.6796391535974455 -0.3482944965362549
PA204-R191 287.8769721572578 16.855886256518712 1.9741531311767242 0.12585209628772417 203.9269727432652 0.9420491001845319 0.01339103937149048
PA214-R197 287.875442294656 16.85603236004491 0.03099999999999996 0.07186897358215939 213.9054444367864 0.26345501734292254 0.0858124699865733
PA091-R197 287.88437759074594 16.860543945275573 0.06111978526548016 0.10935358978697987 90.59056816065005 0.4520611121157636 0.11233864829486673
