m1-67/data/reproject/combo-AA-neutral-knot-fluxes.ecsv
# %ECSV 1.0
# ---
# datatype:
# - {name: label, datatype: string}
# - {name: Center.ra, unit: deg, datatype: float64}
# - {name: Center.dec, unit: deg, datatype: float64}
# - {name: Peak.ra, unit: deg, datatype: float64}
# - {name: Peak.dec, unit: deg, datatype: float64}
# - {name: PA, unit: deg, datatype: float64}
# - {name: Sep, unit: arcsec, datatype: float64}
# - {name: Core Flux, datatype: float32}
# - {name: Halo Flux, datatype: float32}
# - {name: Bright Peak, datatype: float32}
# - {name: Bright BG, datatype: float64}
# - {name: Isolated, datatype: bool}
# meta: !!omap
# - __serialized_columns__:
#     Center:
#       __class__: astropy.coordinates.sky_coordinate.SkyCoord
#       dec: !astropy.table.SerializedColumn
#         __class__: astropy.coordinates.angles.core.Latitude
#         unit: &id001 !astropy.units.Unit {unit: deg}
#         value: !astropy.table.SerializedColumn {name: Center.dec}
#       frame: icrs
#       ra: !astropy.table.SerializedColumn
#         __class__: astropy.coordinates.angles.core.Longitude
#         unit: *id001
#         value: !astropy.table.SerializedColumn {name: Center.ra}
#         wrap_angle: &id002 !astropy.coordinates.Angle
#           unit: *id001
#           value: 360.0
#       representation_type: spherical
#     PA:
#       __class__: astropy.coordinates.angles.core.Angle
#       unit: *id001
#       value: !astropy.table.SerializedColumn {name: PA}
#     Peak:
#       __class__: astropy.coordinates.sky_coordinate.SkyCoord
#       dec: !astropy.table.SerializedColumn
#         __class__: astropy.coordinates.angles.core.Latitude
#         unit: *id001
#         value: !astropy.table.SerializedColumn {name: Peak.dec}
#       frame: icrs
#       ra: !astropy.table.SerializedColumn
#         __class__: astropy.coordinates.angles.core.Longitude
#         unit: *id001
#         value: !astropy.table.SerializedColumn {name: Peak.ra}
#         wrap_angle: *id002
#       representation_type: spherical
#     Sep:
#       __class__: astropy.coordinates.angles.core.Angle
#       unit: !astropy.units.Unit {unit: arcsec}
#       value: !astropy.table.SerializedColumn {name: Sep}
# schema: astropy-2.0
label Center.ra Center.dec Peak.ra Peak.dec PA Sep "Core Flux" "Halo Flux" "Bright Peak" "Bright BG" Isolated
PA296-R030 287.87785001142794 16.8609004545919 287.8778896614864 16.860938592578385 296.28153574111286 2.9841626738870715 567.86835 14117.652 2.0290756 -4.363212013244628 False
PA067-R032 287.8794709230745 16.860942968618403 287.8794642970027 16.86092137011592 66.86947493936553 3.1549125149909147 211.55063 1167.9866 1.6582685 -1.1641204357147217 False
PA031-R033 287.8791534988485 16.861424849322653 287.8791763650421 16.861412204390565 30.919260644413303 3.3108251070294017 180.36765 1309.012 3.3323846 -1.3258524179458617 False
PA072-R035 287.8796631770217 16.86085405725825 287.8796172613677 16.86087831389691 71.97437921876036 3.5235564474513 117.98812 1306.0745 1.1072502 -0.6674907207489014 False
PA017-R038 287.8789662020283 16.861489663898944 287.8789604147784 16.861593038166305 16.829907671084754 3.803227856282498 130.31285 1393.6572 1.4402084 -1.057049560546875 False
PA058-R044 287.8797773584917 16.861266769082082 287.8797612302913 16.861265813168814 57.69177263933969 4.378772881478465 98.87317 1133.8916 1.1540973 -0.5156371355056762 False
PA338-R045 287.8781244303827 16.86171833488793 287.8781236051586 16.861730815524535 337.92334456075815 4.521866041533656 146.50697 1185.009 5.026258 -0.375634229183197 True
PA050-R049 287.8797312259163 16.86148558164 287.8797342377314 16.861481091090674 49.97813143674663 4.9470357908001645 119.24205 917.187 1.4100819 -0.33694911003112793 False
PA028-R054 287.87938188626276 16.861931461394214 287.87937432178484 16.861946092675158 28.041795442239398 5.4263621184941275 86.35095 1293.4706 0.8226507 -0.5335912466049194 False
PA262-R064 287.8767954252387 16.860368634235094 287.8768099168856 16.86037025246746 262.4843734024974 6.350637941225752 77.04914 499.44672 1.4380527 -0.3254981756210327 True
PA192-R066 287.8782472352598 16.858784167374566 287.8782495826831 16.85879442691653 191.92627434328423 6.584807134813525 63.880062 438.151 1.0158999 -0.3487240791320801 True
PA202-R068 287.8779018696111 16.858850012178028 287.8779076654547 16.858854703755362 201.81557485506812 6.759768181790186 144.59355 500.47482 1.9379249 -0.25066475868225097 True
PA251-R068 287.87675793794057 16.859978469234882 287.87676493137286 16.859974140951607 250.60075274581175 6.821162395568218 67.96827 284.29553 0.90696096 -0.30510051250457765 True
PA185-R071 287.8784387759957 16.85864069706646 287.8784385369712 16.8586480383037 185.20291541111195 7.074820455075996 81.03731 272.41223 1.4488444 -0.18406593799591064 True
PA177-R075 287.87878472819926 16.858520821404394 287.8787804536136 16.85852748280789 176.82857239170298 7.475119183735325 24.651443 252.4962 0.48693419 -0.15561574697494507 True
PA042-R077 287.8801542499618 16.862177488807113 287.8801391507669 16.862187199668238 41.62550224073183 7.663316111213477 106.37532 918.25757 6.3664694 -0.04596562385559082 True
PA330-R077 287.87750151374644 16.862458622141265 287.87749374387613 16.8624541463036 329.9013966731095 7.674085680330464 76.094536 613.70886 1.2319074 -0.11985013484954835 True
PA039-R083 287.8801923603351 16.86241424844686 287.8802111363664 16.86240247691225 39.060066349133635 8.308393048281967 159.20636 1002.12964 5.811975 -0.02289910912513733 False
PA179-R085 287.878705730697 16.858256502587047 287.8787264666818 16.858260538392116 179.24614909708282 8.519408373717578 64.09946 281.25177 2.257175 -0.15224964618682862 False
PA219-R092 287.87694497935775 16.85863024276032 287.87695389877655 16.85862219814348 219.06780010195922 9.199690349976892 251.86125 971.1412 16.733543 -0.14966986179351804 True
PA095-R093 287.8813546522501 16.860368542692452 287.8813448537519 16.860370242978743 94.99475790957146 9.321903082673638 40.536987 1140.8298 0.97816825 0.029027652740478523 False
PA330-R093 287.8773085663616 16.862833607573275 287.87731378141126 16.862833034109237 330.1218969791886 9.330486013373456 164.35194 373.66562 27.174627 -0.08331400156021118 False
PA356-R098 287.8784773531234 16.863374830089427 287.8784745239384 16.863366927222604 356.0208232478922 9.782912671341565 76.08313 324.9201 1.0004926 -0.18108818531036378 True
PA253-R098 287.8759499662637 16.859780518786312 287.87593712988627 16.859784687306036 252.61919285610367 9.793772318367127 17.254782 223.06796 0.43814552 -0.1665753960609436 True
PA005-R101 287.8788865348828 16.863413194597346 287.87889743152374 16.86338414936184 5.0073121388263475 10.115936365100394 46.652924 160.43611 1.0000083 -0.20279628038406372 True
PA357-R101 287.8785130479054 16.863387197357486 287.8785285121325 16.863375538371383 357.4631799779348 10.116243243106208 70.540596 314.81393 1.0004926 -0.19065141677856445 False
PA096-R102 287.88159628907346 16.860314281602196 287.88159679388184 16.860318572863704 95.87924919564686 10.178391233994837 57.62119 875.3256 1.0493815 0.0014191865921020508 True
PA207-R102 287.8772734591761 16.858091767261822 287.8772868214257 16.858096922826235 207.252693260486 10.213385398548805 40.85446 244.24832 0.76007867 -0.13325153589248656 True
PA203-R102 287.87746887021365 16.857942787308406 287.8774667780403 16.857941923932504 202.72686654996232 10.244036846699961 109.50962 191.72633 1.2423713 -0.1367565631866455 True
PA359-R104 287.8785872610066 16.863474595731294 287.87860049637715 16.8634788717327 359.28660736819756 10.367132616032288 76.07544 565.21985 0.71246433 -0.17677775025367737 False
PA290-R104 287.8758028652258 16.861591395970525 287.8758201306454 16.86159301906915 289.9597897996694 10.371434598825056 30.590342 209.27957 0.5785203 -0.11436818242073059 True
PA193-R105 287.87796311276236 16.857739918420418 287.8779706541185 16.857752481750516 192.7757138783096 10.535492309816057 50.489967 164.21324 1.0853744 -0.14281107783317565 True
PA043-R107 287.8807118838254 16.862837310791885 287.8807150283703 16.862833028029584 42.69704250086977 10.707356881564325 291.13422 1185.3887 4.747249 -0.0780684232711792 True
PA062-R108 287.8814297472396 16.861964247260424 287.8814078623894 16.86197190881001 62.40598436334054 10.803883288615872 19.81948 187.46509 0.31249535 -0.11658004224300385 False
PA227-R110 287.87631560414985 16.858518995283802 287.87632405342146 16.85852746979949 226.87355102948678 10.957440029214718 39.591934 724.5876 0.7782054 -0.11722519993782043 False
PA203-R110 287.8773806071319 16.85777650681862 287.87738579915515 16.857778312343562 203.12007181342457 11.007756179808554 76.75427 367.13925 1.5851004 -0.11285271644592285 False
PA044-R110 287.8808653541983 16.862807849804934 287.8808679940982 16.862798581994685 44.14564066395699 11.04749837554651 103.91367 1019.0833 1.5340147 -0.08565337657928467 False
PA039-R111 287.880706441695 16.862982244212912 287.8806970340367 16.862988028208903 38.65461531621216 11.114203809022609 219.45486 1275.799 3.8173747 -0.08135348558425903 False
PA197-R112 287.87769009044 16.857622399011284 287.8777007217404 16.857631925136463 196.689168799342 11.161835629378425 48.549023 338.6054 0.9591234 -0.11467504501342773 True
PA084-R112 287.88187181551086 16.860937334527172 287.88186674109 16.860938568826732 83.6130351782113 11.177524015082085 94.589386 303.3747 1.3284013 -0.07642332315444947 True
PA170-R113 287.87923454492227 16.857517507260688 287.8792393384241 16.857528593111077 169.57252129628102 11.295210816019617 31.509495 979.8077 0.7687273 -0.12474852204322814 True
PA188-R114 287.8781539258267 16.857442000444195 287.8781596080016 16.857442482282583 187.95016246963368 11.426491994316251 78.7339 365.30667 1.331048 -0.06824642419815063 False
PA113-R116 287.8817210397004 16.85932008426309 287.8817137503554 16.85932829338197 113.30027352889753 11.560079928382175 69.99679 314.78336 1.4557905 -0.023144644498825074 False
PA083-R117 287.8820279816948 16.860983844960284 287.882028704532 16.86099023290217 83.16303931275354 11.654695003981551 54.3309 415.54932 0.7275257 -0.04220980405807495 False
PA183-R119 287.8784752895402 16.85729138157991 287.87847452942833 16.857296093895137 182.64373160610052 11.886321907780335 56.38932 371.41852 0.84337974 -0.08295822143554688 True
PA205-R119 287.87720069212065 16.857567224368694 287.8772058453185 16.85758025561211 204.56392396493075 11.923778194336005 30.930515 369.5334 0.9011502 -0.06910538673400879 False
PA055-R120 287.88149219970535 16.86249771613809 287.8814978498531 16.86248857425175 54.69872425735836 12.015383889211755 42.326283 232.37392 2.2096488 -0.12781059741973877 False
PA090-R121 287.88214774765606 16.86057765941977 287.882136672099 16.86058550888268 90.41960329625103 12.093260660970929 47.611477 242.36328 0.9916847 -0.0024295330047607406 False
PA209-R122 287.87691263273666 16.857640489684456 287.8769179164388 16.85764914229215 209.11767316527326 12.151300191368758 89.56003 273.68585 1.619421 -0.07758992910385132 False
PA167-R122 287.8794031488443 16.85732740401172 287.87941029500956 16.8573391481047 167.31028302472725 12.155578123781261 60.147446 456.81848 0.94666696 -0.0677558422088623 False
PA092-R123 287.8822192160337 16.860500682800332 287.88221765157937 16.860499396386178 91.89386166142998 12.302070271695632 75.39604 246.03413 1.043854 -0.00797595977783203 False
PA034-R126 287.88065987501193 16.86349914621856 287.8806520493532 16.86349608420539 33.80636265734553 12.562377904588997 73.74471 315.0144 1.1709223 -0.11913520097732544 True
PA050-R126 287.8814180635233 16.862850619690246 287.8814078750978 16.862841631030346 49.56704135346802 12.579288239376472 33.61955 243.7732 0.4416566 -0.09186184406280518 False
PA180-R130 287.8786564229451 16.856972871586493 287.8786634820283 16.856977482855193 179.65278141202975 13.047910576140387 125.76736 592.8996 1.6657581 0.01323164701461792 False
PA167-R131 287.8794835086064 16.85705850235085 287.8794822757607 16.85706359227093 166.5517940651275 13.092657659199855 168.49191 598.0865 2.2181926 0.009394025802612305 False
PA174-R133 287.87905609374724 16.85692950589346 287.87905038428886 16.85693442690356 173.51988201380723 13.318761877650125 40.958374 374.47107 0.52419615 -0.04084579944610595 False
PA060-R134 287.8820006815848 16.862501160919205 287.8820017376778 16.862505788895128 59.54811629721563 13.356809945837046 78.547745 279.2161 0.9910147 -0.07151734828948975 False
PA090-R137 287.8825854973114 16.860562512602293 287.88258656660156 16.860559667449838 90.37148626651197 13.655069079842528 20.599976 573.02765 0.62391496 0.05064624547958374 False
PA085-R138 287.8826299992201 16.860897095242162 287.88263156318044 16.86089549991847 85.4203587455898 13.757538002330357 67.213776 297.8647 0.961488 0.04206904172897339 False
PA033-R138 287.8808614640859 16.863792744436513 287.8808410115804 16.86378886005846 33.41051222448549 13.809421841269197 39.593758 705.86237 0.7132983 -0.15524703264236447 False
PA036-R139 287.8809817430846 16.863732985723207 287.88098497958083 16.863719969588047 35.80539579467498 13.89057484457009 49.96542 792.65106 0.99729586 -0.06350064277648926 False
PA054-R139 287.88192803579494 16.86289928799366 287.8819297606215 16.86290190116306 54.130759713821845 13.923710067249017 26.376606 262.81445 0.35575378 -0.02429404258728027 False
PA209-R141 287.87670691373114 16.857176983675764 287.87671097269185 16.857184140458372 208.5545148928927 14.103100349390585 60.53817 628.45917 1.0173705 -0.03471691608428955 False
PA353-R145 287.87812175261183 16.864602670645926 287.87812359731385 16.864572482184894 352.939665855005 14.469046238460129 29.783604 296.92355 1.0332644 -0.13453481793403627 True
PA074-R145 287.8826744616193 16.861687634155313 287.8826765696508 16.8616877212649 73.77528454134325 14.49317834167031 408.36044 242.60875 105.723434 -0.08038488626480103 True
PA109-R145 287.8826170637868 16.859253698311953 287.8826135330082 16.85925938915828 109.45504622280768 14.51218874991077 32.37731 354.71564 0.7097827 -0.020652031898498534 False
PA196-R146 287.8774406708849 16.856687097333545 287.8774487903939 16.856693312722314 196.22234888710852 14.63432749622834 46.137245 199.96848 1.1950722 -0.10880337357521057 True
PA062-R147 287.8824228972635 16.86251306997278 287.8824246433122 16.862505781584826 62.1214087821436 14.66308539938589 45.369972 359.78482 0.7635734 -0.0668100357055664 False
PA031-R147 287.8808588515324 16.864104000196036 287.88089500358905 16.864098859475778 31.45004973402716 14.689298247893328 23.071651 604.9693 0.21563458 -0.15335261821746826 False
PA357-R148 287.8784157444108 16.86469359939678 287.8784205341712 16.864684427166083 357.1338782920824 14.753784965895571 57.269436 229.80632 1.3203559 -0.11643171608448029 True
PA068-R148 287.8825961439647 16.862137019427394 287.88258659927334 16.862126889668005 67.69819306812978 14.789679176532534 29.163303 354.74973 0.5286758 -0.05079019069671631 False
PA156-R149 287.8804027336283 16.8568298661935 287.8804000423923 16.856831086512177 155.77451414381082 14.869046331318039 31.001284 378.6042 0.6152533 -0.028774738311767568 False
PA097-R151 287.882990171743 16.86006445602497 287.88299146079925 16.86006882598995 97.37451753929106 15.110538931828286 44.16372 331.28973 0.7905829 0.009974634647369387 False
PA002-R153 287.8788080336587 16.86485833604688 287.878816450541 16.864848038328127 2.1181482259414346 15.266760452082998 76.37459 525.052 2.778901 -0.11173370480537412 False
PA360-R153 287.87861220618544 16.86485404903019 287.87865448467335 16.864839427287695 359.62449822700506 15.314657912783273 70.05607 518.8978 3.3184614 -0.10810989141464233 False
PA093-R153 287.883078513904 16.860406426802133 287.88307244954933 16.86040465760141 92.81866801623983 15.3227473785155 21.537346 192.07147 0.5052204 0.025500702857971194 False
PA357-R158 287.878380315953 16.864970378312652 287.8783665451889 16.864959982654224 356.7918781067209 15.773048466137206 32.66913 462.60025 0.5286231 -0.05597896575927734 False
PA090-R158 287.8832248586019 16.860615434484775 287.8832164210296 16.86061993224069 89.90038943961278 15.825309446908959 67.16046 151.5043 1.4368031 0.030701637268066406 False
PA347-R159 287.87761218399186 16.864914843458884 287.87761070440445 16.864891091359937 347.23241870930246 15.881003000556705 27.351517 238.71068 0.8249965 -0.13253045082092285 True
PA074-R159 287.8830799529374 16.861777700541627 287.8830724816112 16.86177382426383 74.47115232219531 15.88392729964669 56.987175 620.5451 0.9642012 -0.031052446365356444 False
PA174-R162 287.879135375888 16.85612420174224 287.8791313617745 16.85613359339962 173.7600671732906 16.2066860316981 48.574966 205.55649 0.9238045 -0.051217925548553464 True
PA001-R163 287.8787082180533 16.865123740802847 287.878708473388 16.865123593943277 0.8698648579361684 16.271204218608734 64.2747 741.93567 1.013638 -0.030496954917907715 False
PA355-R163 287.8782430298174 16.86511363696428 287.87824956946446 16.86510637135099 355.2658866141879 16.295925132835396 52.731247 452.99362 1.3459911 -0.06900759935379028 False
PA004-R164 287.8789908839213 16.865129014398725 287.8790054112606 16.865132204750072 4.409480231911589 16.375801803428427 33.467773 501.37015 0.8547623 -0.08237206935882568 False
PA348-R166 287.8776320601312 16.86507181871996 287.8776376978037 16.86506331371472 348.02635079617806 16.578023863007996 93.4613 301.24237 1.2843237 -0.11075658202171326 False
PA076-R166 287.88332893860274 16.861706692547738 287.88332442271235 16.86170492981766 75.91849971694795 16.644017911931392 51.502636 339.05798 1.3294632 0.010643470287323004 False
PA042-R168 287.88187130292516 16.86402930873764 287.88190278602474 16.864029957141742 42.41286944294083 16.75654606880907 87.67255 606.6773 13.574632 -0.04092248082160949 False
PA162-R171 287.8801326025373 16.856078411417215 287.88013010484434 16.856081921967263 162.3248335902421 17.073643954105012 35.033985 587.0554 0.70975566 0.09373233318328858 False
PA069-R172 287.8833068973235 16.86230224370218 287.88329744347084 16.86229909709217 69.0059169003032 17.197900389824706 22.092297 604.4202 0.60358214 0.0059944987297058105 False
PA170-R174 287.8794998619854 16.85584033277218 287.8795002657375 16.855849425537098 170.1243093230256 17.351780019240017 16.749168 226.07767 0.40569258 -0.03918300867080689 True
