m1-67/data/reproject/combo-DD-neutral-knot-peak-stats.ecsv
# %ECSV 1.0
# ---
# datatype:
# - {name: label, datatype: string}
# - {name: Peak Center.ra, unit: deg, datatype: float64}
# - {name: Peak Center.dec, unit: deg, datatype: float64}
# - {name: Gauss Center.ra, unit: deg, datatype: float64}
# - {name: Gauss Center.dec, unit: deg, datatype: float64}
# - {name: r_eff, unit: arcsec, datatype: float64}
# - {name: r_rms, unit: arcsec, datatype: float64}
# - {name: Gauss sigma, unit: arcsec, datatype: float64}
# - {name: Bright Peak, datatype: float32}
# - {name: Bright Gauss, datatype: float64}
# - {name: Core flux, datatype: float32}
# - {name: Core flux Gauss, datatype: float64}
# - {name: Total flux Gauss, datatype: float64}
# - {name: Bright BG, datatype: float32}
# - {name: MAD BG, datatype: float32}
# - {name: Fill fraction, datatype: float64}
# - {name: NaN fraction, datatype: float64}
# - {name: Peak SNR, datatype: float32}
# meta: !!omap
# - __serialized_columns__:
#     Gauss Center:
#       __class__: astropy.coordinates.sky_coordinate.SkyCoord
#       dec: !astropy.table.SerializedColumn
#         __class__: astropy.coordinates.angles.core.Latitude
#         unit: &id001 !astropy.units.Unit {unit: deg}
#         value: !astropy.table.SerializedColumn {name: Gauss Center.dec}
#       frame: icrs
#       ra: !astropy.table.SerializedColumn
#         __class__: astropy.coordinates.angles.core.Longitude
#         unit: *id001
#         value: !astropy.table.SerializedColumn {name: Gauss Center.ra}
#         wrap_angle: &id002 !astropy.coordinates.Angle
#           unit: *id001
#           value: 360.0
#       representation_type: spherical
#     Gauss sigma:
#       __class__: astropy.units.quantity.Quantity
#       unit: &id003 !astropy.units.Unit {unit: arcsec}
#       value: !astropy.table.SerializedColumn {name: Gauss sigma}
#     Peak Center:
#       __class__: astropy.coordinates.sky_coordinate.SkyCoord
#       dec: !astropy.table.SerializedColumn
#         __class__: astropy.coordinates.angles.core.Latitude
#         unit: *id001
#         value: !astropy.table.SerializedColumn {name: Peak Center.dec}
#       frame: icrs
#       ra: !astropy.table.SerializedColumn
#         __class__: astropy.coordinates.angles.core.Longitude
#         unit: *id001
#         value: !astropy.table.SerializedColumn {name: Peak Center.ra}
#         wrap_angle: *id002
#       representation_type: spherical
#     r_eff:
#       __class__: astropy.units.quantity.Quantity
#       unit: *id003
#       value: !astropy.table.SerializedColumn {name: r_eff}
#     r_rms:
#       __class__: astropy.units.quantity.Quantity
#       unit: !astropy.units.Unit {unit: arcsec}
#       value: !astropy.table.SerializedColumn {name: r_rms}
# schema: astropy-2.0
label "Peak Center.ra" "Peak Center.dec" "Gauss Center.ra" "Gauss Center.dec" r_eff r_rms "Gauss sigma" "Bright Peak" "Bright Gauss" "Core flux" "Core flux Gauss" "Total flux Gauss" "Bright BG" "MAD BG" "Fill fraction" "NaN fraction" "Peak SNR"
[from data line 58]
PA085-R138 287.8826402020105 16.860887445134942 287.8826188870579 16.860895863894818 0.10549588727427586 0.1188419932633216 0.11687011626791274 0.6049031 0.3854481145668404 22.00814 23.913741016748837 34.42146565686046 0.21769106 0.04696262 0.2820381341978561 0.0 12.880524
PA033-R138 287.88084838994666 16.86378871361812 287.88084522058347 16.863789455973635 0.039358872509837016 nan 0.035162781348499 0.6896467 0.7208610850423065 3.4925163 5.820536514706407 5.827395605544896 0.04540968 0.0971899 0.03836523402820934 0.0 7.095868
PA036-R139 287.8809781483071 16.863720833982054 287.88098718361334 16.863728394967897 0.07769498907187225 0.10100500653969012 0.05466307140593479 0.91685724 0.9257044702826356 18.093151 17.766997057474658 18.084932909393082 0.05116701 0.13666081 0.15064031295193972 0.0 6.7089987
PA054-R139 287.8819308483791 16.862902091877398 287.8819344062065 16.86290231469635 0.07281121830645176 0.10792555208158568 0.08895588671652734 0.22819245 0.13656352329479843 3.9547982 5.558405692881349 7.065462241225784 0.004552245 0.042262793 0.1322975449889671 0.0 5.3993697
PA209-R141 287.87670192467294 16.857183581038033 287.8767026807122 16.857169688739816 0.09365404691349757 0.10401881008810512 0.05779614697759528 1.0989851 1.222765613233436 31.511667 26.404270475513986 26.705300627652704 -0.0064958334 0.06880653 0.22577500531053918 0.0 15.972105
PA353-R145 287.87812386785896 16.864579769658835 287.87812343280285 16.86457802250326 0.0814016933767509 0.11225473025525934 0.048670046360549134 1.3198817 1.34282556900551 28.590935 20.60760464946469 20.79694784518592 0.040156662 0.055143297 0.1653568034863654 0.0 23.935488
PA074-R145 287.8826585744754 16.861722166059927 287.8826665421079 16.86169589142914 0.07019891867218815 0.11564239799584308 0.06120080536668763 3.1964312 7.9993970068741 51.493534 30.962946789096463 195.89709976566843 0.050349236 0.119043946 0.12297477430969704 0.16030534351145037 26.850851
PA109-R145 287.8826142737648 16.859258321365957 287.882628869414 16.859246731136714 0.07530479726519983 0.11028002714283858 0.08402922431353262 0.51091194 0.3292703301417131 9.471479 12.837931926531834 15.200917040755876 -0.0013747215 0.04089725 0.14260292053222656 0.0 12.492575
PA196-R146 287.8774480675709 16.8566920874879 287.8774447040325 16.85668637514682 0.0693878652840282 0.11147617684402744 0.05265563479774044 1.4157736 1.3431854475664726 22.283703 23.575534817940067 24.34905800401134 -0.0825302 0.04546851 0.12014957602697475 0.0 31.137455
PA062-R147 287.88242463367493 16.862513933819155 287.88242190478127 16.862510273107027 0.10734531227329241 0.1109834026860174 0.09080679620143374 0.46406996 0.3932200384112051 17.481396 18.531626947602994 21.199656728593123 -0.0004838705 0.06052226 0.28755528690250776 0.0 7.667757
PA031-R147 287.8808881927256 16.86410736132077 287.88088644405195 16.86411050513488 0.09942049215076075 0.12286930514375094 0.06816601940541721 0.28247976 0.22627302728526066 9.12779 6.354538852695379 6.874247045522556 -0.076551676 0.032969117 0.24479603044914477 0.0 8.568011
PA357-R148 287.87841983091334 16.864684742660298 287.8784149752027 16.864689085962528 0.07111279473675802 0.10694389620040919 0.05205923401889736 1.2656302 1.111482695375037 20.923235 19.39004274303086 19.694943252139055 0.07704067 0.06331873 0.12524143854777017 0.0 19.988245
PA068-R148 287.88259464210216 16.86213541334143 287.8825969491158 16.86214158990332 0.09394986168666139 0.12148013917212817 0.04998062209173084 0.38897407 0.3736260794505163 11.223787 5.524968043806983 6.1023481056944435 0.043012023 0.078878045 0.22196036118727464 0.0 4.931335
PA156-R149 287.8804000205993 16.856822891365496 287.8804010589169 16.85682200150689 0.07741555397948797 0.11986171381918476 0.06284761373300911 0.57590187 0.5122339540902521 11.283177 12.135601740345816 13.228251055514024 0.0942446 0.04952705 0.1495586861180895 0.0 11.628027
PA097-R151 287.8829646250807 16.860051240641845 287.8829813515482 16.860050560498802 0.08521435016485712 0.11314050146949102 0.08133128568615314 0.6713747 0.5007818402532064 15.93738 18.366888329200574 21.658098664119404 0.1539563 0.062201977 0.18545646965503693 0.0 10.793462
PA002-R153 287.87879845429876 16.86480498278692 287.8787969440217 16.864799265174796 nan 0.10482869614762867 0.03099999999999996 3.7941675 1.958797300951886 -66.27917 4.7179876541 12.30748642108392 0.12861729 0.41770434 -0.13334884352356424 0.16030534351145037 9.083381
PA360-R153 287.8786361959581 16.86486336169724 287.8786369214268 16.864863177791054 0.0647155329845394 0.10951627379099269 0.032806499134357285 1.4030156 1.5355797222879626 19.209057 10.79178230394892 10.805593498944734 -0.02337408 0.18817282 0.1045134668131821 0.03816793893129771 7.455995
PA093-R153 287.8830731999611 16.860404491021985 287.8830839324939 16.860404777032244 0.0807836879354868 0.08550482542876378 0.07017572144927599 0.46988738 0.36049990222885986 10.024613 11.384134871377261 11.607412118594427 0.083606124 0.019819498 0.16285554143308684 0.0 23.70834
PA357-R158 287.8783591503073 16.86495216462322 287.87837123216093 16.864964068268907 0.1115509048910218 0.1284738623234253 0.06705299132565538 0.50385666 0.45216598771971583 20.496498 11.857141713884513 13.292010820145507 0.07054138 0.05522883 0.3178064525127411 0.0 9.123074
PA090-R158 287.8832175553694 16.86061956955463 287.883232024448 16.86061183006552 0.09648405892019667 0.10283972183911638 0.08101506813835603 1.151393 0.9425418859035839 35.03977 37.92629016583363 40.447226119317335 0.25338447 0.08773887 0.23409614562988282 0.0 13.122952
PA347-R159 287.8776031136351 16.864890844540348 287.87760747928667 16.864890729403648 0.07747597015521764 0.12771539677175342 0.044558050365664785 0.78109336 0.7930533272538294 15.327223 10.03782856843966 10.294641618016085 0.025051832 0.03881991 0.14979221256634662 0.0 20.120947
PA074-R159 287.8830724926787 16.861773601432958 287.88310825736977 16.86178649188012 0.12075113876398604 0.1256904466612512 0.12148695426158039 0.52622384 0.3727410429606224 25.083 24.57170575434523 35.968554533433625 0.09239799 0.06535357 0.36110626567493787 0.0 8.051952
PA174-R162 287.87913984160764 16.856124702620807 287.8791405720556 16.85612060429728 0.09658390555179361 0.1135920200245039 0.08004572015857873 0.7053182 0.6276781850738562 21.509045 23.05700520262278 26.294792512538315 0.019938469 0.048179507 0.23102664947509766 0.0 14.639382
PA001-R163 287.8787083899362 16.865123696744284 287.8787094618609 16.865127110266233 0.09890393336664519 0.10827327189427696 0.06318060261986029 0.5673853 0.5473231413730801 18.143944 14.138046258929524 14.284591308660408 0.17314804 0.06216669 0.24410817095341572 0.0 9.126838
PA355-R163 287.87824915480417 16.865107041490564 287.87824423487405 16.86511035731396 0.09770229306578702 0.11411144677252377 0.06049787239781793 1.0982696 1.1464352304605805 34.272434 26.949556298180294 27.43381511490252 0.10176933 0.046821356 0.23640794465036102 0.0 23.456594
PA004-R164 287.8790043669194 16.865139609456342 287.8789998150373 16.865135030073873 0.06317275278625663 0.09787821960969277 0.04144428327330501 0.8230686 0.8569804955491785 10.737968 9.61823300691531 9.624023733216257 0.089959145 0.031174421 0.10035585990318885 0.0 26.40205
PA348-R166 287.8776372226608 16.86506310302523 287.87762974866047 16.86507736153022 0.10416599736740366 0.13044409171841623 0.1114216421849122 0.67849934 0.5146066649218989 24.067327 22.274841649821113 41.77062729472746 0.28188837 0.15158165 0.26670232213529427 0.0 4.4761314
PA076-R166 287.8833257208638 16.86170513855052 287.88333202109726 16.861705875589045 0.07783976486186743 0.12465043920965335 0.05968472705335456 1.0019261 0.9563324040069505 19.845644 19.968206307676596 22.273669765288876 0.10971153 0.069283605 0.1512022382430448 0.0 14.461229
PA042-R168 287.8818728307122 16.864074573573262 287.8815759002639 16.86420849944717 0.0947051533504465 0.13326786796389187 0.340711239657878 0.6964345 159.29129428146612 20.419918 15.146544579850655 120898.64767629889 -0.045175314 0.08217037 0.22554352100078875 0.0 8.475494
PA162-R171 287.8801215837619 16.8560820128263 287.880128056666 16.856079555280214 0.08371092203618374 0.09130379259387304 0.06698734944529265 0.69325745 0.6473436710800521 15.881271 17.491056738761422 18.992274341720787 0.1023134 0.17691737 0.1735468777743253 0.0 3.918538
PA069-R172 287.8832983109286 16.862292179695345 287.8833099900808 16.86229924570445 0.07937311050011166 0.1246052956754316 0.07544541904986281 0.54806864 0.3177169053281794 11.287772 10.456397427588625 11.823949184947672 0.0033730268 0.033828437 0.1584272678081806 0.0 16.201418
PA170-R174 287.8795007758477 16.855848432612337 287.8794983627855 16.855843599103743 0.06297033567479342 0.10211390473906151 0.049105495588335976 0.4577949 0.42533748164578883 5.9342995 6.625352896579639 6.705795930454458 -0.030441284 0.032039165 0.10048674797826959 0.0 14.288603
PA180-R174 287.87861811755886 16.855737585823643 287.878625268296 16.85573652651003 0.0940583879231042 0.12820264846342241 0.1136494554784559 0.7931802 0.5767685046578307 22.94 25.604816134741977 48.707151994367685 0.03387642 0.10729337 0.2207751820105633 0.0 7.3926306
PA356-R175 287.8782586593663 16.865433914735256 287.87824030198533 16.865442140358276 0.10652564338669541 0.11250038616553068 0.08449877970367828 1.2422285 1.1917250054160036 46.08253 49.81017722275448 55.63311876028227 0.22109604 0.17354083 0.28103530768192175 0.0 7.158134
PA189-R176 287.8778710277448 16.855754546214534 287.8778635840412 16.855747667064723 0.08326037232776555 0.10503155490706106 0.06097132926043173 0.7912556 0.8286070373019663 17.931639 19.010257561755374 20.13985895794292 -0.08226073 0.037164688 0.1784429775448296 0.0 21.290522
PA198-R178 287.87699891121355 16.855935531851255 287.87700050635317 16.855926537582853 0.05340704892056656 0.12128511730380738 0.03099999999999996 4.339348 7.781539482588574 40.46207 24.939961662369672 48.89285454423837 0.18188179 0.115691066 0.07519725061232044 0.04032258064516129 37.508064
PA207-R178 287.87627960983036 16.856202296720827 287.8762823205893 16.8561925347523 0.08268445994871786 0.11693542023001166 0.07140813287692517 1.5150622 1.3785272031284044 33.861385 40.81974607187022 45.95864084517075 0.20929539 0.16607213 0.1706094086625194 0.0 9.122917
PA005-R178 287.87911337939914 16.865485483477226 287.8791129473566 16.865486463421075 0.03558992184819934 0.16676047453498416 0.04040924056048647 0.7465166 0.6892616800001266 3.0911496 5.030299944640901 7.358715148516613 0.17242825 0.052978992 0.031852036256056565 0.0 14.090804
PA206-R180 287.8763327252503 16.85606498605303 287.87626464738827 16.85607469076982 0.05042294941176362 0.1668200789568377 0.13983271664692978 0.9279444 0.8472825282764442 7.712673 20.056110881461954 108.31842135238855 0.61632895 0.3737111 0.06202662880740949 0.0 2.4830527
PA209-R181 287.8760546197257 16.856219412802314 287.8760531671564 16.856209028256846 0.08411621511495367 0.11606630528607341 0.06492406474938774 1.2739997 1.3184888689175043 29.468311 32.44419206908712 36.33660541096323 0.29145527 0.10842037 0.17792729597825271 0.0 11.750556
PA071-R183 287.88367407828196 16.86226537323571 287.8836679854825 16.862275286156397 0.07892685782342115 0.10493537999382063 0.06485793800985803 0.48140585 0.32122247636725554 9.803643 8.519036003123878 8.834636416273323 0.081573844 0.03600937 0.15545504329768756 0.0 13.368905
PA078-R183 287.88385626191234 16.861670041272593 287.8838551409295 16.861677039940133 0.07776225626935605 0.13672452723825082 0.07386567380181708 0.5544876 0.37137262221823847 10.961147 9.34823933585371 13.248041884145351 0.12820888 0.117357016 0.14975807883522727 0.0 4.724793
PA006-R185 287.87912152508187 16.865735194086536 287.8791203231733 16.865736492805414 0.07901449277655571 0.141903815164953 0.06278913073910221 1.1480002 1.0359046523475148 23.430523 19.23320643771043 26.70208693765653 0.31244326 0.12752795 0.15580044811918536 0.0 9.00195
PA198-R185 287.876963914278 16.85570228369215 287.87696623500125 16.8556948096794 0.07921350544756643 0.11942608670541834 0.05700765778117169 1.2397693 1.1168444859518663 25.43114 22.644649498282092 23.730974951212474 0.07390559 0.04993391 0.1542315805765023 0.0 24.828205
PA355-R186 287.87815034277224 16.865709363105 287.87813582566764 16.865715482573293 0.08427670177992093 0.13516274758867045 0.09014424384176419 0.5932125 0.5939981165113882 13.773738 18.103690635428272 31.558586914047655 0.47767794 0.18794262 0.17724347296561904 0.0 3.156349
PA090-R187 287.8840529591359 16.86061143864436 287.88406200435185 16.86061404248589 0.08915236510767961 0.10211519460463125 0.07114026815081186 0.3638461 0.2966167856877626 9.4538765 9.459041271565226 9.814839469371739 -0.035086304 0.020961463 0.19834484944816763 0.0 17.357857
PA180-R189 287.87859166094415 16.855358747113154 287.8785884727008 16.855360791600727 0.08601561521333118 0.11608657192655582 0.07700459412019453 0.5639552 0.4526085411899258 13.640355 14.631185005478871 17.547388770052773 0.13574135 0.095552325 0.18605345212496244 0.0 5.902056
PA220-R189 287.8751364207502 16.856599655393634 287.87511397798255 16.85659217995873 0.09723162457428162 0.10586236032379939 0.08731478153565211 0.9856925 0.7320422404823561 30.463726 32.98929535642672 36.489521276545 0.16694164 0.18359983 0.2359229954144427 0.0 5.3687005
PA271-R189 287.8731643058079 16.860646743384837 287.87315671871414 16.860649669435443 0.0742140236996017 0.0968016704633586 0.061452093584361746 0.83834094 0.6465501503081313 15.094513 15.7003574135525 15.963645104988808 -0.09048694 0.04744044 0.1364031849485455 0.0 17.671442
PA204-R191 287.8763954442728 16.855761950979264 287.87638931764053 16.85574710686671 0.07775063701118984 0.12054299387543413 0.05914580119647238 0.9324496 0.8116688294681549 18.427217 17.54749107841208 18.564497020556797 0.10101104 0.06921792 0.15085617822545175 0.015267175572519083 13.471216
PA214-R197 287.8754429284921 16.85604679445573 287.8754461233615 16.856043917766836 0.06926875292153697 0.12849634522293438 0.07117960350654347 0.37454963 0.2437872266378725 5.8750367 6.410774481593203 8.07566986340765 0.0029158592 0.055885077 0.11883032683170203 0.0 6.7021403
PA091-R197 287.88438661880497 16.860525399878103 287.8843876595205 16.860540909677905 0.10804753951684651 0.10790817907688095 0.09233865321252853 0.32354623 0.29271828410831235 12.347885 13.312247582129253 16.318243270817803 0.07877296 0.043605566 0.30777586660077494 0.0 7.419838
PA282-R198 287.8730403671696 16.86173125310432 287.8730354475854 16.86173090633332 0.08420690260287174 0.0895776379519256 0.07534745705555579 1.2213566 1.0266569385344828 28.311596 35.50347557691577 38.10825183957503 -0.047439814 0.1380496 0.176950003354604 0.0 8.84723
PA210-R198 287.87572110509683 16.85586642656287 287.8757268497489 16.855843998342987 0.10005193367407132 0.12037071724038005 0.0829813131499941 1.5222712 1.4247639034606503 49.816074 54.13715204016138 64.14458365563263 0.26325893 0.21397996 0.251729495708759 0.0 7.114083
PA206-R200 287.87614350686175 16.85560884585094 287.8761402024886 16.85560753815687 0.08350389591528073 0.10961897062515247 0.09408817990876146 1.1943889 0.5666968591323568 27.226118 29.110606395467553 32.80027018143976 0.5692568 0.15182829 0.1726895390134869 0.0 7.8667083
PA203-R200 287.8763950432926 16.85549560505971 287.8763715883494 16.855477161500552 0.09068000206261974 0.106153965735653 0.09151283938641643 0.3771248 0.2754680452909631 10.137588 12.301718664196473 15.08314023760257 0.11343241 0.07909012 0.2036458651224772 0.0 4.768292
PA354-R202 287.8780426934435 16.86614056763513 287.87804205686587 16.866144490643308 0.04860687054246788 0.10416109704739082 0.03099999999999996 0.37643665 0.41737755091335704 2.9074597 2.2685073458403706 2.6224604954454045 0.15970165 0.05067557 0.059873148452403935 0.0 7.428365
