m1-67/data/reproject/combo-D-neutral-knot-peak-stats.ecsv
# %ECSV 1.0
# ---
# datatype:
# - {name: label, datatype: string}
# - {name: Peak Center.ra, unit: deg, datatype: float64}
# - {name: Peak Center.dec, unit: deg, datatype: float64}
# - {name: r_eff, unit: arcsec, datatype: float64}
# - {name: r_rms, unit: arcsec, datatype: float64}
# - {name: Bright Peak, datatype: float32}
# - {name: Core flux, datatype: float32}
# - {name: Bright BG, datatype: float32}
# - {name: MAD BG, datatype: float32}
# - {name: Fill fraction, datatype: float64}
# - {name: NaN fraction, datatype: float64}
# meta: !!omap
# - __serialized_columns__:
#     Peak Center:
#       __class__: astropy.coordinates.sky_coordinate.SkyCoord
#       dec: !astropy.table.SerializedColumn
#         __class__: astropy.coordinates.angles.core.Latitude
#         unit: &id001 !astropy.units.Unit {unit: deg}
#         value: !astropy.table.SerializedColumn {name: Peak Center.dec}
#       frame: icrs
#       ra: !astropy.table.SerializedColumn
#         __class__: astropy.coordinates.angles.core.Longitude
#         unit: *id001
#         value: !astropy.table.SerializedColumn {name: Peak Center.ra}
#         wrap_angle: !astropy.coordinates.Angle
#           unit: *id001
#           value: 360.0
#       representation_type: spherical
#     r_eff:
#       __class__: astropy.units.quantity.Quantity
#       unit: !astropy.units.Unit {unit: arcsec}
#       value: !astropy.table.SerializedColumn {name: r_eff}
#     r_rms:
#       __class__: astropy.units.quantity.Quantity
#       unit: !astropy.units.Unit {unit: arcsec}
#       value: !astropy.table.SerializedColumn {name: r_rms}
# schema: astropy-2.0
label "Peak Center.ra" "Peak Center.dec" r_eff r_rms "Bright Peak" "Core flux" "Bright BG" "MAD BG" "Fill fraction" "NaN fraction"
[from data line 106]
PA271-R189 287.8731297716017 16.860645742490103 0.0993573563021503 0.12812219735034258 1.0216539 32.970863 0.2992629 0.1109328 0.24448521931966147 0.0
PA204-R191 287.87638707147397 16.85572885940013 0.09993073478481848 0.13773149100480783 4.398988 143.60759 0.69483495 0.6043427 0.2530666617460029 0.015267175572519083
PA214-R197 287.8754333133661 16.85603023565112 0.0698659835313062 0.154440008434567 0.9024532 14.400671 0.32041025 0.12584925 0.12088825485923073 0.0
PA091-R197 287.88439514389023 16.860542402773312 0.12929127107539456 0.12282283031595255 1.5852041 86.626366 0.5515248 0.110667884 0.4407001618416079 0.0
PA282-R198 287.87299477061634 16.861730738833977 0.1074601631498437 0.12997662882962704 3.998211 150.93404 1.0592604 0.51067936 0.2881709382734226 0.0
PA210-R198 287.8757212425848 16.85581496215384 0.07925522022604559 0.15290930757302093 10.676838 219.24257 2.102291 1.1865904 0.15795700366680437 0.0
PA206-R200 287.8761261410036 16.855582467493424 0.11864617694146411 0.1257947914101259 4.494713 206.84067 3.2650063 1.7609761 0.34862622347745026 0.0
PA203-R200 287.8763780770058 16.855461914859323 0.08707455440694423 0.1248942192951252 1.3861508 34.357338 0.6715889 0.28079033 0.18777383457530628 0.0
PA354-R202 287.87804260930807 16.866199981952715 0.14067788429206654 0.12340373622407007 1.1792477 76.29273 1.0846497 0.22798932 0.5015202012172965 0.0
PA085-R202 287.884476141976 16.861093511609962 0.13164129478201292 0.12486789886734004 7.824397 443.26318 3.8880122 0.7925408 0.4324535631951485 0.0
PA092-R204 287.8845121112291 16.860370177260606 0.08441403275584128 0.1489758680646153 1.9021575 44.31005 0.7670984 0.16987538 0.1778215888802332 0.0
PA194-R204 287.8771968665637 16.85510025556412 0.11268450802972953 0.12302673388216935 3.4415429 142.85916 0.48100716 0.20186841 0.31930929330679086 0.0
PA224-R205 287.8744795482342 16.85651244082781 0.11297044781023992 0.12177388105225195 0.69978493 29.195827 0.46430057 0.05023378 0.3160692561756481 0.0
PA202-R206 287.8764140698698 16.855272470808707 0.11637505873754825 0.13489022342171375 1.295641 57.362885 0.74015 0.20034742 0.343207366706789 0.0
PA077-R212 287.88463813028346 16.86190295141111 0.12648030382672198 0.11984647098527822 6.104474 319.24237 0.9383223 0.25730395 0.39920961219845835 0.0
PA205-R215 287.87605416501316 16.855194966606152 0.05693202252444142 0.1782158764962913 0.694183 7.355525 1.0258585 0.29112387 0.08150727198674129 0.0
PA091-R215 287.8849170205871 16.860499332021476 0.09634613152759819 0.12565716595843493 3.1258469 94.85555 1.449748 0.5843138 0.23342732649583084 0.0
PA212-R215 287.87531635302685 16.85548773380296 nan 0.12315029155204836 0.9109342 -62.977394 2.0106745 0.66315055 -0.5277477584722388 0.0
PA238-R217 287.8732918267766 16.857364913438914 0.10440647983596905 0.1323339664670827 0.056228966 2.0037405 0.13223657 0.035097063 0.2784014046192169 0.0
PA076-R219 287.8848270934292 16.862083779170597 0.09641346329317318 0.14038871820681584 1.8704585 56.83946 1.2701479 0.5556252 0.23196932377706048 0.0
PA077-R219 287.8848180920832 16.86198044610722 0.11059594018261248 0.12659144817999088 3.035068 121.35936 2.6234074 0.49424243 0.30523445770030716 0.0
PA271-R220 287.87223897709964 16.860705994541977 0.11029576253566707 0.13192337062294038 1.2767541 50.775173 0.281694 0.14264923 0.29458482530381946 0.0
PA177-R222 287.8789424076148 16.854419982661728 0.10311444425076446 0.13135431539435663 1.1941552 41.507473 0.31437492 0.17535245 0.2633246797503847 0.0
PA271-R224 287.87214899655527 16.86074904728494 0.12816315278348225 0.12262056303104947 2.463354 132.27559 0.97826576 0.2998023 0.45123823149865416 0.08461538461538462
PA185-R225 287.87815061829735 16.854368315616142 0.07692512400907262 0.1419123205221558 0.08104205 1.5677373 0.13957739 0.035271585 0.14655105995409418 0.0
PA204-R225 287.87590120956025 16.85488496463308 0.07620062466260455 0.14628138829187523 0.974759 18.502943 0.42350733 0.122487545 0.14490129019467884 0.0
PA083-R226 287.8851509955322 16.861360435886457 0.13384578797365962 0.12148686263238849 1.5523546 90.91318 0.7126017 0.15271604 0.45049767127403845 0.0
PA177-R232 287.8790233855307 16.854144426977207 0.10616933276478442 0.13095445923885402 6.5197735 240.24655 0.72228014 0.46374446 0.27915841882879083 0.0
PA230-R234 287.87339982531245 16.85644352732948 0.11877644049680493 0.12755162330641595 2.2780752 105.0643 0.593323 0.17199576 0.3575175677159036 0.0
PA204-R234 287.87582023462636 16.8546352413216 0.06679034134800643 0.1540632708625789 1.4836801 21.636852 0.66186893 0.3115512 0.11132238839418833 0.0
PA238-R234 287.87281495253325 16.857158233856758 0.1187264584861807 0.1305167704601726 0.39713135 18.300194 0.09710023 0.03609702 0.35446891784667967 0.0
PA219-R235 287.87432661042874 16.855496326583072 0.0672720727413753 0.15567102894069834 0.6341592 9.381978 0.40564263 0.18560672 0.11380274846003606 0.0
PA279-R237 287.87183403966185 16.861584314904704 0.11543846227221742 0.11542247235969169 0.29839325 12.999198 0.3183853 0.05618283 0.3325494664315959 0.0
PA220-R249 287.87401169849886 16.85524659753623 0.10273231750293566 0.13417759513907956 2.236719 77.17063 0.61844206 0.21678221 0.26337185342803254 0.0
PA247-R249 287.8719601406613 16.857915985717117 0.10200958608570268 0.12006333382291011 2.270794 77.24781 0.17454517 0.18375945 0.2616767296424279 0.007633587786259542
PA249-R252 287.871807174148 16.85803653626145 0.1050480630713931 0.13490045203928216 4.1376753 149.26535 0.44616485 0.3523698 0.27964874385863314 0.022727272727272728
PA093-R256 287.88607773875805 16.8602323490493 0.12794751994882858 0.11979178978711359 0.76131666 40.74324 0.70630574 0.05317229 0.39063365964123803 0.0
PA167-R257 287.8803910148553 16.85360191995276 0.09509303138135347 0.14355309734959415 6.0446577 178.68808 0.66519094 1.067885 0.22739479358379658 0.0
PA348-R258 287.8771427811369 16.86762942178858 0.12450469399325995 0.1195995859153433 0.4421463 22.40598 0.42282903 0.03412378 0.3810187031451921 0.0
PA086-R259 287.88617674669797 16.861015956566174 0.0874098857979471 0.15185356770429614 1.0526713 26.293015 0.7570132 0.22289205 0.18922288490064215 0.0
PA094-R261 287.886212702191 16.860111788591052 0.11503557064788525 0.13073561013027063 2.4641452 106.59997 0.87518597 0.2031815 0.3252663576513305 0.0
PA348-R264 287.8769988077088 16.867818865131287 0.09432283725653379 0.14029912212559686 1.8353696 53.380634 0.39856815 0.12404883 0.223726199223445 0.0
PA221-R266 287.87357082074504 16.85498825384094 0.09468165044802213 0.1374222199916301 2.6691282 78.221756 0.6624763 0.20833158 0.22201595884380917 0.0
PA249-R267 287.8713572865055 16.85800207642477 0.10444155141632556 0.12400623668921029 0.5378401 19.179016 0.2904904 0.10354686 0.27642887322477594 0.03007518796992481
PA343-R268 287.8762879475244 16.867724136013052 0.10481041100209472 0.13566423161858698 0.84863937 30.476038 0.2695166 0.12690926 0.26601220590096936 0.0
PA084-R268 287.8863837136892 16.861377615574717 0.05663686805374393 0.1407813728479865 9.560773 100.25775 1.836969 0.57687414 0.2279644427092179 0.640625
PA241-R269 287.8718252094707 16.856934314645663 0.06310640038892087 0.08360139014247871 0.07541835 0.98186177 -0.103986144 0.031595856 0.10014515656691331 0.0
PA088-R273 287.8865906445584 16.860860941050607 0.08767332653970482 0.1486446766959736 0.94664335 23.787447 0.81180024 0.216313 0.19329387958233174 0.0
PA194-R274 287.8767649988689 16.85318858544122 0.1324250379900768 0.12625994069505414 0.4110785 23.566303 0.327897 0.105171025 0.43761822649540794 0.0
PA085-R274 287.8865906601201 16.861231218824802 0.12615377760215105 0.11825085558508125 1.3822153 71.91222 1.1149707 0.26877093 0.39715104430686426 0.0
PA244-R275 287.87147428897373 16.857175413863274 0.08706954222954195 0.14115689890046165 0.33356726 8.266895 0.1632483 0.07784629 0.19064071361835186 0.0
PA162-R275 287.8811288117373 16.85331774573582 0.09649415102277455 0.1351601816146017 2.2874928 69.628685 0.77215487 0.30964738 0.2341451204740084 0.0
PA220-R284 287.8733458936443 16.854497414863836 0.07959682695546919 0.1435528747055344 0.60185236 12.46545 0.34433776 0.124380946 0.15690763068921637 0.0
PA224-R286 287.872869009999 16.854833235401593 0.040240712939332485 0.18579173213412198 0.4196784 2.2216437 0.43811566 0.12528515 0.04072062785808857 0.0
PA243-R287 287.87116837404136 16.8569687363461 0.06112707018912461 0.15572830469266402 0.30111623 3.6781363 0.19550395 0.042187244 0.09324431237373643 0.0
PA190-R293 287.8770799181399 16.85257719919138 0.10639462215571271 0.13678527342464725 2.0502372 75.86997 0.29449403 0.112804115 0.2782365612517622 0.0
PA089-R308 287.887598408047 16.860800622022737 0.10576912404697122 0.1249944879723393 0.45403743 16.604889 0.6143782 0.033877045 0.27705779220118665 0.0
PA156-R329 287.88246042762574 16.85221550322848 0.1027178171698812 0.12163252422457718 2.9273741 100.97092 0.5701178 0.21083993 0.2694685459136963 0.0
PA157-R331 287.8823884452193 16.85209494899301 nan 0.1261426555890837 0.53689194 -52.589256 0.8933675 0.4666822 -0.7477197428696029 0.0
PA156-R336 287.8826853629792 16.852112165619708 0.016888608563895475 nan 2.6163106 2.439515 -0.6672858 0.5736444 0.01793126303416032 0.6090225563909775
PA164-R337 287.8814167085033 16.851612742109086 0.1112236065022454 0.1297868078600648 0.8382236 33.898487 0.27761066 0.06389189 0.3087088897938037 0.0
PA158-R351 287.8824604135512 16.851518003246287 0.07577972627799137 0.14947065966937498 2.2658076 42.535896 0.79138565 0.40364516 0.14552675291549327 0.0
