m1-67/data/reproject/combo-E-ionized-knot-fluxes.ecsv
# %ECSV 1.0
# ---
# datatype:
# - {name: label, datatype: string}
# - {name: Center.ra, unit: deg, datatype: float64}
# - {name: Center.dec, unit: deg, datatype: float64}
# - {name: Peak.ra, unit: deg, datatype: float64}
# - {name: Peak.dec, unit: deg, datatype: float64}
# - {name: PA, unit: deg, datatype: float64}
# - {name: Sep, unit: arcsec, datatype: float64}
# - {name: Core Flux, datatype: float32}
# - {name: Halo Flux, datatype: float32}
# - {name: Bright Peak, datatype: float32}
# - {name: Bright BG, datatype: float64}
# - {name: Isolated, datatype: bool}
# meta: !!omap
# - __serialized_columns__:
#     Center:
#       __class__: astropy.coordinates.sky_coordinate.SkyCoord
#       dec: !astropy.table.SerializedColumn
#         __class__: astropy.coordinates.angles.core.Latitude
#         unit: &id001 !astropy.units.Unit {unit: deg}
#         value: !astropy.table.SerializedColumn {name: Center.dec}
#       frame: icrs
#       ra: !astropy.table.SerializedColumn
#         __class__: astropy.coordinates.angles.core.Longitude
#         unit: *id001
#         value: !astropy.table.SerializedColumn {name: Center.ra}
#         wrap_angle: &id002 !astropy.coordinates.Angle
#           unit: *id001
#           value: 360.0
#       representation_type: spherical
#     PA:
#       __class__: astropy.coordinates.angles.core.Angle
#       unit: *id001
#       value: !astropy.table.SerializedColumn {name: PA}
#     Peak:
#       __class__: astropy.coordinates.sky_coordinate.SkyCoord
#       dec: !astropy.table.SerializedColumn
#         __class__: astropy.coordinates.angles.core.Latitude
#         unit: *id001
#         value: !astropy.table.SerializedColumn {name: Peak.dec}
#       frame: icrs
#       ra: !astropy.table.SerializedColumn
#         __class__: astropy.coordinates.angles.core.Longitude
#         unit: *id001
#         value: !astropy.table.SerializedColumn {name: Peak.ra}
#         wrap_angle: *id002
#       representation_type: spherical
#     Sep:
#       __class__: astropy.coordinates.angles.core.Angle
#       unit: !astropy.units.Unit {unit: arcsec}
#       value: !astropy.table.SerializedColumn {name: Sep}
# schema: astropy-2.0
label Center.ra Center.dec Peak.ra Peak.dec PA Sep "Core Flux" "Halo Flux" "Bright Peak" "Bright BG" Isolated
PA296-R030 287.87786482263687 16.860954904690484 287.87786266766204 16.860955814700002 296.28153574111286 2.9841626738870715 932.4072 27198.54 18.460674 8.011114597320557 False
PA067-R032 287.87947420760156 16.86090272521803 287.8794732948441 16.860904147857816 66.86947493936553 3.1549125149909147 86.44204 9446.598 9.092596 7.3100268840789795 False
PA031-R033 287.8791559454414 16.861355659949428 287.87916736693546 16.861351926635756 30.919260644413303 3.3108251070294017 1135.2151 8014.6885 24.7749 7.042070484161377 False
PA072-R035 287.8796178444813 16.860901319043784 287.87961726150047 16.860904147230237 71.97437921876036 3.5235564474513 337.37183 6257.8135 10.0034685 5.930999088287353 False
PA017-R038 287.87895271533347 16.86161827982235 287.8789514168714 16.861618871513173 16.829907671084754 3.803227856282498 413.24634 8144.3433 10.769118 5.4290080070495605 False
PA058-R044 287.8797712910835 16.861263982304532 287.8797702282245 16.861265813119978 57.69177263933969 4.378772881478465 97.526184 5456.5415 5.5437517 3.638455367088318 False
PA338-R045 287.8781294498471 16.86170724016985 287.8781505990473 16.861722204479896 337.92334456075815 4.521866041533656 500.42593 4926.1484 13.723955 3.739826798439026 True
PA050-R049 287.8797256628914 16.861490301564444 287.8797252398371 16.861489702249038 49.97813143674663 4.9470357908001645 408.89172 4885.9097 8.141963 3.485761880874634 False
PA028-R054 287.87936618584513 16.861928502411633 287.87936532375363 16.86192887048452 28.041795442239398 5.4263621184941275 -59.234047 7115.174 4.33673 3.8920987367630007 False
PA262-R064 287.87681495651316 16.86036214440525 287.8768189148594 16.860361641436175 262.4843734024974 6.350637941225752 362.35724 1393.5115 5.9688663 1.0600467085838319 True
PA192-R066 287.8782124244311 16.858863325575175 287.8782135912633 16.85886331573318 191.92627434328423 6.584807134813525 691.51355 1812.7668 7.1011806 1.1991497874259949 True
PA202-R068 287.87790070932135 16.858854075437822 287.8778986676362 16.85885470372299 201.81557485506812 6.759768181790186 766.06104 3587.374 9.330151 1.2906278610229491 True
PA251-R068 287.87675635278623 16.859974961001402 287.8767559335011 16.85997414086945 250.60075274581175 6.821162395568218 478.35577 1794.5398 5.589364 0.9040756940841674 True
PA185-R071 287.87844662295277 16.858654564829994 287.8784475347708 16.85865664942362 185.20291541111195 7.074820455075996 351.81448 3656.59 5.7370157 1.6417928457260131 True
PA177-R075 287.87878112615124 16.85851838719206 287.8787804536075 16.858518871696802 176.82857239170298 7.475119183735325 379.4073 3426.5427 4.8310714 1.553028404712677 True
PA042-R077 287.8801597195932 16.86217296902135 287.8801391507669 16.862187199668238 41.62550224073183 7.663316111213477 293.84543 3275.2227 9.274775 2.232170844078064 True
PA330-R077 287.8775112738115 16.862454440637222 287.8775117398557 16.862454146403252 329.9013966731095 7.674085680330464 656.07074 1639.7329 7.234308 0.8876113295555115 True
PA039-R083 287.8801135284177 16.86238602686182 287.8801121583722 16.862385255417156 39.060066349133635 8.308393048281967 877.24 4152.332 10.47495 2.3097585439682007 False
PA179-R085 287.8786723506899 16.85823424159218 287.87867247993694 16.858234705072935 179.24614909708282 8.519408373717578 446.0492 2051.7014 8.27355 3.713169527053833 False
PA219-R092 287.8769624069952 16.85860176869385 287.87696289673727 16.85860497599482 219.06780010195922 9.199690349976892 550.4884 1451.8989 7.016457 0.8638528704643249 True
PA095-R093 287.88135639507806 16.860331417800378 287.881353851149 16.86033579841648 94.99475790957146 9.321903082673638 421.09973 1632.3013 6.680351 1.694079613685608 False
PA330-R093 287.87728039852925 16.862854271920877 287.877286787264 16.862850256155475 330.1218969791886 9.330486013373456 278.7827 2688.8193 5.5682116 1.5669142484664917 False
PA356-R098 287.8784290659828 16.863305062072428 287.87842953384103 16.8633066494028 356.0208232478922 9.782912671341565 732.6004 3883.7417 7.7898026 0.9547693729400635 True
PA253-R098 287.8759266876997 16.859785921481045 287.87592813202355 16.85978468718778 252.61919285610367 9.793772318367127 199.93896 1061.3359 3.1477666 0.9088156461715698 True
PA005-R101 287.8788974678772 16.86339487874511 287.8788974315352 16.86339276047292 5.0073121388263475 10.115936365100394 409.76065 2638.7017 5.148692 0.5839505076408387 True
PA357-R101 287.87849197836533 16.86337448494507 287.8784925199979 16.863375538347825 357.4631799779348 10.116243243106208 583.3534 4584.009 6.9799194 1.2429483532905579 False
PA096-R102 287.88155799260034 16.860274831625237 287.8815608016654 16.860275517819662 95.87924919564686 10.178391233994837 657.2931 3892.0718 9.565637 2.6354159832000734 True
PA207-R102 287.87727801718216 16.85809432865134 287.8772778236433 16.858096922766823 207.252693260486 10.213385398548805 464.87134 2490.1848 6.3508625 1.4543236374855042 True
PA203-R102 287.8774924414145 16.857981703907818 287.8774937711031 16.857984979640303 202.72686654996232 10.244036846699961 586.8646 2921.2014 7.189762 1.4465367078781128 True
PA359-R104 287.8786003886946 16.86345411279477 287.8786004963833 16.863453038399427 359.28660736819756 10.367132616032288 557.25775 5389.1807 6.646932 1.4139841556549073 False
PA290-R104 287.87580993626744 16.861592234190404 287.87581113269664 16.86159301894579 289.9597897996694 10.371434598825056 164.45541 550.42664 2.686316 0.4288609981536865 True
PA193-R105 287.87797066287754 16.857732217087516 287.87797065417993 16.85773525952835 192.7757138783096 10.535492309816057 627.8812 2805.6582 7.696542 1.1435036420822144 True
PA043-R107 287.88075198037393 16.86276646566677 287.88075101963426 16.8627641387768 42.69704250086977 10.707356881564325 678.6669 2904.1904 10.606569 3.384128522872925 True
PA062-R108 287.88140787326 16.86196318569741 287.8814078622636 16.861963297698914 62.40598436334054 10.803883288615872 243.72348 2247.3076 3.2208962 0.9117280304431915 False
PA227-R110 287.8763220568988 16.858517145694645 287.8763240535272 16.85851885868839 226.87355102948678 10.957440029214718 375.11945 2563.284 5.5075727 1.228619956970215 False
PA203-R110 287.8773673582499 16.857769472746202 287.8773678036789 16.85776970112189 203.12007181342457 11.007756179808554 547.2707 3639.8152 8.783985 3.098195219039917 False
PA044-R110 287.88084102618546 16.862832455862538 287.88084100047973 16.862833026727984 44.14564066395699 11.04749837554651 739.93286 4049.096 10.356818 3.663753533363342 False
PA039-R111 287.880698075391 16.862979891540054 287.8806970339432 16.8629794170978 38.65461531621216 11.114203809022609 1277.7312 6330.4014 13.499509 2.6095734596252442 False
PA197-R112 287.8776989652099 16.857631033102493 287.8777007217404 16.857631925136463 196.689168799342 11.161835629378425 282.52673 3579.0928 6.0333667 2.749486207962036 True
PA084-R112 287.8818677822783 16.860931140587148 287.8818667409432 16.860929957715634 83.6130351782113 11.177524015082085 701.8931 2281.1233 7.4835014 0.9319968819618225 True
PA170-R113 287.87923256736246 16.85751973052355 287.8792303406421 16.85751998202567 169.57252129628102 11.295210816019617 387.00125 2214.7957 5.5841975 1.703606164455414 True
PA188-R114 287.87815784087303 16.857432574954156 287.87815960802374 16.85743387117149 187.95016246963368 11.426491994316251 734.7051 4596.586 9.69935 2.6212241411209107 False
PA113-R116 287.88171452501 16.859316006403713 287.8817137502157 16.859319682270876 113.30027352889753 11.560079928382175 376.43347 1522.3516 6.290807 1.8227272987365724 False
PA083-R117 287.88200201686857 16.860946268515395 287.88200171000733 16.860947177787374 83.16303931275354 11.654695003981551 583.1188 4823.649 5.7706623 1.1403449535369874 False
PA183-R119 287.8784741617406 16.857277274884947 287.8784745294439 16.857278871672953 182.64373160610052 11.886321907780335 781.0249 4711.811 8.256942 1.4060491919517517 True
PA205-R119 287.87719505233497 16.857552688506086 287.8771968477586 16.857554422215912 204.56392396493075 11.923778194336005 276.92792 1962.7396 7.638013 4.623228073120117 False
PA055-R120 287.88146270770454 16.862584323721077 287.8814618592986 16.862583296968033 54.69872425735836 12.015383889211755 399.68405 2732.8403 4.874408 1.1905495047569274 False
PA090-R121 287.88219155692025 16.860549879854922 287.88219065885806 16.860551063518123 90.41960329625103 12.093260660970929 349.39215 1654.2446 7.4068894 3.9475236892700196 False
PA209-R122 287.8769124874467 16.857639994358482 287.87690891875684 16.857640531105574 209.11767316527326 12.151300191368758 660.1258 5803.5947 9.248744 1.905948305130005 False
PA167-R122 287.87939197020205 16.85726789103062 287.8793922992448 16.85727025928192 167.31028302472725 12.155578123781261 939.9611 3319.7393 12.050314 3.5158699989318847 False
PA092-R123 287.8822093464446 16.860509033398415 287.88220865384494 16.86050800765279 91.89386166142998 12.302070271695632 357.8269 1636.716 7.4068894 3.943382501602173 False
PA034-R126 287.88065189558966 16.863504433148243 287.8806520494446 16.863504695316454 33.80636265734553 12.562377904588997 765.12134 5267.9 10.567872 3.0002777576446533 True
PA050-R126 287.88141721976785 16.862859126206722 287.88141687335855 16.862858853131904 49.56704135346802 12.579288239376472 338.95007 2985.604 6.0429707 2.9336206197738646 False
PA180-R130 287.8786455005756 16.856959391675645 287.87864548657 16.856960260633826 179.65278141202975 13.047910576140387 947.8636 4656.6694 13.663038 4.84964656829834 False
PA167-R131 287.87949099322714 16.857062309220478 287.87949127349395 16.85706359223426 166.5517940651275 13.092657659199855 937.3169 5726.26 13.295555 4.734861564636231 False
PA174-R133 287.87905965486624 16.856908652206833 287.8790593819594 16.85690859355248 173.51988201380723 13.318761877650125 481.86133 5605.546 8.007624 3.1885441303253175 False
PA060-R134 287.8820013189383 16.86248867401382 287.88200173737204 16.862488566672944 59.54811629721563 13.356809945837046 719.2183 2966.5254 9.100022 2.5263734817504884 False
PA090-R137 287.8825854490548 16.86054082429898 287.88258656624254 16.86054244522766 90.37148626651197 13.655069079842528 69.44546 2440.463 6.0127015 4.474799633026123 False
PA085-R138 287.88261346980363 16.86089530245767 287.8826135673493 16.860895500265215 85.4203587455898 13.757538002330357 219.03601 1618.9285 6.960888 4.410506725311279 False
PA033-R138 287.88090661063256 16.863786982707783 287.88090399795357 16.86378885937879 33.41051222448549 13.809421841269197 613.06885 4201.962 10.43925 3.961283731460571 False
PA036-R139 287.8809842752893 16.863738363029483 287.880984979794 16.86373719181021 35.80539579467498 13.89057484457009 711.8261 3788.1252 10.9403515 4.284080505371094 False
PA054-R139 287.88186589436447 16.862858306092253 287.8818667738103 16.86285884660033 54.130759713821845 13.923710067249017 386.6606 2979.9023 6.019179 2.6581520080566405 False
PA209-R141 287.8767013621415 16.85716471692404 287.87670197512995 16.857166918151712 208.5545148928927 14.103100349390585 294.8803 3175.601 6.912436 3.2457207679748534 False
PA353-R145 287.878122123729 16.864593710078736 287.8781235972663 16.864589704407027 352.939665855005 14.469046238460129 494.9562 764.92487 5.6791058 0.724186772108078 True
PA074-R145 287.882704880896 16.86173411913872 287.8826945662951 16.861722165356998 73.77528454134325 14.49317834167031 217.96797 2298.901 3.9866905 1.1285823345184327 True
PA109-R145 287.88261339739654 16.859241217946572 287.88261353264676 16.85924216693611 109.45504622280768 14.51218874991077 274.00455 1969.7559 5.521194 2.9397785663604736 False
PA196-R146 287.8774467827381 16.85668486166897 287.8774487904484 16.85668470161124 196.22234888710852 14.63432749622834 141.39218 1556.7307 4.05923 1.47620187997818 True
PA062-R147 287.8824075265102 16.862507110870077 287.8824066473278 16.862505781913562 62.1214087821436 14.66308539938589 317.82776 2957.6597 6.280598 3.071184253692627 False
PA031-R147 287.880895781399 16.864045635736996 287.8808950029742 16.864047192809334 31.45004973402716 14.689298247893328 317.91595 4029.7456 7.1348095 3.786892867088318 False
PA357-R148 287.87842150673424 16.864684418336385 287.8784205341712 16.864684427166083 357.1338782920824 14.753784965895571 1029.5581 2931.7256 10.577737 0.7568475425243377 True
PA068-R148 287.8826599162924 16.862206246563947 287.882658584712 16.862204388280695 67.69819306812978 14.789679176532534 443.16937 2432.6309 7.6445594 3.120639276504517 False
PA156-R149 287.8804001336284 16.856812200195055 287.88040004223245 16.856813864290046 155.77451414381082 14.869046331318039 186.5205 2455.6978 4.492327 2.5777650594711305 False
PA097-R151 287.88300252923796 16.86006031081156 287.88300045847706 16.860060214689227 97.37451753929106 15.110538931828286 282.31372 1500.9612 5.1965947 2.409250593185425 False
PA002-R153 287.8788010535599 16.864847789888742 287.87878945621674 16.864830816126595 2.1181482259414346 15.266760452082998 511.806 4083.135 9.429569 1.077787482738495 False
PA360-R153 287.878616779492 16.864873670042673 287.8786184922551 16.86487387173036 359.62449822700506 15.314657912783273 1125.8755 6250.585 11.031061 1.6533297419548034 False
PA093-R153 287.8831173473198 16.860439674536106 287.88311743982507 16.86043910107597 92.81866801623983 15.3227473785155 375.5041 2938.2854 6.103288 2.9685720443725585 False
PA357-R158 287.8783769483174 16.864977725823746 287.8783755432734 16.864977204888337 356.7918781067209 15.773048466137206 258.05365 4225.4062 6.5477242 3.8185310840606688 False
PA090-R158 287.8832254217614 16.860575849462073 287.8832254178889 16.860576876485823 89.90038943961278 15.825309446908959 489.1663 2220.7715 8.150877 3.6005059242248536 False
PA347-R159 287.8776130541874 16.86490081317834 287.8776107043573 16.86489970247099 347.23241870930246 15.881003000556705 557.4417 3095.0571 5.4798136 0.5452047228813172 True
PA074-R159 287.8831002184483 16.861774852059803 287.8830994754833 16.861773823683087 74.47115232219531 15.88392729964669 403.93903 2459.7505 5.6896324 1.9022138714790344 False
PA174-R162 287.8791402498368 16.85611446624437 287.8791403594184 16.856116371156133 173.7600671732906 16.2066860316981 325.24847 3002.5579 6.312704 2.839819884300232 True
PA001-R163 287.8787093449445 16.865122650933767 287.878708473388 16.865123593943277 0.8698648579361684 16.271204218608734 510.88977 6297.9707 8.9697485 4.041863441467285 False
PA355-R163 287.8782480442563 16.865108748570364 287.87824956946446 16.86510637135099 355.2658866141879 16.295925132835396 517.1939 4526.348 9.699075 3.463077974319458 False
PA004-R164 287.8790050340504 16.865132942751554 287.8790054112606 16.865132204750072 4.409480231911589 16.375801803428427 434.36847 4728.334 7.571311 3.0100552558898928 False
PA348-R166 287.87763679043746 16.865064563910778 287.8776376978037 16.86506331371472 348.02635079617806 16.578023863007996 766.1483 3520.676 9.4971695 1.7316643476486206 False
PA076-R166 287.8833336828321 16.86170546038893 287.8833334206664 16.86170492961348 75.91849971694795 16.644017911931392 205.21988 1838.282 4.973725 2.4442046165466307 False
PA042-R168 287.8819113941049 16.864028984621264 287.88191178408954 16.86402995699952 42.41286944294083 16.75654606880907 377.35422 2622.858 6.4387326 1.9254587292671204 False
PA162-R171 287.88013037870456 16.856064942014832 287.8801301047091 16.856064699745144 162.3248335902421 17.073643954105012 148.67773 2541.2441 7.5929117 4.8999748706817625 False
PA069-R172 287.8833080670765 16.86229209855893 287.8833064412409 16.862290485778086 69.0059169003032 17.197900389824706 81.12589 1596.4016 3.6688101 2.552084517478943 False
PA170-R174 287.8794997206952 16.8558233011442 287.87950026562066 16.855823592203958 170.1243093230256 17.351780019240017 45.766304 3133.0415 2.977513 2.2518452167510987 True
PA180-R174 287.8786266565878 16.85574530366348 287.87862749122894 16.855746093973128 180.01378891487656 17.412671492984114 235.1001 2126.2524 5.535942 2.7818125247955323 True
