m1-67/data/reproject/combo-DD-neutral-knot-peak-stats.ecsv
# %ECSV 1.0
# ---
# datatype:
# - {name: label, datatype: string}
# - {name: Peak Center.ra, unit: deg, datatype: float64}
# - {name: Peak Center.dec, unit: deg, datatype: float64}
# - {name: r_eff, unit: arcsec, datatype: float64}
# - {name: r_rms, unit: arcsec, datatype: float64}
# - {name: Bright Peak, datatype: float32}
# - {name: Core flux, datatype: float32}
# - {name: Bright BG, datatype: float32}
# - {name: MAD BG, datatype: float32}
# - {name: Fill fraction, datatype: float64}
# - {name: NaN fraction, datatype: float64}
# meta: !!omap
# - __serialized_columns__:
#     Peak Center:
#       __class__: astropy.coordinates.sky_coordinate.SkyCoord
#       dec: !astropy.table.SerializedColumn
#         __class__: astropy.coordinates.angles.core.Latitude
#         unit: &id001 !astropy.units.Unit {unit: deg}
#         value: !astropy.table.SerializedColumn {name: Peak Center.dec}
#       frame: icrs
#       ra: !astropy.table.SerializedColumn
#         __class__: astropy.coordinates.angles.core.Longitude
#         unit: *id001
#         value: !astropy.table.SerializedColumn {name: Peak Center.ra}
#         wrap_angle: !astropy.coordinates.Angle
#           unit: *id001
#           value: 360.0
#       representation_type: spherical
#     r_eff:
#       __class__: astropy.units.quantity.Quantity
#       unit: !astropy.units.Unit {unit: arcsec}
#       value: !astropy.table.SerializedColumn {name: r_eff}
#     r_rms:
#       __class__: astropy.units.quantity.Quantity
#       unit: !astropy.units.Unit {unit: arcsec}
#       value: !astropy.table.SerializedColumn {name: r_rms}
# schema: astropy-2.0
label "Peak Center.ra" "Peak Center.dec" r_eff r_rms "Bright Peak" "Core flux" "Bright BG" "MAD BG" "Fill fraction" "NaN fraction"
[from data line 104]
PA180-R189 287.8785915006575 16.855358593969875 0.09529584723917547 0.12219256772006966 0.5948795 17.660519 0.10481703 0.09632146 0.22836581010084886 0.0
PA220-R189 287.8751363792442 16.856598564147106 0.10467453398891552 0.11310980428077824 1.0365679 37.128407 0.11606622 0.2290535 0.27342439607809516 0.0
PA271-R189 287.8731657632163 16.860645743448714 0.07766668063753263 0.10226679301241723 0.8511406 16.784071 -0.103286624 0.05108136 0.1493901772932573 0.0
PA204-R191 287.8763960687338 16.85576330394251 0.0712231835997128 0.11562939144460802 0.90676355 15.037073 0.12669706 0.07035899 0.12855220765106437 0.015267175572519083
PA214-R197 287.8754423107583 16.856047458012984 0.06872252469773488 0.12823790675485663 0.37375784 5.7705207 0.0037076473 0.059072316 0.11696361050461278 0.0
PA091-R197 287.8843861454685 16.86052518080162 0.11446515416535102 0.11311960008357912 0.34215462 14.655327 0.06016457 0.041910887 0.34542311391522806 0.0
PA282-R198 287.87303976039277 16.861730740060768 0.09323665497075272 0.1035023946735334 1.283721 36.481316 -0.109804094 0.13861072 0.2169344661800006 0.0
PA210-R198 287.8757212417857 16.855866628820092 0.10403606474565605 0.1225959820450214 1.5650373 55.375668 0.22049284 0.18545055 0.2721767132098858 0.0
PA206-R200 287.87614413598726 16.855608301045326 0.0956126107616717 0.11982997539590372 1.2773199 38.17302 0.48632574 0.1552279 0.2264033808852687 0.0
PA203-R200 287.87639607191 16.8554963595003 0.09225139776603436 0.1079193056099581 0.38052654 10.58662 0.11003065 0.07840872 0.21076498609600644 0.0
PA354-R202 287.8780426095003 16.866139704175495 0.06934391048720022 0.1251471000007826 0.40300786 6.3351464 0.13313043 0.059920073 0.12185782794804537 0.0
PA085-R202 287.88445814586134 16.86108490100646 0.09452487064185477 0.13813747252136677 1.0887411 31.801182 0.43514228 0.0942471 0.22297048204727754 0.0
PA092-R204 287.8845481027912 16.860370176234543 0.1008356462911207 0.12412486869505912 0.35975218 11.957987 0.16734958 0.07415104 0.25373674349020453 0.0
PA194-R204 287.8772058640723 16.85511747784912 0.08068517609092107 0.09918781745889686 1.2982751 27.62999 0.019762874 0.03994316 0.1637082760150616 0.0
PA224-R205 287.87448854575183 16.85652105212023 0.06801044362616154 0.09454188866599372 0.6196511 9.369683 -0.08319092 0.03730941 0.11455228834441214 0.0
PA202-R206 287.87637807865826 16.855324137082793 0.08095859419208262 0.10923405090342701 0.59677315 12.786795 0.18213463 0.09367657 0.1660973452782446 0.0
PA077-R212 287.88462013408434 16.861894340821756 0.10368394998092714 0.11622323735844932 0.7096853 24.941086 0.19557118 0.1280036 0.2682737976540136 0.0
PA205-R215 287.8759911815032 16.855194965806092 0.06594758277634623 0.09203517319637713 0.5260337 7.4789014 0.10801715 0.04478681 0.10936563931978666 0.0
PA091-R215 287.88489902450897 16.8604907214564 0.06789934713460116 0.06615577530857958 0.50596404 7.625658 0.14964318 0.084659755 0.11593493681687575 0.0
PA212-R215 287.8753253502314 16.855513567280937 0.07551678597673517 0.1376906701292259 0.79285 14.781024 0.0833509 0.06764865 0.14231221730472476 0.0
PA238-R217 287.873363806832 16.85743380418138 nan 0.15228344628512536 0.092350155 -0.9856375 -0.1003041 0.032507405 -0.08338148146867752 0.0
PA076-R219 287.8848090977658 16.862092390819846 0.06810547783242371 0.15054301501927483 0.58518267 8.873236 0.3515048 0.17483604 0.11574954112977472 0.0
PA077-R219 287.8847910981818 16.86198044691274 0.11068313635913972 0.13732147553398344 0.5616193 22.492172 0.43547583 0.1198473 0.3057159540307431 0.0
PA271-R220 287.87227496872555 16.860705995655923 0.07600411702562926 0.09719606800087684 0.80740005 15.247179 -0.007800162 0.039878488 0.13988364890769675 0.0
PA177-R222 287.8789244124253 16.854437204908816 0.056693704326342895 0.11451794324650869 1.5924275 16.732307 0.0568583 0.045115948 0.07960167798128995 0.0
PA271-R224 287.8721759905755 16.8607404370217 0.057463612112733244 0.11735850997252757 2.1038842 22.71089 0.07537377 0.05284667 0.09071213057061203 0.08461538461538462
PA185-R225 287.87808763513885 16.85434248212254 nan 0.1418992781320769 0.1061998 -0.2766664 -0.0969283 0.025179267 -0.01973598472999804 0.0
PA204-R225 287.87591020669146 16.85491940919655 0.04512151087286372 0.11752536892872881 0.5528357 3.6795087 0.008606434 0.041577518 0.05080687180730223 0.0
PA083-R226 287.88513299965695 16.861360436452866 0.10481554895630661 0.11867173848803193 0.51608753 18.53537 0.12387848 0.045336068 0.2762705289400541 0.0
PA177-R232 287.8790143879532 16.854153038104478 0.08554054655959438 0.11719668795384455 0.9644469 23.070066 0.14161694 0.11564046 0.1812160231850364 0.0
PA230-R234 287.87343581565244 16.85646075046286 0.10475245658473759 0.10830101719747053 0.53031814 19.023542 0.017748594 0.04289037 0.27807708858519564 0.0
PA204-R234 287.87582923211573 16.85464385255553 0.09386801872256574 0.13133899291334367 0.54330707 15.64974 0.1019299 0.059770226 0.21988241181118798 0.0
PA238-R234 287.87285094321993 16.857166845981098 0.02858912549967409 0.04188812808048824 0.24197614 0.64654803 -0.05248201 0.03451243 0.020553456819974458 0.0
PA219-R235 287.8743356074984 16.855522160104144 0.07716404859027455 0.1143243565183774 0.59039557 11.4921055 -0.06016314 0.040839434 0.14973148932823768 0.0
PA279-R237 287.87180704644 16.86156709179004 0.07306961779567465 0.10934837845401042 0.18873751 3.2942638 -0.06926465 0.023867488 0.13323823186277434 0.0
PA220-R249 287.8740566861053 16.855272431873995 0.0846744706331654 0.09385921280686302 0.50291634 11.787649 0.013055086 0.059230566 0.17892052745091097 0.0
PA247-R249 287.8719241486481 16.857941817881557 0.05663620874798427 0.10708493842885412 1.010517 10.596403 -0.008815169 0.1402325 0.08066246326153095 0.007633587786259542
PA249-R252 287.8718611611335 16.858027926931644 0.07119932082678028 0.1030589101760709 2.0039177 33.209175 -0.036730528 0.12094712 0.1284660812496215 0.022727272727272728
PA093-R256 287.886050744769 16.860223738908427 0.0642282530180188 0.09172824300532778 0.24856693 3.3521392 0.23267156 0.06436682 0.09843694728656407 0.0
PA167-R257 287.88040001338277 16.853705253208272 0.08458834718995478 0.11965633638177446 1.0848074 25.374659 0.36941695 0.17047411 0.17993026146521934 0.0
PA348-R258 287.8771427813423 16.86760358845564 0.10898376899263167 0.12757849813902497 0.20009989 7.76957 0.0272879 0.0284819 0.29194328480197074 0.0
PA086-R259 287.8861497529344 16.86101595754933 0.09497822692410882 0.152167784432201 0.20171046 5.948439 0.21012473 0.055214167 0.22340900247747247 0.0
PA094-R261 287.88617671033535 16.860103178796304 0.08992971807131027 0.12938434411938035 0.46580344 12.315035 0.27354127 0.03201115 0.19878394621655457 0.0
PA348-R264 287.8769988078588 16.867801642909345 0.03035939850212831 0.1527693499985451 1.5147852 4.5641913 0.08722174 0.064475775 0.023177653092604417 0.0
PA221-R266 287.8735888153229 16.855014087615423 0.026575557217671197 nan 0.66100264 1.5261402 -0.16721296 0.25091904 0.017491107637232 0.0
PA249-R267 287.8713662826254 16.858045132297345 0.04952583828263494 0.12422453467901186 2.2878335 18.344868 0.018252134 0.043214917 0.0621584884880125 0.03007518796992481
PA343-R268 287.876296945979 16.867706913893734 0.06765188353472733 0.13973231718941603 0.34186274 5.1149106 0.13486975 0.073263526 0.11082876699942129 0.0
PA084-R268 287.88633872154423 16.86131733947927 0.031160226827837652 0.14000396144397212 2.6669176 8.465201 -0.1290977 0.30827355 0.07053670883178711 0.6484375
PA241-R269 287.87184320368533 16.856968759683415 nan 0.15425747268383658 0.103084326 -1.3287171 -0.032614112 0.030115068 -0.09915087039654072 0.0
PA088-R273 287.8865186619652 16.860878166030883 0.0929513697118632 0.1351126651747586 0.26243305 7.4123616 0.14291596 0.052310348 0.21726747659536508 0.0
PA194-R274 287.8767739962472 16.853205807744867 0.1146932603288541 0.1284173437599073 0.32203567 13.848612 -0.010319829 0.037448645 0.32826984201678794 0.0
PA085-R274 287.8865726642572 16.861231219516725 0.11063066341095432 0.121510695960681 0.4087082 16.352753 0.21356857 0.060782433 0.3054261535178614 0.0
PA244-R275 287.8715012812128 16.857201248132167 0.06961207595517925 0.10530830007088782 0.5685452 9.006596 -0.04196608 0.032996178 0.12185751108022837 0.0
PA162-R275 287.88111981452045 16.853343579176716 0.10443164629925172 0.11690066970014905 0.4136812 14.748795 0.12527591 0.058267772 0.27425047067495495 0.0
PA220-R284 287.87337288647734 16.85449741555487 0.05451336137895408 0.10432952250941313 0.3799489 3.6911154 -0.003531754 0.03454286 0.07359672315192944 0.0
PA224-R286 287.8728780071006 16.854850457875074 0.06682311125229197 0.145537554658538 0.85453755 12.474152 -0.010792315 0.04617089 0.11228881982656626 0.0
PA243-R287 287.8712223577079 16.8570376271823 0.07166979177274432 0.1437223540301614 0.2704798 4.5418587 0.0023423433 0.026704818 0.1281821272755397 0.0
PA190-R293 287.877079917926 16.852603032524204 0.06938628866676783 0.10795781364598668 0.7233685 11.38501 0.052800536 0.056402802 0.11833743762252923 0.0
PA089-R308 287.8875804122252 16.860800622802504 0.06623017544153285 0.11706972020280298 0.35695928 5.118668 0.028795063 0.018662542 0.10863364826549184 0.0
PA156-R329 287.8824424324479 16.85220689244923 0.08963384958520289 0.13134731867780333 0.52934253 13.902964 0.4358517 0.1911534 0.20519208908081055 0.0
PA157-R331 287.8824424317561 16.852172448005607 0.10470197091687108 0.1425135993766089 0.6382029 22.871517 0.41198492 0.11990762 0.2735677529837339 0.0
PA156-R336 287.88264937189484 16.85206049965522 0.06292546089823431 0.1427723940439078 5.590393 72.363846 2.2879705 1.2646371 0.24892926216125488 0.6090225563909775
PA164-R337 287.88141670875575 16.85162996433087 nan 0.5197791957585319 0.26511157 -0.14940643 0.16723979 0.039649487 -0.004301989351520101 0.0
PA158-R351 287.88245141625526 16.851526614523177 0.04409312672391038 0.1641457481906204 0.7105039 4.5158005 0.3929078 0.15624642 0.04926954683407333 0.0
