m1-67/data/reproject/combo-E-ionized-knot-peak-stats.ecsv
# %ECSV 1.0
# ---
# datatype:
# - {name: label, datatype: string}
# - {name: Peak Center.ra, unit: deg, datatype: float64}
# - {name: Peak Center.dec, unit: deg, datatype: float64}
# - {name: Gauss Center.ra, unit: deg, datatype: float64}
# - {name: Gauss Center.dec, unit: deg, datatype: float64}
# - {name: r_eff, unit: arcsec, datatype: float64}
# - {name: r_rms, unit: arcsec, datatype: float64}
# - {name: Gauss sigma, unit: arcsec, datatype: float64}
# - {name: Bright Peak, datatype: float32}
# - {name: Bright Gauss, datatype: float64}
# - {name: Core flux, datatype: float32}
# - {name: Bright BG, datatype: float32}
# - {name: MAD BG, datatype: float32}
# - {name: Fill fraction, datatype: float64}
# - {name: NaN fraction, datatype: float64}
# - {name: Peak SNR, datatype: float32}
# meta: !!omap
# - __serialized_columns__:
#     Gauss Center:
#       __class__: astropy.coordinates.sky_coordinate.SkyCoord
#       dec: !astropy.table.SerializedColumn
#         __class__: astropy.coordinates.angles.core.Latitude
#         unit: &id001 !astropy.units.Unit {unit: deg}
#         value: !astropy.table.SerializedColumn {name: Gauss Center.dec}
#       frame: icrs
#       ra: !astropy.table.SerializedColumn
#         __class__: astropy.coordinates.angles.core.Longitude
#         unit: *id001
#         value: !astropy.table.SerializedColumn {name: Gauss Center.ra}
#         wrap_angle: &id002 !astropy.coordinates.Angle
#           unit: *id001
#           value: 360.0
#       representation_type: spherical
#     Gauss sigma:
#       __class__: astropy.units.quantity.Quantity
#       unit: &id003 !astropy.units.Unit {unit: arcsec}
#       value: !astropy.table.SerializedColumn {name: Gauss sigma}
#     Peak Center:
#       __class__: astropy.coordinates.sky_coordinate.SkyCoord
#       dec: !astropy.table.SerializedColumn
#         __class__: astropy.coordinates.angles.core.Latitude
#         unit: *id001
#         value: !astropy.table.SerializedColumn {name: Peak Center.dec}
#       frame: icrs
#       ra: !astropy.table.SerializedColumn
#         __class__: astropy.coordinates.angles.core.Longitude
#         unit: *id001
#         value: !astropy.table.SerializedColumn {name: Peak Center.ra}
#         wrap_angle: *id002
#       representation_type: spherical
#     r_eff:
#       __class__: astropy.units.quantity.Quantity
#       unit: *id003
#       value: !astropy.table.SerializedColumn {name: r_eff}
#     r_rms:
#       __class__: astropy.units.quantity.Quantity
#       unit: !astropy.units.Unit {unit: arcsec}
#       value: !astropy.table.SerializedColumn {name: r_rms}
# schema: astropy-2.0
label "Peak Center.ra" "Peak Center.dec" "Gauss Center.ra" "Gauss Center.dec" r_eff r_rms "Gauss sigma" "Bright Peak" "Bright Gauss" "Core flux" "Bright BG" "MAD BG" "Fill fraction" "NaN fraction" "Peak SNR"
[from data line 136]
PA238-R234 287.8728419779395 16.85716687325011 287.8728357982391 16.857163090090552 0.08961353188528724 0.13666530365785573 0.08920620221630302 0.3422612 0.2579731381456676 8.985274 1.1391634 0.061217546 0.1293235553309248 0.0 5.5909004
PA219-R235 287.8743444389799 16.855513606883896 287.8743316496049 16.85551604702511 0.1084675080447678 0.13127252857369281 0.09257989245695908 1.2979574 1.1916117602438387 49.92134 2.4739637 0.17398381 0.18946533954789485 0.0 7.4602194
PA279-R237 287.87190626381016 16.861618796284695 287.8719263320472 16.861625573104877 0.14644410653695691 0.1572048189963365 0.21756867255844387 0.46332216 0.45768691215034996 32.48279 1.3541846 0.13735408 0.34366880678663064 0.0 3.3731956
PA220-R249 287.8740297434725 16.855272471387654 287.8740201161443 16.855271013843662 0.10706224017268509 0.09949276819262601 0.10315024662871955 0.9658258 0.8990039568706881 36.19078 3.4673755 0.41255093 0.1836830026963178 0.0 2.341107
PA247-R249 287.8719781459475 16.85792472260423 287.87197222680476 16.857929163580746 0.1304090671379715 0.13209316547041045 0.09085121035077905 1.9045253 1.8878960048789863 105.88363 2.3050103 0.38315105 0.27387098490898243 0.034482758620689655 4.9706903
PA249-R252 287.87180718965203 16.858002048105053 287.87182093831103 16.858014166308415 0.11454580397948429 0.14897968289478275 0.11402758763436527 2.671042 1.9026679519969816 114.56859 2.9964175 0.20799017 0.21025904487161076 0.0392156862745098 12.8421545
PA093-R256 287.8861498791548 16.860240962939475 287.8861641562123 16.860260461556706 nan 0.18601161434756336 0.1276284717421706 0.8039756 1.0229921888711788 -10.660852 3.7647123 0.64689183 -0.06436975256910601 0.0 1.2428285
PA167-R257 287.8803731284385 16.853636489527762 287.88039092420894 16.853638535870605 0.10546584106557942 0.1290516735924314 0.11370882218234966 1.431138 0.9762648662209026 52.039326 3.3156838 0.098763466 0.17824606801949294 0.0 14.4905615
PA348-R258 287.87713380992557 16.86762077054985 287.8771294370873 16.867609924555612 0.14753455438997476 0.15358959813812348 0.1285108829603137 0.73976445 0.7361631663706268 52.638977 2.395285 0.10929346 0.3505241506792642 0.0 6.7686067
PA086-R259 287.8861948051947 16.8610159007996 287.8861875231238 16.861024427750408 0.16009210091503662 0.16453056809031846 0.1757166855477327 0.8964176 0.7501840617525719 75.10635 3.4512177 0.184448 0.41071080226524204 0.0 4.8600016
PA094-R261 287.8862667470181 16.860180751606887 287.88627388305264 16.86022229119457 nan 0.25047178030518674 0.17868361393644785 0.7464118 1.0174288020917501 -16.355398 4.031123 0.6441834 -0.10794104026456185 0.0 1.1586945
PA348-R264 287.876980811446 16.86779303165396 287.8770102901886 16.867817011385597 0.11958215250775128 0.15821347148671777 0.14799318047276 1.5156696 0.889520297218682 70.8539 2.3817012 0.15901744 0.23491250809712624 0.005025125628140704 9.531467
PA221-R266 287.87357086035604 16.85501385438762 287.8735674813204 16.854999254995516 0.11562364647104524 0.13799999042602085 0.10585556970092332 1.9221256 1.8548252727141838 84.00431 3.4071033 0.2973982 0.214234613904766 0.0 6.4631376
PA249-R267 287.8713932690808 16.858010709528415 287.8713922890911 16.858009900310105 0.14793689137815677 0.13561587168114597 0.10089821509636285 1.2954249 1.3148564113372736 92.68121 2.6922753 0.17211604 0.3507109249339384 0.0196078431372549 7.5264626
PA343-R268 287.8762879133593 16.867663861006204 287.87629869853885 16.867670465043673 0.0959396738790003 0.16855323495889196 0.10992162573624496 1.6374054 1.7519937380864201 49.269615 3.7992182 0.46379185 0.14750026254092946 0.0 3.5304747
PA084-R268 287.886410690826 16.861282953353733 287.88641979488256 16.86129656069334 0.10107585562002087 0.1839432620147337 0.10444890982432718 1.1541772 1.1156551175452802 38.547287 2.7587855 0.20233274 0.16615953967345887 0.5671641791044776 5.7043524
PA241-R269 287.87179815988065 16.856977379789136 287.871786334005 16.856967945252435 0.09378944188254673 0.131007110197872 0.10619672516499928 0.37759292 0.3665374981371703 10.85821 1.5245923 0.15450191 0.1402750806110661 0.0 2.4439368
PA088-R273 287.88652763125316 16.860878236148164 287.8865251417871 16.86088041935587 0.12959210176856933 0.14501912456284552 0.16167288961004433 0.6786573 0.49164456029801595 37.259247 2.8598645 0.22256279 0.27045032895844556 0.0 3.0492847
PA194-R274 287.8767472141182 16.853223092463722 287.8767536448467 16.853224346450343 0.1544041286275676 0.14560180247009985 0.1006351199553171 0.9214084 0.9334008387661693 71.81191 1.5727334 0.082494974 0.38392665468413256 0.0 11.169268
PA085-R274 287.8865547225612 16.861205417581797 287.8865591882946 16.86120348804916 0.1338451253856821 0.14924572355884008 0.12056886991986018 1.0675781 0.9800286019799876 62.521767 2.9071288 0.23845887 0.2870790070178462 0.0 4.47699
PA244-R275 287.8715011803294 16.85720976211407 287.8714896846153 16.857201616153606 0.13580010349178318 0.14082639748232556 0.10036594455235362 0.9996731 1.0496430032701873 60.26771 2.1689126 0.14341211 0.29845256616573523 0.0 6.9706326
PA162-R275 287.8811107993088 16.853326310516398 287.88113390599136 16.853307047573306 0.11090378613476166 0.14771300378159402 0.1450988873771485 1.2538109 1.0123446698787182 50.414013 3.460122 0.5372547 0.19710110683067172 0.0 2.3337364
PA220-R284 287.87337280709494 16.85450599084699 287.87335045127566 16.85451260195607 0.08822518066245574 0.07320406177245 0.10164639554739102 0.8736105 0.8526750513332073 22.229486 3.5657792 0.45990562 0.12473301794014725 0.0 1.8995429
PA224-R286 287.8728780113905 16.854850505505695 287.87288844528445 16.854849578381362 0.10893608520806841 0.13842882165895568 0.09205450201759749 1.0050058 0.8241174436103149 38.988686 3.372488 0.14515376 0.1901690539191751 0.0 6.9237328
PA243-R287 287.8711773090238 16.856960206150568 287.8711782970247 16.856968072677706 0.1392498805758417 0.15923796101606472 0.11949582759690888 0.78722465 0.8306366790871947 49.90164 1.8992573 0.14536607 0.3092162341606326 0.0 5.4154634
PA190-R293 287.8770799196608 16.852603008001648 287.8771004593642 16.852531168178274 0.11912269562518579 0.15144358189054674 0.18833042327215738 1.0846212 0.9714167947731491 50.314552 2.5882633 0.2700081 0.22739732031728707 0.0 4.0169954
PA089-R308 287.88758041571526 16.86080919641014 287.8876008212609 16.860852331478508 0.14206993743948668 0.15343414712999184 0.13620551596873987 0.43889272 0.3296933094493193 28.959377 1.8575824 0.1222471 0.32503851528825434 0.0 3.5902097
PA156-R329 287.8824424261655 16.852180818082335 287.8824430946939 16.8521763767336 0.08980338238470345 0.12994808447192074 0.13288984757400304 0.77349496 0.8376643261257742 20.392448 2.9377222 0.36156583 0.12675016659956712 0.0 2.1392922
PA157-R331 287.88237942300765 16.852112181767048 287.8823899126763 16.852105667499327 0.13982037187628527 0.15952806773638883 0.15369559219593965 1.0783954 0.8373365141895063 68.92002 3.541133 0.24179399 0.3132832845052083 0.0 4.4599757
PA156-R336 287.8826223804964 16.852112166842204 287.8826372438712 16.852082890123317 0.11374770970418986 0.0839417506827887 0.10365162494544419 0.61947274 0.6927531733257692 26.201975 3.5415475 0.16158497 0.20733930550369561 0.5588235294117647 3.8337274
PA164-R337 287.88140770411457 16.851638524939144 287.881318815815 16.851488484559045 nan 0.8627226186102371 1.458872023820256 0.31838703 0.0 -0.23962498 3.1758564 0.11278391 -0.003707495816235472 0.0 2.8229828
PA158-R351 287.88246043244476 16.85152660454358 287.88248562189585 16.851518912026044 0.023590741882948286 0.4023106781554896 0.11897164666990769 0.7114229 0.5627463717734815 1.2943077 4.312895 0.21718955 0.00900654686559545 0.0 3.2755854
