m1-67/data/reproject/combo-D-neutral-knot-ellipses.ecsv
# %ECSV 1.0
# ---
# datatype:
# - {name: label, datatype: string}
# - {name: Ellipse Center.ra, unit: deg, datatype: float64}
# - {name: Ellipse Center.dec, unit: deg, datatype: float64}
# - {name: Ellipse Sigma X, unit: arcsec, datatype: float64}
# - {name: Ellipse Sigma Y, unit: arcsec, datatype: float64}
# - {name: Ellipse Theta, datatype: float64}
# - {name: Ellipse Bright Peak, datatype: float64}
# - {name: Ellipse Bright BG, datatype: float64}
# meta: !!omap
# - __serialized_columns__:
#     Ellipse Center:
#       __class__: astropy.coordinates.sky_coordinate.SkyCoord
#       dec: !astropy.table.SerializedColumn
#         __class__: astropy.coordinates.angles.core.Latitude
#         unit: &id001 !astropy.units.Unit {unit: deg}
#         value: !astropy.table.SerializedColumn {name: Ellipse Center.dec}
#       frame: icrs
#       ra: !astropy.table.SerializedColumn
#         __class__: astropy.coordinates.angles.core.Longitude
#         unit: *id001
#         value: !astropy.table.SerializedColumn {name: Ellipse Center.ra}
#         wrap_angle: !astropy.coordinates.Angle
#           unit: *id001
#           value: 360.0
#       representation_type: spherical
#     Ellipse Sigma X:
#       __class__: astropy.units.quantity.Quantity
#       unit: &id002 !astropy.units.Unit {unit: arcsec}
#       value: !astropy.table.SerializedColumn {name: Ellipse Sigma X}
#     Ellipse Sigma Y:
#       __class__: astropy.units.quantity.Quantity
#       unit: *id002
#       value: !astropy.table.SerializedColumn {name: Ellipse Sigma Y}
# schema: astropy-2.0
label "Ellipse Center.ra" "Ellipse Center.dec" "Ellipse Sigma X" "Ellipse Sigma Y" "Ellipse Theta" "Ellipse Bright Peak" "Ellipse Bright BG"
[from data line 112]
PA206-R200 287.8761157534728 16.855575522696277 0.1451945651855368 0.22173103424811036 205.68483552276567 6.4732647848645595 1.0848827575614393
PA203-R200 287.8763717802564 16.855461933041717 0.0902839804967568 0.08093457947967271 202.93730669612367 1.4863974405226037 0.5992940596442873
PA354-R202 287.8780636474853 16.866158685995693 0.14165262349292077 0.224464654476914 354.06762896573895 1.2327165166514191 0.8618744916544661
PA085-R202 287.88447563203863 16.86110327806945 0.11904684107713706 0.17221993647932468 84.82342868761081 8.592615256023315 2.0364170870785108
PA092-R204 287.88451762159036 16.860370490018703 0.09095241776993006 0.11002504258937203 92.03975169791194 2.0011428664783972 0.6242456292463906
PA194-R204 287.87719951265956 16.855092068851036 0.10389269668169251 0.10013655808836082 194.03330611890365 3.2964557400583203 0.4115103261322339
PA224-R205 287.87447993891664 16.856512692448746 0.09099742251643107 0.08539930466276806 224.2056099510396 0.7018497521765655 0.43798888780210926
PA202-R206 287.87638420438145 16.855232359625383 0.22873909721743718 0.19242750042461093 202.17207230451473 2.148375001715384 0.40358013383034774
PA077-R212 287.8846486131761 16.86190367403471 0.09990471045819858 0.12124929812207005 77.20003853917879 6.001664128528568 0.6956540382225923
PA205-R215 287.8764384099812 16.85550043108721 0.3264760563806582 1.1149671936118106 205.12327468049776 4.464554943421431 0.074420964717865
PA091-R215 287.88492299529213 16.860495474630625 0.12877369976283748 0.10344409795835469 91.00559429601124 3.2370838770581116 0.9989222058206453
PA212-R215 287.87539032010227 16.85547672128382 0.27400558928828106 0.36917992421508367 211.98613816905123 2.600825147377744 0.05977805852890015
PA238-R217 287.8732313190473 16.857321189381434 0.1136846609727888 0.13553041353688297 237.60742355182862 0.1619423009825541 0.13244394208853344
PA076-R219 287.88488516215165 16.86206017023735 0.3889345945617159 0.2528545531881569 75.56131087204639 3.058924822759554 0.08887896060943605
PA077-R219 287.8848260577949 16.861982575144115 0.09306592970543458 0.16600378658253329 76.80858360911147 3.8678367260210273 1.6172955148763617
PA271-R220 287.87214517333445 16.860759222233643 0.2687177458886517 0.12263016377772268 270.8866412346092 2.7870134920716754 0.21771810167126202
PA177-R222 287.8789540871937 16.854372225240375 0.2274201683129921 0.11194033028152327 177.2899997741525 1.3962489412035979 0.17751546601573526
PA271-R224 287.8721505681273 16.860744107291232 0.1251673501611103 0.1268769322923878 271.25527958361334 2.57009756416976 0.6611479459159177
PA185-R225 287.8781744336762 16.854370649213635 0.08016658522931813 0.1735301089987884 184.7717396256097 0.12265018157970238 0.12053635214273314
PA204-R225 287.87587937789 16.854865163201918 0.12205763454426095 0.20281126660721366 204.4649080794199 0.9376908942266309 0.2945688990605151
PA083-R226 287.88516771625694 16.86135294537375 0.12291238645666726 0.1639119245832707 83.07804039502408 1.6116474804311183 0.5234098938230272
PA177-R232 287.8790215752135 16.854143687598214 0.10185176733305547 0.10357956056547231 176.69351501381556 6.526064668087094 0.3706130439186384
PA230-R234 287.8733944026124 16.856434855390425 0.10818233189621367 0.12579804247169554 230.26700165995553 2.280526163987691 0.451374077759539
PA204-R234 287.8758066480982 16.854602591075352 0.14481899058787887 0.1907944221673684 204.38749406544923 2.0641195969413744 0.3492529581613199
PA238-R234 287.8728236533438 16.85716344877641 0.14060639839860906 0.11225817085098617 238.32058359631765 0.4267891545097823 0.06336304295513309
PA219-R235 287.87430059122585 16.85551174843839 0.1643673906218486 0.16856168926727216 219.0242389999707 0.6437413719214637 0.186089679554667
PA279-R237 287.8718393262341 16.861619021151398 0.29535317690648927 0.1491984992541157 278.5842547127372 0.2563360057989394 0.22886908837620804
PA220-R249 287.8739946909316 16.85522811605529 0.16723771474410826 0.14068808096868016 219.52377272389026 2.17987484890112 0.3988733484420836
PA247-R249 287.8718966285778 16.857934281895762 0.5079383196276466 0.5858462195004587 247.2517830698292 3.8280553173409593 -2.619381904602051
PA249-R252 287.87179799057884 16.858002197779808 0.1237776792314309 0.20568938618004448 248.57806544097872 4.240039681785037 0.15652798037114737
PA093-R256 287.88607682434167 16.86022853476502 0.09370271144085981 0.11946898781801513 92.97826595434081 0.8076034744307357 0.6546355166273211
PA167-R257 287.88039312174095 16.853592425260942 0.13953394177139453 0.13840434960992576 166.59560512998968 6.110615910395577 0.25786763968656384
PA348-R258 287.8771424966915 16.867641189301317 0.11214827047185802 0.1514696989869637 348.4534810994319 0.4396121656852301 0.3454764618534511
PA086-R259 287.8861852320243 16.86101382645867 0.10828533106652398 0.16339907627460626 86.35876212116817 1.3672289110273372 0.5754304064570345
PA094-R261 287.8862166487314 16.860107799146377 0.11243903149184274 0.0979835889415139 93.74912282892667 2.4369480352775557 0.7853675023644421
PA348-R264 287.8769724678112 16.867820681077998 0.20602917465705117 0.13905671126677266 348.02079036082057 1.9155083470865726 0.3365530269498428
PA221-R266 287.873553408153 16.85497718484863 0.09895151012942789 0.1555900031383261 220.8666898312242 2.57267487311801 0.5723294644753802
PA249-R267 287.87128985955155 16.85796909948509 0.12718934677065086 0.24239271130816173 249.45697867809605 0.7404364355410031 0.2090007832088122
PA343-R268 287.8762629606005 16.86772672046182 0.20931926418723054 0.24565155174368916 342.69923396465583 0.8586724924067194 0.06612581342134581
PA084-R268 287.8864368077295 16.861319852671297 0.21059809354273024 0.0934454440079542 84.48889595715141 3.0762754804642776 0.9936209454550742
PA241-R269 287.8718712866059 16.85698586249325 0.03099999999999996 0.03099999999999996 240.75203377829365 3.0270661171602984 -1.604483723640442
PA088-R273 287.88669201340923 16.860882402300653 0.37813973441828896 0.11405543836890732 87.75649694421752 1.6332456537536306 0.5903843911012787
PA194-R274 287.8767503603549 16.853170123337907 0.22605032323048224 0.1543930582897224 193.66338280665852 0.5644734647774999 0.15474762392918462
PA085-R274 287.886765777027 16.86158270519947 0.2562117614596106 0.6480396406101073 85.3436239582365 9.66079897095414 0.6035302006348837
PA244-R275 287.8714708075258 16.85718132184977 0.13439239059885771 0.0998623307837347 243.58882284408608 0.3421466378461547 0.12450550050136576
PA162-R275 287.88114077032134 16.853301392997977 0.141190995120188 0.170549747749191 162.02841766461154 2.187857222905096 0.4800109052191061
PA220-R284 287.8732370782075 16.854440610373967 0.26654091138302977 0.12854130375089928 219.5602978605077 1.7400225357533423 0.29593359076739684
PA224-R286 287.8728136161901 16.854777033862938 0.1472738146660197 0.17543759993923025 223.80487115920315 1.469877934180422 0.40833490868958416
PA243-R287 287.87113149643994 16.85695337699851 0.12943951847449237 0.18242879627524822 243.04411802210387 0.37190678567002133 0.16306790630684215
PA190-R293 287.8770743150854 16.852563826588646 0.1490102294968298 0.10699187797080575 190.4969656328342 1.9126185626809955 0.20802485131772236
PA089-R308 287.8875946042906 16.860803262519475 0.0946854414434818 0.0900674879766852 88.54510177171716 0.4587882259027217 0.5852257758186877
PA156-R329 287.8824867528381 16.852185769267596 0.10251992891925943 0.22501553611092387 156.4496533289238 2.794810942748594 0.32004964079738774
PA157-R331 287.88283418393746 16.852115330830284 0.7508545434861142 0.23940336448384678 157.0440439800927 6.9739310754898645 0.012416503429412843
PA156-R336 287.88246091703235 16.85208302197802 1.145233946701955 3.1005768050541644 155.77751731657355 33.11833819150676 -32.62964725494385
PA164-R337 287.88142384793906 16.851605244517625 0.11304960449711114 0.1200826841996694 163.5135339419548 0.7501563294934112 0.250411724660402
PA158-R351 287.8824659805924 16.851491001698907 0.15572213972960794 0.10618716904390363 158.0380970621678 2.531160085104041 0.7443383979554447
