m1-67/data/reproject/combo-E-ionized-knot-ellipses.ecsv
# %ECSV 1.0
# ---
# datatype:
# - {name: label, datatype: string}
# - {name: Ellipse Center.ra, unit: deg, datatype: float64}
# - {name: Ellipse Center.dec, unit: deg, datatype: float64}
# - {name: Ellipse Sigma X, unit: arcsec, datatype: float64}
# - {name: Ellipse Sigma Y, unit: arcsec, datatype: float64}
# - {name: Ellipse Theta, datatype: float64}
# - {name: Ellipse Bright Peak, datatype: float64}
# - {name: Ellipse Bright BG, datatype: float64}
# meta: !!omap
# - __serialized_columns__:
#     Ellipse Center:
#       __class__: astropy.coordinates.sky_coordinate.SkyCoord
#       dec: !astropy.table.SerializedColumn
#         __class__: astropy.coordinates.angles.core.Latitude
#         unit: &id001 !astropy.units.Unit {unit: deg}
#         value: !astropy.table.SerializedColumn {name: Ellipse Center.dec}
#       frame: icrs
#       ra: !astropy.table.SerializedColumn
#         __class__: astropy.coordinates.angles.core.Longitude
#         unit: *id001
#         value: !astropy.table.SerializedColumn {name: Ellipse Center.ra}
#         wrap_angle: !astropy.coordinates.Angle
#           unit: *id001
#           value: 360.0
#       representation_type: spherical
#     Ellipse Sigma X:
#       __class__: astropy.units.quantity.Quantity
#       unit: &id002 !astropy.units.Unit {unit: arcsec}
#       value: !astropy.table.SerializedColumn {name: Ellipse Sigma X}
#     Ellipse Sigma Y:
#       __class__: astropy.units.quantity.Quantity
#       unit: *id002
#       value: !astropy.table.SerializedColumn {name: Ellipse Sigma Y}
# schema: astropy-2.0
label "Ellipse Center.ra" "Ellipse Center.dec" "Ellipse Sigma X" "Ellipse Sigma Y" "Ellipse Theta" "Ellipse Bright Peak" "Ellipse Bright BG"
PA296-R030 287.87791267504457 16.860876285951488 0.5701296189209397 0.29225652435140587 296.28153574111286 17.722463742044706 0.5945119190216065
PA067-R032 287.8794830148832 16.86080801431468 0.6600477473151547 0.616410610263943 66.86947493936553 8.580868576059073 0.5197935009002687
PA031-R033 287.87916121994516 16.86133893837301 0.1955134587715322 0.12529595813881195 30.919260644413303 9.736124369672437 11.984424016417805
PA072-R035 287.87961112841833 16.860886297507 0.2989782462764692 0.16183354190514573 71.97437921876036 4.503800016224826 5.046607910689968
PA017-R038 287.8789963243333 16.861594607168513 0.32565207707387717 0.30326069319350485 16.829907671084754 5.457994345225795 3.8153514785774405
PA058-R044 287.87979988546977 16.861219425308537 0.2446786419091303 0.19461545591818985 57.69177263933969 1.5718095923836821 3.3502521472892357
PA338-R045 287.8781998069909 16.861749164703568 0.1670677441309042 0.12912402908117107 337.92334456075815 14.097008133851475 9.174154196783864
PA050-R049 287.8797314570799 16.86149357769518 0.0838654419544318 0.06590180679965779 49.97813143674663 2.2806351296764418 5.962266038651967
PA028-R054 287.8793713695537 16.86193159804079 0.03099999999999996 0.03099999999999996 28.041795442239398 1.0112323018737597 3.6486861997124165
PA262-R064 287.87679918310715 16.86036074113171 0.11864733178847277 0.11358732497547976 262.4843734024974 2.9105935107211067 2.427730560389079
PA192-R066 287.878202661768 16.8588379499158 0.2166543968407026 0.35563292643031225 191.92627434328423 3.7783670907623255 3.082785798971161
PA202-R068 287.87791211217666 16.858848021085905 0.1306414603931896 0.1184334042814027 201.81557485506812 4.25129769784557 4.691931204617065
PA251-R068 287.87674801944866 16.85998959240943 0.32031162837684374 0.3064513270109392 250.60075274581175 4.006470714035358 0.800371061258278
PA185-R071 287.8784174909685 16.85861085197143 0.19296455965949394 0.18363426277565442 185.20291541111195 1.6290895670566234 3.2831710285659903
PA177-R075 287.87957899258754 16.85912364670714 0.2105227661759405 1.6253838405905934 176.82857239170298 9.099347634910703 3.574984058877651
PA042-R077 287.8801452548929 16.862187045209378 0.03857846295565588 0.0723201535752231 41.62550224073183 2.805180795436345 6.508515173464246
PA330-R077 287.87750602280954 16.86247246605056 0.3350906828166572 0.32645674148722736 329.9013966731095 5.924768354390793 0.28840171098709105
PA039-R083 287.88014718459965 16.862392675593284 0.24534025344671553 0.2693667962449096 39.060066349133635 5.250974231139154 4.688112371568769
PA179-R085 287.8786575594708 16.85823607288365 0.30358546327704206 0.4131782007676828 179.24614909708282 5.47148448993236 1.9010204131177542
PA219-R092 287.8766382215087 16.858229893484427 1.1818775336016534 0.3075598099588161 219.06780010195922 14.493188219863704 0.2901074750301154
PA095-R093 287.8808309787482 16.85902018450043 0.8656828357396447 4.911740354180912 94.99475790957146 59.2573414341188 1.2751597637141705
PA330-R093 287.8772825857292 16.862858834982834 0.15347037084370002 0.16907035441613102 330.1218969791886 2.7793185046323114 2.2045681783355815
PA356-R098 287.8784214140075 16.86325574024498 0.17254527396884103 0.1774401907851008 356.0208232478922 2.2665000888538636 5.126272906670884
PA253-R098 287.87590430492315 16.85979238918745 0.22295342683169347 0.24430006374829455 252.61919285610367 1.3726577536334315 1.2934926411880405
PA005-R101 287.87889418468995 16.863418303195676 0.14871560594860106 0.12087789426647948 5.0073121388263475 1.9277243686114767 2.5986024733176456
PA357-R101 287.8783054206109 16.863228849879217 0.7490179453127627 0.11854760287959913 357.4631799779348 3.7135084119762487 3.97694520286117
PA096-R102 287.88141674473934 16.860273712883675 0.2972723016784093 0.4088155345974868 95.87924919564686 6.117604365023983 4.639642983168088
PA207-R102 287.87727120335404 16.858002479897053 0.31810113719253547 0.3676581264306551 207.252693260486 2.629889658128282 3.1516143834846813
PA203-R102 287.8774490900317 16.85792698371745 0.26606941502040204 0.3824753141193231 202.72686654996232 4.096323051947648 3.033256344283692
PA359-R104 287.87859942747167 16.863459659218616 0.11738242118860603 0.10992154788409175 359.28660736819756 2.551011463151655 4.228787474216229
PA290-R104 287.87580412717836 16.861591485400982 0.1717216259098825 0.1069708827640898 289.9597897996694 1.4316632395564222 0.8436977031408192
PA193-R105 287.8779265577615 16.857563000875473 0.36308348101422955 0.4067643546802702 192.7757138783096 7.820318092295353 3.716057950096133
PA043-R107 287.88079039743417 16.862829070708003 0.3130732809634166 0.4450632727210542 42.69704250086977 4.233683664863746 5.345599023674705
PA062-R108 287.8833671012746 16.862806009698105 5.225163978876914 0.15659906942458238 62.40598436334054 2.4343928402514994 2.005671015335989
PA227-R110 287.8763137916692 16.858489182114553 0.26847634004858467 0.23784619539976154 226.87355102948678 2.3990651996253 2.041679508492998
PA203-R110 287.8773568525416 16.857764457821155 0.15626403311804665 0.17584385778103834 203.12007181342457 3.0974470693809835 5.000167182144766
PA044-R110 287.8808369931734 16.862823655244792 0.07865666266289244 0.07233998247696843 44.14564066395699 1.9153885729900633 8.572650678326218
PA039-R111 287.88073596082114 16.86296746728415 0.39532825611181527 0.3610892830511318 38.65461531621216 9.577544331899386 3.6994720756807746
PA197-R112 287.8776888665653 16.857623920190328 0.06974260522087992 0.03099999999999996 196.689168799342 1.390084102363279 4.790075072444493
PA084-R112 287.88189050511625 16.860943328008286 0.40337029604484914 0.38944281727040114 83.6130351782113 6.12232227611645 0.37999476432800294
PA170-R113 287.87931486548746 16.857494318809398 0.3185684749498266 0.5258836967630783 169.57252129628102 1.5357583250224094 3.4693256111307176
PA188-R114 287.8781365996317 16.85742159848892 0.24848377042889175 0.35796075231761476 187.95016246963368 5.810344711323692 3.1289287137026687
PA113-R116 287.8817487452428 16.859276908143322 0.2380674294605163 0.19772951584185558 113.30027352889753 3.332975423901346 2.5237393236549885
PA083-R117 287.8818650143124 16.860908488167524 0.40927334663048215 1.5639877130554665 83.16303931275354 5.603422872371008 0.36936814546585084
PA183-R119 287.8784316834983 16.85717730880947 0.44120834967619776 0.6525553183673272 182.64373160610052 8.014676542426727 0.46377076148986823
PA205-R119 287.87656228749324 16.85761525651494 2.2620400671873995 0.9148791110743387 204.56392396493075 11.69905016184908 0.518370132446289
PA055-R120 287.8814737645422 16.862607545974786 0.40696638861198037 0.20046857842711194 54.69872425735836 1.616760566228575 2.838127563905791
PA090-R121 287.88221423182904 16.860529628179464 0.2308442467769165 0.25671716975786435 90.41960329625103 2.774029407109643 4.341975204370825
PA209-R122 287.87695170810036 16.857618540745072 0.22371450217593433 0.24590305266053905 209.11767316527326 4.8287791442694 3.254345756547288
PA167-R122 287.8793729419392 16.857221112475283 0.28743966527011355 0.3816986199200388 167.31028302472725 6.879292630326353 4.930972540754166
PA092-R123 287.88223058854976 16.860527423556047 0.5044082748660235 0.3481517330022161 91.89386166142998 3.99010631263412 2.9060777933430035
PA034-R126 287.8806473042878 16.863509444211964 0.11070372174721538 0.18001955965187294 33.80636265734553 4.249986822600027 6.060126394580449
PA050-R126 287.8814213780574 16.862855136373064 0.03099999999999996 0.0623497092471161 49.56704135346802 0.8588811200756827 5.32686909862056
PA180-R130 287.8786108291591 16.85690174889779 0.5099547590663182 0.593075582977121 179.65278141202975 12.1632684155109 0.8253392219543457
PA167-R131 287.8794137522926 16.857057551827147 0.7123653631868382 0.4375954680506012 166.5517940651275 11.883789485749029 0.8137271785736084
PA174-R133 287.8790623425576 16.856908497055365 0.14785174418992836 0.20033779663521084 173.51988201380723 3.542935019798142 4.202931287815796
PA060-R134 287.8819981410467 16.862485509170163 0.15738248306764657 0.28953550874598755 59.54811629721563 3.7029691187998384 4.8710718806085165
PA090-R137 287.8824102541545 16.85978190128916 1.154208717722847 1.261289938460326 90.37148626651197 27.01147974231249 3.3162256866474213
PA085-R138 287.88262960549235 16.860915607640933 0.3714025936370317 0.5091057195683836 85.4203587455898 4.765406095058773 1.4779409639399574
PA033-R138 287.8809972776892 16.863762034455537 0.6165688522493988 0.6045540847073404 33.41051222448549 9.382053938213266 0.5759111881256104
PA036-R139 287.8809730017461 16.863767284141055 0.21847305143686593 0.24386289827271754 35.80539579467498 3.7543392953543866 6.6108444117719465
PA054-R139 287.8817895749605 16.862803511067636 0.5536846026469354 1.1745004973973656 54.130759713821845 5.391587307197699 0.438775897026062
PA209-R141 287.8766910791147 16.857142691023476 0.14533590464266874 0.17564630977810866 208.5545148928927 2.599314033058384 3.836949798499648
PA353-R145 287.8781414493182 16.864647318539046 0.3242463067374879 0.6663164608765172 352.939665855005 4.875672680753931 0.20356194734573366
PA074-R145 287.8827185341477 16.861751147180858 0.5601732804684691 0.5409224884140436 73.77528454134325 3.482075462842772 0.26195052385330203
PA109-R145 287.8825696549576 16.85921386863099 0.3861347397783729 0.15264204957903355 109.45504622280768 1.028592724954464 4.224543943152782
PA196-R146 287.87744252761996 16.856687424502116 0.05873013655921942 0.05935295938947834 196.22234888710852 1.8039240035962758 2.3129037446180134
PA062-R147 287.88240678403616 16.862539706397243 0.25907234610364344 0.3460516109277885 62.1214087821436 3.1773841181949622 2.707064618455113
PA031-R147 287.8809283306979 16.863995133405634 0.3103851349290899 0.33758587970948933 31.45004973402716 3.2929104499291157 3.649116429444713
PA357-R148 287.87844139907463 16.864692353447747 0.37225835945283375 0.23038781674465847 357.1338782920824 5.690055073230275 3.391358360339798
PA068-R148 287.88269955072957 16.86231104578265 0.39474999358812995 0.24759386019977017 67.69819306812978 4.04815812695468 4.198641883414527
PA156-R149 287.8803976235756 16.85670792404321 0.5440643854807781 0.5088300864801806 155.77451414381082 2.5987581296146582 1.9215309424830336
PA097-R151 287.8830636505142 16.860077485366475 0.36402574181794917 0.4233736773866261 97.37451753929106 3.4307576617748117 1.7167939847639464
PA002-R153 287.87871460141884 16.864840373076742 0.8169402513822707 0.3340960808937337 2.1181482259414346 5.340496676373852 3.923392451052502
PA360-R153 287.8786117995611 16.864878037679635 0.19923558602251767 0.11409928240292203 359.62449822700506 2.6074361117743803 8.353168248079488
PA093-R153 287.88312108621824 16.860482229435735 0.6805638383578722 0.7038815494819455 92.81866801623983 5.476048453074838 0.4708023166656494
PA357-R158 287.8784345882072 16.86499182150576 0.2536460940607924 0.32301000955614584 356.7918781067209 2.295575193279508 3.947518578273003
PA090-R158 287.8832332922926 16.86056423097058 0.14905837171593048 0.23791459951816518 89.90038943961278 3.054961213242327 4.984123586221943
PA347-R159 287.8776648856283 16.86491429452472 0.6370698499014122 0.4661211518920285 347.23241870930246 4.370892262660539 0.6672079534170205
PA074-R159 287.88312279448405 16.861793549571136 0.2581318954938255 0.2679462809176063 74.47115232219531 2.9726871210410963 2.3930269227616794
PA174-R162 287.8791353228612 16.856076840010594 0.23583584677777641 0.1892607243423052 173.7600671732906 2.7661114979311834 3.3077041817803012
PA001-R163 287.8787142928347 16.865063721311394 0.5483603828872614 0.7824120209472158 0.8698648579361684 7.729632735480551 0.5640641593933106
PA355-R163 287.8782295789479 16.865149342397277 0.273898969219865 0.28811446812645586 355.2658866141879 4.415694954160862 3.7808267406944696
PA004-R164 287.87919332337833 16.86520171070306 0.33211511941638855 1.0173004014464806 4.409480231911589 4.185340747542005 2.9252764253595345
PA348-R166 287.87763540016385 16.865072883506425 0.16524689818456909 0.1439372014790868 348.02635079617806 5.314798667374616 3.8609865171535827
PA076-R166 287.88333397229513 16.861708989084374 0.08007482598457226 0.08605902928539193 75.91849971694795 1.3015064209038576 3.548471394408346
PA042-R168 287.881907137224 16.864023144585374 0.11418161281819057 0.11463780852960619 42.41286944294083 2.910170673353566 3.2773597479130085
PA162-R171 287.88013188630424 16.856067882311443 0.10040448905018495 0.0978968522394789 162.3248335902421 2.5932503305893366 4.916710156926278
PA069-R172 287.8835551116078 16.862322292336938 0.31931349390013036 0.03099999999999996 69.0059169003032 6.451157142044678 3.157452739971537
PA170-R174 287.8794881480478 16.855814273252193 0.13795390561802215 0.17827613638725381 170.1243093230256 0.757762458396749 2.102588990966259
PA180-R174 287.8786162798567 16.855732731771177 0.24828118540958524 0.19026803249924049 180.01378891487656 2.5898393021281167 2.4802030281620353
PA356-R175 287.878223821943 16.865441142105247 0.21208788176941593 0.1530608661011078 355.5867692698721 6.16963592983749 5.796296176273872
PA189-R176 287.8778667045067 16.855741617994628 0.07491712994242357 0.09334033785470584 188.64232736446033 2.121789867096243 1.9320097337416922
PA198-R178 287.87700126870675 16.855885215054244 0.12827155688554737 0.2674038362655024 198.23955265921884 1.731471211072722 4.070694354291609
PA207-R178 287.8761931331775 16.8561646843378 0.6012374394871906 1.805330984424755 207.03168652386574 8.959389338187831 0.6036938211584549
PA005-R178 287.8790914770359 16.865546681119067 0.4427758323752854 0.511180509747699 5.2731820214216745 8.544015915210124 0.6005526161193848
PA206-R180 287.87619630520504 16.856007140278134 1.2998994530152395 0.4306344400341755 206.20567409311846 9.375348538818887 0.5367311056528097
PA209-R181 287.87612866004446 16.856203904593706 0.3405371226258415 0.570178218837906 209.31848710364113 10.755980856806996 0.6555971860885621
PA071-R183 287.8836089758847 16.862301023356174 0.26596353974005854 0.30214553164432334 70.76222382906155 1.6393805173203286 2.4562097761745845
PA078-R183 287.88388147398075 16.861736257731124 0.269327179418503 0.30703653684850746 77.5006301975835 2.6711921094385476 2.398687694566058
PA006-R185 287.87912494658997 16.865733384169154 0.17875555686627637 0.13205235829933626 5.522816344565724 3.4367507144622946 6.9349262948532
PA198-R185 287.87692997371306 16.85557359914681 0.24450201997478022 0.5441792305130863 198.21764260514252 3.6893754128879324 3.538485177621113
PA355-R186 287.87814246866714 16.865672220523038 0.24345776607414032 0.24053616662606145 354.84618775684214 5.190325837182979 6.082633780437387
PA090-R187 287.8840646586226 16.860620425452833 0.21057358751823774 0.13111322933023226 89.82626085160686 0.6598414810784657 2.108000335288421
PA180-R189 287.8785788063287 16.85536977959367 0.17860285536191353 0.17380816066764715 180.32687525063494 3.78653630913646 3.1797489607525806
PA220-R189 287.8750901118453 16.85655369402331 0.28684448019990033 0.22935753877865533 219.93908421929567 3.2001671677674683 3.794462511421643
PA271-R189 287.87313997381267 16.860654033248714 0.1320022276744067 0.1190458481327513 270.57477783709874 1.2995171856914607 0.9870399616734711
PA204-R191 287.8763416367132 16.855678159616225 0.03099999999999996 0.03099999999999996 203.9269727432652 4.738391129932992 7.183833418629058
PA214-R197 287.8769582407593 16.855560988945868 3.3086411562477815 0.30027333789695043 213.9054444367864 4.809572784236263 3.250928396734464
PA091-R197 287.8845058731927 16.860548047130152 0.26922369461148704 0.2764711651911147 90.59056816065005 2.81214694871572 2.23045325755046
PA282-R198 287.873040990214 16.861729368783816 0.08939912549045836 0.08971020065818582 281.93430599348386 2.80898697038443 2.021994572477778
PA210-R198 287.87572979075816 16.85581599317996 0.18466161620070196 0.24516878731337555 210.39669118198722 5.70175791353281 6.082596273575686
