m1-67/data/reproject/combo-E-ionized-knot-peak-stats.ecsv
# %ECSV 1.0
# ---
# datatype:
# - {name: label, datatype: string}
# - {name: Peak Center.ra, unit: deg, datatype: float64}
# - {name: Peak Center.dec, unit: deg, datatype: float64}
# - {name: r_eff, unit: arcsec, datatype: float64}
# - {name: r_rms, unit: arcsec, datatype: float64}
# - {name: Bright Peak, datatype: float32}
# - {name: Core flux, datatype: float32}
# - {name: Bright BG, datatype: float32}
# - {name: MAD BG, datatype: float32}
# - {name: Fill fraction, datatype: float64}
# - {name: NaN fraction, datatype: float64}
# meta: !!omap
# - __serialized_columns__:
#     Peak Center:
#       __class__: astropy.coordinates.sky_coordinate.SkyCoord
#       dec: !astropy.table.SerializedColumn
#         __class__: astropy.coordinates.angles.core.Latitude
#         unit: &id001 !astropy.units.Unit {unit: deg}
#         value: !astropy.table.SerializedColumn {name: Peak Center.dec}
#       frame: icrs
#       ra: !astropy.table.SerializedColumn
#         __class__: astropy.coordinates.angles.core.Longitude
#         unit: *id001
#         value: !astropy.table.SerializedColumn {name: Peak Center.ra}
#         wrap_angle: !astropy.coordinates.Angle
#           unit: *id001
#           value: 360.0
#       representation_type: spherical
#     r_eff:
#       __class__: astropy.units.quantity.Quantity
#       unit: !astropy.units.Unit {unit: arcsec}
#       value: !astropy.table.SerializedColumn {name: r_eff}
#     r_rms:
#       __class__: astropy.units.quantity.Quantity
#       unit: !astropy.units.Unit {unit: arcsec}
#       value: !astropy.table.SerializedColumn {name: r_rms}
# schema: astropy-2.0
label "Peak Center.ra" "Peak Center.dec" r_eff r_rms "Bright Peak" "Core flux" "Bright BG" "MAD BG" "Fill fraction" "NaN fraction"
PA296-R030 287.87786266766204 16.860955814700002 0.12755651647495717 0.1407777812038305 7.746647 412.04584 10.714027 4.0589275 0.25946448721536775 0.0
PA067-R032 287.8794732948441 16.860904147857816 nan 0.3978630000756762 2.7355757 -4.6874466 6.3570204 1.4816396 -0.008440954344613212 0.0
PA031-R033 287.87916736693546 16.861351926635756 0.10822180076528752 0.17904116372253562 10.5343685 403.3337 12.511377 0.950449 0.20808375400045645 0.09803921568627451
PA072-R035 287.87961726150047 16.860904147230237 0.14526523538920358 0.14653430567191686 3.3149428 228.6788 6.6885257 0.78415895 0.3381580277985218 0.0
PA017-R038 287.8789514168714 16.861618871513173 0.15835513642070828 0.14856215845709764 4.4538965 365.11606 6.315222 0.78129697 0.3941190792964055 0.0
PA058-R044 287.8797702282245 16.861265813119978 0.07815544714728409 0.1626060709006837 1.7647841 35.240055 3.7789676 0.5050553 0.09600230363699105 0.0
PA338-R045 287.87819558871956 16.86176526013841 0.07480718645996294 0.17194615096760596 13.947511 255.15837 8.978423 1.8108339 0.26903216979082895 0.6682926829268293
PA050-R049 287.8797252398371 16.861489702249038 0.11857692237318494 0.12146893753476809 2.4368405 112.00926 5.7051225 0.8046012 0.22642834668089015 0.0
PA028-R054 287.87945530351226 16.861954703484408 nan 0.18613523719390906 0.6604967 -48.002094 3.7935734 0.59742785 -0.35625368006089153 0.0
PA262-R064 287.8768189148594 16.860361641436175 0.12663118713485538 0.13891420518825112 3.5285218 184.96973 2.4403446 0.26385593 0.2569671892652325 0.0
PA192-R066 287.8782045934243 16.858871926825255 0.13426279443329348 0.1661473866536902 2.243806 132.2279 4.8478994 0.8445976 0.28887348549038755 0.0
PA202-R068 287.8778986676362 16.85885470372299 0.1468026362776675 0.1433901894506791 4.5664015 321.71277 4.763749 0.44706798 0.34877297429755183 0.0
PA251-R068 287.8767559335011 16.85997414086945 0.14844726020147786 0.14522472608950335 2.387864 172.0206 3.2015 0.56169343 0.356631326203299 0.0
PA185-R071 287.8784475347708 16.85865664942362 0.10516556149561795 0.10383164712018308 2.1389399 77.3343 3.5980759 0.3506348 0.17636796904773247 0.0
PA177-R075 287.8787804536075 16.858518871696802 nan 0.2318200779048362 0.6016989 -7.9378853 4.2293725 0.21128988 -0.06466889848896101 0.0
PA042-R077 287.8801391507669 16.862187199668238 0.04900973813200388 nan 2.7113438 21.290009 6.563431 0.4684255 0.12872455940871944 0.6995073891625616
PA330-R077 287.8775117398557 16.862454146403252 0.14332497819377293 0.14158287179883636 2.9514499 198.20091 4.282858 0.5438671 0.32918503705193014 0.0
PA039-R083 287.88010316031927 16.862376644369792 0.16272311918233123 0.16003949413113963 3.421986 296.2124 7.0529637 0.5344219 0.5478578881372379 0.22167487684729065
PA179-R085 287.87867247993694 16.858234705072935 0.157162071335939 0.14586145398787162 2.7836652 224.77032 5.489885 0.63884926 0.3958145964379404 0.0
PA219-R092 287.87696289673727 16.85860497599482 0.07156037314036359 0.09271707688387094 2.8499255 47.709534 4.1665316 0.97381055 0.1033371937127761 0.2019704433497537
PA095-R093 287.8813988407192 16.860344408932374 nan 0.10714267273672373 1.634615 -25.370525 3.64957 1.0059052 -0.07608233246148802 0.0
PA330-R093 287.877286787264 16.862850256155475 0.13921275267553887 0.1602309417491586 2.882452 182.61928 2.6857595 0.42271423 0.3579408462438206 0.13658536585365855
PA356-R098 287.87842953384103 16.8633066494028 0.14034259735251378 0.1649153579957214 2.5880036 166.6366 5.201799 0.62294674 0.3156278647628485 0.0
PA253-R098 287.87592813202355 16.85978468718778 0.1477591034674346 0.14896776982572502 1.3495675 96.32291 1.798199 0.21391052 0.3431402353140024 0.0
PA005-R101 287.8788974315352 16.86339276047292 0.14434421234686393 0.1469562313219295 2.4777374 168.76427 2.6709547 0.19955182 0.3405612564086914 0.0
PA357-R101 287.8784925199979 16.863375538347825 0.10186962967809662 0.18925536802314485 2.4727163 83.88615 4.507203 0.56227446 0.16794403000633315 0.0
PA096-R102 287.8815158126272 16.860301351783463 0.1283908482174824 0.179314366236798 2.6930332 145.12303 5.7469645 0.5695703 0.2628698395519722 0.0
PA207-R102 287.8772778236433 16.858096922766823 0.13702928809938947 0.14451947554601735 2.2509174 138.16971 4.099945 0.4430071 0.3023829154780346 0.0
PA203-R102 287.8774937711031 16.857984979640303 0.12762408931963862 0.13358104254289185 2.3436832 124.79314 4.846079 1.1494862 0.2610126944149242 0.0
PA359-R104 287.8786004963833 16.863453038399427 0.1528985408848532 0.15615212481228274 2.5825248 197.36842 4.0644073 0.31885958 0.3746303857541552 0.0
PA290-R104 287.87581113269664 16.86159301894579 0.13559998926081843 0.13633594119297018 1.7502079 105.20477 0.93610805 0.17656487 0.2932188824909489 0.0
PA193-R105 287.8779526588073 16.857692203913285 0.08403671255383789 0.11249825030374931 2.3989258 55.38363 4.8213253 0.9706063 0.11372830245295182 0.0
PA043-R107 287.88075101963426 16.8627641387768 0.10158338928550661 0.10528773258963045 2.3307009 78.624596 8.275868 1.3177221 0.1863774252201312 0.10837438423645321
PA062-R108 287.8814078622636 16.861963297698914 0.08150124697852311 0.1262274209783751 0.76594543 16.63232 2.4549508 0.3021996 0.10696925083404692 0.0
PA227-R110 287.8763240535272 16.85851885868839 0.11823254792140793 0.12161193262579499 2.4418669 111.5893 3.0657058 0.57163 0.22511505728284714 0.0
PA203-R110 287.8773678036789 16.85776970112189 0.10578680218137042 0.13896065287524104 3.003871 109.89318 5.780114 0.5890088 0.17588391670813927 0.0
PA044-R110 287.88084100047973 16.862833026727984 0.12080182377050246 0.155191550275558 2.3482618 112.0263 8.008556 1.2072296 0.2338531905529546 0.0
PA039-R111 287.8807060318642 16.862970805897078 0.15124714022309452 0.15465307768205694 4.817583 360.2716 8.256283 1.6441965 0.36479339599609373 0.0
PA197-R112 287.8777007217404 16.857631925136463 nan 0.19844420838049315 1.1706958 -38.318928 4.862671 0.22949219 -0.16044977599499272 0.0
PA084-R112 287.8818667409432 16.860929957715634 0.143552470373762 0.13963474597427447 2.483436 167.30188 5.0000653 0.4387834 0.3318576155037716 0.0
PA170-R113 287.8792303406421 16.85751998202567 0.09565359674375984 0.050781424036531304 1.2879453 38.523567 4.2962523 0.51394594 0.1466219284955193 0.0
PA188-R114 287.87815960802374 16.85743387117149 0.12380229926603817 0.16322894384852163 4.153318 208.10336 5.5460324 1.5289903 0.24441623222537157 0.0
PA113-R116 287.8817137502157 16.859319682270876 0.12776922914407432 0.1627709025900365 3.0430987 162.40338 3.247708 0.55317426 0.2565758044903095 0.0
PA083-R117 287.8820017098545 16.86093856667628 nan 0.1966928888622163 0.9528847 -74.00424 4.8177776 0.71486735 -0.38070282281613815 0.0
PA183-R119 287.8784745294439 16.857278871672953 0.13485074189851265 0.15527870669581015 3.0900855 183.69768 5.1668563 0.8022847 0.2899875175662157 0.0
PA205-R119 287.87714286067154 16.85762331071871 nan 0.1595002788497926 0.9350295 -67.749176 6.266808 0.9951775 -0.3551800297755821 0.0
PA055-R120 287.88146185942685 16.862591908079114 0.16377289157573385 0.15987576261204275 1.6980433 148.88786 3.1502929 0.44015884 0.427717143733327 0.0
PA090-R121 287.88219965643344 16.8605338411412 0.13132152788842305 0.16099735850470845 1.898128 107.00987 5.11934 0.3676803 0.27771689504238184 0.0
PA209-R122 287.87690891875684 16.857640531105574 0.14569649969629703 0.1526549916266509 4.5229278 313.8661 4.7258162 0.73823285 0.34016885944441255 0.0
PA167-R122 287.87940129691896 16.857253037027014 0.12834435133768654 0.156604537643004 3.844779 207.03864 7.545724 1.721704 0.2652674519956993 0.0
PA092-R123 287.88220865384494 16.86050800765279 0.13493097278366384 0.1360107305556924 1.5061002 89.64037 5.9007893 0.6001897 0.29175588196399166 0.0
PA034-R126 287.8806520494446 16.863504695316454 0.15578481375046813 0.15587610857270823 4.152834 329.47412 6.415038 0.39928317 0.38701060225323936 0.0
PA050-R126 287.88148885730135 16.862850241041667 0.07682763744205001 0.17448525166624587 0.808094 15.592772 5.376361 0.68733215 0.09458696140962489 0.0
PA180-R130 287.87864548657 16.856960260633826 0.13627663905967713 0.14943001108191453 4.4625187 270.92517 9.20052 1.717926 0.3005508385082283 0.0
PA167-R131 287.87949127349395 16.85706359223426 0.13880553140241203 0.1469189405981761 4.2830973 269.77267 9.012458 1.4409661 0.31027300604458513 0.0
PA174-R133 287.8790593819594 16.85690859355248 0.15608478003374565 0.15391129646643287 3.0887737 245.9992 4.91885 0.43725252 0.39233003813644934 0.0
PA060-R134 287.88200173737204 16.862488566672944 0.1662034354867984 0.15004500782351157 3.0789404 278.0403 6.021082 0.56660414 0.4341533367450421 0.0
PA090-R137 287.88258656624254 16.86054244522766 nan 0.17723446454256003 0.59810734 -48.32946 4.7071486 0.4373021 -0.39609800600538064 0.0
PA085-R138 287.8826135673493 16.860895500265215 0.1470632119927277 0.15913119126468253 1.6999722 120.19222 5.2609158 0.29874945 0.3399157157311073 0.0
PA033-R138 287.8809129959036 16.863780248169043 0.09912904566643341 0.15407678040093598 2.8193913 90.569855 6.2877493 1.6507001 0.1574701234406116 0.0
PA036-R139 287.880984979794 16.86373719181021 0.14854938277507418 0.14671010681321103 3.0974026 223.44252 7.842949 0.9403639 0.3536209779627183 0.0
PA054-R139 287.8818667735169 16.862841624378156 0.08508693429315793 0.14470294151384117 0.9986 23.634357 4.8827906 0.5085261 0.11601711721981273 0.0
PA209-R141 287.87670197512995 16.857166918151712 0.14349037780189744 0.14358920492615754 2.6624212 179.20447 4.250015 0.32438922 0.3236001454866849 0.0
PA353-R145 287.8781235972663 16.864589704407027 0.04715866747132613 nan 1.4313846 10.406528 4.247721 0.3607874 0.03581405508107152 0.0
PA074-R145 287.8827035633258 16.861679109624855 0.0770765730624215 0.14556176493207829 1.1574466 22.478756 3.3408396 0.28340387 0.11357301857039245 0.15763546798029557
PA109-R145 287.88261353264676 16.85924216693611 0.09080071026933162 0.16683091619943483 0.91684437 24.711584 4.6043496 0.26701498 0.13343003716799293 0.0
PA196-R146 287.8774487904484 16.85668470161124 0.050158640558953055 nan 1.7542787 14.428347 2.3049512 0.13054061 0.04051557080499057 0.0
PA062-R147 287.8824066473278 16.862505781913562 0.1650461441147354 0.14956152966685485 1.7784724 158.37418 4.5021257 0.35966444 0.4365229513130936 0.0
PA031-R147 287.88091299900213 16.8640385815013 0.14274103470850308 0.15953532292926106 1.8461404 122.96709 4.572338 0.66468716 0.3281165437745343 0.0
PA357-R148 287.8784205341712 16.864684427166083 0.13515845156157372 0.14027473823626627 3.7053032 221.27719 6.8724337 0.503258 0.2927404478484509 0.0
PA068-R148 287.88265858507754 16.86222161050286 0.15503699905353607 0.16318502123420475 2.1529865 169.1759 4.587759 0.71943676 0.3889966152682163 0.0
PA156-R149 287.88040004223245 16.856813864290046 0.1161136152594541 0.15408515547460305 1.16464 51.33156 3.3276873 0.32739758 0.21605414970248354 0.0
PA097-R151 287.8830634440102 16.86007743557295 0.11193775574213218 0.12354148165764782 1.2716565 52.089417 4.025339 0.80157423 0.19693202238816482 0.0
PA002-R153 287.87878945621014 16.864822205015525 0.09001787709213718 0.14034615818863838 2.9007173 76.84036 6.974544 1.8063173 0.16054621609774503 0.1951219512195122
PA360-R153 287.8786184922551 16.86487387173036 0.1563009278683385 0.1344983853196151 2.296177 183.38126 8.734884 0.8468113 0.43169584532041805 0.10194174757281553
PA093-R153 287.8831174404362 16.860464934409226 0.10255217616223784 0.11244102210614648 0.83489275 28.7043 5.129404 0.45042086 0.1668971904273172 0.0
PA357-R158 287.8783755432734 16.864977204888337 0.1634681806561351 0.14919829701165652 1.5392432 134.46219 5.008481 0.48699617 0.43245564829004873 0.0
PA090-R158 287.8832254178889 16.860576876485823 0.12351194997245793 0.17378197248162272 2.5164824 125.49844 5.6343946 0.859982 0.24446364010081573 0.0
PA347-R159 287.8776107043573 16.86489970247099 0.14141264636568823 0.1333921493762162 1.1873364 77.62056 4.292477 0.53254986 0.32203787066079126 0.0
PA074-R159 287.8830994754833 16.861773823683087 0.17469608916086518 0.1582855483613903 2.12711 212.21829 3.5625224 0.3570192 0.4914697731656981 0.0
PA174-R162 287.8791403594184 16.856116371156133 0.14165298849164065 0.1514924372025285 2.4448855 160.37494 3.8678186 0.40877247 0.3231334592321236 0.0
PA001-R163 287.878708473388 16.865123593943277 0.14565983736879787 0.14298242989453555 2.173368 150.74377 6.7963805 0.8790808 0.33833915896532013 0.0
PA355-R163 287.87824956946446 16.86510637135099 0.12141582756027469 0.11733694416300518 3.448905 166.21045 6.2501698 0.87026834 0.2362364600686466 0.0
PA004-R164 287.8790054112606 16.865132204750072 0.14213997362499325 0.14803016256777304 2.2147264 146.278 5.3565845 0.48383713 0.32218482785108615 0.0
PA348-R166 287.87761970162245 16.865054702515003 0.13814347820535267 0.1642187239467701 4.675625 291.6936 4.8215446 0.36958647 0.3058138080671722 0.0
PA076-R166 287.8833334206664 16.86170492961348 0.10228452658550592 0.14537241657493352 1.2979279 44.391205 3.675797 0.17333698 0.16683705027510481 0.0
PA042-R168 287.88191178408954 16.86402995699952 0.13650868410865874 0.1457353603848179 3.1502593 191.90811 3.2884734 0.39142847 0.3030756101086365 0.0049504950495049506
PA162-R171 287.8801301047091 16.856064699745144 0.12278349819760341 0.15996204485968873 2.3432398 115.484375 5.249672 0.53676844 0.24277862774327472 0.0
PA069-R172 287.8833784259588 16.862324928584254 0.10724531665888248 0.13572906369600005 0.605587 22.769825 3.128035 0.44894743 0.18252230153500454 0.0
PA170-R174 287.87950026562066 16.855823592203958 0.12714446542197672 0.15312919905428382 0.7845752 41.462547 2.1929379 0.09024072 0.2616194545632542 0.0
PA180-R174 287.87862749122894 16.855746093973128 0.1440744104725942 0.15857328282056346 2.433285 165.11752 3.102657 0.4622954 0.33263659009746477 0.0
PA356-R175 287.8782405706291 16.86544220466462 0.13006179382988498 0.13727006578425943 5.8213863 321.92328 7.4747505 1.0486102 0.27107895121854897 0.0
PA189-R176 287.8778626891983 16.85575470360101 0.07819403669456816 0.07193908568248601 2.0033863 40.04409 2.1380198 0.2608273 0.09609713004185604 0.0
PA198-R178 287.87701690686936 16.855901087549775 0.11410876494765677 0.1431078194022008 2.1002383 89.399086 4.4629154 0.45283628 0.20968552763238915 0.02403846153846154
PA207-R178 287.8762790935094 16.856202469298445 0.08544305671621989 0.08755034286017473 2.5800738 61.5761 7.3365884 1.5189815 0.11699030446071251 0.0
PA005-R178 287.8790773972414 16.86558859349771 0.1841202687874148 0.16810826135144963 2.170548 240.54651 7.2519727 0.60974693 0.53797545942288 0.0
PA206-R180 287.8762970900705 16.856107747282348 0.14981784526702568 0.14854722780427698 3.2882924 241.28148 6.337177 1.7722116 0.35793133247189407 0.0
PA209-R181 287.8760541509675 16.856219688819806 0.16825829346668902 0.16016232621707874 3.9201126 362.80896 8.043871 1.0716481 0.4536796270632276 0.0
PA071-R183 287.8836663598326 16.86226464400317 0.17560685634822487 0.1592471374177676 1.0859897 109.48009 3.1266673 0.33720398 0.4941732743207146 0.0
PA078-R183 287.8838732981489 16.861713527756496 0.15061477774987111 0.14944191692543649 1.733057 128.52112 3.6438732 0.5084648 0.3635226604985256 0.0
PA006-R185 287.8791133901597 16.86573498230698 0.13064241449823596 0.15502947231491226 3.5653763 198.93 7.416176 0.84496117 0.27485196343783674 0.0
PA198-R185 287.87696292264127 16.855694420451773 0.11459531830220332 0.1478831021151015 2.3885632 102.54086 4.9755096 0.5040984 0.21147751455823777 0.0
PA355-R186 287.87813259236736 16.86569192664485 0.14295943291622057 0.17370311297640953 4.0893755 273.21786 7.0464916 0.897511 0.32750802881577434 0.0
PA090-R187 287.884062223858 16.860619911777974 0.14831089297043545 0.14507141894879141 0.72819066 52.36218 2.2225256 0.07602322 0.3507669960580221 0.0
PA180-R189 287.8785915006575 16.855358593969875 0.15919910738609191 0.1566308028403816 3.8106496 315.7234 3.677769 0.40202975 0.4081423905095443 0.0
PA220-R189 287.87513637940407 16.85658995303606 0.1479610576910751 0.14612411868316827 2.2431326 160.53741 5.108563 0.87665987 0.347419442482365 0.0
