m1-67/data/reproject/combo-D-neutral-knot-fluxes.ecsv
# %ECSV 1.0
# ---
# datatype:
# - {name: label, datatype: string}
# - {name: Center.ra, unit: deg, datatype: float64}
# - {name: Center.dec, unit: deg, datatype: float64}
# - {name: Peak.ra, unit: deg, datatype: float64}
# - {name: Peak.dec, unit: deg, datatype: float64}
# - {name: PA, unit: deg, datatype: float64}
# - {name: Sep, unit: arcsec, datatype: float64}
# - {name: Core Flux, datatype: float32}
# - {name: Halo Flux, datatype: float32}
# - {name: Bright Peak, datatype: float32}
# - {name: Bright BG, datatype: float64}
# - {name: Isolated, datatype: bool}
# meta: !!omap
# - __serialized_columns__:
#     Center:
#       __class__: astropy.coordinates.sky_coordinate.SkyCoord
#       dec: !astropy.table.SerializedColumn
#         __class__: astropy.coordinates.angles.core.Latitude
#         unit: &id001 !astropy.units.Unit {unit: deg}
#         value: !astropy.table.SerializedColumn {name: Center.dec}
#       frame: icrs
#       ra: !astropy.table.SerializedColumn
#         __class__: astropy.coordinates.angles.core.Longitude
#         unit: *id001
#         value: !astropy.table.SerializedColumn {name: Center.ra}
#         wrap_angle: &id002 !astropy.coordinates.Angle
#           unit: *id001
#           value: 360.0
#       representation_type: spherical
#     PA:
#       __class__: astropy.coordinates.angles.core.Angle
#       unit: *id001
#       value: !astropy.table.SerializedColumn {name: PA}
#     Peak:
#       __class__: astropy.coordinates.sky_coordinate.SkyCoord
#       dec: !astropy.table.SerializedColumn
#         __class__: astropy.coordinates.angles.core.Latitude
#         unit: *id001
#         value: !astropy.table.SerializedColumn {name: Peak.dec}
#       frame: icrs
#       ra: !astropy.table.SerializedColumn
#         __class__: astropy.coordinates.angles.core.Longitude
#         unit: *id001
#         value: !astropy.table.SerializedColumn {name: Peak.ra}
#         wrap_angle: *id002
#       representation_type: spherical
#     Sep:
#       __class__: astropy.coordinates.angles.core.Angle
#       unit: !astropy.units.Unit {unit: arcsec}
#       value: !astropy.table.SerializedColumn {name: Sep}
# schema: astropy-2.0
label Center.ra Center.dec Peak.ra Peak.dec PA Sep "Core Flux" "Halo Flux" "Bright Peak" "Bright BG" Isolated
PA296-R030 287.87784036028 16.860945805115154 287.87784467186157 16.860947203519856 296.28153574111286 2.9841626738870715 4292.598 32405.334 15.437284 -26.443044281005857 False
PA067-R032 287.8794806112479 16.860921375900286 287.87948229283637 16.860921370043755 66.86947493936553 3.1549125149909147 942.0831 3269.2686 13.002155 1.5185136795043945 False
PA031-R033 287.8791668960648 16.86142106681234 287.87916736712566 16.861420815524625 30.919260644413303 3.3108251070294017 3956.8232 5154.5166 43.19102 1.4342303276062012 False
PA072-R035 287.87964205244964 16.86086579940732 287.8796442550666 16.86086970265695 71.97437921876036 3.5235564474513 662.4802 3671.579 13.036831 2.670292901992798 False
PA017-R038 287.87896087796923 16.861611185199987 287.8789604148071 16.861610260388524 16.829907671084754 3.803227856282498 877.13586 5405.0303 16.793507 2.980067014694214 False
PA058-R044 287.8797735225772 16.8612674337236 287.8797702282245 16.861265813119978 57.69177263933969 4.378772881478465 258.81845 3227.1475 5.5152626 1.6557819366455078 False
PA338-R045 287.87808833749085 16.86176459760924 287.8781056091495 16.861765259922652 337.92334456075815 4.521866041533656 335.83765 4044.4292 9.525535 0.3351478576660156 True
PA050-R049 287.8797406212709 16.86148543794744 287.8797432356749 16.861481091043 49.97813143674663 4.9470357908001645 491.9201 2856.853 8.858024 0.9882929801940918 False
PA028-R054 287.87937481895176 16.861945134029853 287.87937432178484 16.861946092675158 28.041795442239398 5.4263621184941275 156.66171 2144.501 4.0950837 1.2463303089141846 False
PA262-R064 287.87679007343525 16.860369184793015 287.87679192110437 16.860370252306648 262.4843734024974 6.350637941225752 300.09628 790.942 5.3429694 0.4179472327232361 True
PA192-R066 287.8782406375763 16.8587691021171 287.8782405849228 16.85876859356577 191.92627434328423 6.584807134813525 225.82181 618.7911 3.5977235 0.45266611576080323 True
PA202-R068 287.87789648740176 16.85882921206572 287.87789866773824 16.858828870389686 201.81557485506812 6.759768181790186 1161.5687 777.3496 15.945297 0.523836898803711 True
PA251-R068 287.87674322964415 16.859958915801066 287.8767469358023 16.85995691856467 250.60075274581175 6.821162395568218 279.4532 512.16846 4.344872 0.4284687876701355 True
PA185-R071 287.87843984085083 16.858620952743973 287.87843853699945 16.85862220497039 185.20291541111195 7.074820455075996 978.0796 771.80615 14.161974 0.4143345832824707 True
PA177-R075 287.8787812341072 16.858518937504996 287.8787804536075 16.858518871696802 176.82857239170298 7.475119183735325 101.23638 746.57196 1.4972603 0.3456229567527771 True
PA042-R077 287.8801610442736 16.862173180006497 287.8801391507669 16.862187199668238 41.62550224073183 7.663316111213477 250.92712 1715.2842 6.4530754 -0.2034453272819519 True
PA330-R077 287.8775021465727 16.86247205859272 287.8775027417618 16.862471368575815 329.9013966731095 7.674085680330464 586.2488 1308.6388 6.934624 0.13245146274566652 True
PA039-R083 287.88018342100236 16.86244982056981 287.8801841427549 16.862445532670744 39.060066349133635 8.308393048281967 916.6909 2246.3135 11.504006 -0.13000929355621338 False
PA179-R085 287.87868241755075 16.858189592330042 287.8786814777177 16.85819164951608 179.24614909708282 8.519408373717578 287.89145 926.7713 4.1430326 0.5124574422836303 False
PA219-R092 287.87693225112434 16.858576047180154 287.87692690566746 16.85858775347614 219.06780010195922 9.199690349976892 310.4331 1441.756 5.288627 -0.37992491722106936 True
PA095-R093 287.88137279152664 16.860370961532844 287.8813718474236 16.86037024262398 94.99475790957146 9.321903082673638 748.70105 850.8883 11.113005 0.38609414100646977 False
PA330-R093 287.87724323412687 16.862880059562187 287.87724179702894 16.862876089187683 330.1218969791886 9.330486013373456 163.75214 970.96387 2.4035919 0.3346503674983978 False
PA356-R098 287.87841502645006 16.86336046352881 287.8784115377164 16.86335831604975 356.0208232478922 9.782912671341565 594.7409 599.5272 6.610991 0.008588445186614993 True
PA253-R098 287.87592679488245 16.85978449816567 287.87592813202355 16.85978468718778 252.61919285610367 9.793772318367127 51.844955 322.78287 1.0623685 0.23459307551383973 True
PA005-R101 287.8788977200991 16.863454199286398 287.87889743161554 16.86345303825055 5.0073121388263475 10.115936365100394 572.75665 485.99866 6.8318305 0.030808532238006593 True
PA357-R101 287.87855558154774 16.863445584974478 287.8785555062007 16.863444427273635 357.4631799779348 10.116243243106208 876.66254 1320.9409 8.991312 0.03731579780578614 False
PA096-R102 287.881633412322 16.86030300484835 287.88163278516225 16.860301350123766 95.87924919564686 10.178391233994837 317.67258 1920.4095 3.971928 0.44244134426116943 True
PA207-R102 287.8772667308679 16.85807047108949 287.87726882604903 16.85807108937375 207.252693260486 10.213385398548805 282.64 344.9621 4.117608 0.01749598979949951 True
PA203-R102 287.8774737550553 16.857939382321113 287.87747577581536 16.85794192398368 202.72686654996232 10.244036846699961 1155.0537 501.9204 14.795303 0.026977765560150146 True
PA359-R104 287.87857051162644 16.86346933975432 287.8785735022647 16.863470260613962 359.28660736819756 10.367132616032288 851.25134 1763.979 8.991312 0.04417438507080078 False
PA290-R104 287.87578241615023 16.861595845560533 287.87578413885024 16.86159301857335 289.9597897996694 10.371434598825056 82.90939 400.54437 1.249308 0.07868702411651611 True
PA193-R105 287.87795328323 16.85770209005588 287.8779526587442 16.85770942613548 192.7757138783096 10.535492309816057 628.82263 415.61243 8.80341 0.0428932785987854 True
PA043-R107 287.88076578334153 16.8628082590213 287.8807600181204 16.86280719424027 42.69704250086977 10.707356881564325 1263.3914 1566.0034 16.465548 -0.41181476116180415 True
PA062-R108 287.88143586184685 16.86197993574892 287.8814348564169 16.861980519558063 62.40598436334054 10.803883288615872 92.531906 362.1992 1.2877625 0.13890515565872194 False
PA227-R110 287.8762775190809 16.85850039568493 287.8762790647304 16.8585016359554 226.87355102948678 10.957440029214718 146.03598 639.92957 1.7763722 0.06912648677825928 False
PA203-R110 287.87737505360786 16.857760364106973 287.8773768015035 16.857761090066287 203.12007181342457 11.007756179808554 399.04782 2593.0815 5.8633637 0.2531655788421631 False
PA044-R110 287.8808653729089 16.862814479969977 287.8808679941995 16.862807193105798 44.14564066395699 11.04749837554651 1178.8501 2173.0918 13.156242 -0.2059082508087158 False
PA039-R111 287.88068102584384 16.863041542698483 287.88067903856205 16.86303969505354 38.65461531621216 11.114203809022609 1717.896 2174.212 22.699516 -0.1229393482208252 False
PA197-R112 287.8776896648424 16.857610979198473 287.877691724067 16.857614702872922 196.689168799342 11.161835629378425 671.1199 2390.7136 9.568672 0.16600823402404785 True
PA084-R112 287.8818977397038 16.86092826758902 287.8818937346949 16.86092995729261 83.6130351782113 11.177524015082085 498.06552 369.18402 6.4455557 0.18301975727081302 True
PA170-R113 287.87923753809366 16.85749212962503 287.87923933831587 16.857494148666728 169.57252129628102 11.295210816019617 219.3729 683.2536 3.0811803 0.09363926649093629 True
PA188-R114 287.87812680001406 16.857486457197076 287.878132614631 16.857485537772725 187.95016246963368 11.426491994316251 409.6645 1451.0015 5.3592205 0.06819870471954347 False
PA113-R116 287.8817432752674 16.8593092867212 287.8817407435964 16.8593110707568 113.30027352889753 11.560079928382175 1010.65405 639.1607 13.768631 0.2850731134414673 False
PA083-R117 287.88204894557515 16.8609810897901 287.88204670021724 16.860981621495327 83.16303931275354 11.654695003981551 263.55923 1198.4138 3.3265789 0.12567341327667236 False
PA183-R119 287.8784777655422 16.8572548196924 287.8784745294595 16.85726164945081 182.64373160610052 11.886321907780335 209.86327 616.50146 3.2943377 0.09091289043426513 True
PA205-R119 287.8772040449596 16.857561643299668 287.8772058454496 16.85756303338995 204.56392396493075 11.923778194336005 122.25134 1522.5566 2.1767583 0.3144533634185791 False
PA055-R120 287.88149068958506 16.862523886588825 287.88148885237973 16.862523018820273 54.69872425735836 12.015383889211755 101.78937 269.6091 1.3223851 0.11294344663619996 False
PA090-R121 287.882165856703 16.860583036943773 287.8821636658015 16.860585508424354 90.41960329625103 12.093260660970929 547.83813 930.3275 8.333067 0.34265575408935545 False
PA209-R122 287.87689888122094 16.85762002854861 287.87689992115514 16.857623308807522 209.11767316527326 12.151300191368758 939.59265 595.2749 13.490763 0.22520685195922852 False
PA167-R122 287.87940117252134 16.857292357364475 287.87940129709114 16.85729609258241 167.31028302472725 12.155578123781261 446.28552 956.9884 5.0245147 0.05709521770477296 False
PA092-R123 287.8822388118299 16.860491767469426 287.88223564720926 16.86049078496287 91.89386166142998 12.302070271695632 725.5419 931.8171 8.92308 0.4878859519958496 False
PA034-R126 287.88067495019664 16.86350739428705 287.8806700455242 16.86350469514071 33.80636265734553 12.562377904588997 670.1951 1737.3489 9.34321 0.26113412380218504 True
PA050-R126 287.8814260865337 16.862861355251326 287.8814258713676 16.862858853010874 49.56704135346802 12.579288239376472 106.339424 1202.6411 1.6515162 0.29723734855651857 False
PA180-R130 287.87865071874813 16.856941408524097 287.8786544842975 16.85694303841148 179.65278141202975 13.047910576140387 1138.4109 3505.2285 12.659491 0.2137610912322998 False
PA167-R131 287.87949949530946 16.857025571668103 287.87950027107144 16.857029147752897 166.5517940651275 13.092657659199855 1464.0278 2607.263 16.241297 0.25385050773620604 False
PA174-R133 287.8790659091229 16.856887419031324 287.87906837964675 16.856891371312116 173.51988201380723 13.318761877650125 134.96017 825.7041 1.906394 0.22995903491973876 False
PA060-R134 287.88201119449013 16.86249945576562 287.88201073551676 16.86249717763753 59.54811629721563 13.356809945837046 397.40485 461.52692 5.0943956 0.22563846111297609 False
PA090-R137 287.8826157943199 16.860560429885727 287.8826135603003 16.860559666932687 90.37148626651197 13.655069079842528 185.97055 2558.6016 3.3790448 0.6614155769348145 False
PA085-R138 287.8826436738735 16.86089642811869 287.882640561096 16.860895499744515 85.4203587455898 13.757538002330357 331.1703 575.66003 5.3529987 0.5025150775909424 False
PA033-R138 287.88091119923826 16.863787316028265 287.88090399795357 16.86378885937879 33.41051222448549 13.809421841269197 441.40326 2820.919 5.463258 0.3841333150863647 False
PA036-R139 287.8810010481448 16.863750133640064 287.88100297600306 16.8637458027165 35.80539579467498 13.89057484457009 330.32944 2772.3213 4.54976 0.46103498935699466 False
PA054-R139 287.8819487863134 16.86290969001004 287.8819477567941 16.86291051198699 54.130759713821845 13.923710067249017 115.09123 510.3398 1.7772727 0.360337495803833 False
PA209-R141 287.8766816408296 16.857123908532156 287.8766839801004 16.857123862426143 208.5545148928927 14.103100349390585 388.03082 1672.7444 5.058757 0.3163774013519287 False
PA353-R145 287.87812157674483 16.864602558939325 287.87812359724256 16.864598315518123 352.939665855005 14.469046238460129 225.88647 232.63116 3.392528 0.061470437049865725 True
PA074-R145 287.8827056301382 16.86173096514247 287.8826945662951 16.861722165356998 73.77528454134325 14.49317834167031 378.51224 244.81139 8.466251 0.17873359918594361 True
PA109-R145 287.88263446420365 16.85925205110636 287.8826315285021 16.859250777700492 109.45504622280768 14.51218874991077 223.91394 322.09097 3.9367769 0.5572385668754578 False
PA196-R146 287.87743803886167 16.856665838935168 287.87743979284306 16.856667479336743 196.22234888710852 14.63432749622834 377.5974 230.24982 6.651493 0.11313019394874574 True
PA062-R147 287.88243611235583 16.862508109863715 287.8824336413045 16.862505781419884 62.1214087821436 14.66308539938589 121.75218 939.45966 1.7917013 0.3590232372283936 False
PA031-R147 287.88089724211767 16.864143224169215 287.8808950041014 16.864141915031137 31.45004973402716 14.689298247893328 128.0115 1917.878 2.0292525 0.39010047912597656 False
PA357-R148 287.87841082348797 16.86472100267209 287.8784115360326 16.86471887160036 357.1338782920824 14.753784965895571 340.875 367.56714 4.491297 -0.005288463830947876 True
PA068-R148 287.88260696591936 16.86214723739903 287.8826045955824 16.862144111545756 67.69819306812978 14.789679176532534 116.3597 266.2174 1.6832459 0.24143189191818237 False
PA156-R149 287.880408604533 16.85681106418141 287.8804090399538 16.856813864213375 155.77451414381082 14.869046331318039 162.64182 550.1408 2.5408008 0.21952996253967286 False
PA097-R151 287.8830009955244 16.860053809135394 287.88300045827873 16.86005160357814 97.37451753929106 15.110538931828286 312.85236 546.6117 4.58451 0.23453955650329592 False
PA002-R153 287.8788138064184 16.864852241472537 287.8788074524373 16.864848038335385 2.1181482259414346 15.266760452082998 310.75122 904.6023 5.688999 -0.0673370361328125 False
PA360-R153 287.87866728275077 16.864876608458083 287.8786724808849 16.86487387173036 359.62449822700506 15.314657912783273 323.6004 1306.5862 4.6725082 -0.05688526034355163 False
PA093-R153 287.88310132346174 16.86040577925859 287.88309944322594 16.860404657020716 92.81866801623983 15.3227473785155 193.48148 648.9198 3.3324172 0.3818393707275391 False
PA357-R158 287.87838480028296 16.864980583881266 287.8783845413833 16.86497720489991 356.7918781067209 15.773048466137206 232.3339 1650.6787 2.9430537 0.2586874008178711 False
PA090-R158 287.8832535889442 16.860613438768947 287.8832524124295 16.860611320329458 89.90038943961278 15.825309446908959 1242.6561 718.22644 19.44944 0.5457849740982056 False
PA347-R159 287.87760276696247 16.86492241018404 287.87760170615604 16.864916924647794 347.23241870930246 15.881003000556705 136.15564 498.76593 1.6755748 -0.032935506105422965 True
PA074-R159 287.88311840053865 16.861792705553064 287.8831174718054 16.86179104551613 74.47115232219531 15.88392729964669 276.21585 930.87244 3.9481072 0.27426049709320066 False
PA174-R162 287.8791324362063 16.856095757841274 287.87913136168595 16.856099148955394 173.7600671732906 16.2066860316981 249.46077 763.01685 3.4477613 0.2970407962799072 True
PA001-R163 287.87871783763615 16.865142780158806 287.8787174715114 16.865140816162437 0.8698648579361684 16.271204218608734 401.74725 2011.4126 4.7096167 0.4540374517440796 False
PA355-R163 287.8782476831932 16.865133857175458 287.87824956941034 16.86513220468415 355.2658866141879 16.295925132835396 299.74988 1543.1798 4.9468436 0.4898632049560547 False
PA004-R164 287.87901521049434 16.865177819715928 287.8790144094619 16.86517526028947 4.409480231911589 16.375801803428427 122.41228 1255.4402 1.556124 0.26769490242004396 False
PA348-R166 287.8776495915538 16.86514048099174 287.8776556936259 16.865140813801336 348.02635079617806 16.578023863007996 741.19244 1388.541 7.692212 -0.0714736223220825 False
PA076-R166 287.8833470686704 16.86171417778307 287.8833424188344 16.861713540519997 75.91849971694795 16.644017911931392 529.31836 848.96344 8.090833 0.27544370889663694 False
PA042-R168 287.8819623152835 16.864041365922617 287.8819657726294 16.864038567249075 42.41286944294083 16.75654606880907 275.52863 1300.4126 2.6635475 -0.3141911029815673 False
PA162-R171 287.88014376366846 16.85606330394762 287.8801481000805 16.85606469961496 162.3248335902421 17.073643954105012 82.05757 1089.2786 1.6635697 0.5007023334503174 False
PA069-R172 287.8833181338616 16.862301893760215 287.8833154394356 16.86229909668577 69.0059169003032 17.197900389824706 129.18002 278.94397 2.6770713 0.36022602319717406 False
PA170-R174 287.87951800782406 16.855832033193614 287.87951826100885 16.855832203239718 170.1243093230256 17.351780019240017 26.247654 470.11713 0.7770716 0.4075894594192505 True
