m1-67/data/reproject/combo-E-ionized-knot-ellipses.ecsv
# %ECSV 1.0
# ---
# datatype:
# - {name: label, datatype: string}
# - {name: Ellipse Center.ra, unit: deg, datatype: float64}
# - {name: Ellipse Center.dec, unit: deg, datatype: float64}
# - {name: Ellipse Sigma X, unit: arcsec, datatype: float64}
# - {name: Ellipse Sigma Y, unit: arcsec, datatype: float64}
# - {name: Ellipse Theta, datatype: float64}
# - {name: Ellipse Bright Peak, datatype: float64}
# - {name: Ellipse Bright BG, datatype: float64}
# meta: !!omap
# - __serialized_columns__:
#     Ellipse Center:
#       __class__: astropy.coordinates.sky_coordinate.SkyCoord
#       dec: !astropy.table.SerializedColumn
#         __class__: astropy.coordinates.angles.core.Latitude
#         unit: &id001 !astropy.units.Unit {unit: deg}
#         value: !astropy.table.SerializedColumn {name: Ellipse Center.dec}
#       frame: icrs
#       ra: !astropy.table.SerializedColumn
#         __class__: astropy.coordinates.angles.core.Longitude
#         unit: *id001
#         value: !astropy.table.SerializedColumn {name: Ellipse Center.ra}
#         wrap_angle: !astropy.coordinates.Angle
#           unit: *id001
#           value: 360.0
#       representation_type: spherical
#     Ellipse Sigma X:
#       __class__: astropy.units.quantity.Quantity
#       unit: &id002 !astropy.units.Unit {unit: arcsec}
#       value: !astropy.table.SerializedColumn {name: Ellipse Sigma X}
#     Ellipse Sigma Y:
#       __class__: astropy.units.quantity.Quantity
#       unit: *id002
#       value: !astropy.table.SerializedColumn {name: Ellipse Sigma Y}
# schema: astropy-2.0
label "Ellipse Center.ra" "Ellipse Center.dec" "Ellipse Sigma X" "Ellipse Sigma Y" "Ellipse Theta" "Ellipse Bright Peak" "Ellipse Bright BG"
[from data line 113]
PA203-R200 287.8762405926012 16.85541115594998 1.1674084714859172 0.5737959866314281 202.93730669612367 8.967581285904078 0.5468775844573975
PA354-R202 287.8780333837759 16.866182826237996 0.13882660524886567 0.18424897464405335 354.06762896573895 1.0441831850942256 3.543754663946879
PA085-R202 287.8844735078737 16.861132978316242 0.26372404031878444 0.44033589435208365 84.82342868761081 3.1314089872494884 2.2525068544205853
PA092-R204 287.88455989426967 16.860442524025054 0.3167258073678247 0.17349336305838117 92.03975169791194 1.724218623784395 3.6620537639115964
PA194-R204 287.8772051256373 16.8551112714157 0.07099026245942566 0.07494497662361128 194.03330611890365 1.8102005342554408 3.1097097248946435
PA224-R205 287.87459940582994 16.85658212956415 0.5062925952804113 0.5013501507594292 224.2056099510396 1.9482177498538158 0.9914396188416272
PA202-R206 287.8763108741945 16.85537275199188 0.5011551389358706 0.2783934254461797 202.17207230451473 5.6759204160367505 3.301118788592207
PA077-R212 287.8847022084585 16.861991298591185 0.2672881538924156 0.3605495392319872 77.20003853917879 4.176180795414808 2.993450107805208
PA205-R215 287.87597376843456 16.85517713014234 0.10905924504595742 0.17561211035587881 205.12327468049776 1.950353526212501 4.315774173413465
PA091-R215 287.884588781398 16.86039691980429 1.4612359914132258 0.5807681461381874 91.00559429601124 5.6737683391371725 0.3223313093185425
PA212-R215 287.875313413661 16.85550917270783 0.11763384840002468 0.23777592719782437 211.98613816905123 2.0279537520059177 4.071611632158421
PA238-R217 287.8734123654345 16.857419619408436 0.3013384727383666 0.3449374100054764 237.60742355182862 0.43939475377342974 0.8072006639143996
PA076-R219 287.88481823589933 16.862064677266297 0.3078138894717551 0.22874391552970838 75.56131087204639 4.437253140999907 4.436548580750336
PA077-R219 287.8848188140802 16.862060156990946 0.2722081341524746 0.2659254550689468 76.80858360911147 3.5306698346504217 5.2472474142278225
PA271-R220 287.87216406456076 16.860714170566055 0.5657253964731118 0.4423991938448767 270.8866412346092 3.278483035415754 0.8693817473168886
PA177-R222 287.87895404804067 16.854306897760907 0.47498498753889634 0.3728853731674953 177.2899997741525 2.127676986910556 1.9725023301806484
PA271-R224 287.8721065330492 16.860714731450287 0.11630340206313582 0.2713132639087248 271.25527958361334 1.850940084300069 3.2597679388943592
PA185-R225 287.8781757419397 16.854361202088356 0.34677485482801457 0.15537468855559294 184.7717396256097 0.7130493684300139 0.6775807283365125
PA204-R225 287.8758895258838 16.854850637219943 0.19560350538006516 0.25985448017328266 204.4649080794199 1.9185539547341437 3.5287134885712037
PA083-R226 287.88516818357397 16.861361623239393 0.2823742972016809 0.2530319699742298 83.07804039502408 2.343517635385116 1.9833468584624123
PA177-R232 287.8784599768174 16.85464993035252 1.2399181814682447 0.3381895436207546 176.69351501381556 18.545885203608197 0.9091570382866268
PA230-R234 287.8734154149242 16.856439513248688 0.13259078461345142 0.10139300504615092 230.26700165995553 1.5157226093021525 2.050954883367403
PA204-R234 287.8758151973897 16.85464125784102 0.14258913372960497 0.2550269455176427 204.38749406544923 2.5559388153341227 2.778639896809827
PA238-R234 287.87236110080045 16.856955946445133 0.8054377368484207 0.12479269798531155 238.32058359631765 2.5074641685874903 1.0759915751569007
PA219-R235 287.87430256153453 16.855508656069574 0.3181499094603938 0.2016363555597367 219.0242389999707 1.152170659335519 1.9818793693743673
PA279-R237 287.8719379032952 16.861632751685118 0.33845230166432316 0.372379904494337 278.5842547127372 0.798541839259705 1.0576010034871077
PA220-R249 287.87400607182184 16.85526290678748 0.23152804818445377 0.3459698359283741 219.52377272389026 1.4366120099330293 2.6572058229708273
PA247-R249 287.87194584141906 16.857949598263822 0.27415140254237336 0.3719955735051209 247.2517830698292 2.5522767664378536 0.764700851541975
PA249-R252 287.87161526986836 16.85757485941202 0.15284267716466066 0.792953239962642 248.57806544097872 15.718402219919069 2.842859208984678
PA093-R256 287.8871361339256 16.86000319610627 0.5128442921247202 2.2441107326827456 92.97826595434081 11.47619064468717 1.2880887302999824
PA167-R257 287.8804637341818 16.853626996681328 0.26711158549303493 0.09447673585066635 166.59560512998968 1.3715984157882966 3.186402300729383
PA348-R258 287.8770320581577 16.867514115746584 0.33898965181632223 0.22167951602813113 348.4534810994319 1.4243746895898286 2.367917695814227
PA086-R259 287.8862052722339 16.86103497836455 0.49931600556519873 0.566397393277255 86.35876212116817 3.766169868294553 0.3886827260997985
PA094-R261 287.8862705658533 16.860283190225072 0.7189733871261959 0.8887310409577441 93.74912282892667 4.82923487501929 0.34680359125137333
PA348-R264 287.8769706901807 16.86780285957818 0.3123426587830578 0.23285842255177006 348.02079036082057 1.1426572967331374 2.12710698439832
PA221-R266 287.8735433896544 16.85498296869776 0.10902850736581068 0.2250924381957689 220.8666898312242 2.025933224831823 3.1172526395024107
PA249-R267 287.8713894112283 16.85799598038276 0.252619828957632 0.167598374494411 249.45697867809605 1.468822586163015 2.1665496379421274
PA343-R268 287.8762807426973 16.867653019590218 0.15975599428629472 0.2072880006040589 342.69923396465583 2.1014609626775553 3.3156114942781256
PA084-R268 287.88643548091085 16.86129048406525 0.16694209122078757 0.16785370165251504 84.48889595715141 1.2250817079359764 2.40822563706727
PA241-R269 287.871539419181 16.857039682444075 0.5091441329530575 1.6116049991115426 240.75203377829365 1.9812562309085495 0.121116601228714
PA088-R273 287.88565693356463 16.860704022588756 2.212794667811733 0.3133375396721348 87.75649694421752 3.027567498188366 2.076627921190167
PA194-R274 287.87676232295536 16.853222580275425 0.1809316945532131 0.15394256890553473 193.66338280665852 1.0181670326672492 1.3315343043806223
PA085-R274 287.88655727917387 16.861205824157103 0.1720840463800873 0.1239549508781852 85.3436239582365 0.9851510005973583 2.822477745939825
PA244-R275 287.87147254642383 16.85718045341102 0.21744883877326118 0.17734830123359163 243.58882284408608 0.858798052544193 2.0013721689140005
PA162-R275 287.88131514015134 16.85326615640377 0.605297267850421 1.0581984481445965 162.02841766461154 4.665491303187683 0.301799373626709
PA220-R284 287.87332463391994 16.85453655872978 0.5947130205713661 0.4625803684132837 219.5602978605077 3.957872124339871 0.2618103155944141
PA224-R286 287.87291549169896 16.854833629785592 0.575427674776981 0.7978921951826772 223.80487115920315 3.003468540125818 0.7361698103801444
PA243-R287 287.87117609956596 16.856965693412516 0.17182999543199165 0.176140242868129 243.04411802210387 0.9011458105091644 1.7197906508415883
PA190-R293 287.87695976124337 16.85217668929064 0.8439279337613462 0.416575893326388 190.4969656328342 6.611438628646681 1.9317629511927301
PA089-R308 287.88760910057266 16.860871995762285 0.31834396081194005 0.35470864078919784 88.54510177171716 0.6165651363078904 1.5195420285377275
PA156-R329 287.8823191062047 16.852090646037386 0.6458856714343406 0.2520815063081829 156.4496533289238 1.9793756856523992 2.2493918674340034
PA157-R331 287.8824059179942 16.85205318083914 0.8773741557824369 0.7584395937289222 157.0440439800927 3.897567238929856 0.34364581925831306
PA156-R336 287.88265698216475 16.852064318142126 0.46269089121364887 0.9508959098493184 155.77751731657355 3.345596775986973 0.6184630411575822
PA164-R337 287.88128944018956 16.851646460668075 0.42260776008404827 0.03099999999999996 163.5135339419548 0.40920561174042785 3.1459776805852537
PA158-R351 287.8824996050527 16.851529112428352 0.129431488224412 0.4470138940960203 158.0380970621678 0.8727718156048755 3.99023959298799
