m1-67/data/reproject/combo-E-ionized-knot-peak-stats.ecsv
# %ECSV 1.0
# ---
# datatype:
# - {name: label, datatype: string}
# - {name: Peak Center.ra, unit: deg, datatype: float64}
# - {name: Peak Center.dec, unit: deg, datatype: float64}
# - {name: Gauss Center.ra, unit: deg, datatype: float64}
# - {name: Gauss Center.dec, unit: deg, datatype: float64}
# - {name: r_eff, unit: arcsec, datatype: float64}
# - {name: r_rms, unit: arcsec, datatype: float64}
# - {name: Gauss sigma, unit: arcsec, datatype: float64}
# - {name: Bright Peak, datatype: float32}
# - {name: Bright Gauss, datatype: float64}
# - {name: Core flux, datatype: float32}
# - {name: Bright BG, datatype: float32}
# - {name: MAD BG, datatype: float32}
# - {name: Fill fraction, datatype: float64}
# - {name: NaN fraction, datatype: float64}
# - {name: Peak SNR, datatype: float32}
# meta: !!omap
# - __serialized_columns__:
#     Gauss Center:
#       __class__: astropy.coordinates.sky_coordinate.SkyCoord
#       dec: !astropy.table.SerializedColumn
#         __class__: astropy.coordinates.angles.core.Latitude
#         unit: &id001 !astropy.units.Unit {unit: deg}
#         value: !astropy.table.SerializedColumn {name: Gauss Center.dec}
#       frame: icrs
#       ra: !astropy.table.SerializedColumn
#         __class__: astropy.coordinates.angles.core.Longitude
#         unit: *id001
#         value: !astropy.table.SerializedColumn {name: Gauss Center.ra}
#         wrap_angle: &id002 !astropy.coordinates.Angle
#           unit: *id001
#           value: 360.0
#       representation_type: spherical
#     Gauss sigma:
#       __class__: astropy.units.quantity.Quantity
#       unit: &id003 !astropy.units.Unit {unit: arcsec}
#       value: !astropy.table.SerializedColumn {name: Gauss sigma}
#     Peak Center:
#       __class__: astropy.coordinates.sky_coordinate.SkyCoord
#       dec: !astropy.table.SerializedColumn
#         __class__: astropy.coordinates.angles.core.Latitude
#         unit: *id001
#         value: !astropy.table.SerializedColumn {name: Peak Center.dec}
#       frame: icrs
#       ra: !astropy.table.SerializedColumn
#         __class__: astropy.coordinates.angles.core.Longitude
#         unit: *id001
#         value: !astropy.table.SerializedColumn {name: Peak Center.ra}
#         wrap_angle: *id002
#       representation_type: spherical
#     r_eff:
#       __class__: astropy.units.quantity.Quantity
#       unit: *id003
#       value: !astropy.table.SerializedColumn {name: r_eff}
#     r_rms:
#       __class__: astropy.units.quantity.Quantity
#       unit: !astropy.units.Unit {unit: arcsec}
#       value: !astropy.table.SerializedColumn {name: r_rms}
# schema: astropy-2.0
label "Peak Center.ra" "Peak Center.dec" "Gauss Center.ra" "Gauss Center.dec" r_eff r_rms "Gauss sigma" "Bright Peak" "Bright Gauss" "Core flux" "Bright BG" "MAD BG" "Fill fraction" "NaN fraction" "Peak SNR"
[from data line 69]
PA357-R148 287.8784204657189 16.86468447260765 287.87842357799326 16.86468538008366 0.1216985308778908 0.1260024756123093 0.08066523930738984 3.4361362 3.61756357240716 166.36713 7.1416006 0.37363577 0.23733784170711741 0.0 9.196486
PA068-R148 287.8826587323815 16.862221712649827 287.8826651571978 16.86221384134333 0.1441645840032271 0.15979651316437765 0.1548700779858654 1.9821944 2.1551825589629923 134.6759 4.758551 0.71749306 0.3363506581523631 0.0 2.762667
PA156-R149 287.88040004082615 16.856813907459706 287.8804044389737 16.856791264231113 0.12265247654616535 0.15725367413481012 0.13666519714442377 1.2030339 1.1861035228279808 59.16393 3.2892933 0.30110574 0.2410732157090131 0.0 3.9953868
PA097-R151 287.8830635369435 16.86007740887202 287.8830536638402 16.860074760208217 0.11826870435692687 0.1319216962626376 0.14055893132619257 1.3089931 1.299100109953538 59.855427 3.9880025 0.78779006 0.21983803235567534 0.0 1.6616014
PA002-R153 287.87878945621014 16.864822205015525 287.878767786995 16.86489331578732 0.10237917227997502 0.1175852848853205 0.12516607013734002 2.736333 2.1808637737143615 93.76022 7.1389284 1.7085986 0.1671459477122237 0.1951219512195122 1.6015072
PA360-R153 287.8786184727153 16.864873820203965 287.87861108352683 16.864869411802406 0.15489420657628608 0.12746726011960796 0.09779842938130053 2.1600342 2.4175680936529 169.41718 8.871027 0.7546377 0.3807409712411825 0.10194174757281553 2.862346
PA093-R153 287.8831174234948 16.860464967653385 287.883117167024 16.860457193169236 0.06753641345769838 nan 0.13201439371969986 0.74982595 0.8276268115501698 11.180544 5.214471 0.47703075 0.07238277879733483 0.0 1.5718608
PA357-R158 287.87837556737895 16.864977179207695 287.8784091086234 16.864992913237394 0.1617063612186877 0.14807587227096414 0.14745661044502403 1.514502 1.3063493773870942 129.46446 5.033222 0.47172093 0.42318408323986695 0.0 3.210589
PA090-R158 287.88322542653157 16.860576856913994 287.8832240856844 16.860561743157064 0.11544994486048207 0.17322754552306768 0.14002905411724176 2.4176922 2.468133623774442 105.345245 5.733185 0.89759445 0.213591407327091 0.0 2.693524
PA347-R159 287.87761078149896 16.86489971269437 287.87764660323546 16.864909017962365 0.13764421062767856 0.1292640733220354 0.12618774497723337 1.1584005 0.9340268014356886 71.74657 4.321413 0.45990205 0.3051029073780981 0.0 2.5187984
PA074-R159 287.88309943631884 16.861773851317487 287.88311795217345 16.8617863120644 0.1703921890105795 0.15637168988503147 0.16463399064874812 2.0315588 1.8058123952106 192.8214 3.6580737 0.30498147 0.46755188439279943 0.0 6.661253
PA174-R162 287.8791403794014 16.85611636725429 287.87914009258657 16.856101918223388 0.14133150026381466 0.1513126077121303 0.11230709185925229 2.439605 2.7789771089704494 159.303 3.873099 0.3734665 0.32166838998277786 0.0 6.532326
PA001-R163 287.87870846327024 16.86512356117984 287.8787242352449 16.865103378275542 0.14889793767167675 0.14544792680078056 0.14139853360198526 2.2245045 1.8916205161092 161.22676 6.745244 0.818707 0.35354930598561357 0.0 2.7170947
PA355-R163 287.87824942111786 16.865106483159426 287.87824164656575 16.86511956962626 0.12743917470170524 0.12599415112115503 0.08516200854932686 3.5608954 3.901889199324703 189.0565 6.1381793 0.95434904 0.2602568794699276 0.0 3.7312295
PA004-R164 287.87900523784907 16.86513230114306 287.8790015175724 16.865138986316715 0.1277283758477193 0.1363802262704778 0.0839922365582622 2.0290651 2.0275988427107556 108.21744 5.542246 0.5359826 0.2601641213021627 0.0 3.7856922
PA348-R166 287.8776198710228 16.86505479888534 287.87763431035165 16.86506860909068 0.13622909049537987 0.16368846811384005 0.1251910541876775 4.619611 4.538272621357407 280.26675 4.8775587 0.35438824 0.2973966224520814 0.0 13.035452
PA076-R166 287.88333327557797 16.861704958625364 287.88333265012926 16.86170677836403 0.09812530913267221 0.14167693112107851 0.06902662150734838 1.2775457 1.2462841092375345 40.212864 3.6961792 0.15646005 0.15354465391577743 0.0 8.165316
PA042-R168 287.88191166371814 16.864029826803776 287.8819085308334 16.8640247650228 0.13564213654171636 0.14488243834400935 0.10942855209727093 3.1260285 2.9181485193646393 188.022 3.312704 0.39907026 0.2977586311869102 0.0049504950495049506 7.8332787
PA162-R171 287.8801300521428 16.85606467489293 287.88012912951746 16.856063788522594 0.10577389550382821 0.15193771658878405 0.07367562219094154 2.164297 2.3095378838897545 79.15901 5.4286146 0.5085819 0.1801720605107951 0.0 4.255553
PA069-R172 287.8833785953916 16.86232482335926 287.88338813233 16.862348287367293 0.10260829711416816 0.13015909042784277 0.1684402166668227 0.5943594 0.726324104271727 20.456936 3.1392627 0.44895363 0.16707990701916148 0.0 1.323877
PA170-R174 287.8795002205009 16.855823648772603 287.8794964939478 16.855823788994666 0.12803058662118044 0.15358316477143347 0.10196729062789721 0.7884829 0.8292281246013932 42.2519 2.1890302 0.062989116 0.2652788256654645 0.0 12.517764
PA180-R174 287.87862746100564 16.855746108127505 287.8786195006923 16.855740819712583 0.1377675645507833 0.1558704973769462 0.12709378676515842 2.3336773 2.3196397499786805 144.79756 3.2022648 0.5661237 0.3041517220291437 0.0 4.122204
PA356-R175 287.87824053332736 16.865442112468955 287.8782316673994 16.865438339814375 0.11501909590799778 0.11882789666638653 0.10051331779010968 5.384939 5.303627278694259 232.88805 7.9111977 1.1276846 0.21200017368092255 0.0 4.7752175
PA189-R176 287.8778628957328 16.855754324669576 287.8778666154111 16.855743857177316 0.08580041086273442 0.10078927557766625 0.06925996444340003 2.047802 2.2109397028657187 49.28255 2.093604 0.24177623 0.11570227146148682 0.0 8.469824
PA198-R178 287.87701681136974 16.855901088044146 287.8770110054777 16.85590189649783 0.10137017146969762 0.12311768742962366 0.07407984270138197 1.9630327 1.9787011612141925 65.94386 4.600121 0.40103173 0.16150408524733323 0.02403846153846154 4.894956
PA207-R178 287.87627915637154 16.85620246214782 287.8762427422154 16.856198124307245 0.0827324503254637 0.07674996075477518 0.13737668031221067 2.5589042 2.2037493429370523 57.25749 7.357758 1.1507256 0.10968521529552984 0.0 2.223731
PA005-R178 287.87907736941196 16.865588630583574 287.8790854545845 16.865558220616904 0.17482598579274874 0.16582299025756017 0.14740018154467988 1.9473991 2.006195086798518 194.57787 7.4751215 0.4807737 0.4850329426885809 0.0 4.050553
PA206-R180 287.8762971223043 16.85610763473466 287.8762920405859 16.85610392364704 0.11749804587589546 0.11388121509256505 0.11809718293613974 2.7073545 2.8184035581895936 122.189224 6.9181147 1.7641895 0.22015771633241235 0.0 1.5346166
PA209-R181 287.8760542525958 16.856219647426943 287.8761251902927 16.856196852189168 0.15900168837059775 0.15630102940197096 0.21006608218470368 3.6002073 2.8333181803382534 297.5483 8.363776 1.0223098 0.40513502382764627 0.0 3.5216403
PA071-R183 287.8836663558553 16.86226483729533 287.88361773446337 16.862306004669133 0.16167065890641186 0.15257178107515518 0.17552444918113455 0.94523406 0.7792820071051605 80.765945 3.267423 0.32761908 0.41885020686130897 0.0 2.8851619
PA078-R183 287.88387325618663 16.861713505034636 287.8838719867031 16.86172291991306 0.13330608254289697 0.13592553730972343 0.1156400942598556 1.5422361 1.7070353533763347 89.59366 3.8346941 0.5726572 0.28477132086660345 0.0 2.6931226
PA006-R185 287.8791135632295 16.865734992917464 287.87912621377 16.86573482713446 0.10251255961435397 0.1341532832223059 0.08992897008571653 3.112094 3.171303348549612 106.9137 7.869458 0.839098 0.16923282416583282 0.0 3.7088563
PA198-R185 287.87696297195805 16.85569442594187 287.87696503756814 16.8556795409931 0.0988406121808929 0.13361254826684507 0.08662968972516213 2.2350712 2.4991610441053638 71.381996 5.1290016 0.5186453 0.15732628958565847 0.0 4.3094406
PA355-R186 287.87813260433245 16.86569184081295 287.8781364291619 16.865664839513123 0.12800237497930372 0.1725785349779045 0.19284455420701735 3.7292266 4.212731095782243 199.74748 7.4066405 1.1301284 0.2625623029821059 0.0 3.2998257
PA090-R187 287.88406216868276 16.86061984959706 287.88406284388964 16.860619872599024 0.1374593966409642 0.13576882231152562 0.0957805831220127 0.67665076 0.6739875062487467 41.7965 2.2740655 0.061370134 0.3013155123082603 0.0 11.025734
PA180-R189 287.87859145537806 16.85535865279068 287.8785825716554 16.855366404748096 0.1556819132825751 0.1550162781951769 0.13659153550652417 3.699179 3.48573213981351 293.09482 3.7892396 0.42884755 0.3903073841715094 0.0 8.62586
PA220-R189 287.8751363315854 16.85658990808574 287.8751068151302 16.856549304109937 0.15442344423498447 0.15041560698740866 0.15701056850055417 2.3550448 2.160924093222031 183.59132 4.9966507 0.95684433 0.37843015355971255 0.0 2.4612622
PA271-R189 287.8731567698275 16.86065410426318 287.8731484562162 16.860650999946216 0.11591213111215068 0.12663568087589822 0.09358418351893358 1.6059597 1.439618940168898 70.53731 1.1234193 0.2509368 0.21530499177820542 0.0 6.399857
PA204-R191 287.87636897454047 16.85571152072401 287.87636365899004 16.855710044845193 nan 0.17304964481148524 0.0697692740398029 1.129643 1.3068838484233967 -28.450594 7.1098876 0.46934414 -0.1234582078223135 0.05392156862745098 2.4068544
PA214-R197 287.8754423461262 16.856030198565897 287.8754482660158 16.85600231301957 0.05895476297575829 0.19394365979553677 0.14946096259764172 0.79978657 0.6568069665675867 9.087374 3.8121204 0.23812366 0.055425602052269915 0.0 3.3587027
PA091-R197 287.88444048255315 16.86055099661394 287.8844998417867 16.86054616042082 0.15240664724580477 0.15932620782295517 0.26527399818261316 1.6088619 2.098261947350015 122.16677 2.4736834 0.26290417 0.3650656480055589 0.0 6.1195755
PA282-R198 287.87303987690905 16.861730747406217 287.87303987690905 16.861730747406217 0.11216017692885363 0.12328979195936958 0.0871790479455489 2.7825127 2.782512664794922 114.43029 2.1080484 0.22864354 0.20258524852433227 0.0 12.169654
PA210-R198 287.87573914551 16.85584932944228 287.87573094576453 16.855834212190626 0.16076326533003307 0.1550351681917306 0.1311232897518642 4.834758 5.4088228648420245 408.4838 7.238805 0.5320177 0.41416171952789904 0.0 9.087588
PA206-R200 287.87611712407596 16.855625481238903 287.8761148249023 16.855620026865207 0.13265938251166506 0.13528154762433273 0.10492666330658822 3.0372782 2.8482981920532047 174.73785 9.870034 0.43299484 0.2820150337967218 0.0 7.0145826
PA203-R200 287.8763239399967 16.855530873638713 287.876314425092 16.855522623679878 nan 0.2561661462440462 0.11831780733415435 1.639504 1.7478190465848356 -3.8714209 7.11027 1.6041837 -0.011575179941513958 0.0 1.0220176
PA354-R202 287.87804265776697 16.86616550600396 287.8780405161363 16.866169345192905 0.15954153985455238 0.15140608569818195 0.10356911265671598 1.0250945 1.0403956697002124 85.29782 3.7207613 0.1685543 0.4059010575457317 0.0 6.081687
PA085-R202 287.8844492182397 16.861102031823172 287.88445191740607 16.86109600555498 0.10995093779459884 0.16002413412914818 0.05416672192580796 1.2824802 1.579711722462769 50.684486 4.6936603 0.49943066 0.19278378370331556 0.0 2.5678844
PA092-R204 287.8845571207415 16.860413227345692 287.8845571207415 16.860413227345692 0.15044356741117199 0.14445972484676994 0.1063796667023352 1.3249569 1.3249568939208984 98.03372 4.346058 0.27754307 0.36448334942897553 0.0 4.7738786
PA194-R204 287.8772058541489 16.85511741219767 287.87720503172886 16.855111560104007 0.09967296928144787 0.10600278577550529 0.07218609922582275 1.9531949 1.931977488549331 63.434692 3.0670016 0.10281348 0.15842634991901677 0.0 18.997458
PA224-R205 287.87448866849434 16.856521022587202 287.87454054965167 16.856559275573925 0.1199317879790806 0.1330661833564126 0.1561000590462335 1.126056 0.8020203098604985 52.948673 2.066098 0.34462142 0.23049681794409657 0.004901960784313725 3.267516
PA202-R206 287.87636008590755 16.855315525607015 287.8763436271366 16.8553248494458 0.1405252760862559 0.1572191923721706 0.12710229085413904 2.6993518 3.158294982421046 174.25887 6.1845717 1.0462639 0.310364503126878 0.0 2.5799913
PA077-R212 287.88468316193126 16.861963404874032 287.88469792182434 16.862010429791933 0.10204763122306881 0.17292848220156043 0.2054893394762362 2.7716885 3.966027566132882 94.35757 4.2529907 1.2955332 0.16687918644325406 0.0 2.139419
PA205-R215 287.8759822696342 16.855186358787527 287.8759815739642 16.855184261605206 0.13564956914264137 0.1464163447359378 0.09955827373243616 1.9040341 1.9407158903548527 114.53496 4.548357 0.25623226 0.2934333429103944 0.0 7.4308915
PA091-R215 287.88482687124645 16.86046482183889 287.88480139872087 16.8604268547267 0.06983467910567936 0.12816157537626563 0.20299421552798708 1.1422348 1.5488275108632752 18.210596 3.9375896 0.68140984 0.07777050297434737 0.0 1.6762817
PA212-R215 287.8753163552402 16.855513429337776 287.8753166599742 16.85550539775106 0.10844015760999857 0.14541805050881249 0.11212333181857231 2.077186 1.627476313978383 79.85133 4.655069 0.34572554 0.18752229271865473 0.0 6.008194
PA238-R217 287.8733818003872 16.857425165239505 287.873383222252 16.857421036084215 0.06567676092013802 0.14998315159886713 0.10601897973093999 0.23747015 0.2696749961111832 3.3485668 1.0536512 0.08545241 0.0691225528717041 0.0 2.7789755
PA076-R219 287.8848091026179 16.862075154506023 287.8848060448704 16.862065646692788 0.09668476245296558 0.1436043680933086 0.14555989423423857 2.7125778 2.7810948326776486 82.89432 6.4397936 1.4057593 0.15053812975953954 0.0 1.9296175
PA077-R219 287.8848180385228 16.86206659399217 287.88481626364637 16.86205959779267 0.10976948234327202 0.15114690742514397 0.14813067533547958 2.0928516 1.9342827383873709 82.43813 6.9766836 0.9279804 0.1921479946229516 0.0 2.2552757
PA271-R220 287.87225713443814 16.860706027616715 287.8722335502239 16.860707995428776 0.13911544400755993 0.1493186600655836 0.13941556374431668 1.5267842 1.4169635191710204 96.59504 2.7713697 0.49438512 0.30861946664205414 0.0 3.0882487
PA177-R222 287.87896927275415 16.854385432790384 287.87895131381646 16.854394948551104 0.09236672052986307 0.1571804543480372 0.12379813451018286 1.1580808 1.0593863977590803 32.299545 2.9211776 0.327307 0.1367185256060432 0.0 3.53821
PA271-R224 287.8720948844367 16.86071431147401 287.8720916781768 16.860695616165557 0.1339927273785672 0.15423786916437654 0.20968485638152987 1.7978847 1.3543745298615697 105.52389 3.5202277 0.36736274 0.28771252725638596 0.05392156862745098 4.894031
PA185-R225 287.8781688409763 16.85436811668289 287.87818063608717 16.8543035202074 0.02513257361955386 0.38300270021105437 0.1946224482854831 0.45935744 0.6944598952103529 0.9485302 0.91703886 0.22194761 0.010122091162438486 0.0 2.0696661
PA204-R225 287.875901237222 16.854902112445185 287.87589717983883 16.854883825444812 0.10500993820212798 0.16064091203607375 0.10207204082512215 1.4249682 1.5359682086230184 51.36798 4.151997 0.24528456 0.1749927557787849 0.0 5.8094497
PA083-R226 287.8851419559259 16.86135182355388 287.8851576591971 16.86135458679893 0.14947089686038809 0.13790745943954663 0.11480795696895005 1.3386838 1.3379689725379738 97.772736 3.32432 0.27517343 0.3562754561261433 0.0 4.8648734
PA177-R232 287.87897796196654 16.854222222145175 287.87895016005854 16.854239847643562 nan 0.24197182221646238 0.11302889468835302 1.3107369 2.3695532922794946 -15.464207 2.739001 0.6979042 -0.05783383051554362 0.0 1.8781042
PA230-R234 287.87341790419504 16.856443570406068 287.8734173915359 16.85644137344421 0.11639511614567205 0.1045576427539191 0.08303628886904425 1.4419644 1.612810694760724 63.863182 2.2478232 0.19040656 0.21292794667757475 0.0 7.5730815
