m1-67/data/reproject/combo-D-neutral-knot-fluxes.ecsv
# %ECSV 1.0
# ---
# datatype:
# - {name: label, datatype: string}
# - {name: Center.ra, unit: deg, datatype: float64}
# - {name: Center.dec, unit: deg, datatype: float64}
# - {name: Peak.ra, unit: deg, datatype: float64}
# - {name: Peak.dec, unit: deg, datatype: float64}
# - {name: PA, unit: deg, datatype: float64}
# - {name: Sep, unit: arcsec, datatype: float64}
# - {name: Core Flux, datatype: float32}
# - {name: Halo Flux, datatype: float32}
# - {name: Bright Peak, datatype: float32}
# - {name: Bright BG, datatype: float64}
# - {name: Isolated, datatype: bool}
# meta: !!omap
# - __serialized_columns__:
#     Center:
#       __class__: astropy.coordinates.sky_coordinate.SkyCoord
#       dec: !astropy.table.SerializedColumn
#         __class__: astropy.coordinates.angles.core.Latitude
#         unit: &id001 !astropy.units.Unit {unit: deg}
#         value: !astropy.table.SerializedColumn {name: Center.dec}
#       frame: icrs
#       ra: !astropy.table.SerializedColumn
#         __class__: astropy.coordinates.angles.core.Longitude
#         unit: *id001
#         value: !astropy.table.SerializedColumn {name: Center.ra}
#         wrap_angle: &id002 !astropy.coordinates.Angle
#           unit: *id001
#           value: 360.0
#       representation_type: spherical
#     PA:
#       __class__: astropy.coordinates.angles.core.Angle
#       unit: *id001
#       value: !astropy.table.SerializedColumn {name: PA}
#     Peak:
#       __class__: astropy.coordinates.sky_coordinate.SkyCoord
#       dec: !astropy.table.SerializedColumn
#         __class__: astropy.coordinates.angles.core.Latitude
#         unit: *id001
#         value: !astropy.table.SerializedColumn {name: Peak.dec}
#       frame: icrs
#       ra: !astropy.table.SerializedColumn
#         __class__: astropy.coordinates.angles.core.Longitude
#         unit: *id001
#         value: !astropy.table.SerializedColumn {name: Peak.ra}
#         wrap_angle: *id002
#       representation_type: spherical
#     Sep:
#       __class__: astropy.coordinates.angles.core.Angle
#       unit: !astropy.units.Unit {unit: arcsec}
#       value: !astropy.table.SerializedColumn {name: Sep}
# schema: astropy-2.0
label Center.ra Center.dec Peak.ra Peak.dec PA Sep "Core Flux" "Halo Flux" "Bright Peak" "Bright BG" Isolated
[from data line 91]
PA356-R175 287.87822129685185 16.865497611347262 287.8782225742495 16.865493871294827 355.5867692698721 17.478152911453822 844.0845 1833.5541 10.886122 0.4231362104415894 False
PA189-R176 287.8778566007988 16.855719432047586 287.87785369167165 16.8557202591225 188.64232736446033 17.63489875467805 118.34124 230.32204 1.7162788 -0.029343783855438232 True
PA198-R178 287.87701433328766 16.855868046356207 287.8770169070919 16.85587525421664 198.23955265921884 17.77261149543183 228.3414 315.90167 3.988754 -0.028530359268188477 False
PA207-R178 287.8762661257428 16.856157627471678 287.87627009625 16.856168024750904 207.03168652386574 17.776624687504565 1308.0496 535.08936 18.164 -0.14696522951126098 True
PA005-R178 287.87911226336035 16.865513435881585 287.87911338960555 16.86551109341982 5.2731820214216745 17.791628251783205 76.822136 1050.2649 1.7779822 0.32264740467071534 False
PA206-R180 287.87630763908453 16.856065626839975 287.8763150859767 16.856064691931 206.20567409311846 18.035399255148473 1597.158 1527.5934 18.346458 -0.14981651306152344 False
PA209-R181 287.8760342953797 16.8561789154124 287.87604515374824 16.85618524426248 209.31848710364113 18.0942864263893 1086.8899 811.08826 15.361864 -0.14867708683013917 False
PA071-R183 287.883682049633 16.862275069300807 287.8836843560236 16.86227325467568 70.76222382906155 18.263259839271008 91.74405 657.6934 1.5995631 0.2546302080154419 False
PA078-R183 287.8838836783957 16.861739879324297 287.88388229681897 16.861739360861616 77.5006301975835 18.313469628703977 200.08939 1087.9514 2.4190924 0.3090856671333313 False
PA006-R185 287.87912402566957 16.865764841134073 287.87912238837083 16.86576081561949 5.522816344565724 18.49619153069004 594.1935 892.5417 6.9718494 0.23648428916931152 False
PA198-R185 287.8769627426424 16.855671521174123 287.8769629227945 16.855677198229685 198.21764260514252 18.532576222477886 290.1358 691.8157 4.299089 -0.09027457237243652 False
PA355-R186 287.8781339994067 16.865734916920115 287.87813259225055 16.865734982200074 354.84618775684214 18.583461478019462 825.67395 3388.1729 8.724321 0.44142937660217285 False
PA090-R187 287.8840623815504 16.86061235603712 287.88406222361124 16.860611300666903 89.82626085160686 18.66052194041143 64.15706 623.3035 1.5539694 0.4860505163669586 False
PA180-R189 287.878586153225 16.855318473406307 287.8785915006673 16.855324149525725 180.32687525063494 18.851977771279667 133.46997 1623.3013 2.2104545 0.22005752325057984 False
PA220-R189 287.87509643333755 16.85656067831923 287.8751003890459 16.85656411908805 219.93908421929567 18.89532389182703 554.9479 643.7052 7.23284 -0.10132670998573301 True
PA271-R189 287.87312738517113 16.860647187567263 287.8731297716017 16.860645742490103 270.57477783709874 18.89944704233595 83.41087 360.8238 1.3209168 0.050481784343719485 False
PA204-R191 287.8763809084176 16.85572257500478 287.87638707147397 16.85572885940013 203.9269727432652 19.0639206829023 418.11206 4541.7754 6.573678 -0.10531778335571289 False
PA214-R197 287.8754295556208 16.856024931759134 287.8754333133661 16.85603023565112 213.9054444367864 19.671546227558665 89.96805 312.19244 1.3245709 0.11754488945007324 False
PA091-R197 287.8843956636108 16.86054128677497 287.88439514389023 16.860542402773312 90.59056816065005 19.732389527449907 126.0213 316.61023 2.136729 0.42315834760665894 False
PA282-R198 287.8729932156263 16.861732976997263 287.87299477061634 16.861730738833977 281.93430599348386 19.77660266704197 378.34668 657.177 5.0574713 -0.06743332743644714 True
PA210-R198 287.87571662746836 16.855810397133236 287.8757212425848 16.85581496215384 210.39669118198722 19.800287386514533 1038.0023 3015.3953 12.871532 0.20146658420562744 True
PA206-R200 287.8761250936138 16.85558134583972 287.8761261410036 16.855582467493424 205.68483552276567 19.978673207922732 732.38007 4149.657 7.759719 0.3434471130371094 False
PA203-R200 287.8763748928628 16.855461849337978 287.8763780770058 16.855461914859323 202.93730669612367 19.99021584632001 165.51566 2304.8972 2.0577397 -0.13354437351226806 False
PA354-R202 287.87804234669693 16.86619899573859 287.87804260930807 16.866199981952715 354.06762896573895 20.179401353034518 144.22993 1504.6416 2.2638974 0.5876370668411255 False
PA085-R202 287.88447540065226 16.861095617320395 287.884476141976 16.861093511609962 84.82342868761081 20.18973416348814 909.5415 441.4856 11.712409 0.4574050307273865 True
PA092-R204 287.884513752239 16.860370431173134 287.8845121112291 16.860370177260606 92.03975169791194 20.351477178788194 168.93152 628.3375 2.669256 0.2142098665237427 False
PA194-R204 287.87719841694974 16.855096459656757 287.8771968665637 16.85510025556412 194.03330611890365 20.376799954788467 260.47318 876.4976 3.92255 -0.12676770687103273 True
PA224-R205 287.8744797102955 16.85651286991251 287.8744795482342 16.85651244082781 224.2056099510396 20.5087223659346 81.02012 709.15094 1.1640855 0.08943515419960021 True
PA202-R206 287.8764090872404 16.855265529792426 287.8764140698698 16.855272470808707 202.17207230451473 20.567497520193836 225.99869 2103.2676 2.8018692 0.030884981155395515 False
PA077-R212 287.8846425576832 16.861903240523162 287.88463813028346 16.86190295141111 77.20003853917879 21.154082760191663 424.993 157.20914 7.042796 0.3080514192581177 False
PA205-R215 287.8760561275648 16.855197868266774 287.87605416501316 16.855194966606152 205.12327468049776 21.484081031420367 107.23013 2651.8472 1.8399205 0.5748132944107056 False
PA091-R215 287.8849195122865 16.86049797321877 287.8849170205871 16.860499332021476 91.00559429601124 21.500348010281712 297.57446 698.13416 4.575595 0.38880290985107424 False
PA212-R215 287.8753179888438 16.855484501412285 287.87531635302685 16.85548773380296 211.98613816905123 21.533937877682064 214.60236 2302.41 3.0106525 0.4578864574432373 False
PA238-R217 287.8732892382276 16.8573627943929 287.8732918267766 16.857364913438914 237.60742355182862 21.670800472095003 21.746956 196.72086 0.27563953 0.007378172874450686 False
PA076-R219 287.8848280870425 16.86208162680637 287.8848270934292 16.862083779170597 75.56131087204639 21.92819127615792 285.86948 1101.8169 3.1406064 0.3619805693626404 False
PA077-R219 287.88481893803396 16.86198049954174 287.8848180920832 16.86198044610722 76.80858360911147 21.930559750761834 451.13635 976.90295 5.6584754 0.3159321784973145 False
PA271-R220 287.8722291009741 16.86070865418372 287.87223897709964 16.860705994541977 270.8866412346092 21.951598185904267 138.13638 172.09653 2.385826 0.03194452524185181 True
PA177-R222 287.87894264597395 16.854413839416516 287.8789424076148 16.854419982661728 177.2899997741525 22.197495029652874 110.88954 220.57025 1.541995 0.06374633312225342 True
PA271-R224 287.87214985985395 16.86074796516021 287.87214899655527 16.86074904728494 271.25527958361334 22.353403767252228 278.5094 331.83444 3.4416199 0.02905043363571167 False
PA185-R225 287.87815350618206 16.854370594216018 287.87815061829735 16.854368315616142 184.7717396256097 22.46754064730811 22.891218 120.2388 0.2493797 0.010416090488433838 False
PA204-R225 287.8758975042562 16.85488216881323 287.87590120956025 16.85488496463308 204.4649080794199 22.514026956724873 76.992294 658.57715 1.4308846 0.2812325358390808 False
PA083-R226 287.88515385079165 16.86135762902596 287.8851509955322 16.861360435886457 83.07804039502408 22.558559452841962 164.39471 1060.5919 2.2649562 0.2545029819011688 False
PA177-R232 287.87902229819923 16.854143684802352 287.8790233855307 16.854144426977207 176.69351501381556 23.199289667441274 431.8468 503.13654 7.2420535 0.024240732192993164 True
PA230-R234 287.87339810880724 16.85644024848236 287.87339982531245 16.85644352732948 230.26700165995553 23.404535779506947 182.31961 204.11835 2.8713982 0.23409717082977294 False
PA204-R234 287.8758171745106 16.854628236309644 287.87582023462636 16.8546352413216 204.38749406544923 23.4225029159944 176.38197 380.4131 2.5148582 0.2655560612678528 False
PA238-R234 287.87281726058313 16.85715936035378 287.87281495253325 16.857158233856758 238.32058359631765 23.44092972237505 34.35786 164.21458 0.49423158 0.043164169788360594 False
PA219-R235 287.874321711464 16.855498638599858 287.87432661042874 16.855496326583072 219.0242389999707 23.503653024129004 49.46512 469.92474 1.0398018 0.21317319869995116 False
PA279-R237 287.87183231274975 16.861584802414097 287.87183403966185 16.861584314904704 278.5842547127372 23.71464173580181 40.056602 558.7198 0.61677855 0.1211525559425354 False
PA220-R249 287.87400896173983 16.855243985114807 287.87401169849886 16.85524659753623 219.52377272389026 24.90338017126823 212.16539 620.78357 2.855161 0.16378117799758912 False
PA247-R249 287.8719501623629 16.85791581388653 287.8719601406613 16.857915985717117 247.2517830698292 24.92300151970066 148.22159 269.7313 2.602889 -0.14375298023223876 False
PA249-R252 287.8718051830672 16.85803277961949 287.871807174148 16.85803653626145 248.57806544097872 25.181903328362115 349.73828 353.4779 5.4398165 -0.15566131472587585 True
PA093-R256 287.886077572237 16.860231356679726 287.88607773875805 16.8602323490493 92.97826595434081 25.64016418476542 72.71511 250.85399 1.4676224 0.4833071708679199 False
PA167-R257 287.88039076904556 16.85359812733972 287.8803910148553 16.85360191995276 166.59560512998968 25.742931287646034 659.31616 1963.776 6.7098484 -0.9344217777252197 True
PA348-R258 287.8771432593694 16.867630984417534 287.8771427811369 16.86762942178858 348.4534810994319 25.845394573831438 59.945156 304.412 0.86497533 0.1416265368461609 True
PA086-R259 287.8861785750166 16.861015073526485 287.88617674669797 16.861015956566174 86.35876212116817 25.946337569164978 122.05038 258.46335 1.973314 0.4654247760772705 False
PA094-R261 287.8862134507969 16.860109995672744 287.886212702191 16.860111788591052 93.74912282892667 26.123691752755125 181.09082 278.4934 3.3393312 0.5260063111782074 False
PA348-R264 287.87701098798254 16.867823432468136 287.8769988077088 16.867818865131287 348.02079036082057 26.44627224177772 108.1271 404.7631 2.2339377 0.10436834096908569 False
PA221-R266 287.8735662382426 16.854986289914258 287.87357082074504 16.85498825384094 220.8666898312242 26.591569110038247 230.74829 826.9174 3.3316045 0.1473710536956787 False
PA249-R267 287.87135228873063 16.857999850000407 287.8713572865055 16.85800207642477 249.45697867809605 26.708259258784533 66.161156 1361.7164 0.8745129 0.05735394954681396 False
PA343-R268 287.8762846933142 16.867724859490707 287.8762879475244 16.867724136013052 342.69923396465583 26.78417697853889 85.448006 673.0019 1.118156 0.10759797692298889 True
PA084-R268 287.88643836777055 16.861318586561612 287.88641970331815 16.861325947556058 84.48889595715141 26.800160136614075 198.76468 551.229 4.654345 0.4265904784202576 False
PA241-R269 287.8718291240796 16.85693949842443 287.8718252094707 16.856934314645663 240.75203377829365 26.867638937114105 1.5063181 277.71515 -0.02812457 -0.09193757176399231 True
PA088-R273 287.8865936968027 16.86086228661768 287.8865906445584 16.860860941050607 87.75649694421752 27.30449147133537 118.72077 231.91594 1.9862987 0.4697047233581543 False
PA194-R274 287.876762035533 16.853186368365233 287.8767649988689 16.85318858544122 193.66338280665852 27.41446161811034 71.065994 219.86555 0.77587426 0.022503525018692017 False
PA085-R274 287.88659281521717 16.861231597296094 287.8865906601201 16.861231218824802 85.3436239582365 27.431474278643382 166.396 799.42334 2.497186 0.47730082273483276 False
PA244-R275 287.87147283580765 16.857176119531616 287.87147428897373 16.857175413863274 243.58882284408608 27.46617378120109 53.897697 203.3187 0.49681556 -0.10286078453063964 False
PA162-R275 287.8811307059971 16.85331406389243 287.8811288117373 16.85331774573582 162.02841766461154 27.47934469729965 358.99594 2221.9514 3.0596476 -0.7992005348205566 True
PA220-R284 287.87333948101883 16.85449277668518 287.8733458936443 16.854497414863836 219.5602978605077 28.418568173668028 72.91838 434.87292 1.5080884 0.19526197910308837 False
PA224-R286 287.87286143444123 16.85482406915542 287.872869009999 16.854833235401593 223.80487115920315 28.596845517870875 105.32286 332.9444 1.7245498 0.039713549613952646 False
PA243-R287 287.87116265944775 16.856967256881013 287.87116837404136 16.8569687363461 243.04411802210387 28.707404855577785 41.930866 179.50696 0.5604081 0.05264151096343994 False
PA190-R293 287.8770775093007 16.852573652937206 287.8770799181399 16.85257719919138 190.4969656328342 29.288811227632436 176.64145 349.58884 2.3447313 -0.10130083560943604 False
PA089-R308 287.8875977982847 16.86080104238527 287.887598408047 16.860800622022737 88.54510177171716 30.800473748320062 44.221092 164.28812 1.0684156 0.43085445165634156 False
PA156-R329 287.8824650179401 16.852212473010063 287.88246042762574 16.85221550322848 156.4496533289238 32.85070143007623 195.08975 379.34772 3.4974918 0.2767070531845093 False
PA157-R331 287.88239553322524 16.85208642054479 287.8823884452193 16.85209494899301 157.0440439800927 33.097725031700975 95.469376 529.60706 1.621762 0.214558744430542 False
PA156-R336 287.8826538690885 16.852057635380262 287.8826493720772 16.852069110766127 155.77751731657355 33.608446223283444 27.734089 1928.7141 1.6186996 -0.4039153099060058 False
PA164-R337 287.88141880672686 16.85161108039815 287.8814167085033 16.851612742109086 163.5135339419548 33.66570924297562 78.15721 364.76813 1.1158342 0.03981969356536866 False
PA158-R351 287.88246005045653 16.851509474971436 287.8824604135512 16.851518003246287 158.0380970621678 35.096394021369534 394.0514 2625.0142 3.6559215 -0.9764780044555664 False
