m1-67/data/reproject/combo-D-neutral-knot-peak-stats.ecsv
# %ECSV 1.0
# ---
# datatype:
# - {name: label, datatype: string}
# - {name: Peak Center.ra, unit: deg, datatype: float64}
# - {name: Peak Center.dec, unit: deg, datatype: float64}
# - {name: Gauss Center.ra, unit: deg, datatype: float64}
# - {name: Gauss Center.dec, unit: deg, datatype: float64}
# - {name: r_eff, unit: arcsec, datatype: float64}
# - {name: r_rms, unit: arcsec, datatype: float64}
# - {name: Gauss sigma, unit: arcsec, datatype: float64}
# - {name: Bright Peak, datatype: float32}
# - {name: Bright Gauss, datatype: float64}
# - {name: Core flux, datatype: float32}
# - {name: Core flux Gauss, datatype: float64}
# - {name: Total flux Gauss, datatype: float64}
# - {name: Bright BG, datatype: float32}
# - {name: MAD BG, datatype: float32}
# - {name: Fill fraction, datatype: float64}
# - {name: NaN fraction, datatype: float64}
# - {name: Peak SNR, datatype: float32}
# meta: !!omap
# - __serialized_columns__:
#     Gauss Center:
#       __class__: astropy.coordinates.sky_coordinate.SkyCoord
#       dec: !astropy.table.SerializedColumn
#         __class__: astropy.coordinates.angles.core.Latitude
#         unit: &id001 !astropy.units.Unit {unit: deg}
#         value: !astropy.table.SerializedColumn {name: Gauss Center.dec}
#       frame: icrs
#       ra: !astropy.table.SerializedColumn
#         __class__: astropy.coordinates.angles.core.Longitude
#         unit: *id001
#         value: !astropy.table.SerializedColumn {name: Gauss Center.ra}
#         wrap_angle: &id002 !astropy.coordinates.Angle
#           unit: *id001
#           value: 360.0
#       representation_type: spherical
#     Gauss sigma:
#       __class__: astropy.units.quantity.Quantity
#       unit: &id003 !astropy.units.Unit {unit: arcsec}
#       value: !astropy.table.SerializedColumn {name: Gauss sigma}
#     Peak Center:
#       __class__: astropy.coordinates.sky_coordinate.SkyCoord
#       dec: !astropy.table.SerializedColumn
#         __class__: astropy.coordinates.angles.core.Latitude
#         unit: *id001
#         value: !astropy.table.SerializedColumn {name: Peak Center.dec}
#       frame: icrs
#       ra: !astropy.table.SerializedColumn
#         __class__: astropy.coordinates.angles.core.Longitude
#         unit: *id001
#         value: !astropy.table.SerializedColumn {name: Peak Center.ra}
#         wrap_angle: *id002
#       representation_type: spherical
#     r_eff:
#       __class__: astropy.units.quantity.Quantity
#       unit: *id003
#       value: !astropy.table.SerializedColumn {name: r_eff}
#     r_rms:
#       __class__: astropy.units.quantity.Quantity
#       unit: !astropy.units.Unit {unit: arcsec}
#       value: !astropy.table.SerializedColumn {name: r_rms}
# schema: astropy-2.0
label "Peak Center.ra" "Peak Center.dec" "Gauss Center.ra" "Gauss Center.dec" r_eff r_rms "Gauss sigma" "Bright Peak" "Bright Gauss" "Core flux" "Core flux Gauss" "Total flux Gauss" "Bright BG" "MAD BG" "Fill fraction" "NaN fraction" "Peak SNR"
PA296-R030 287.87784459503064 16.86094713798833 287.877827522658 16.86091287684797 0.14680666624695748 0.16690303322134362 0.1641712662899283 7.6359286 10.432598838891005 537.9971 469.96924136248754 1838.4138561440066 3.3017545 1.143672 0.34368784834698934 0.07317073170731707 6.676677
PA067-R032 287.87948220137866 16.860921491003857 287.8794777470463 16.860922417370517 0.11830283263935724 0.14395605848133447 0.0938840128634057 7.878038 8.41641763821347 360.44153 413.7893340372261 485.0282641618402 5.1241174 0.70762825 0.22538278138109027 0.0 11.133018
PA031-R033 287.8791673356677 16.861420832837304 287.8791655011415 16.861419484533098 0.15182276275531695 0.13793059852098308 0.1303809635833578 31.708973 30.703155198638626 2389.3647 2466.0791163944546 3412.462293956805 11.482048 7.302804 0.36937721102845433 0.00980392156862745 4.342027
PA072-R035 287.879644135402 16.860861012950817 287.8796391928515 16.86085994502977 0.05947692426320543 0.16490792472885638 0.08428049015601007 8.138971 8.520417569737406 94.122406 238.77949348038769 395.7049338826071 4.897859 1.8830931 0.05668828534144981 0.0 4.322129
PA017-R038 287.8789605492041 16.861610168033103 287.8789605492041 16.861610168033103 0.1416032155861327 0.13650169198883008 0.10012859397877505 13.12602 13.126020431518555 860.41064 810.5210125399342 860.4106793434765 3.6674864 0.46577692 0.31514424544114333 0.0 28.180916
PA058-R044 287.87978828332086 16.861274331769824 287.8797884916873 16.86127264436755 0.11230695232157245 0.16768884231151698 0.12534106383963833 3.413546 3.096664474072779 140.74907 140.40889500891433 318.0807490350878 2.1017165 0.3442173 0.19823321929344764 0.0 9.916835
PA338-R045 287.8780966111675 16.86177387101003 287.8780947789065 16.861778046456347 nan 0.19412517102552643 0.04619924739254528 5.914999 5.6292464883635125 -846.7449 30.368181134872653 78.55549105497096 2.6707602 0.98505163 -0.69830322265625 0.7463414634146341 6.0047603
PA050-R049 287.879743185947 16.86148115269946 287.8797331117668 16.861496156370368 0.1380057781561053 0.13983810641501895 0.10475503595351147 6.721486 6.200763573316871 418.4912 412.31443849972356 444.8888012212717 2.1365376 0.84721637 0.3067079177630946 0.0 7.9336123
PA028-R054 287.8793743933849 16.861946026954207 287.8793755653664 16.86194324978419 0.12744691630768876 0.1279091093043734 0.08810896218118451 2.6972547 2.7581096395249056 143.22113 136.47437379877988 139.99359892031163 1.3978289 0.16546273 0.2602885003183402 0.0 16.301283
PA262-R064 287.87679190854465 16.86037008881375 287.8767886731958 16.860368110855966 0.12426443195017162 0.1464783766025468 0.10097166774973193 4.515159 4.1775896982454075 227.92566 238.27100093024626 278.4718649561486 0.82781017 0.24282306 0.2474514456356273 0.0 18.59444
PA192-R066 287.87824072212595 16.858768525212906 287.8782417457139 16.858770979020544 0.12322092599165119 0.16685452748701834 0.10456657180028794 2.6844866 2.6326314272172415 133.24677 119.21681841504812 188.20548752634087 0.91323686 0.12755394 0.24331296658983417 0.0 21.045893
PA202-R068 287.8778985256568 16.85882895625603 287.8778944852874 16.858828962478796 0.13328104069504168 0.16086558720590746 0.12051139629130432 14.260805 13.867769152633798 828.1467 866.616415210267 1316.798493759626 1.6844925 0.8506484 0.28748279986995284 0.0 16.76463
PA251-R068 287.8767468084321 16.85995710534376 287.87673689994347 16.85996068477678 0.13243909643368856 0.1622344845903795 0.12623780775780766 3.6467056 3.3098189014077075 209.10269 222.18511673540536 344.8574403713234 0.69816625 0.14716876 0.2838621800488765 0.0 24.779076
PA185-R071 287.8784387037546 16.858622229842176 287.87844037187904 16.858621870102873 0.13578367311006165 0.15561397040256655 0.10576450354534228 12.848164 13.017332180380063 774.3952 758.2313643197442 952.0468895792658 1.3138107 0.42277098 0.29401380957626716 0.0 30.390364
PA177-R075 287.87878037178245 16.858518757805655 287.8787854224173 16.858519392219236 0.12360198177618544 0.13984190962668527 0.10160288442833286 0.6805208 0.6445781579173285 33.98746 38.24451556001947 43.50549761766518 0.81673956 0.13271213 0.24482016469918044 0.0 5.1277966
PA042-R077 287.8801391507669 16.862187199668238 287.8801617798404 16.862198782487628 0.07440175214857053 0.18405342630013805 0.1316577222447415 3.8786821 1.8868319576038515 70.190285 72.26400309577211 213.83676645772704 2.5743933 0.9121952 0.08914495571493515 0.6995073891625616 4.252031
PA330-R077 287.87750259384876 16.862471243490138 287.8775017057282 16.862472953944344 0.15479355607213602 0.15374329038345183 0.12212872795598334 5.7578444 5.928864326395041 451.01624 446.58311342862635 578.1807928294672 1.1767799 0.3701992 0.38397422491335403 0.0 15.553368
PA039-R083 287.8801929897312 16.86245414358217 287.8801853030423 16.862452364920948 0.11878598445753864 0.1592610726551461 0.0825860766775592 7.9339733 8.822844731605604 365.9718 278.4400840861511 393.4402498743994 3.570033 1.6130335 0.22722747877900823 0.22167487684729065 4.918666
PA179-R085 287.8786815360123 16.85819171766166 287.8786833286281 16.858189590867017 0.1199962688019561 0.17110401414383483 0.11195416631364531 3.2616134 3.373182745478149 153.53043 156.17058502859103 276.4247155388549 0.8814193 0.2408495 0.2307447358673694 0.0 13.542123
PA219-R092 287.8769271709046 16.858587751344814 287.87693634957753 16.858581697820693 nan 0.1556832437856658 0.08178868720421875 4.1637716 3.3253869651996446 -19.557205 99.90903919481245 145.4404285356 1.1248553 0.5570626 -0.02313789593175127 0.2019704433497537 7.4745126
PA095-R093 287.8813716928041 16.860370335942406 287.88137193280215 16.860370597596994 0.13606601298408627 0.15422738143818296 0.11018971699785318 9.914101 9.88604388464858 600.0385 630.732178706875 784.8038953680917 1.1989036 0.41210175 0.29668503181607114 0.0 24.05741
PA330-R093 287.8772414865427 16.86289337790307 287.87724506107764 16.86288235035106 0.12856943873781715 0.16376495169001135 0.0953498457679982 1.4934477 1.587789911266352 80.70343 57.75547862103597 94.38207228116907 0.82427657 0.26130164 0.2636016473537538 0.13658536585365855 5.7154164
PA356-R098 287.8784925898596 16.863376272461892 287.87842061629226 16.863520654610646 0.12309663135212334 0.16722199104417174 0.3346665428368846 4.7866488 11.705880352373176 237.11028 271.90807384481934 8572.059093509522 1.8968832 1.4257114 0.24282234790278415 0.0 3.3573756
PA253-R098 287.8759280193124 16.859784517153102 287.87592567831103 16.859783686706105 0.13204128863319373 0.13647466755891735 0.09244024853926408 0.7402872 0.7477116799507995 42.193565 40.053801189881646 41.77465331685554 0.32208133 0.04131484 0.2740202500269963 0.0 17.91819
PA005-R101 287.8788975175616 16.863453068887857 287.87889679363974 16.863447849234305 0.15236495961630048 0.1517305869487438 0.10261848423865048 5.8191047 6.5538971833040085 441.6242 358.2547979793145 451.23969351508424 0.73234034 0.28084457 0.37946060180664065 0.0 20.720018
PA357-R101 287.87856464683756 16.8634616117467 287.8785429621163 16.863430442807005 0.16569845444325387 0.15656189586200958 0.1294285910439985 6.3685517 6.406592790130406 571.6156 526.8659847584853 701.6879981379118 2.5977387 1.1359177 0.4443365418084777 0.0 5.606526
PA096-R102 287.8816327449453 16.860301489848215 287.88163211854214 16.860302944367735 0.129163390727614 0.1574465917699101 0.11914775566389407 2.632121 2.6627955816255917 143.55266 151.75568836497814 247.1530877678336 1.3398068 0.2811818 0.266042793087843 0.0 9.360922
PA207-R102 287.87726881017824 16.858071337543826 287.8772652642218 16.858070703862133 0.12215051553208853 0.13761305835674612 0.0989876519813184 3.4118607 3.3157115134207618 166.4211 185.42644520437986 212.4199310605761 0.70574737 0.35376036 0.24028189898711708 0.0 9.644553
PA203-R102 287.8774756014734 16.857933456455225 287.8774729462802 16.857938668125772 0.1239192240624315 0.16564505583593414 0.11355342400387744 13.71513 14.37203661337797 688.49976 710.2789730352364 1211.644635656932 1.0801733 0.65635586 0.2460785099104339 0.0 20.895874
PA359-R104 287.8785734227913 16.863470205762535 287.8785698703553 16.863471510347445 0.1354586871816022 0.16165774130157132 0.10516955314512685 6.675969 7.179052359978717 400.45575 392.8264801697784 519.1629109185047 2.315343 1.6714083 0.2940424563837986 0.0 3.994218
PA290-R104 287.8757842251834 16.8615931307141 287.87578082425773 16.861598103344928 0.12466555994754171 0.1450073079052091 0.10400542537670503 1.0006843 0.9902527716793644 50.841286 57.771224768256886 70.03490381134779 0.24862367 0.14030403 0.24783669448480372 0.0 7.132256
PA193-R105 287.8779527181065 16.857700718686868 287.8779532366014 16.857700027312998 0.11363194842334742 0.16976475744876626 0.10876485854687312 8.366039 8.235504776152505 353.14032 335.9362066145819 636.9772225343519 0.43737042 0.22009063 0.2079367989977005 0.0 38.01179
PA043-R107 287.88076029503395 16.86280702903587 287.880777462882 16.86281577506719 0.14105339629121627 0.1409118672936275 0.12441220074730469 14.119556 13.112872610816426 918.3635 974.2367243461193 1327.0285538568435 2.3459907 1.7695522 0.3204037144853564 0.10837438423645321 7.979169
PA062-R108 287.8814348806038 16.861980345535976 287.8814391240753 16.86197871342547 0.13451858809370876 0.1467812372772877 0.11778729742883487 0.83966124 0.7739281702880583 49.670116 57.10955809990759 70.20273791811479 0.44810128 0.11496103 0.2914036905824257 0.0 7.3038774
PA227-R110 287.87627902765354 16.85850161206331 287.87627743135675 16.858501086070135 0.12209057028302145 0.16567671412415863 0.1157409044482758 1.3361204 1.3247892109985528 65.10829 66.78235813767861 116.03179395601686 0.44025183 0.19317818 0.24004612062952202 0.0 6.916518
PA203-R110 287.8773767428168 16.85776097470578 287.8773732817753 16.85775895455429 0.12047343811696061 0.16215667365269046 0.09286767357309123 4.310059 4.276374901095551 204.49953 188.16113051509464 241.13562936553683 1.5533046 0.7535634 0.22811075357290414 0.0 5.7195706
PA044-R110 287.88086808634466 16.862807345922576 287.8808438902237 16.862865672783098 0.13194932127575248 0.13041783239700683 0.1663240788758306 7.6115756 8.14101222307441 433.22687 591.4371990147347 1472.465545308999 5.544667 4.677223 0.2790041343838561 0.0 1.6273706
PA039-R111 287.8806791700282 16.86303966115566 287.88068299935617 16.863043613033952 0.14107367962263545 0.14918891694493489 0.11367373264456725 20.317295 20.168906820197332 1321.8567 1366.3070221543812 1703.9587699458416 2.3822207 1.3569672 0.31736907958984373 0.0 14.972576
PA197-R112 287.87769171854455 16.857614578745938 287.8776886623819 16.85760899257472 0.12969173323774458 0.15808898411498512 0.10704590321154661 8.670315 8.904803932816858 476.74478 493.6047376396447 667.1460885020939 0.8983575 0.3765452 0.26953856150309247 0.0 23.02596
PA084-R112 287.8818938798765 16.860929957537916 287.88190097848224 16.86092733148901 0.14097651319217855 0.15936608907938793 0.11747894284436818 5.772128 6.007490608783366 375.02133 378.6391403893007 542.087809354007 0.6734278 0.24164796 0.3200545287484606 0.0 23.886517
PA170-R113 287.8792391997227 16.857494187367283 287.8792357279115 16.857490618918217 0.12603069030890596 0.15011225713796145 0.08880759994588372 2.4027047 2.6673673740348356 124.76119 120.3366316136581 137.54334500379545 0.67847574 0.14279634 0.25453584334429574 0.0 16.826096
PA188-R114 287.87812352658153 16.857494006951132 287.8781238969651 16.857483835774516 0.08466363461932525 0.19171162548081333 0.09236212867625053 4.12609 4.1818489960897285 96.68498 120.41352599711243 233.24518895228695 1.2331307 0.827718 0.11430531943716654 0.0 4.984898
PA113-R116 287.8817407486431 16.85931108758248 287.88174492751716 16.859308249478456 0.13892283550767964 0.1544389106354808 0.11321088437202119 12.509352 12.741651286026158 789.2391 817.612519750223 1067.722910924209 1.2592797 0.5332549 0.3033265517308162 0.0 23.458483
PA083-R117 287.88204673604025 16.860981761111645 287.88205152202454 16.860978554696857 0.08798544753041299 0.16476882946299043 0.10007538238667095 2.1133697 1.934276623915923 53.48397 87.49883081484813 126.65711179390547 1.2132092 0.7627609 0.12405606812121821 0.0 2.7706845
PA183-R119 287.8784835968835 16.85724396577432 287.8784813182048 16.857255859357036 0.11215031882901688 0.16519699012048306 0.10886538352180326 1.7421432 1.809540988499784 71.632706 78.22191972882791 140.21824250512896 0.5522833 0.21328473 0.20057354438595656 0.0 8.168157
PA205-R119 287.87720583493365 16.857562996835618 287.87720178395625 16.85755824451895 0.1056235877372108 0.15173510729344866 0.11221038629985339 1.5306656 1.2399213805994136 55.82499 73.54593857412846 102.07437854288898 0.64609265 0.21512842 0.17877967684876686 0.0 7.115125
PA055-R120 287.8814888161374 16.862523037288483 287.88149498611443 16.86252728188165 0.14533014271735686 0.14494144712669052 0.10294844823599347 0.8032365 0.7964719024567399 55.460186 51.39791416532789 55.190782280589396 0.5191486 0.08251661 0.3368092606707317 0.0 9.73424
PA090-R121 287.88216366235844 16.860585524337807 287.8821708352322 16.860577882402914 0.14281680449835557 0.14166511007478064 0.1136852219857177 7.1227007 6.63784745630165 474.9302 493.02131650833746 560.908183997758 1.2103664 0.25521684 0.3284649778469443 0.0 27.908428
PA209-R122 287.8768999013724 16.85762325453745 287.87689850900705 16.85761945976646 0.11887958073550105 0.17327431497260054 0.10619313289202918 12.547775 13.013859308605898 579.70593 603.2419829577465 959.5231449545056 0.9429879 0.4932325 0.2264700870887906 0.0 25.43988
PA167-R122 287.879401369097 16.857296016638866 287.87940239980156 16.857284741603717 0.1393724329431938 0.1505092673328289 0.10733847387698188 3.8730814 4.601859598013143 245.94437 269.3778196273522 346.6575613088163 1.1514332 0.70592594 0.3128125796764355 0.0 5.4865265
PA092-R123 287.8822357218782 16.86049070120325 287.8822440513104 16.860492858831204 0.13628942261388405 0.14481812783730447 0.10259226645467293 5.9429555 6.461340769399126 360.87207 383.8974350346794 444.63984240503504 2.980125 1.567374 0.29766009835635915 0.0 3.791664
PA034-R126 287.8806702561864 16.863504748076338 287.8806857897836 16.86351306708454 0.15352333611955413 0.14269470453466077 0.1301693897348211 7.8543825 7.0310849809674085 605.18384 645.9059781659873 778.9266542349795 1.4888278 0.25176835 0.3758559436332889 0.0 31.196861
PA050-R126 287.88142584396365 16.862859004168616 287.8814287644557 16.862869780412453 0.1462671129092005 0.14926869678569335 0.0976566109336312 0.9224371 0.9299653113960361 64.51439 55.35253571636646 57.986450720184564 0.7290791 0.058971286 0.342838586545458 0.0 15.642139
PA180-R130 287.87865452914554 16.856943042923508 287.8786326834869 16.85694641625859 0.04208665781969747 0.16893692806846666 0.11240871084245176 7.058218 6.871095820350658 40.870544 335.98070648977654 567.6523236855298 5.6012726 4.0423017 0.028665795184598112 0.0 1.7460889
PA167-R131 287.87950026914336 16.85702060497514 287.8794940413914 16.857013145840924 0.03307924588795938 0.2602537717362115 0.11811421579595871 10.301222 11.005461397416166 36.84906 389.3594208831676 1003.8505868466899 5.9400744 4.2689285 0.017621450236278216 0.0 2.4130697
PA174-R133 287.879068236192 16.85689137974158 287.87906494539885 16.856888991977197 0.1106643160270962 0.15500621672163375 0.09500956970658457 1.4432874 1.5375264521349388 57.782257 62.51538341148029 90.74313502641432 0.46310663 0.11843014 0.19721759363935498 0.0 12.186825
PA060-R134 287.8820106032722 16.862497271879434 287.8820128807592 16.862503485569867 0.1490225316114207 0.14984090856145424 0.10720084041128365 4.082036 4.477192059435135 296.35153 292.0885156647945 336.4020128024773 1.0123599 0.21175897 0.34903342907245344 0.0 19.276804
PA090-R137 287.88261358920624 16.860559851200566 287.88262200669203 16.86056099748481 0.11465135067062447 0.1397003205904954 0.11887753637747807 2.0927293 1.6322357044014917 89.92861 119.61194626597288 150.8130581848137 1.2863154 0.17355788 0.2106467041314817 0.0 12.057818
