m1-67/data/reproject/combo-DD-neutral-knot-peak-stats.ecsv
# %ECSV 1.0
# ---
# datatype:
# - {name: label, datatype: string}
# - {name: Peak Center.ra, unit: deg, datatype: float64}
# - {name: Peak Center.dec, unit: deg, datatype: float64}
# - {name: Gauss Center.ra, unit: deg, datatype: float64}
# - {name: Gauss Center.dec, unit: deg, datatype: float64}
# - {name: r_eff, unit: arcsec, datatype: float64}
# - {name: r_rms, unit: arcsec, datatype: float64}
# - {name: Gauss sigma, unit: arcsec, datatype: float64}
# - {name: Bright Peak, datatype: float32}
# - {name: Bright Gauss, datatype: float64}
# - {name: Core flux, datatype: float32}
# - {name: Core flux Gauss, datatype: float64}
# - {name: Total flux Gauss, datatype: float64}
# - {name: Bright BG, datatype: float32}
# - {name: MAD BG, datatype: float32}
# - {name: Fill fraction, datatype: float64}
# - {name: NaN fraction, datatype: float64}
# - {name: Peak SNR, datatype: float32}
# meta: !!omap
# - __serialized_columns__:
#     Gauss Center:
#       __class__: astropy.coordinates.sky_coordinate.SkyCoord
#       dec: !astropy.table.SerializedColumn
#         __class__: astropy.coordinates.angles.core.Latitude
#         unit: &id001 !astropy.units.Unit {unit: deg}
#         value: !astropy.table.SerializedColumn {name: Gauss Center.dec}
#       frame: icrs
#       ra: !astropy.table.SerializedColumn
#         __class__: astropy.coordinates.angles.core.Longitude
#         unit: *id001
#         value: !astropy.table.SerializedColumn {name: Gauss Center.ra}
#         wrap_angle: &id002 !astropy.coordinates.Angle
#           unit: *id001
#           value: 360.0
#       representation_type: spherical
#     Gauss sigma:
#       __class__: astropy.units.quantity.Quantity
#       unit: &id003 !astropy.units.Unit {unit: arcsec}
#       value: !astropy.table.SerializedColumn {name: Gauss sigma}
#     Peak Center:
#       __class__: astropy.coordinates.sky_coordinate.SkyCoord
#       dec: !astropy.table.SerializedColumn
#         __class__: astropy.coordinates.angles.core.Latitude
#         unit: *id001
#         value: !astropy.table.SerializedColumn {name: Peak Center.dec}
#       frame: icrs
#       ra: !astropy.table.SerializedColumn
#         __class__: astropy.coordinates.angles.core.Longitude
#         unit: *id001
#         value: !astropy.table.SerializedColumn {name: Peak Center.ra}
#         wrap_angle: *id002
#       representation_type: spherical
#     r_eff:
#       __class__: astropy.units.quantity.Quantity
#       unit: *id003
#       value: !astropy.table.SerializedColumn {name: r_eff}
#     r_rms:
#       __class__: astropy.units.quantity.Quantity
#       unit: !astropy.units.Unit {unit: arcsec}
#       value: !astropy.table.SerializedColumn {name: r_rms}
# schema: astropy-2.0
label "Peak Center.ra" "Peak Center.dec" "Gauss Center.ra" "Gauss Center.dec" r_eff r_rms "Gauss sigma" "Bright Peak" "Bright Gauss" "Core flux" "Core flux Gauss" "Total flux Gauss" "Bright BG" "MAD BG" "Fill fraction" "NaN fraction" "Peak SNR"
[from data line 116]
PA092-R204 287.8845483432169 16.860370146246037 287.8845461649952 16.8603736985701 0.08495191021356335 0.1134759268195557 0.07044345063552562 0.32744014 0.28934828114899386 7.7251105 7.231327076165283 9.387687635372416 0.19966161 0.07983005 0.18009493005184726 0.0 4.1017156
PA194-R204 287.8772055878871 16.85511730383894 287.87720529991213 16.855115242314408 0.08098524404323944 0.0996354005905622 0.05331833572963309 1.3001717 1.237047473947407 27.876549 22.94816703420605 22.99302001603224 0.017866254 0.034442544 0.16492820152869592 0.0 37.749004
PA224-R205 287.8744900856944 16.856519955013486 287.87449253077307 16.856517587988066 0.07236324525635132 0.10208139847880558 0.04537552101625155 0.6304251 0.6031265473097603 10.791854 8.116188483918297 8.119105321131252 -0.093964934 0.04498148 0.1296846649863503 0.0 14.015215
PA202-R206 287.87637708707933 16.855323185248942 287.8763711213891 16.85531404252985 0.06968402283421374 0.09300146886075061 0.056052789517288364 0.56748295 0.5542325296287716 9.00836 11.050805511058272 11.385260030719884 0.21142483 0.10264087 0.12305611603019774 0.0 5.5288205
PA077-R212 287.88462032565894 16.861895647995176 287.8846308878449 16.861908647982514 0.09735654622100905 0.11095745492711208 0.08055403199185006 0.68017745 0.4847500981260057 21.075556 19.578129829373964 20.565958384095783 0.22507906 0.12103152 0.2365296050792432 0.0 5.6198373
PA205-R215 287.8759908199106 16.855194805997044 287.87598808447444 16.85519511544652 0.06819141344971559 0.09643768322813862 0.050401366624945286 0.5305424 0.43747957701156986 8.065029 7.225485504479124 7.266058482944008 0.10350847 0.03767848 0.1169344608600323 0.0 14.08078
PA091-R215 287.8848990949317 16.860491713031895 287.88489826663766 16.860495931258953 0.0541671584014585 nan 0.05329155593466 0.48293763 0.5077367515721098 4.632225 9.34781745753158 9.42783301123894 0.17266959 0.09750354 0.07378281813401442 0.0 4.9530263
PA212-R215 287.87532451332606 16.855512712822883 287.8753226784914 16.855504929288188 0.06015384231747733 0.13506709088453947 0.07064329639870143 0.7475177 0.528637274247851 8.842493 13.751705736112854 17.248692320768182 0.12868321 0.076096594 0.09029879096810145 0.0 9.823274
PA238-R217 287.87336489061516 16.857436239435057 287.8733700518134 16.857415808660594 nan 0.25449900561837513 0.03099999999999996 0.099436104 0.06205983079149595 -0.07863602 0.35286482982851675 0.38993341699517864 -0.107390046 0.023854926 -0.006178278010338545 0.0 4.168368
PA076-R219 287.88480922672835 16.86209199939456 287.88478787518994 16.862034379291757 0.0743158888627051 0.14894742258938798 0.1749240018909899 0.6001638 0.7302308161188125 10.835767 15.842872756429765 146.0883036599715 0.33652365 0.15442258 0.13782199830499314 0.0 3.886503
PA077-R219 287.8847914416332 16.86198025152528 287.8847981842235 16.86198872687003 0.09225855689552426 0.1345678935930907 0.07940510094561802 0.49508214 0.38431792881737037 13.775807 9.427805330849342 15.843237415496919 0.50201297 0.12663865 0.21240684276318733 0.0 3.9094079
PA271-R220 287.8722746996018 16.860706036309644 287.8722713958268 16.860705983665312 0.06889125246540816 0.08139743427535548 0.05013388973733749 0.7846333 0.6867836807079577 12.173666 11.282513587748443 11.285979333613625 0.014966607 0.03362912 0.11492668434425636 0.0 23.33196
PA177-R222 287.87892513709676 16.854438647362578 287.8789267137036 16.85444041373981 0.05407346952001462 0.11114076862462238 0.03370696771109698 1.5800877 1.6325571002461323 15.10345 12.113103114603401 12.127303063420056 0.06919813 0.03764093 0.07241374796087091 0.0 41.977913
PA271-R224 287.8721759905755 16.8607404370217 287.87217441354477 16.860749098547362 0.05403316753186556 0.10669091910313694 0.08224632702045931 2.0554655 0.5859079486287629 19.618126 18.465870612434525 25.913071594751067 0.12379241 0.05677116 0.07341824311476487 0.08461538461538462 36.206158
PA185-R225 287.87808394112557 16.85434438003121 287.87809554061846 16.854320568609257 0.04329815866833082 0.14215997265844255 0.13081494395277027 0.11356866 0.06574776239451814 0.6960234 1.6543824126249715 7.356177104981999 -0.10429716 0.026448429 0.046429222280328926 0.0 4.2939663
PA204-R225 287.8759105768279 16.854917101290216 287.87590530849803 16.8549039996358 0.044034124476948315 0.11612517059019518 0.05557756583290292 0.5514302 0.502634248888301 3.4953911 8.681329425163973 10.15097134486951 0.010011911 0.054451346 0.048387582065494913 0.0 10.127027
PA083-R226 287.8851328885398 16.861360649773026 287.885138096282 16.86135322767566 0.09593523737684033 0.11192051883326065 0.07196556931831205 0.4859842 0.41575300134820753 14.621939 13.404648466494322 14.07801438619235 0.1539818 0.049200296 0.23144054412841797 0.0 9.877668
PA177-R232 287.8790147181023 16.854153150504878 287.879020464925 16.85414890559144 0.08663548752699601 0.11803738858682167 0.07407382498843215 0.969978 1.011897109520323 23.800167 29.8741169788307 36.30131674039268 0.13608587 0.09200847 0.18588493809555517 0.0 10.542268
PA230-R234 287.87343442799107 16.856459617194837 287.873419373082 16.85645088527805 0.09982743843331968 0.10297787762002474 0.07482878897178204 0.5122023 0.47152522381249495 16.686602 16.717579506400448 17.262307313354498 0.035864413 0.044184476 0.25254375250764594 0.0 11.59236
PA204-R234 287.87582940896175 16.85464376722649 287.8758183073459 16.854651629941678 0.08594939034807392 0.12870003415487752 0.09993611339884567 0.5196382 0.3330581528279461 12.549116 13.386148915350875 21.748106971138352 0.12559879 0.08392483 0.18434900181894084 0.0 6.1917095
PA238-R234 287.87284532948206 16.857167719141206 287.8728326242355 16.85715971313501 0.05387869464917201 0.12263736294979262 0.06840543832269551 0.25566608 0.16504634000687793 2.4262397 3.8062846409399524 5.049444916256106 -0.066171944 0.030273616 0.07299905923696665 0.0 8.445178
PA219-R235 287.87433701428165 16.855522865098685 287.8743420692876 16.855516947827855 0.07681354877663472 0.1140039750567801 0.06001654318690506 0.5894547 0.5165590992836285 11.369794 11.637197063245466 12.1651775477238 -0.05922228 0.040163517 0.14837433741642878 0.0 14.676372
PA279-R237 287.87180896219036 16.861569194317262 287.87181322478494 16.861571431855058 0.059581019390826113 0.08521589578933014 0.08754711176400844 0.17949107 0.09231319859055291 2.0829804 3.3980166897806674 4.625981865356352 -0.06001821 0.023963451 0.08858721492854693 0.0 7.490201
PA220-R249 287.8740562477173 16.855272647339827 287.8740355218413 16.855261192814208 0.0857352957574544 0.095634450414198 0.08051896177383576 0.50569475 0.38824404962648146 12.151621 14.97418716669496 16.45726346157865 0.010276675 0.062390745 0.18343174184551675 0.0 8.105285
PA247-R249 287.8719241486481 16.857941817881557 287.8719314281288 16.85809450377837 0.05357496350458095 0.10280834370100107 0.2390661792327712 1.0028422 1.2837144300255594 9.409853 10.333746648238527 479.6905745896079 -0.0011403561 0.19262409 0.07162736208384274 0.007633587786259542 5.2062135
PA249-R252 287.8718591001166 16.858025893019864 287.87185589273 16.858022805004957 0.0750937718118113 0.10820556903148447 0.03982875616772511 2.0377164 1.9718071959873353 37.564537 19.17314143399043 20.450993728681336 -0.07052916 0.15263093 0.13965625473947235 0.022727272727272728 13.350613
PA093-R256 287.8860511552037 16.860223609459915 287.8860608254118 16.860224695670336 0.0614229228863091 0.08437817428311298 0.05178397475695089 0.24626935 0.19561922098511123 3.0373707 3.3788814935753564 3.4297208244433857 0.23496914 0.03958565 0.09002577649415845 0.0 6.221177
PA167-R257 287.8804008527652 16.85370713560833 287.88042796462616 16.85380124646731 0.08087273405361205 0.11696263079515816 0.1595417060299778 1.0647349 11.446418702009339 22.76524 13.164946017871054 1904.9104852959708 0.3894894 0.1651758 0.1644702617938702 0.0 6.446071
PA348-R258 287.87714228704914 16.86760532556051 287.8771337061624 16.8676228554047 0.10749635522031585 0.1269516036153025 0.06446552974491629 0.19788793 0.1678087600181288 7.4753795 4.27055683252595 4.559594494907364 0.029499859 0.029101878 0.284028763161566 0.0 6.7998333
PA086-R259 287.8861489621831 16.861015914267515 287.88616642153113 16.86092090316911 0.07092049033894823 0.16184858314222167 0.2549151376412509 0.17893565 0.2845151985903021 2.9421635 4.991173098961061 120.87965273102054 0.23289955 0.06374037 0.12456499446522105 0.0 2.8072577
PA094-R261 287.88617726308627 16.860104193442474 287.8861959402715 16.860112299957073 0.08793918599779305 0.12858890341238835 0.07676929355876867 0.46079844 0.3117103147290992 11.649368 10.101953982226222 12.011098892463375 0.27854627 0.03211564 0.19008144579435649 0.0 14.348102
PA348-R264 287.87699257123023 16.86780353142229 287.87698861665234 16.867804592450838 0.008588517920173322 0.2533524037502404 0.03099999999999996 1.4824257 2.50242327791983 0.35746694 3.955481589232634 15.723189172170056 0.11958116 0.0926252 0.0018548960869128888 0.0 16.00456
PA221-R266 287.8735926615054 16.855007126297124 287.8736183255561 16.854982968314662 0.02153726165698258 nan 0.11301380352458637 0.65698826 0.37553392562798155 0.9962425 15.02302676088399 31.35946470971887 -0.16319859 0.26412046 0.011487711559642445 0.0 2.4874568
PA249-R267 287.8713662826254 16.858045132297345 287.8713745305666 16.858044616743893 0.051855163460974775 0.12466425702888777 0.03099999999999996 2.2911427 3.201750678269166 20.140146 11.893146673049642 20.117192818953097 0.014942825 0.042839766 0.06609351652905457 0.03007518796992481 53.48168
PA343-R268 287.8762967066249 16.867706838445635 287.87629797216476 16.86770086456812 0.06471210696245959 0.1393217883980365 0.05586543142199202 0.33827794 0.2781700156563756 4.6309624 4.95646157162719 5.6761401429033675 0.13845456 0.057165444 0.10140603383382162 0.0 5.917525
PA084-R268 287.88633872154423 16.86131733947927 287.886356399473 16.86135835077269 0.06410419100076872 0.13209355302373246 0.0522840185026301 2.6007574 277.83984550616873 34.93809 5.981160914255259 4965.796623491619 -0.0629375 0.39549792 0.10495167225599289 0.6484375 6.5759068
PA241-R269 287.8718479661394 16.856977199223007 287.8718498703811 16.856982858370014 nan 0.23632518421110285 0.20515363374651707 0.11219263 0.0 -0.14463747 0.0 0.0 -0.041722417 0.031678915 -0.00991683556483342 0.0 3.5415554
PA088-R273 287.8865184123773 16.860877437881403 287.88651696092336 16.860846435446202 0.09154849572884798 0.13487717332699994 0.21241945645947813 0.2602688 0.1526027698797958 7.1310096 8.127801892219686 45.020206601117536 0.14508021 0.06404114 0.21075872274545523 0.0 4.064088
PA194-R274 287.87677426458134 16.853205647828425 287.87675918586524 16.853219302202046 0.11009803521190654 0.12666028353863404 0.07754963924659078 0.31013432 0.24673540661723298 12.289535 9.235265527480891 9.701692822825917 0.0015815198 0.04523039 0.30249230188267834 0.0 6.856769
PA085-R274 287.88657293726993 16.861230535612982 287.88657541939847 16.861212662344798 0.10874715294844879 0.12041681610909766 0.10025751664261677 0.40272945 0.29435899132276094 15.569536 15.64651947363584 19.34495272836761 0.21954733 0.057645023 0.2951147938502654 0.0 6.98637
PA244-R275 287.87150180437476 16.85720160442349 287.87150110561845 16.85719960093906 0.07037133016848345 0.10632193680509112 0.04935455326156675 0.5702809 0.4501721051184581 9.232235 7.13181656543721 7.169510606138968 -0.043701768 0.03866738 0.12453019068791316 0.0 14.748372
PA162-R275 287.88112053947 16.85334257084575 287.88111545152555 16.853331300244214 0.0986938831628806 0.11243788113821376 0.10197941632550324 0.39762378 0.272003085027676 12.661329 14.270300325911188 18.495043385557153 0.14133334 0.048169076 0.24494219559889574 0.0 8.254752
PA220-R284 287.8733736574611 16.854497692701937 287.8733767082689 16.854498111831713 0.05843461801864897 0.11039124198007917 0.055930626871108814 0.38450146 0.352449366452498 4.2920513 6.612115482087712 7.208627574769504 -0.008084297 0.032529235 0.0845654516509085 0.0 11.820182
PA224-R286 287.87287791457527 16.854850554401832 287.8728737050435 16.85484996797902 0.06192717506569304 0.14635628373869222 0.05330651209551111 0.8395462 0.7798076780080322 10.525279 12.474456978413784 14.487869379999886 0.004199028 0.049055815 0.09643743955172025 0.0 17.114101
PA243-R287 287.8712207722286 16.857039272847075 287.8712196898351 16.857040731615147 0.06128494606261573 0.1446262792369735 0.03099999999999996 0.26019645 0.306599826915683 3.1947396 1.6999276169588626 1.9264235276604236 0.012625694 0.030183673 0.09372658765953006 0.0 8.620437
PA190-R293 287.8770796706786 16.852603251759103 287.8770786018658 16.852600879823555 0.0711776633030139 0.11019944858374212 0.05320024127103354 0.7284824 0.6352495685468913 12.065158 11.59281301088074 11.755146967722139 0.047686636 0.049179614 0.12452664769681773 0.0 14.812691
PA089-R308 287.88757948341805 16.860801152644243 287.88757929434894 16.860803282981514 0.06335066516317547 0.11414591846752482 0.0452019030756992 0.35329664 0.2916935067233575 4.6351986 3.8536453055736777 3.8966973995690157 0.03245771 0.019335032 0.09939279700770523 0.0 18.27236
PA156-R329 287.8824420658473 16.852206810489236 287.8824596935198 16.8521858267706 nan 0.14875821803391961 0.08483468468329644 0.31895494 0.2131592518217623 -13.026647 3.1184556080488925 10.030153232465405 0.6462393 0.23408937 -0.31907540559768677 0.0 1.3625349
PA157-R331 287.8824430672636 16.85217206340632 287.88248079367753 16.852197551120202 0.09143765736009099 0.1429434473576718 0.1409753240548787 0.5858438 0.7193866839006238 16.012476 7.6890811064914795 93.47706725949266 0.46434402 0.17239833 0.20864374583004086 0.0 3.3981988
PA156-R336 287.8826488986267 16.8520608245064 287.882653185218 16.85208074143315 0.12282913132857606 0.14687360846494413 0.10655348187544868 6.158124 5.1465195999205 303.723 82.05130636657337 382.0369801071025 1.7202395 1.1371742 0.3708323428505345 0.6090225563909775 5.415286
PA164-R337 287.88141630579366 16.851630473055465 287.8814144749447 16.85163208776053 0.01454637784691233 nan 0.03756123405673721 0.26766545 0.31755754919806806 0.18515205 2.9291136567541267 2.9292647603439357 0.1646859 0.039299667 0.005280376845643721 0.0 6.8108835
PA158-R351 287.8824512004829 16.85152642936399 287.8824568075756 16.851521888492773 0.05621731148135484 0.15497414399914236 0.07079267556926164 0.73430824 0.6135366774100653 7.5865626 11.650832951795959 20.10359210065636 0.36910343 0.112127066 0.08008974651957668 0.0 6.548894
