m1-67/data/reproject/combo-D-neutral-knot-peak-stats.ecsv
# %ECSV 1.0
# ---
# datatype:
# - {name: label, datatype: string}
# - {name: Peak Center.ra, unit: deg, datatype: float64}
# - {name: Peak Center.dec, unit: deg, datatype: float64}
# - {name: r_eff, unit: arcsec, datatype: float64}
# - {name: r_rms, unit: arcsec, datatype: float64}
# - {name: Bright Peak, datatype: float32}
# - {name: Core flux, datatype: float32}
# - {name: Bright BG, datatype: float32}
# - {name: MAD BG, datatype: float32}
# - {name: Fill fraction, datatype: float64}
# - {name: NaN fraction, datatype: float64}
# meta: !!omap
# - __serialized_columns__:
#     Peak Center:
#       __class__: astropy.coordinates.sky_coordinate.SkyCoord
#       dec: !astropy.table.SerializedColumn
#         __class__: astropy.coordinates.angles.core.Latitude
#         unit: &id001 !astropy.units.Unit {unit: deg}
#         value: !astropy.table.SerializedColumn {name: Peak Center.dec}
#       frame: icrs
#       ra: !astropy.table.SerializedColumn
#         __class__: astropy.coordinates.angles.core.Longitude
#         unit: *id001
#         value: !astropy.table.SerializedColumn {name: Peak Center.ra}
#         wrap_angle: !astropy.coordinates.Angle
#           unit: *id001
#           value: 360.0
#       representation_type: spherical
#     r_eff:
#       __class__: astropy.units.quantity.Quantity
#       unit: !astropy.units.Unit {unit: arcsec}
#       value: !astropy.table.SerializedColumn {name: r_eff}
#     r_rms:
#       __class__: astropy.units.quantity.Quantity
#       unit: !astropy.units.Unit {unit: arcsec}
#       value: !astropy.table.SerializedColumn {name: r_rms}
# schema: astropy-2.0
label "Peak Center.ra" "Peak Center.dec" r_eff r_rms "Bright Peak" "Core flux" "Bright BG" "MAD BG" "Fill fraction" "NaN fraction"
PA296-R030 287.87784467186157 16.860947203519856 0.11228576975277334 0.14573148790557716 7.355247 303.1609 3.582436 1.1596637 0.3170535160945012 0.0
PA067-R032 287.87948229283637 16.860921370043755 0.1064972080465137 0.12533563505530476 7.671527 284.43613 5.3306284 0.8520222 0.28520660400390624 0.0
PA031-R033 287.87916736712566 16.861420815524625 0.14169716058080895 0.1226405509493003 31.420736 2062.363 11.770285 6.923568 0.49725006565903174 0.0
PA072-R035 287.8796442550666 16.86086970265695 0.06155283725223504 0.14606861727438972 7.73217 95.7688 4.700268 1.6023092 0.09454778132547859 0.0
PA017-R038 287.8789604148071 16.861610260388524 0.13010842583107204 0.11920410920689009 12.66963 701.1344 4.123876 0.70291805 0.4357462004413755 0.0
PA058-R044 287.8797702282245 16.861265813119978 0.09706549051843273 0.13515957454080124 3.01023 92.716255 2.1472898 0.3900571 0.24062803387641907 0.0
PA338-R045 287.8780966111675 16.86177387101003 nan 0.17297302464570177 5.84445 -73.83598 2.7413092 2.4645386 -0.5053408432006836 0.8120300751879699
PA050-R049 287.8797432356749 16.861481091043 0.12723855300481834 0.12125899042546427 6.636632 351.24622 2.221392 0.76629186 0.40401048150681357 0.0
PA028-R054 287.87937432178484 16.861946092675158 0.11908243795725913 0.11420930485523609 2.6215549 121.52927 1.4735289 0.20366818 0.3621695637702942 0.0
PA262-R064 287.87679192110437 16.860370252306648 0.11274739989628908 0.12522842445159474 4.4960184 186.83905 0.846951 0.2497794 0.3196658207820012 0.0
PA192-R066 287.8782405849228 16.85876859356577 0.10180835651653533 0.1392934122965941 2.6332994 89.22644 0.96442425 0.14873779 0.2586556936948354 0.0
PA202-R068 287.87789866773824 16.858828870389686 0.1148315039797075 0.13479635088326775 14.142111 609.62506 1.8031867 0.88414097 0.33159291194035456 0.0
PA251-R068 287.8767469358023 16.85995691856467 0.11293246077532919 0.13336446782336886 3.6259677 151.1778 0.71890426 0.15946412 0.320716065626878 0.0
PA185-R071 287.87843853699945 16.85862220497039 0.11863326272068705 0.12842941016983378 12.71368 584.9392 1.4482932 0.5010661 0.3485503341212417 0.0
PA177-R075 287.8787804536075 16.858518871696802 0.11162948409902808 0.1213499938630923 0.66014576 26.892065 0.8371146 0.15226841 0.3109660840216484 0.0
PA042-R077 287.8801391507669 16.862187199668238 0.04802941918720858 0.1426065804711653 3.2227128 24.30316 3.2303627 0.9427533 0.21546320234026228 0.7368421052631579
PA330-R077 287.8775027417618 16.862471368575815 0.1344273390031602 0.12811061177877464 5.500387 324.93384 1.4342368 0.4784435 0.444170844286008 0.0
PA039-R083 287.8801841427549 16.862445532670744 0.09232008858813062 0.1338236225149347 7.5003114 208.97687 3.839582 1.9044666 0.25101283649066547 0.16541353383458646
PA179-R085 287.8786814777177 16.85819164951608 0.10003509680099254 0.14470312419716394 3.2169645 105.2392 0.92606807 0.24240112 0.24972382756589934 0.0
PA219-R092 287.87692690566746 16.85858775347614 0.03217850506505381 0.07808201806426962 4.131975 13.986721 1.156652 0.636199 0.03105501297417037 0.16153846153846155
PA095-R093 287.8813718474236 16.86037024262398 0.11816967709311184 0.12887652008933187 9.665478 441.22684 1.4475272 0.5271468 0.3484715177812649 0.0
PA330-R093 287.87724179702894 16.862876089187683 0.10121043603988882 0.135612453012017 1.2372488 41.431828 0.9138359 0.30589402 0.31296321833245105 0.2074074074074074
PA356-R098 287.8784115377164 16.86335831604975 0.10629777752651969 0.13383304521905978 4.411663 162.95856 1.8933121 1.3478452 0.28197042450650045 0.0
PA253-R098 287.87592813202355 16.85978468718778 0.12136053861487853 0.1182349423913697 0.72371984 34.84592 0.33864868 0.05213058 0.37615904211997986 0.0
PA005-R101 287.87889743161554 16.86345303825055 0.13451410323179855 0.12746012067125764 5.6156673 332.17236 0.9357779 0.4089045 0.45500772916353666 0.0
PA357-R101 287.8785555062007 16.863444427273635 0.1403196886161844 0.12965523061511955 5.4276147 349.35962 3.3398623 1.4050549 0.49896949945494184 0.0
PA096-R102 287.88163278516225 16.860301350123766 0.11355391741193882 0.13527710407567411 2.5961099 109.43439 1.375818 0.27201295 0.3267691264780917 0.0
PA207-R102 287.87726882604903 16.85807108937375 0.11434139389936758 0.12148014032331152 3.4132574 145.88226 0.7043507 0.32248724 0.32135259298453656 0.0
PA203-R102 287.87747577581536 16.85794192398368 0.10657533633682693 0.13893716191469252 13.642777 506.5738 1.1106898 0.6390474 0.28129756811893347 0.0
PA359-R104 287.8785735022647 16.863470260613962 0.1036596545281262 0.12829372065019692 6.050113 212.52473 2.9411988 2.1184268 0.2681480873632067 0.0
PA290-R104 287.87578413885024 16.86159301857335 0.11400730142791207 0.12479888882230021 0.99949414 42.469 0.24981385 0.1319339 0.3268499814547025 0.0
PA193-R105 287.8779526587442 16.85770942613548 0.09433854445746495 0.13805743721296695 8.021594 233.38101 0.49923635 0.24862051 0.22209231544086952 0.0
PA043-R107 287.8807600181204 16.86280719424027 0.1272406439668654 0.11941615296946528 13.787399 729.72723 2.6781485 1.7179558 0.4200564490424262 0.045454545454545456
PA062-R108 287.8814348564169 16.861980519558063 0.12003363411487805 0.12801341218290427 0.80763644 38.040684 0.48012608 0.11830515 0.35955149526814467 0.0
PA227-R110 287.8762790647304 16.8585016359554 0.09979619423770941 0.13980889452105086 1.2901372 42.00397 0.48623502 0.19469392 0.2466496554287997 0.0
PA203-R110 287.8773768015035 16.857761090066287 0.09783515989950693 0.13374914956486067 4.1364207 129.43184 1.726943 0.8793838 0.24638410252848947 0.0
PA044-R110 287.8808679941995 16.862807193105798 0.13222854820604882 0.12238519404170232 8.163857 466.62967 4.992385 3.866258 0.42975931956355734 0.0
PA039-R111 287.88067903856205 16.86303969505354 0.12608521317052787 0.1280116197747358 19.819971 1030.0488 2.8795457 1.5187039 0.3849648087112992 0.0
PA197-R112 287.877691724067 16.857614702872922 0.11408334487822896 0.1340016638454974 8.613288 366.47128 0.9553846 0.37787926 0.3247877805287601 0.0
PA084-R112 287.8818937346949 16.86092995729261 0.12033201770847379 0.13186284454536198 5.6171193 265.89032 0.82843626 0.34528363 0.3613412871615577 0.0
PA170-R113 287.87923933831587 16.857494148666728 0.11264119317263273 0.1270073008489922 2.3803618 98.73337 0.70081854 0.14113426 0.314229560620857 0.0
PA188-R114 287.878132614631 16.857485537772725 0.06286160181101162 0.16927328901657374 3.9233024 50.681465 1.2924716 0.8803885 0.09498575154472799 0.0
PA113-R116 287.8817407435964 16.8593110707568 0.11925939079165937 0.12535055731903938 12.231223 568.6978 1.5374081 0.71245885 0.37496434488604147 0.0
PA083-R117 287.88204670021724 16.860981621495327 0.06378789274697047 0.13135300969262745 2.0216494 26.891115 1.3049295 0.7545874 0.10076949090668649 0.0
PA183-R119 287.8784745294595 16.85726164945081 0.10347594586179326 0.13613759055986296 1.5039196 52.6417 0.5522833 0.20162296 0.26318046741915824 0.0
PA205-R119 287.8772058454496 16.85756303338995 0.09666318347792077 0.12896302694451867 1.5521908 47.4126 0.6245675 0.21720505 0.23317252588636092 0.0
PA055-R120 287.88148885237973 16.862523018820273 0.1262949526277707 0.12165311482573225 0.7393166 38.550404 0.5830685 0.10066372 0.39502496430368134 0.0
PA090-R121 287.8821636658015 16.860585508424354 0.1281069000887787 0.11876080392363197 6.844058 367.18524 1.4890087 0.41328406 0.40644108165394177 0.0
PA209-R122 287.87689992115514 16.857623308807522 0.09824026060403664 0.14387541662622955 12.51076 394.72006 0.98000205 0.50908005 0.24269573505108172 0.0
PA167-R122 287.87940129709114 16.85729609258241 0.12181591835246841 0.12603225170165966 3.7535264 182.08495 1.2709882 0.7745452 0.37315667959359977 0.0
PA092-R123 287.88223564720926 16.86049078496287 0.11918005570621727 0.1234543057689303 5.5737214 258.80872 3.349359 1.5299945 0.3517707477916371 0.0
PA034-R126 287.8806700455242 16.86350469514071 0.13735410905982107 0.12046427665622625 7.438466 458.76807 1.9047441 0.49356723 0.4781014789906583 0.0
PA050-R126 287.8814258713676 16.862858853010874 0.12866793037671032 0.12414961568150486 0.88454235 47.87246 0.76697385 0.082577825 0.41000880617083924 0.0
PA180-R130 287.8786544842975 16.85694303841148 0.06751635926293095 0.1551099563749694 7.6351795 113.779434 5.024311 4.2008286 0.11375571389234702 0.0
PA167-R131 287.87950027107144 16.857029147752897 0.03449097617042204 0.21390115225964212 10.38289 40.379013 5.6726675 4.082874 0.02946208823810924 0.0
PA174-R133 287.87906837964675 16.856891371312116 0.10004190304136133 0.13079701541419939 1.4618633 47.829643 0.44453073 0.10367727 0.2516790243295523 0.0
PA060-R134 287.88201073551676 16.86249717763753 0.1308910015716131 0.12287195250860858 3.972751 222.50378 1.1216447 0.30720866 0.4341665460157764 0.0
PA090-R137 287.8826135603003 16.860559666932687 0.10600358103059938 0.123423000721617 2.0735736 76.17053 1.3054712 0.26605606 0.2825687995323768 0.0
PA085-R138 287.882640561096 16.860895499744515 0.11882159930515293 0.12243909473434172 4.1623335 192.11185 1.1906654 0.22693276 0.3577894757884417 0.0
PA033-R138 287.88090399795357 16.86378885937879 0.07334835627269479 0.13635393159486323 2.3795564 41.85075 1.5468371 0.93128705 0.13323960159764145 0.0
PA036-R139 287.88100297600306 16.8637458027165 0.11073317127989059 0.11101256345650855 2.5064325 100.47037 2.0433273 1.0338081 0.3059924176631083 0.0
PA054-R139 287.8819477567941 16.86291051198699 0.11473221031645356 0.13374507987149764 1.0327064 44.440002 0.7445663 0.06717253 0.3284928416477815 0.0
PA209-R141 287.8766839801004 16.857123862426143 0.12164277567122349 0.12803561222176219 4.146092 200.55711 0.912665 0.2676369 0.38088634821373646 0.0
PA353-R145 287.87812359724256 16.864598315518123 0.13010747514830284 0.12060327314704884 2.8608997 158.31921 0.5316284 0.20960712 0.42243479954377383 0.0
PA074-R145 287.88268556834015 16.861722165533315 0.11254138234834939 0.1202432162770422 7.596123 314.51617 1.1856858 0.47065067 0.3764075192538175 0.16030534351145037
PA109-R145 287.8826315285021 16.859250777700492 0.1180821491658227 0.12107971860145637 2.944551 134.21902 0.9922259 0.27584052 0.35063206599308894 0.0
PA196-R146 287.87743979284306 16.856667479336743 0.09780719257320475 0.1364423335295615 6.2672434 195.99484 0.38424945 0.3012073 0.23872438095908127 0.0
PA062-R147 287.8824336413045 16.862505781419884 0.10932654233520826 0.12314222982084984 0.91188633 35.630215 0.879815 0.17400599 0.2982678304191764 0.0
PA031-R147 287.8808950041014 16.864141915031137 0.10154733058146047 0.13172916757763947 1.2229477 41.22602 0.7549368 0.12673104 0.25538158416748047 0.0
PA357-R148 287.8784115360326 16.86471887160036 0.1228938580573413 0.12286299834820553 3.6601014 180.70908 0.8311955 0.31146693 0.3740355751731179 0.0
PA068-R148 287.8826045955824 16.862144111545756 0.13474458939476747 0.12537863835953109 0.9532902 56.58148 0.7299557 0.09763509 0.45656835115872896 0.0
PA156-R149 287.8804090399538 16.856813864213375 0.10905565415396662 0.1317825939673071 1.9247378 74.83322 0.616063 0.11497098 0.296791571697206 0.0
PA097-R151 287.88300045827873 16.86005160357814 0.12909207240043788 0.12336767583815568 3.6433768 198.48593 0.9411329 0.2930259 0.42561376094818115 0.0
PA002-R153 287.87877146000517 16.864822205027302 0.09868201764111233 0.11287146391122033 5.67638 180.70659 1.2107621 0.44407773 0.28940753936767577 0.16030534351145037
PA360-R153 287.87867248088247 16.864856649508237 0.09776719297543177 0.13290099425850924 2.9140491 91.05623 1.6190319 0.58925056 0.2479946045648484 0.03816793893129771
PA093-R153 287.88309944322594 16.860404657020716 0.11512389953390621 0.11373070339298823 2.336521 101.23418 0.99589634 0.12030506 0.3307395818579288 0.0
PA357-R158 287.8783845413833 16.86497720489991 0.14219658335901927 0.12361939604822947 1.8361037 121.367386 1.10695 0.2105937 0.516410231590271 0.0
PA090-R158 287.8832524124295 16.860611320329458 0.1266864969993736 0.11707959717817595 16.928896 888.21027 2.5205445 0.7624351 0.4035931513859676 0.0
PA347-R159 287.87760170615604 16.864916924647794 0.12518650159982214 0.12660523857294878 1.296288 66.41145 0.37928677 0.11565924 0.3910841323037184 0.0
PA074-R159 287.8831174718054 16.86179104551613 0.12730526343293647 0.12804536237063607 3.1898952 169.00346 0.7582122 0.17153841 0.4013703375151663 0.0
PA174-R162 287.87913136168595 16.856099148955394 0.10365628862141313 0.13678020210051275 2.6223354 92.10984 0.82542586 0.20153415 0.26609938072435785 0.0
PA001-R163 287.8787174715114 16.865140816162437 0.1326596903786808 0.1193527028968353 2.4989753 143.76938 2.2106414 0.5627086 0.4391704879644263 0.0
PA355-R163 287.87824956941034 16.86513220468415 0.12311612922896423 0.11699882586861615 3.7474375 185.69096 1.1994061 0.22450304 0.3753897927024148 0.0
PA004-R164 287.8790144094619 16.86517526028947 0.11936639069748706 0.12975624354435183 0.79591787 37.073097 0.7602061 0.09152627 0.3583003704364483 0.0
PA348-R166 287.8776556936259 16.865140813801336 0.14567137293903132 0.12999985781284024 4.876656 338.29614 2.815556 1.3908072 0.5215828113986137 0.0
PA076-R166 287.8833424188344 16.861713540519997 0.11415052113789084 0.12943441933678687 6.464981 275.39087 1.6258516 0.7749413 0.3251703859285544 0.0
PA042-R168 287.8819657726294 16.864038567249075 0.13080837309152346 0.1299239638344747 1.7206036 96.24505 0.94294393 0.37692058 0.4302830329308143 0.0
PA162-R171 287.8801481000805 16.85606469961496 nan 0.16657850099342225 0.50585675 -14.583351 1.1577129 0.120783806 -0.21840161988229462 0.0
PA069-R172 287.8833154394356 16.86229909668577 0.11319883937204218 0.12207174942331572 2.0692072 86.67911 0.60786414 0.13547611 0.32223082322340746 0.0
PA170-R174 287.87951826100885 16.855832203239718 0.11988474053429607 0.1273616462426165 0.3254007 15.288779 0.45167089 0.04654789 0.36422067095142924 0.0
PA180-R174 287.8786364889007 16.855720260640574 0.09411889483103632 0.14234383622092395 5.5576944 160.944 0.94348073 0.5081737 0.22105931871719942 0.0
PA356-R175 287.8782225742495 16.865493871294827 0.10707096467993693 0.1294139790631538 7.426725 278.33463 2.2898479 0.96666527 0.2839199990937204 0.0
PA189-R176 287.87785369167165 16.8557202591225 0.09400507300951412 0.14103737862621923 1.5189826 43.881542 0.19729614 0.14752102 0.2274706382451095 0.0
PA198-R178 287.8770169070919 16.85587525421664 0.07274980738657291 0.1451312588995113 3.5284789 61.04888 0.265065 0.2861809 0.14539290676597788 0.04032258064516129
PA207-R178 287.87627009625 16.856168024750904 0.0918224774270913 0.14476706028471154 13.163391 362.8209 0.8336005 0.7019291 0.21040361710177122 0.0
PA005-R178 287.87911338960555 16.86551109341982 0.11321509971854689 0.12310598639203121 1.2466054 52.235313 0.53137684 0.15703511 0.3223234029916617 0.0
PA206-R180 287.8763150859767 16.856064691931 0.023654954236538028 0.33195201273262603 11.113314 20.328918 6.849247 6.186182 0.01365104540070491 0.0
PA209-R181 287.87604515374824 16.85618524426248 0.08269431001728904 0.14356522575521244 11.70346 261.6327 0.9353342 0.67550707 0.17196275270902195 0.0
PA071-R183 287.8836843560236 16.86227325467568 0.11727679325746405 0.1288211206419509 1.0132372 45.5577 0.5863259 0.061677873 0.34322534808675753 0.0
PA078-R183 287.88388229681897 16.861739360861616 0.10153102901713008 0.11922941541275689 1.3664205 46.047752 0.99944115 0.36588383 0.2552995970754912 0.0
PA006-R185 287.87912238837083 16.86576081561949 0.09871101086582905 0.13608007160290542 4.536434 144.50148 2.4354153 0.6261909 0.2431567825433862 0.0
PA198-R185 287.8769629227945 16.855677198229685 0.0901427794853765 0.1399155076690017 3.819133 101.45026 0.4799559 0.20601034 0.19972697953532512 0.0
PA355-R186 287.87813259225055 16.865734982200074 0.10768441533662033 0.12224159623121252 4.1876984 158.74776 4.536623 1.5177071 0.2893749266180373 0.0
PA090-R187 287.88406222361124 16.860611300666903 0.12158120762237057 0.11669174410361809 0.94713163 45.76882 0.60683775 0.039551973 0.368882535978128 0.0
PA180-R189 287.8785915006673 16.855324149525725 0.07353421646052336 0.15031654178329124 1.3400764 23.68836 0.47866368 0.11900246 0.13597594041090746 0.0
