m1-67/data/reproject/wr124-hst-1997-f656n-radec-knot-ellipses.ecsv
# %ECSV 1.0
# ---
# datatype:
# - {name: label, datatype: string}
# - {name: Ellipse Center.ra, unit: deg, datatype: float64}
# - {name: Ellipse Center.dec, unit: deg, datatype: float64}
# - {name: Ellipse Sigma X, unit: arcsec, datatype: float64}
# - {name: Ellipse Sigma Y, unit: arcsec, datatype: float64}
# - {name: Ellipse Theta, datatype: float64}
# - {name: Ellipse Bright Peak, datatype: float64}
# - {name: Ellipse Bright BG, datatype: float64}
# meta: !!omap
# - __serialized_columns__:
#     Ellipse Center:
#       __class__: astropy.coordinates.sky_coordinate.SkyCoord
#       dec: !astropy.table.SerializedColumn
#         __class__: astropy.coordinates.angles.core.Latitude
#         unit: &id001 !astropy.units.Unit {unit: deg}
#         value: !astropy.table.SerializedColumn {name: Ellipse Center.dec}
#       frame: icrs
#       ra: !astropy.table.SerializedColumn
#         __class__: astropy.coordinates.angles.core.Longitude
#         unit: *id001
#         value: !astropy.table.SerializedColumn {name: Ellipse Center.ra}
#         wrap_angle: !astropy.coordinates.Angle
#           unit: *id001
#           value: 360.0
#       representation_type: spherical
#     Ellipse Sigma X:
#       __class__: astropy.units.quantity.Quantity
#       unit: &id002 !astropy.units.Unit {unit: arcsec}
#       value: !astropy.table.SerializedColumn {name: Ellipse Sigma X}
#     Ellipse Sigma Y:
#       __class__: astropy.units.quantity.Quantity
#       unit: *id002
#       value: !astropy.table.SerializedColumn {name: Ellipse Sigma Y}
# schema: astropy-2.0
label "Ellipse Center.ra" "Ellipse Center.dec" "Ellipse Sigma X" "Ellipse Sigma Y" "Ellipse Theta" "Ellipse Bright Peak" "Ellipse Bright BG"
[from data line 112]
PA206-R200 287.8761637164746 16.85561699829646 0.15684346279777225 0.25204797863099304 205.68483552276567 0.6853942598130122 1.022591512204887
PA203-R200 287.8764155646831 16.856012906721368 2.4040858437006096 0.43091803347914015 202.93730669612367 0.7871752589982772 0.6368901978354838
PA354-R202 287.8780598848442 16.866176604817895 0.17403856198736634 0.21264659572854328 354.06762896573895 0.15732500219698015 0.2709770458342195
PA085-R202 287.88447391680813 16.861108318226993 0.17485520841998592 0.27898074697154696 84.82342868761081 0.628022331409037 0.2572253246950444
PA092-R204 287.8845548529511 16.860472974245415 0.248841732824068 0.14031524067801193 92.03975169791194 0.22335032835606847 0.38175722556678005
PA194-R204 287.87723826337145 16.855136613601 0.13475295949552027 0.08766420856479483 194.03330611890365 0.2965315914348528 0.3399935815692522
PA224-R205 287.8745684672222 16.85656371226969 0.43546325693341664 0.37151735295974425 224.2056099510396 0.20852707372114201 0.03728035410342103
PA202-R206 287.87633750226405 16.85538438492038 0.5613578385138398 0.24638725135973316 202.17207230451473 0.6740697160977791 0.41706354747374674
PA077-R212 287.88470370542143 16.861989121842576 0.43590613685312196 0.41882854164938554 77.20003853917879 0.7915095047566637 0.04308888256549836
PA205-R215 287.8759994083457 16.85518190381702 0.12178643402752813 0.1978202109970786 205.12327468049776 0.3374170952638157 0.44661870459005243
PA091-R215 287.88475849627565 16.86046759747092 0.8352326960448128 0.32402823762869026 91.00559429601124 0.5996597655233162 0.04812512477954311
PA212-R215 287.87535571568134 16.85551783343365 0.13679714125378306 0.25804063687368717 211.98613816905123 0.34755484870007547 0.44330323442296604
PA238-R217 287.87340147659205 16.85744832452974 0.3381282198172197 0.2474339778977717 237.60742355182862 0.06702651711548266 0.06719759885619116
PA076-R219 287.8848264328687 16.862064216536186 0.32521291662199153 0.24958298020113284 75.56131087204639 0.741917358746742 0.3662359226303336
PA077-R219 287.8848249912608 16.862055697949987 0.3021458432382934 0.27890202159315647 76.80858360911147 0.6485553798075705 0.46281373385524943
PA271-R220 287.87224515672733 16.860714729429972 0.33529064029615024 0.24736712579564546 270.8866412346092 0.31162161595059124 0.2315495567537009
PA177-R222 287.87900056505333 16.854219956799998 0.8993865142332369 0.5020153719184942 177.2899997741525 0.5869743761653222 0.033706597685813904
PA271-R224 287.87216383510713 16.860733409448205 0.11322678451009506 0.27572846356565855 271.25527958361334 0.31731578040361597 0.3336572134725871
PA185-R225 287.8780461522675 16.854356970596417 0.1008647137610024 0.07618701013656307 184.7717396256097 0.05947977348690594 0.07761152117774583
PA204-R225 287.8759140424635 16.854843431023863 0.18214076460670203 0.5260785661467826 204.4649080794199 0.2864491381290239 0.4138912791323701
PA083-R226 287.8851714851223 16.861360572741244 0.20004989549681057 0.1951389871229101 83.07804039502408 0.3078760218237834 0.20824994271319625
PA177-R232 287.87885284652964 16.854331290296283 0.823416456359604 0.29431341087547636 176.69351501381556 0.6692975782823386 0.022117737170777734
PA230-R234 287.8734374501403 16.85643972254643 0.16470555065254758 0.1286189124685784 230.26700165995553 0.300187442287412 0.14971946018304563
PA204-R234 287.8758460180705 16.854664932005356 0.1523864630877172 0.3353510165801969 204.38749406544923 0.38429927567749134 0.27166171786072035
PA238-R234 287.87274621498193 16.857136241841914 0.33052361524607327 0.10733610496431432 238.32058359631765 0.08617707673594072 0.12297103523076644
PA219-R235 287.8743639292321 16.85551395251281 0.12237609700253305 0.08953369652047835 219.0242389999707 0.21679251412733455 0.21679125479113967
PA279-R237 287.8720545706094 16.861790250999174 0.3700370753349087 0.09146886118612581 278.5842547127372 0.92882478395591 0.11075315304265049
PA220-R249 287.87404644563696 16.855252400077926 0.18332248127952475 0.21664386335810737 219.52377272389026 0.2572274663197728 0.26321528546495504
PA247-R249 287.8719973841154 16.85794402563335 0.14597749072880642 0.18682891266673646 247.2517830698292 0.2546384915667445 0.24735056029055205
PA249-R252 287.8717751359534 16.857872455979553 0.1892227393230356 0.626470399153033 248.57806544097872 0.4988549557486402 0.322278151169577
PA093-R256 287.886328007416 16.860238902666087 0.6300602286782728 0.9745998702858737 92.97826595434081 0.42122639896631053 0.02373943388462067
PA167-R257 287.88041364593977 16.85362113826161 0.21250211725691295 0.21127313672389014 166.59560512998968 0.24128941298296275 0.272429089915372
PA348-R258 287.8770962873203 16.86752120903286 0.2702099464193247 0.27584699248780287 348.4534810994319 0.19790124229382286 0.16614647517644485
PA086-R259 287.8862045984174 16.86104204093559 0.3630029798492132 0.3585534997603497 86.35876212116817 0.4203883657484726 0.02574446022510529
PA094-R261 287.8862737096862 16.86020044845922 0.5876767425760122 0.46713838853186523 93.74912282892667 0.39259976716835243 0.027733536660671233
PA348-R264 287.87701762013825 16.867813776695417 0.3589172009018811 0.44792558955858025 348.02079036082057 0.3073973988070396 0.015546736121177674
PA221-R266 287.8735808725506 16.854993992419022 0.12804495287460957 0.2040431012316426 220.8666898312242 0.29108499894166556 0.29634129877262183
PA249-R267 287.87141291808166 16.857995461929097 0.197202845100634 0.1940901633653827 249.45697867809605 0.20489614432423445 0.26453125550815065
PA343-R268 287.8763125815276 16.86762068545872 0.3257840497771976 0.5233416947651377 342.69923396465583 0.5981331852432966 0.03607772939597196
PA084-R268 287.88644578305235 16.861298353929172 0.15215816352946013 0.14640575757843452 84.48889595715141 0.18942027425733474 0.18987477627758048
PA241-R269 287.87181468700527 16.856928007770872 0.2761433951676728 0.1974846353424563 240.75203377829365 0.1573165530078388 0.1689483423160278
PA088-R273 287.88658542080344 16.860886433984955 0.5039397841172151 0.14284384913552034 87.75649694421752 0.09015853815130276 0.18399554914216004
PA194-R274 287.8767830424037 16.853236300388094 0.19073695605804794 0.15334942462484444 193.66338280665852 0.17687763549885213 0.09652881731273412
PA085-R274 287.8865665767186 16.86121696898701 0.15108297259642553 0.16789998227080244 85.3436239582365 0.15332933991504658 0.23479735495240414
PA244-R275 287.87152227629514 16.857187629739222 0.15146260253108082 0.10666819485151251 243.58882284408608 0.11590417214765855 0.26768152035353726
PA162-R275 287.88155049559447 16.8531913567105 0.502819910567147 2.0091079801509673 162.02841766461154 0.564211416720467 0.03279862973811435
PA220-R284 287.8733665889438 16.854497702210534 0.14432195096495215 0.1353970209729687 219.5602978605077 0.20405534647456267 0.3448775335633112
PA224-R286 287.87293834537513 16.85484535675973 0.4535691810980173 0.9802432480131679 223.80487115920315 0.39867115377991263 0.028404020071029663
PA243-R287 287.8712137155571 16.856973355581076 0.14329320974785578 0.16426189148755443 243.04411802210387 0.1104392724249735 0.18474993391751657
PA190-R293 287.8770832527419 16.85249874331696 0.44513522365477165 0.32996371520479645 190.4969656328342 0.3489285061624802 0.10916620757279415
PA089-R308 287.88758630964287 16.860812320538688 0.09525250249341372 0.1097308053724941 88.54510177171716 0.050088230902718744 0.060308366163394835
PA156-R329 287.88244757603957 16.852178632750828 0.3704439542664593 0.30877166411022444 156.4496533289238 0.2441852175557523 0.17522836998909025
PA157-R331 287.88238118541824 16.85211194240968 0.07425314135639581 0.0689579117638852 157.0440439800927 0.0962832265622533 0.4255526734086968
PA156-R336 287.8825757948937 16.852121884099013 0.15597554792060891 0.15849572547500576 155.77751731657355 0.09108190083274596 0.38194596957275045
PA164-R337 287.8813692860646 16.851641125159194 0.2231857343210385 0.09414808331801182 163.5135339419548 0.0508450222408211 0.29337181918272087
PA158-R351 287.88249033224304 16.851527975890146 0.18204618194414338 0.2737352370379958 158.0380970621678 0.19261516854318525 0.3046935576926794
