m1-67/data/reproject/wr124-hst-2008-f656n-radec-knot-ellipses.ecsv
# %ECSV 1.0
# ---
# datatype:
# - {name: label, datatype: string}
# - {name: Ellipse Center.ra, unit: deg, datatype: float64}
# - {name: Ellipse Center.dec, unit: deg, datatype: float64}
# - {name: Ellipse Sigma X, unit: arcsec, datatype: float64}
# - {name: Ellipse Sigma Y, unit: arcsec, datatype: float64}
# - {name: Ellipse Theta, datatype: float64}
# - {name: Ellipse Bright Peak, datatype: float64}
# - {name: Ellipse Bright BG, datatype: float64}
# meta: !!omap
# - __serialized_columns__:
#     Ellipse Center:
#       __class__: astropy.coordinates.sky_coordinate.SkyCoord
#       dec: !astropy.table.SerializedColumn
#         __class__: astropy.coordinates.angles.core.Latitude
#         unit: &id001 !astropy.units.Unit {unit: deg}
#         value: !astropy.table.SerializedColumn {name: Ellipse Center.dec}
#       frame: icrs
#       ra: !astropy.table.SerializedColumn
#         __class__: astropy.coordinates.angles.core.Longitude
#         unit: *id001
#         value: !astropy.table.SerializedColumn {name: Ellipse Center.ra}
#         wrap_angle: !astropy.coordinates.Angle
#           unit: *id001
#           value: 360.0
#       representation_type: spherical
#     Ellipse Sigma X:
#       __class__: astropy.units.quantity.Quantity
#       unit: &id002 !astropy.units.Unit {unit: arcsec}
#       value: !astropy.table.SerializedColumn {name: Ellipse Sigma X}
#     Ellipse Sigma Y:
#       __class__: astropy.units.quantity.Quantity
#       unit: *id002
#       value: !astropy.table.SerializedColumn {name: Ellipse Sigma Y}
# schema: astropy-2.0
label "Ellipse Center.ra" "Ellipse Center.dec" "Ellipse Sigma X" "Ellipse Sigma Y" "Ellipse Theta" "Ellipse Bright Peak" "Ellipse Bright BG"
PA296-R030 287.87784838951455 16.860927251456193 0.438327258960016 0.38644344771277034 296.28153574111286 0.8983474841900816 0.042853238582611086
PA067-R032 287.8794948051134 16.86092466619202 0.10609997662303516 0.1245574367607999 66.86947493936553 0.4689697263393643 0.45406687274396956
PA031-R033 287.8791430599329 16.86139327517167 0.14797774610891648 0.10064890489059924 30.919260644413303 0.8076296080230215 1.2061493987736482
PA072-R035 287.8796505803267 16.860876397839032 0.1493324779301152 0.14096161102456267 71.97437921876036 0.5361182596395783 0.4620056917434855
PA017-R038 287.87900707040063 16.86158636053897 0.38121583845703216 0.2934085345393852 16.829907671084754 1.125589678310282 0.0491343167424202
PA058-R044 287.8797938931813 16.861265534224067 0.0992556453064468 0.14727057254545728 57.69177263933969 0.32001722739007704 0.31325971774973954
PA338-R045 287.87816295187196 16.861740208016357 0.1430939047680418 0.17902993336343181 337.92334456075815 0.48263576752267345 0.2581488350269815
PA050-R049 287.8797595978236 16.861508622483683 0.39153296068081017 0.22323748689542636 49.97813143674663 0.44554286005930627 0.32209019794489974
PA028-R054 287.8793855209188 16.861931228700357 0.06640739519876751 0.07008742694028976 28.041795442239398 0.17957950224859934 0.32659251417802376
PA262-R064 287.8768146275522 16.86035950403513 0.15025970068505848 0.1453915060684163 262.4843734024974 0.4979099072842573 0.22079127444244748
PA192-R066 287.87822237103387 16.858830798607855 0.1511938224718396 0.2841127999255868 191.92627434328423 0.25244891340663334 0.47688798800686016
PA202-R068 287.8779220274263 16.858850364593117 0.12685966982543728 0.13439904472951653 201.81557485506812 0.8493118159461783 0.598168161877742
PA251-R068 287.87677522086483 16.85998923441263 0.23324196668403757 0.20728983039205806 250.60075274581175 0.48779261941877566 0.17835394981928138
PA185-R071 287.8784505744979 16.85862373357573 0.15205098632694578 0.18043191764202202 185.20291541111195 0.5670734302474418 0.4028094528513368
PA177-R075 287.87758416365534 16.857620769775547 0.19046107864983602 3.5322631232165675 176.82857239170298 0.2776454232311901 0.3362784367791737
PA042-R077 287.8801497233162 16.862191615620546 0.07817947423290354 0.11343844430178575 41.62550224073183 0.5543588397083763 0.7315717529515355
PA330-R077 287.8775290651037 16.86246402390913 0.17042463486896042 0.17382610570605964 329.9013966731095 0.5996372162217593 0.3369810320228782
PA039-R083 287.8801749505289 16.86237426077937 0.2684976344735369 0.17272794030096805 39.060066349133635 0.5193032554220336 0.7121310589662478
PA179-R085 287.87867294792477 16.858235790449235 0.2139955797117577 0.287628867676839 179.24614909708282 0.5925210895326197 0.42707578696245
PA219-R092 287.87686819595643 16.858492908780438 0.6358537107237565 0.46310688003617406 219.06780010195922 0.7568510930004361 0.03284432142972946
PA095-R093 287.8814800872684 16.860270901460964 0.4877873168681369 0.406976356563492 94.99475790957146 0.8556572345990272 0.023026423901319506
PA330-R093 287.87729722092763 16.86286674537658 0.174897221496456 0.18736634612633674 330.1218969791886 0.3994662321330842 0.1879254084987739
PA356-R098 287.8784390299349 16.863264928438433 0.16043040990950286 0.171872084333378 356.0208232478922 0.3613331627543134 0.80683753621197
PA253-R098 287.87593335570324 16.859801470683898 0.16567717093737944 0.18147992159263274 252.61919285610367 0.1605705547545655 0.12481218844484307
PA005-R101 287.8789050023021 16.863423009892294 0.18820788578403372 0.12459255159986715 5.0073121388263475 0.36161709095982203 0.3709328043111417
PA357-R101 287.8777528286846 16.86278805698343 2.2133333371080774 0.1452154995405844 357.4631799779348 1.5619713793257757 0.517598260439327
PA096-R102 287.8814893549241 16.860296426806773 0.23128238904548076 0.25920570930450537 95.87924919564686 0.5758726251048306 0.5337944740586011
PA207-R102 287.8772885406948 16.858043959977216 0.2297314257545737 0.2782760407630262 207.252693260486 0.2917887390278941 0.39597435226685246
PA203-R102 287.8774785637634 16.85793969190838 0.22452445467977789 0.2691971557274635 202.72686654996232 0.7787675843525754 0.3619914582142489
PA359-R104 287.87858861714636 16.863432909199148 0.16859611234706764 0.28651832224829793 359.28660736819756 0.4757056148561441 0.4783593366741614
PA290-R104 287.87582643848697 16.861591608657726 0.1779615512555319 0.12032054906775423 289.9597897996694 0.23652958149747402 0.08486831065323333
PA193-R105 287.87795619170004 16.85760159195939 0.3676975614339844 0.3355717312340075 192.7757138783096 1.0482207318165278 0.46676451522071477
PA043-R107 287.88080099320933 16.86284627753091 0.4444070040274642 0.4744694560661935 42.69704250086977 1.2943963100815281 0.1972148938901815
PA062-R108 287.8825855546479 16.862468170130594 3.380790845507326 0.13989038424916359 62.40598436334054 0.3168921590628507 0.21680113951361277
PA227-R110 287.87632291128153 16.858509691366386 0.13298480980992672 0.15607157550815232 226.87355102948678 0.32899137890957003 0.27655210745001074
PA203-R110 287.87738176167363 16.857777355053724 0.1288661934728121 0.13238801200750813 203.12007181342457 0.45349359225418523 0.6592189323805855
PA044-R110 287.8807766060303 16.862891796150546 0.8102731411653944 0.6478983910901417 44.14564066395699 1.4057349630390712 0.09607884049415588
PA039-R111 287.8807306551837 16.862974081306756 0.35222126782139374 0.2749394994082777 38.65461531621216 1.4347386495288075 0.47120990991352735
PA197-R112 287.87769890737087 16.857605905749963 0.15741574264468536 0.09683166016066011 196.689168799342 0.25018928075677677 0.5427650544741773
PA084-R112 287.88189811624045 16.860955344083063 0.3467408412040689 0.3378191030673661 83.6130351782113 0.8730193543612602 0.04433160364627839
PA170-R113 287.879307673674 16.857299216669357 0.7897352803726356 1.1393520091436815 169.57252129628102 0.6220313964166969 0.04174750517207684
PA188-R114 287.87814854331344 16.857442579198782 0.277467389783996 0.45945852861143843 187.95016246963368 0.9996362550451156 0.21771016797513595
PA113-R116 287.8817644396288 16.859293326488253 0.25997613267697256 0.20992066353826272 113.30027352889753 0.673246649442789 0.19122501605998254
PA083-R117 287.88175593555684 16.860923275732258 0.35080524430280924 1.3070832025000605 83.16303931275354 0.8337076988762571 0.04107014775276185
PA183-R119 287.87845677610227 16.857202687024788 0.4675699422761846 0.561568626761679 182.64373160610052 1.0315482183290625 0.060408936738967904
PA205-R119 287.8768413159097 16.85740369770262 1.0355985276560822 1.2367699321645798 204.56392396493075 1.7731705881498814 0.07323544144630433
PA055-R120 287.88149030088294 16.862588870138122 0.3445038639587503 0.14743086729444885 54.69872425735836 0.20687274980185114 0.39501465078355724
PA090-R121 287.8822193859632 16.860524315547714 0.1915064422512488 0.3153976180351357 90.41960329625103 0.5311337935128141 0.4007715405127169
PA209-R122 287.8769688982509 16.857622658815558 0.2801297902861903 0.3524110519596389 209.11767316527326 1.1894691707757838 0.05078322887420655
PA167-R122 287.87939152226664 16.857229158717086 0.24182625810718675 0.2929658661460557 167.31028302472725 0.8240260185489519 0.7863383057593959
PA092-R123 287.8822268198633 16.86052600138341 0.3854110522326114 0.22151817513318914 91.89386166142998 0.5333155916277917 0.37484070262443697
PA034-R126 287.8806683042702 16.863507331431066 0.1325785257728056 0.17497685337843336 33.80636265734553 0.8265381207175649 0.6663320990198663
PA050-R126 287.88143560519137 16.86289364803625 0.391585268184075 0.595288780846463 49.56704135346802 0.629029066690171 0.0650997218172458
PA180-R130 287.87864471953355 16.856934481689212 0.4276405799637088 0.45376450986394556 179.65278141202975 1.7693084809414803 0.10826248526573182
PA167-R131 287.8794699849248 16.857061644530457 0.44001914026192074 0.32857916375558466 166.5517940651275 1.7650776629122518 0.0946282297372818
PA174-R133 287.87907736082417 16.85691561198925 0.168021079749094 0.2008948529376852 173.51988201380723 0.4884715369833686 0.45852012459801955
PA060-R134 287.88200840052934 16.86249038794772 0.14231224929698663 0.2101982914003999 59.54811629721563 0.5360573207802649 0.5776604059639222
PA090-R137 287.8823435386857 16.86008073016173 1.536955225615614 1.1846308678646686 90.37148626651197 0.9255671772479598 0.03186118960380554
PA085-R138 287.88263960271314 16.86091201462204 0.21187333066913347 0.25464727710034324 85.4203587455898 0.43443728150395305 0.3133095251448042
PA033-R138 287.8809915930607 16.863769895983122 0.5506022171701892 0.5080197625874247 33.41051222448549 1.3246736043674767 0.06711004674434662
PA036-R139 287.880987564486 16.863775567654624 0.28237577410154874 0.3404079584289465 35.80539579467498 0.7675914865823059 0.6942667313934422
PA054-R139 287.88184030652485 16.862847961780993 0.4635759748405117 0.8394278634683151 54.130759713821845 0.5903341732937133 0.043897340893745425
PA209-R141 287.87671008340055 16.857145794939388 0.17277243738726916 0.19676958256088375 208.5545148928927 0.5012892673568372 0.3903126234694219
PA353-R145 287.8781398911799 16.864617492287735 0.24650369561352084 0.41084382998351454 352.939665855005 0.5658707498518075 0.09505466259648584
PA074-R145 287.8827160998302 16.861730514292457 0.17057341170377674 0.20591564756381006 73.77528454134325 0.24090105344530754 0.28480941619505123
PA109-R145 287.88268428545655 16.859262266692934 0.2893651635769961 0.09060503499648387 109.45504622280768 0.16339677070241745 0.3784841571442975
PA196-R146 287.8774546516329 16.856688943975506 0.09291389726493357 0.08577622631167432 196.22234888710852 0.30942608903980323 0.2997873119377343
PA062-R147 287.8824167623404 16.862538890619398 0.21088156618330106 0.26794866546561064 62.1214087821436 0.3949265760352449 0.30643011855355573
PA031-R147 287.880933223089 16.86397920945572 0.29118407224356413 0.39614847358239896 31.45004973402716 0.5571910370388626 0.35922095246051083
PA357-R148 287.8784464343722 16.864684203195097 0.2928707026654751 0.19768803403941967 357.1338782920824 0.8065611341610417 0.48525113112544876
PA068-R148 287.8827015982594 16.862298284902877 0.3921065190767051 0.20669796289926692 67.69819306812978 0.3979817895901902 0.4687687842673021
PA156-R149 287.8804084375105 16.856785870933013 0.23839112937249274 0.1823463450883963 155.77451414381082 0.13609383810271483 0.21671731379216552
PA097-R151 287.8830503681162 16.860088029587008 0.3441861559414602 0.38001728456163775 97.37451753929106 0.5288677476450531 0.059362976125021304
PA002-R153 287.87870736183737 16.864774728844925 1.0375169658032346 0.34546529823925703 2.1181482259414346 0.9776706330328615 0.3231143607957903
PA360-R153 287.87864320741886 16.864873299964447 0.48704403068151597 0.3970153712898972 359.62449822700506 1.2949937159796299 0.08835325777530671
PA093-R153 287.8831192606595 16.860427115198572 0.1378219186147624 0.16090792553236957 92.81866801623983 0.13930060580324424 0.470214050749118
PA357-R158 287.87841571608504 16.864979441307494 0.16696499646853963 0.1969983222623126 356.7918781067209 0.2825056558576825 0.5172562812238357
PA090-R158 287.8832436805857 16.860587285536425 0.18598770869303052 0.22428891081383018 89.90038943961278 0.5326597316270898 0.33282896696227127
PA347-R159 287.87767034717564 16.864978319152424 0.7994933413915344 0.41984831076560275 347.23241870930246 0.629435428150854 0.04212247908115387
PA074-R159 287.8831311811071 16.86179351285507 0.22753966201455084 0.21882912825169806 74.47115232219531 0.39616929303862564 0.29733003325814616
PA174-R162 287.8791557128069 16.856086441485953 0.24703674458385408 0.17026612211867218 173.7600671732906 0.4226328369661447 0.2723208399614716
PA001-R163 287.8787436984362 16.86504533287599 0.5435680531681344 0.7430364497397466 0.8698648579361684 1.0245212152913636 0.06869864344596864
PA355-R163 287.8782478897049 16.86513933377226 0.19585130179953422 0.21810642620023948 355.2658866141879 0.5617629085589202 0.5085843650320913
PA004-R164 287.87901920701574 16.865136292200294 0.15138690380971223 0.4157656315233866 4.409480231911589 0.2676751727848551 0.479536208035335
PA348-R166 287.8776530552414 16.86507672294479 0.18953753410431667 0.17108322691400843 348.02635079617806 1.0124009817185387 0.3921342443374617
PA076-R166 287.8833563358283 16.861728600460676 0.12980545485709288 0.18640832737151325 75.91849971694795 0.2650331779545638 0.39202295125324843
PA042-R168 287.8819181901214 16.86400997651997 0.20665309479897404 0.19648782959327196 42.41286944294083 0.361541542662961 0.19069875804408293
PA162-R171 287.8801651311984 16.856110190187945 0.4296522369047178 0.3617646769082419 162.3248335902421 0.4596550944071132 0.028976442493581875
PA069-R172 287.8835290723191 16.862328579178605 0.6865144844208935 0.48122646736326546 69.0059169003032 0.4051656908951514 0.12679438407098156
PA170-R174 287.8794893374452 16.85582130563138 0.17187106624506368 0.20408479313600023 170.1243093230256 0.09886303153724839 0.13232789659146474
PA180-R174 287.8786295995342 16.85574045379187 0.18395640308959493 0.17598089446081744 180.01378891487656 0.4761092131196194 0.24995215484787134
PA356-R175 287.8782383359931 16.86544362272039 0.2172583538525388 0.1606410809899987 355.5867692698721 1.0269135953055268 0.6595858755816109
PA189-R176 287.87787810486407 16.85575003743666 0.08450255085430924 0.1043400864015149 188.64232736446033 0.3242350219630709 0.2226046159984853
PA198-R178 287.8770149781824 16.85588229690457 0.13929033419548756 0.28157435985792867 198.23955265921884 0.2792445856837143 0.47180845391416365
PA207-R178 287.87627831211324 16.856096679846754 0.39106626507085607 0.9824118418220812 207.03168652386574 1.4464294399282385 0.13729053885527542
PA005-R178 287.87909096974784 16.86558063886373 0.40474528165185975 0.6565799178374926 5.2731820214216745 0.9613444543853588 0.25168595053993364
PA206-R180 287.8762638137547 16.856113401934643 0.6017198880933091 0.38820347536778244 206.20567409311846 1.5075353292198543 0.08333312034606934
PA209-R181 287.8761081621717 16.856213419298427 0.34863170543054617 0.4304717527348407 209.31848710364113 1.5547232030688247 0.09432976722717286
PA071-R183 287.8836206886977 16.862298294261286 0.2914202641705551 0.3457266033366177 70.76222382906155 0.3114735747719267 0.1762871716355118
PA078-R183 287.88387970803046 16.861742460368486 0.29246003715639834 0.2936165070972512 77.5006301975835 0.39810424576902126 0.18349532348568998
PA006-R185 287.8791337581983 16.865719385467756 0.2514321755550521 0.22058715084603397 5.522816344565724 0.7426060296368939 0.6568512508080432
PA198-R185 287.87698180331716 16.85564942389849 0.20391534128415217 0.27592772859999964 198.21764260514252 0.4661549649912354 0.4711251511849503
PA355-R186 287.87815443134684 16.86566845318157 0.26001133090096024 0.21478894044654695 354.84618775684214 0.8096723332829595 0.6012922038431343
PA090-R187 287.88409445272237 16.860629584828224 0.21647030932186773 0.18300267531797867 89.82626085160686 0.10712991270941592 0.11672096316662896
PA180-R189 287.87859091167655 16.85538047716817 0.1967174126384257 0.17929901112340585 180.32687525063494 0.5682857412978803 0.27529770572231826
PA220-R189 287.8750969520812 16.856558778814914 0.42938917515354114 0.3386354645810563 219.93908421929567 0.9579523519435422 0.0633609116077423
PA271-R189 287.87316160811895 16.860655204154856 0.12801052849167055 0.10412833639510996 270.57477783709874 0.22450021247571922 0.09488974575269131
PA204-R191 287.87634863583116 16.855673473023373 0.16869760800362202 0.15301953192953904 203.9269727432652 0.6132539033817898 0.8943988958099908
PA214-R197 287.8756704725482 16.85591241976824 1.54953479894715 0.6981315953141695 213.9054444367864 0.5420964056933648 0.03878971755504609
PA091-R197 287.8844718804091 16.86055281576172 0.2713108739493677 0.2595192173199065 90.59056816065005 0.32397502963309965 0.15611006489656137
