m1-67/data/reproject/wr124-hst-1997-f656n-radec-knot-fluxes.ecsv
# %ECSV 1.0
# ---
# datatype:
# - {name: label, datatype: string}
# - {name: Center.ra, unit: deg, datatype: float64}
# - {name: Center.dec, unit: deg, datatype: float64}
# - {name: Peak.ra, unit: deg, datatype: float64}
# - {name: Peak.dec, unit: deg, datatype: float64}
# - {name: PA, unit: deg, datatype: float64}
# - {name: Sep, unit: arcsec, datatype: float64}
# - {name: Core Flux, datatype: float32}
# - {name: Halo Flux, datatype: float32}
# - {name: Bright Peak, datatype: float32}
# - {name: Bright BG, datatype: float64}
# - {name: Isolated, datatype: bool}
# meta: !!omap
# - __serialized_columns__:
#     Center:
#       __class__: astropy.coordinates.sky_coordinate.SkyCoord
#       dec: !astropy.table.SerializedColumn
#         __class__: astropy.coordinates.angles.core.Latitude
#         unit: &id001 !astropy.units.Unit {unit: deg}
#         value: !astropy.table.SerializedColumn {name: Center.dec}
#       frame: icrs
#       ra: !astropy.table.SerializedColumn
#         __class__: astropy.coordinates.angles.core.Longitude
#         unit: *id001
#         value: !astropy.table.SerializedColumn {name: Center.ra}
#         wrap_angle: &id002 !astropy.coordinates.Angle
#           unit: *id001
#           value: 360.0
#       representation_type: spherical
#     PA:
#       __class__: astropy.coordinates.angles.core.Angle
#       unit: *id001
#       value: !astropy.table.SerializedColumn {name: PA}
#     Peak:
#       __class__: astropy.coordinates.sky_coordinate.SkyCoord
#       dec: !astropy.table.SerializedColumn
#         __class__: astropy.coordinates.angles.core.Latitude
#         unit: *id001
#         value: !astropy.table.SerializedColumn {name: Peak.dec}
#       frame: icrs
#       ra: !astropy.table.SerializedColumn
#         __class__: astropy.coordinates.angles.core.Longitude
#         unit: *id001
#         value: !astropy.table.SerializedColumn {name: Peak.ra}
#         wrap_angle: *id002
#       representation_type: spherical
#     Sep:
#       __class__: astropy.coordinates.angles.core.Angle
#       unit: !astropy.units.Unit {unit: arcsec}
#       value: !astropy.table.SerializedColumn {name: Sep}
# schema: astropy-2.0
label Center.ra Center.dec Peak.ra Peak.dec PA Sep "Core Flux" "Halo Flux" "Bright Peak" "Bright BG" Isolated
[from data line 91]
PA356-R175 287.87824950626725 16.865441913637756 287.87824956876113 16.865442204682076 355.5867692698721 17.478152911453822 137.76978 635.4616 2.0151253 0.4874419867992401 False
PA189-R176 287.8778965440831 16.855754829157906 287.8778986798821 16.855754703734327 188.64232736446033 17.63489875467805 43.30877 253.96227 0.54564166 0.05811153128743172 True
PA198-R178 287.87702603651513 16.85589214268088 287.877025904621 16.855892476509506 198.23955265921884 17.77261149543183 66.92428 292.67828 0.8407182 0.18881434202194214 False
PA207-R178 287.8762961874438 16.856193121777203 287.87629708900084 16.85619385839287 207.03168652386574 17.776624687504565 155.26431 545.3312 1.5672045 0.22897877991199495 True
PA005-R178 287.87912066352425 16.86555253988525 287.87912238784946 16.865554148954452 5.2731820214216745 17.791628251783205 161.35587 457.47345 2.3652067 0.384013032913208 False
PA206-R180 287.8763056683118 16.85610761110675 287.8763060877582 16.8561077473845 206.20567409311846 18.035399255148473 155.78268 714.88214 1.6024017 0.29233884811401367 False
PA209-R181 287.87607349498313 16.85621868415137 287.87607214635364 16.856219689044867 209.31848710364113 18.0942864263893 172.1767 896.9082 1.7406521 0.1860663741827011 False
PA071-R183 287.8836727084012 16.862282533313397 287.8836753582716 16.862281866006228 70.76222382906155 18.263259839271008 22.482367 242.87877 0.5123297 0.2738495171070099 False
PA078-R183 287.88388213265983 16.861722771476323 287.8838822963419 16.861722138639475 77.5006301975835 18.313469628703977 40.462105 333.3632 0.6605945 0.2608491063117981 False
PA006-R185 287.87914875392715 16.865726729520034 287.8791493827206 16.865726371111187 5.522816344565724 18.49619153069004 133.86926 944.46967 1.5923603 0.35131658613681793 False
PA198-R185 287.87699771508073 16.855691852895532 287.8769989133135 16.85569442074194 198.21764260514252 18.532576222477886 78.07892 429.847 1.0459489 0.27708432674407957 False
PA355-R186 287.8781427232481 16.865696648165287 287.8781415904883 16.865700537778064 354.84618775684214 18.583461478019462 109.92163 918.7024 1.564597 0.44978106021881104 False
PA090-R187 287.884080351716 16.86061057971957 287.88408021941524 16.86061130019387 89.82626085160686 18.66052194041143 17.274223 51.02164 0.3585685 0.11540713161230087 False
PA180-R189 287.8786157737092 16.855368710418574 287.8786184936125 16.8553672050862 180.32687525063494 18.851977771279667 64.06511 349.67596 0.8703718 0.22452837377786636 False
PA220-R189 287.87514445307255 16.856579910601056 287.8751453772742 16.856581342077746 219.93908421929567 18.89532389182703 91.43167 386.10358 1.0009472 0.20660481452941895 True
PA271-R189 287.87312396905384 16.86069938027898 287.8731207721882 16.860697408915897 270.57477783709874 18.89944704233595 28.226725 134.29944 0.595211 0.04995513111352921 False
PA204-R191 287.87638418404697 16.85571727710572 287.8763870715768 16.85572024828908 203.9269727432652 19.0639206829023 112.73626 1097.7203 1.5346168 0.3087726980447769 False
PA214-R197 287.8754880694237 16.856029552208845 287.87548729947025 16.856030236483964 213.9054444367864 19.671546227558665 17.419834 506.90955 0.5246681 0.3528486371040344 False
PA091-R197 287.88438043770986 16.860552068289298 287.88437714835385 16.860551014384875 90.59056816065005 19.732389527449907 31.2561 96.03122 0.4396032 0.12151540964841843 False
PA282-R198 287.87300025682026 16.86175374009371 287.8729947698442 16.86175657216718 281.93430599348386 19.77660266704197 41.222588 273.0702 0.7027401 0.043940461799502374 True
PA210-R198 287.87574882945677 16.855840142626015 287.87574823521027 16.855840795867508 210.39669118198722 19.800287386514533 140.11899 572.531 1.8337693 0.5559046506881714 True
PA206-R200 287.8761357873118 16.855633125954636 287.87613513798027 16.855634134269227 205.68483552276567 19.978673207922732 91.01672 566.1578 1.7459745 0.8394948422908783 False
PA203-R200 287.8763315745586 16.855523078457885 287.8763330879836 16.855522192137627 202.93730669612367 19.99021584632001 82.020615 919.02515 1.2492638 0.5141676068305969 False
PA354-R202 287.87805213648306 16.866165911036216 287.8780516075844 16.8661655375347 354.06762896573895 20.179401353034518 10.412216 350.20776 0.45267382 0.31262790858745576 False
PA085-R202 287.88446009341504 16.861085944026954 287.88445814586134 16.86108490100646 84.82342868761081 20.18973416348814 79.31737 143.20773 0.95256704 0.1539248615503311 True
PA092-R204 287.8845734909279 16.86045697441723 287.88457509916367 16.86045628657153 92.03975169791194 20.351477178788194 53.326347 198.04993 0.6162875 0.14479650557041168 False
PA194-R204 287.8772331220715 16.85511988613401 287.87723285699417 16.85511747803556 194.03330611890365 20.376799954788467 35.550785 464.29016 0.6285653 0.21071152985095978 True
PA224-R205 287.87452534908766 16.85653093466999 287.8745245363936 16.856529663952795 224.2056099510396 20.5087223659346 14.823134 339.06833 0.3018995 0.11232265606522561 True
PA202-R206 287.876385343592 16.855332264272576 287.87638707620584 16.85533274829244 202.17207230451473 20.567497520193836 70.637085 874.31665 1.092164 0.44953297078609467 False
PA077-R212 287.88466728040567 16.861956099906525 287.884665125819 16.861954617291953 77.20003853917879 21.154082760191663 78.15079 277.3911 0.8660616 0.15958299040794371 False
PA205-R215 287.87600896914233 16.855194043653615 287.87600917679174 16.855194966036645 205.12327468049776 21.484081031420367 24.165325 677.14825 0.81793594 0.4811775177717209 False
PA091-R215 287.8848985952487 16.860496860328876 287.8848990247938 16.86049933256746 91.00559429601124 21.500348010281712 25.706905 237.08502 0.71715623 0.33964332938194275 False
PA212-R215 287.87534379106484 16.85552100443689 287.87534334539987 16.855522178680562 211.98613816905123 21.533937877682064 33.14547 459.09387 0.8648816 0.4470154821872711 False
PA238-R217 287.87334944099536 16.857434666183313 287.87334581133047 16.857433803720212 237.60742355182862 21.670800472095003 11.509197 90.11145 0.15942803 0.030766958370804787 False
PA076-R219 287.8848101258679 16.86208197551446 287.88480909748506 16.86208377970879 75.56131087204639 21.92819127615792 106.094574 564.4419 1.1575117 0.21722706407308578 False
PA077-R219 287.88483503551987 16.862033079832795 287.8848360897094 16.862032112234584 76.80858360911147 21.930559750761834 110.50072 604.62476 1.1607254 0.20740249156951904 False
PA271-R220 287.87229999035884 16.86069878001006 287.87230196273396 16.860697385376202 270.8866412346092 21.951598185904267 47.509613 246.37746 0.65100783 0.126130211353302 True
PA177-R222 287.87896910839436 16.8544097691443 287.87896940042225 16.85441137151013 177.2899997741525 22.197495029652874 53.049812 247.06274 0.546157 0.07933212965726853 True
PA271-R224 287.8721225258411 16.86070762189091 287.8721220043154 16.86070599087832 271.25527958361334 22.353403767252228 41.491417 265.38382 0.7477449 0.2091537058353424 False
PA185-R225 287.878067763143 16.85435892284185 287.87806963987896 16.85435970429517 184.7717396256097 22.46754064730811 4.5025606 121.91121 0.13221064 0.06502430737018586 False
PA204-R225 287.87595282188266 16.85489363230735 287.8759551952149 16.85489357645457 204.4649080794199 22.514026956724873 35.836372 240.40237 0.8272478 0.36906060576438904 False
PA083-R226 287.8851526024924 16.86136000731962 287.8851509955322 16.861360435886457 83.07804039502408 22.558559452841962 43.381 253.10483 0.549607 0.12281548455357552 False
PA177-R232 287.8790320036152 16.854169524010995 287.87903238317784 16.854170260293543 176.69351501381556 23.199289667441274 28.131657 376.90982 0.5997425 0.2139964997768402 True
PA230-R234 287.8734507661909 16.856441668942097 287.8734538115344 16.856443528694097 230.26700165995553 23.404535779506947 29.680279 79.79788 0.48727015 0.11101050674915314 False
PA204-R234 287.8758396650517 16.85466866815446 287.87583822935017 16.85466968601107 204.38749406544923 23.4225029159944 42.301018 397.87427 0.7145258 0.26495138406753543 False
PA238-R234 287.8728250829789 16.85718913943813 287.8728239492103 16.85719267855482 238.32058359631765 23.44092972237505 13.537623 93.541046 0.21999042 0.05823727399110794 False
PA219-R235 287.874362547109 16.855506957379657 287.87436260086804 16.855504938443804 219.0242389999707 23.503653024129004 14.902097 88.05455 0.45091966 0.20009859055280685 False
PA279-R237 287.87186537965965 16.86160754361654 287.8718610325796 16.8616101491269 278.5842547127372 23.71464173580181 4.0241127 131.63605 0.23411909 0.1136402003467083 False
PA220-R249 287.8740639250569 16.855279059804612 287.87406568354464 16.855281043184796 219.52377272389026 24.90338017126823 34.176598 131.64604 0.58334845 0.19120589196681975 False
PA247-R249 287.872005044016 16.85792594345445 287.87200512922726 16.85792459828014 247.2517830698292 24.92300151970066 49.216347 180.86197 0.58281285 0.05679255612194538 False
PA249-R252 287.871860837935 16.858041150822064 287.8718611608245 16.85803653804268 248.57806544097872 25.181903328362115 62.800644 339.80426 0.6998228 0.06845107525587082 True
PA093-R256 287.8861340100133 16.8602243459044 287.8861317257205 16.86022373598735 92.97826595434081 25.64016418476542 29.43528 171.19931 0.39099905 0.12131585627794265 False
PA167-R257 287.8803929360448 16.853636099439015 287.8803910151733 16.853636364396678 166.59560512998968 25.742931287646034 50.320824 194.17 0.5651431 0.08501106351613999 True
PA348-R258 287.87714999933866 16.867610091068034 287.8771517795091 16.867612199631953 348.4534810994319 25.845394573831438 18.521461 225.53833 0.32825688 0.11950834840536118 True
PA086-R259 287.8861961066246 16.8610246972634 287.8861947428842 16.861024567019815 86.35876212116817 25.946337569164978 37.30034 97.086075 0.5929672 0.136044879257679 False
PA094-R261 287.88625812693937 16.860164212265428 287.8862576936622 16.86016345360307 93.74912282892667 26.123691752755125 36.63569 230.33801 0.42200044 0.12529933601617813 False
PA348-R264 287.8770586441659 16.86783492769059 287.8770617952805 16.867836087846296 348.02079036082057 26.44627224177772 25.014225 279.99756 0.34700942 0.09634190052747726 False
PA221-R266 287.8735973981126 16.855005029093725 287.8735978131884 16.855005476724592 220.8666898312242 26.591569110038247 39.66765 212.20293 0.65459716 0.1964479237794876 False
PA249-R267 287.87142783594726 16.858003141378948 287.8714292687275 16.858002078953454 249.45697867809605 26.708259258784533 32.564476 287.9973 0.54680485 0.17830793261528016 False
PA343-R268 287.876315244358 16.86766242994159 287.87631494298944 16.867663858542915 342.69923396465583 26.78417697853889 67.247314 268.13812 0.6935999 0.08792641311883927 True
PA084-R268 287.886438470009 16.861294985698738 287.8864287001905 16.861300113883868 84.48889595715141 26.800160136614075 11.940253 141.49844 0.38494408 0.20588241666555404 False
PA241-R269 287.87183179944793 16.856918324455787 287.8718342078182 16.85691709272068 240.75203377829365 26.867638937114105 32.83697 129.58444 0.43167803 0.04861796833574772 True
PA088-R273 287.88657244749544 16.860887401233736 287.88657264981407 16.8608867750756 87.75649694421752 27.30449147133537 10.591667 231.41544 0.28846532 0.17783641219139099 False
PA194-R274 287.8767693589704 16.85323293205485 287.87676499844065 16.85323164099603 193.66338280665852 27.41446161811034 18.702034 85.275246 0.28283563 0.07779237776994705 False
PA085-R274 287.88658063658147 16.86122183373823 287.88658166182717 16.86122260805993 85.3436239582365 27.431474278643382 17.753885 151.21317 0.42057416 0.20492905378341675 False
PA244-R275 287.8715357353583 16.85720101470677 287.8715372721714 16.85720124937449 243.58882284408608 27.46617378120109 30.613596 172.556 0.39400575 0.10233136862516404 False
PA162-R275 287.8811215187695 16.853334048146895 287.8811198144078 16.853334968065777 162.02841766461154 27.47934469729965 45.7159 212.94698 0.49520227 0.08829445391893387 True
PA220-R284 287.8733479343029 16.85449682390947 287.8733458936443 16.854497414863836 219.5602978605077 28.418568173668028 34.163868 311.3292 0.5412653 0.21263711303472518 False
PA224-R286 287.8729055532596 16.8548584766818 287.87290499972255 16.854859069738264 223.80487115920315 28.596845517870875 17.042828 227.22308 0.5056939 0.2893129885196686 False
PA243-R287 287.87119694219325 16.85697647681451 287.8711953668878 16.856977348432963 243.04411802210387 28.707404855577785 8.006763 177.69586 0.31407636 0.19479352235794067 False
PA190-R293 287.8770808668655 16.852557154730597 287.8770799182825 16.85255997696951 190.4969656328342 29.288811227632436 41.391785 161.32098 0.49233815 0.09222694486379623 False
PA089-R308 287.8875886996376 16.860802574604143 287.8875894101361 16.860800622412818 88.54510177171716 30.800473748320062 4.9039145 58.110596 0.114613414 0.04504324570298195 False
PA156-R329 287.8824770645358 16.852247649935386 287.882478423329 16.852249947338887 156.4496533289238 32.85070143007623 33.239883 141.58829 0.42560184 0.11076423525810242 False
PA157-R331 287.8823880934945 16.852112249759497 287.88238844556025 16.852112171214824 157.0440439800927 33.097725031700975 40.32733 183.76779 0.5114596 0.15359562039375305 False
PA156-R336 287.8825870296481 16.85209354499786 287.88259538746405 16.852086334027547 155.77751731657355 33.608446223283444 22.435785 198.86926 0.5266279 0.18463410437107086 False
PA164-R337 287.881407200574 16.85163868096481 287.88140771140695 16.851638575562298 163.5135339419548 33.66570924297562 30.766315 157.58096 0.35542047 0.09423375874757767 False
PA158-R351 287.882461887763 16.85152591454311 287.8824604137249 16.851526614357155 158.0380970621678 35.096394021369534 17.683613 142.56232 0.51570725 0.31987237334251406 False
