m1-67/data/reproject/wr124-hst-1997-f656n-radec-knot-ellipses.ecsv
# %ECSV 1.0
# ---
# datatype:
# - {name: label, datatype: string}
# - {name: Ellipse Center.ra, unit: deg, datatype: float64}
# - {name: Ellipse Center.dec, unit: deg, datatype: float64}
# - {name: Ellipse Sigma X, unit: arcsec, datatype: float64}
# - {name: Ellipse Sigma Y, unit: arcsec, datatype: float64}
# - {name: Ellipse Theta, datatype: float64}
# - {name: Ellipse Bright Peak, datatype: float64}
# - {name: Ellipse Bright BG, datatype: float64}
# meta: !!omap
# - __serialized_columns__:
#     Ellipse Center:
#       __class__: astropy.coordinates.sky_coordinate.SkyCoord
#       dec: !astropy.table.SerializedColumn
#         __class__: astropy.coordinates.angles.core.Latitude
#         unit: &id001 !astropy.units.Unit {unit: deg}
#         value: !astropy.table.SerializedColumn {name: Ellipse Center.dec}
#       frame: icrs
#       ra: !astropy.table.SerializedColumn
#         __class__: astropy.coordinates.angles.core.Longitude
#         unit: *id001
#         value: !astropy.table.SerializedColumn {name: Ellipse Center.ra}
#         wrap_angle: !astropy.coordinates.Angle
#           unit: *id001
#           value: 360.0
#       representation_type: spherical
#     Ellipse Sigma X:
#       __class__: astropy.units.quantity.Quantity
#       unit: &id002 !astropy.units.Unit {unit: arcsec}
#       value: !astropy.table.SerializedColumn {name: Ellipse Sigma X}
#     Ellipse Sigma Y:
#       __class__: astropy.units.quantity.Quantity
#       unit: *id002
#       value: !astropy.table.SerializedColumn {name: Ellipse Sigma Y}
# schema: astropy-2.0
label "Ellipse Center.ra" "Ellipse Center.dec" "Ellipse Sigma X" "Ellipse Sigma Y" "Ellipse Theta" "Ellipse Bright Peak" "Ellipse Bright BG"
PA296-R030 287.8778252764667 16.86095747745117 0.39458924946438484 0.3309699320701454 296.28153574111286 0.9542898391488359 0.054709202051162725
PA067-R032 287.87949556049784 16.86091854224904 0.10507940909679159 0.11268880669897438 66.86947493936553 0.4972879604225543 0.5601189498589537
PA031-R033 287.87914882365766 16.86138912685948 0.14638139839836134 0.09348162062302329 30.919260644413303 0.768907360910905 1.2259383105422934
PA072-R035 287.8796562353052 16.860876266187308 0.14685498854059834 0.1313626703280371 71.97437921876036 0.5838057225931085 0.5229832400857023
PA017-R038 287.87900829641933 16.861595724890805 0.2857959188531205 0.22848085310094032 16.829907671084754 1.0772194721039008 0.1928935609129021
PA058-R044 287.8797796297056 16.861260598402268 0.09266779244879178 0.1925168249250265 57.69177263933969 0.3868453684756502 0.33024801803551745
PA338-R045 287.87814655580826 16.861732668365853 0.10212140841692928 0.11305410322162224 337.92334456075815 0.36490411473049916 0.3307153838342946
PA050-R049 287.879769467539 16.861512649287686 0.34485081696062453 0.2068027117245676 49.97813143674663 0.4397524371630167 0.379367344548924
PA028-R054 287.8793923441302 16.86192877285982 0.07431603248477239 0.07070259793081986 28.041795442239398 0.18805957868329123 0.3252179026811531
PA262-R064 287.8768316565715 16.86036552620219 0.13302799635814416 0.13239939489773245 262.4843734024974 0.5791808884833556 0.26393478034341866
PA192-R066 287.87823449114273 16.85883235304645 0.13823310400112473 0.2767978611458233 191.92627434328423 0.2631831195315415 0.5010309089199539
PA202-R068 287.87793219803336 16.858851867051055 0.12498652634319962 0.13536917197546192 201.81557485506812 0.8799263293788955 0.6126858259887585
PA251-R068 287.8767840187549 16.859989055567734 0.2247558887338617 0.19924316452320306 250.60075274581175 0.4740998679017935 0.21208089720951573
PA185-R071 287.8784524331118 16.858624144879126 0.1572239054621111 0.16439123442088413 185.20291541111195 0.4473854758212096 0.4332775846826904
PA177-R075 287.8787967227321 16.858524928957603 0.05720749878627768 0.06057488590622479 176.82857239170298 0.08770279840076499 0.4020085171538688
PA042-R077 287.88015619176764 16.862193123613135 0.08618933542266762 0.13434523197655876 41.62550224073183 0.5612583045840882 0.7219558815074402
PA330-R077 287.87753747060907 16.862463798145445 0.20168862777140842 0.19934240779162674 329.9013966731095 0.6779653319406319 0.26610474083543334
PA039-R083 287.8801792715426 16.862379065771385 0.30875728476399067 0.22032773422394056 39.060066349133635 0.5884612783708687 0.623213462184652
PA179-R085 287.87868974890637 16.85823747025669 0.2134758624437217 0.31661753852711216 179.24614909708282 0.7553827140210418 0.3177078370418948
PA219-R092 287.87678524943345 16.85838851324896 0.9931241843503265 0.4556539354273059 219.06780010195922 0.9554195920046777 0.03784554451704025
PA095-R093 287.88151599866296 16.860258958215823 0.5921395174446008 0.44280804532564244 94.99475790957146 0.8993636654060719 0.02428519204258919
PA330-R093 287.87730482242057 16.862866569000023 0.19276666504795636 0.21152882236074969 330.1218969791886 0.38886136850789205 0.18054577139428232
PA356-R098 287.8784516200946 16.86327771251087 0.2860702148067154 0.4115066347472628 356.0208232478922 0.5804772492484195 0.5403188269584439
PA253-R098 287.8759483585138 16.85980084271777 0.1378849467692484 0.1513280444091992 252.61919285610367 0.14349037533012368 0.16325333706487763
PA005-R101 287.8789169760371 16.8634247473095 0.1802349519267328 0.10447128533275778 5.0073121388263475 0.32582026461369107 0.4137672820327164
PA357-R101 287.8784411243314 16.86330965822755 0.607447727425448 0.15524245837725154 357.4631799779348 0.6112911618091591 0.5245338436738799
PA096-R102 287.881501653743 16.86029555876898 0.20981535802830448 0.19508580223950722 95.87924919564686 0.5212560719832876 0.6184381813690738
PA207-R102 287.87729721359193 16.85801443044567 0.6168559648318035 0.6690211517138316 207.252693260486 0.629463473045189 0.04709419546745357
PA203-R102 287.8774926102777 16.857943160281717 0.22188443494607374 0.26726592219930323 202.72686654996232 0.7822409013165434 0.37770076115552803
PA359-R104 287.87860358529645 16.863441760354988 0.1636649015356063 0.2231565318176537 359.28660736819756 0.4849380560766389 0.5213620348735203
PA290-R104 287.87584148216354 16.861587485276715 0.19280347744817378 0.11312840958494516 289.9597897996694 0.2279827948290598 0.10296428511100811
PA193-R105 287.8779664441888 16.85762089014407 0.3044289210069277 0.2924131974266026 192.7757138783096 1.10835766496922 0.5101937053922381
PA043-R107 287.8808095590696 16.862852465922924 0.5213784446032792 0.5035170821875071 42.69704250086977 1.4172229423959921 0.09395044744014741
PA062-R108 287.8813325760565 16.862009078355566 0.07743051712463496 0.09740324687961198 62.40598436334054 0.867749855498114 0.3048237676451021
PA227-R110 287.87633356985464 16.858510828946844 0.11380430125194982 0.13857671060540025 226.87355102948678 0.37724410299827726 0.29844061128715627
PA203-R110 287.8773938064143 16.857786034181455 0.1878756536621741 0.14821252867829338 203.12007181342457 0.43787707696788086 0.6204174592602351
PA044-R110 287.8807594144166 16.862914797269372 0.9506648973667615 0.807552584710633 44.14564066395699 1.4539511471637432 0.10643211521166825
PA039-R111 287.8807359155596 16.862972723282226 0.354385801658424 0.2758910904887562 38.65461531621216 1.4955802202798432 0.4462346895614815
PA197-R112 287.8777102704896 16.857621987820487 0.09718601151284673 0.09192637779365427 196.689168799342 0.3078597570695613 0.5768446147655119
PA084-R112 287.88190273577914 16.860962686147655 0.39998335766995397 0.3422191927443176 83.6130351782113 0.8854163526426345 0.04710948208349248
PA170-R113 287.8792879907912 16.857412851696022 0.5343842324547174 0.7042974226013586 169.57252129628102 0.37764853055692926 0.21420467180768396
PA188-R114 287.8781604941587 16.85744075767927 0.2649605295238888 0.41826631446155027 187.95016246963368 0.9424756784404469 0.2973824907226012
PA113-R116 287.8817686314514 16.85929380516374 0.23547929844520385 0.19433827376776755 113.30027352889753 0.6740076031774078 0.22886059982377907
PA083-R117 287.88185440614495 16.860934729770484 0.36868111494175676 0.9731289413462457 83.16303931275354 0.8114265860715173 0.040564863383769995
PA183-R119 287.87847270502283 16.857220996802486 0.4293925013665637 0.4907412653102609 182.64373160610052 1.089411257342246 0.06162095367908478
PA205-R119 287.87660646533266 16.85744297823511 1.5641767336447383 1.2808108207669784 204.56392396493075 2.3831816464389544 0.07423983216285705
PA055-R120 287.88149791850776 16.86258670727756 0.42389189277285766 0.1713209960941634 54.69872425735836 0.24514107501934812 0.37146663410158337
PA090-R121 287.882223765383 16.86052166977266 0.18191308709647397 0.29912419745394847 90.41960329625103 0.5241353602175806 0.4306242883094097
PA209-R122 287.876973619576 16.857624532376406 0.2491859026607951 0.31483575123852064 209.11767316527326 1.0274328186769977 0.19878515829327273
PA167-R122 287.8793951910163 16.85723239436967 0.24266625464002595 0.301210891460078 167.31028302472725 0.8374977922297049 0.7834765341615558
PA092-R123 287.8822327230873 16.86052228126066 0.38673090402294785 0.22724403936736692 91.89386166142998 0.5474227383007781 0.3752482617934886
PA034-R126 287.8806722025873 16.863504835555005 0.14186149062425518 0.17830697072828933 33.80636265734553 0.8157204506278567 0.6642615562549734
PA050-R126 287.88140058801457 16.862814786415306 0.03099999999999996 0.03099999999999996 49.56704135346802 -0.35234963467818564 0.7473807757010459
PA180-R130 287.878648520402 16.856940142536 0.4263608445097354 0.45528549173881216 179.65278141202975 1.7841206960251295 0.11125338673591614
PA167-R131 287.87946650154964 16.857069878679372 0.47429126143534656 0.3328378097658698 166.5517940651275 1.774133286204509 0.10473953485488892
PA174-R133 287.87908222999107 16.856919494291095 0.15234642970026746 0.1766229055927079 173.51988201380723 0.5614407788467782 0.47764576382670587
PA060-R134 287.8820147413273 16.8624857061851 0.15745950004664475 0.23508451503782643 59.54811629721563 0.5626651846881291 0.5691572199864302
PA090-R137 287.8826875078355 16.86054680235983 0.06421562815817315 0.06846961180864002 90.37148626651197 0.5381375196839695 0.4162860332811617
PA085-R138 287.88264314753616 16.86090789972065 0.19707958210191695 0.22624432529843072 85.4203587455898 0.46599684728857327 0.3321227092631585
PA033-R138 287.88100207547166 16.863763489905374 0.5521070769925668 0.5295702099892885 33.41051222448549 1.3489480268971021 0.06622221469879151
PA036-R139 287.88099227451863 16.863765653579 0.22303331726621783 0.2701473067689834 35.80539579467498 0.6963928482918498 0.8311932966776832
PA054-R139 287.88186472386343 16.86285026983801 0.43366097934741493 0.6890209452104339 54.130759713821845 0.6174173129338636 0.044263774156570436
PA209-R141 287.8767227114482 16.857148368837944 0.1620612100072577 0.17978382074833577 208.5545148928927 0.5085709689918855 0.39564153978443095
PA353-R145 287.8781348846742 16.864614337238482 0.22213752614017007 0.34612910736880065 352.939665855005 0.610048586365243 0.14333511883540326
PA074-R145 287.8827195309661 16.86172551026562 0.17272104899701854 0.16650557643870084 73.77528454134325 0.2269149310710181 0.3256969264349644
PA109-R145 287.88266887086746 16.859264137231225 0.18553748842465764 0.09444638357999012 109.45504622280768 0.27394715907516043 0.37501575364973183
PA196-R146 287.87746141288443 16.85668929387345 0.08704380857690296 0.08022975065110556 196.22234888710852 0.2934550312479449 0.3091881723233113
PA062-R147 287.8824233452022 16.86253426917609 0.20498664738988287 0.2769799912121835 62.1214087821436 0.40185872164565073 0.32106807475480037
PA031-R147 287.88102229495973 16.86398322870623 0.6196134045277263 0.6954859802135552 31.45004973402716 0.9880922346316933 0.04872282296419144
PA357-R148 287.8784538512429 16.864683353639187 0.29153270351377103 0.194666270265468 357.1338782920824 0.8679706645428171 0.5122899638088377
PA068-R148 287.88266298408087 16.862193640982063 0.28107209031720837 0.18715898265084013 67.69819306812978 0.4145563562965697 0.38815719056151626
PA156-R149 287.8804033870349 16.85680161086172 0.1953939369327188 0.16911621470620977 155.77451414381082 0.15518175321058997 0.2376267459935642
PA097-R151 287.88305095340553 16.860086602332235 0.33061511102836544 0.3387539045666518 97.37451753929106 0.5356633839737889 0.07064990078116139
PA002-R153 287.87864809681173 16.864690063817108 1.7383547235327417 0.4306863341146954 2.1181482259414346 1.3911880599550859 0.07896324038505555
PA360-R153 287.87864392025057 16.864872948136156 0.4834134590717207 0.38603054446565555 359.62449822700506 1.3484981678559889 0.0905935561656952
PA093-R153 287.88313295266306 16.860413464824248 0.09907355599055602 0.14978039384423905 92.81866801623983 0.2105501931478042 0.4925124239034715
PA357-R158 287.87842207818557 16.864978728571817 0.18515107419176197 0.22358273277507237 356.7918781067209 0.31714517572183765 0.5163836448584306
PA090-R158 287.8832452379011 16.860589499953665 0.18227588833264757 0.2549066208820267 89.90038943961278 0.5896664073948265 0.31365644091307854
PA347-R159 287.8776734763279 16.864934357604206 0.5035850164749646 0.3508702545325937 347.23241870930246 0.504781414764117 0.20363634327396105
PA074-R159 287.8831352148478 16.861792396100824 0.2600649717048958 0.21877158696289106 74.47115232219531 0.41354870806696825 0.2888770779214225
PA174-R162 287.8791623765213 16.856089083507303 0.2440622948508714 0.1678317349679869 173.7600671732906 0.4283080839469593 0.28941728825338386
PA001-R163 287.8787383715119 16.865042422949138 0.5359421102682957 0.7931501407299031 0.8698648579361684 1.057759742345478 0.06657619357109071
PA355-R163 287.8782507132586 16.86514253244824 0.21749398324622515 0.23327042162762882 355.2658866141879 0.611087490478086 0.5128574602470124
PA004-R164 287.87902142220287 16.865134155312827 0.16984134663431807 0.4784634130331761 4.409480231911589 0.28708158519801674 0.47426141936024513
PA348-R166 287.8776526869193 16.86507696982451 0.18092611953757104 0.17073751372797144 348.02635079617806 1.136001479593685 0.4316990203241651
PA076-R166 287.8833624644938 16.861724307573084 0.11718462002915801 0.1962376286323813 75.91849971694795 0.22541749252925497 0.4301394791871351
PA042-R168 287.88192191388583 16.864009865483617 0.18166100735967405 0.18316392354471034 42.41286944294083 0.34126348541549945 0.23294831458708704
PA162-R171 287.8801609361403 16.85611921082649 0.4025356667768361 0.38796946656563686 162.3248335902421 0.46851159544224924 0.02802697360515595
PA069-R172 287.88335394394267 16.862304127927118 0.2500934425859507 0.13569119730062992 69.0059169003032 0.16513660768718086 0.2772419168490985
PA170-R174 287.8795103451096 16.855824504659196 0.18555882409582775 0.16879621423843763 170.1243093230256 0.1354146635115473 0.1315670041655443
PA180-R174 287.87863473561197 16.855739364922183 0.1893032285291786 0.18926005499761184 180.01378891487656 0.461207631387639 0.27024734712818377
PA356-R175 287.8782422460456 16.865442976463108 0.20650250751846871 0.15002257817369286 355.5867692698721 1.0738863629292612 0.7249050387097875
PA189-R176 287.8778888167717 16.855750844572956 0.09036726839293702 0.16082934390380754 188.64232736446033 0.24536001056234474 0.25160874696557484
PA198-R178 287.8770100731616 16.855844803818385 0.13046828825359363 0.3884676105978279 198.23955265921884 0.2998761038402663 0.4757502538485452
PA207-R178 287.87633226378904 16.85595082058578 0.4309244150081532 1.8099968643606907 207.03168652386574 1.5323253224684217 0.08714694499969483
PA005-R178 287.87911518122627 16.86554777415212 0.09403896431516189 0.14661941820117172 5.2731820214216745 1.093858874422591 1.034972500973219
PA206-R180 287.87626774942737 16.856105279398875 0.7579410222919056 0.3938054734919546 206.20567409311846 1.4463007037627222 0.08976691007614136
PA209-R181 287.87611398464026 16.856214478612227 0.33879878556003684 0.4292788675021689 209.31848710364113 1.508422156352089 0.08658849500712666
PA071-R183 287.88362584714895 16.86229857990081 0.3503602205505158 0.32377233613368295 70.76222382906155 0.3352532699908564 0.16816063503448106
PA078-R183 287.8838824721479 16.861743863033137 0.3194761597938021 0.3168210976856062 77.5006301975835 0.4553813593102508 0.14760137954135907
PA006-R185 287.8791370167291 16.865717409961835 0.28966875790810387 0.25156833695253517 5.522816344565724 0.851090806198841 0.5798021300113152
PA198-R185 287.87699695778656 16.855652790888392 0.16606349986087252 0.18050108795748354 198.21764260514252 0.4340403116456924 0.5950291922641199
PA355-R186 287.8781580062221 16.86566028111208 0.2528578017309732 0.2306714674084621 354.84618775684214 0.898125245719276 0.623406574219967
PA090-R187 287.88408094392724 16.860605966418586 0.18888350597097756 0.1069600984163639 89.82626085160686 0.16242808686392823 0.1464804042284142
PA180-R189 287.87859531512817 16.85538131029428 0.21974445632844694 0.20061890499742815 180.32687525063494 0.5526507686232216 0.28198096283963003
PA220-R189 287.87510958548546 16.85655992548329 0.31881416177642513 0.25073493286191634 219.93908421929567 0.6298738956987842 0.36969069864481396
PA271-R189 287.87312162393886 16.86070236327521 0.07125558917473847 0.07002367031589336 270.57477783709874 0.2988178899612771 0.1847635724075124
PA204-R191 287.8763550603029 16.855674263681635 0.16775454447346672 0.1509016016448916 203.9269727432652 0.6111847271275462 0.8856364157001162
PA214-R197 287.8760904573167 16.85576461674766 2.3560967917629014 0.9154088190540104 213.9054444367864 0.7498077956155025 0.03898905813694001
PA091-R197 287.8844579132302 16.860558787203676 0.24884003236409324 0.22856828212579627 90.59056816065005 0.2697534164009953 0.19510339408418964
PA282-R198 287.873041497818 16.861733120455238 0.09926010128217332 0.18140296493302405 281.93430599348386 0.3824377266274145 0.1999560192312974
