m1-67/data/reproject/wr124-hst-2008-f656n-radec-knot-ellipses.ecsv
# %ECSV 1.0
# ---
# datatype:
# - {name: label, datatype: string}
# - {name: Ellipse Center.ra, unit: deg, datatype: float64}
# - {name: Ellipse Center.dec, unit: deg, datatype: float64}
# - {name: Ellipse Sigma X, unit: arcsec, datatype: float64}
# - {name: Ellipse Sigma Y, unit: arcsec, datatype: float64}
# - {name: Ellipse Theta, datatype: float64}
# - {name: Ellipse Bright Peak, datatype: float64}
# - {name: Ellipse Bright BG, datatype: float64}
# meta: !!omap
# - __serialized_columns__:
#     Ellipse Center:
#       __class__: astropy.coordinates.sky_coordinate.SkyCoord
#       dec: !astropy.table.SerializedColumn
#         __class__: astropy.coordinates.angles.core.Latitude
#         unit: &id001 !astropy.units.Unit {unit: deg}
#         value: !astropy.table.SerializedColumn {name: Ellipse Center.dec}
#       frame: icrs
#       ra: !astropy.table.SerializedColumn
#         __class__: astropy.coordinates.angles.core.Longitude
#         unit: *id001
#         value: !astropy.table.SerializedColumn {name: Ellipse Center.ra}
#         wrap_angle: !astropy.coordinates.Angle
#           unit: *id001
#           value: 360.0
#       representation_type: spherical
#     Ellipse Sigma X:
#       __class__: astropy.units.quantity.Quantity
#       unit: &id002 !astropy.units.Unit {unit: arcsec}
#       value: !astropy.table.SerializedColumn {name: Ellipse Sigma X}
#     Ellipse Sigma Y:
#       __class__: astropy.units.quantity.Quantity
#       unit: *id002
#       value: !astropy.table.SerializedColumn {name: Ellipse Sigma Y}
# schema: astropy-2.0
label "Ellipse Center.ra" "Ellipse Center.dec" "Ellipse Sigma X" "Ellipse Sigma Y" "Ellipse Theta" "Ellipse Bright Peak" "Ellipse Bright BG"
[from data line 111]
PA210-R198 287.875739589652 16.855821693323783 0.20818186801166758 0.2422478729678724 210.39669118198722 1.1469243987591016 0.7029615218977128
PA206-R200 287.876152376021 16.85561293225559 0.17773975446321372 0.23793934808550518 205.68483552276567 0.7649049772577663 0.989543356568126
PA203-R200 287.87649615806697 16.856197611989245 2.9166158063499106 0.3534873885642949 202.93730669612367 0.8794126994627868 0.6545130757862696
PA354-R202 287.8780522179784 16.866181365500925 0.1453282671795356 0.1730884482355935 354.06762896573895 0.14177421837312948 0.2803246742471334
PA085-R202 287.884473913214 16.86110717253152 0.17395370831695822 0.27630029558477875 84.82342868761081 0.567241022017758 0.2789110299581505
PA092-R204 287.88456288214564 16.860454295457117 0.2686373013263512 0.158223710788982 92.03975169791194 0.21090215836996426 0.36576436828037495
PA194-R204 287.87721908433303 16.85511690679206 0.08632751841550386 0.0877655839007231 194.03330611890365 0.28857065565108475 0.3191443431885904
PA224-R205 287.8745597450258 16.856562438866394 0.40713846119673625 0.4026377301545057 224.2056099510396 0.22664322603982778 0.02023305158879598
PA202-R206 287.87629673237586 16.85544098580967 0.7453882367492205 0.26667559260602774 202.17207230451473 0.7630992255534935 0.3877665875505503
PA077-R212 287.88470738726994 16.86198851827152 0.433248520996818 0.4471509644664355 77.20003853917879 0.7498670759214144 0.04169278413057328
PA205-R215 287.8759838290359 16.85517812522581 0.1282706892077481 0.21118547320429437 205.12327468049776 0.27480781778866903 0.44927200401086653
PA091-R215 287.88481317391177 16.86046236927223 0.4149698818341693 0.24658427489363863 91.00559429601124 0.3196996100135986 0.2421017155928454
PA212-R215 287.8753466340617 16.85551509132606 0.1365616407574606 0.2544337821583304 211.98613816905123 0.3469344907718569 0.4589780325097233
PA238-R217 287.87340244425815 16.857447783974347 0.27223270188818144 0.27229436158650916 237.60742355182862 0.061502215596719326 0.06922473094775013
PA076-R219 287.8848210738911 16.862063314674643 0.3062871875701944 0.2267227321886384 75.56131087204639 0.6448990988081782 0.4015133694368367
PA077-R219 287.88482141166025 16.862056049654896 0.27637132127060177 0.22979556358646505 76.80858360911147 0.4597644317874532 0.5765271069253728
PA271-R220 287.8722148620157 16.8607289815655 0.32685144074769606 0.2248824069948219 270.8866412346092 0.3117419438151635 0.24295966062855068
PA177-R222 287.8789577594728 16.854342880765568 0.3633207915811539 0.29147872545856784 177.2899997741525 0.2893435896038679 0.22723561687491606
PA271-R224 287.8721603882741 16.860733241637675 0.14922526901157224 0.34788932435188136 271.25527958361334 0.3407325521703493 0.2730826997304256
PA185-R225 287.87818830078555 16.854366102738737 0.2524274485364686 0.13431222507091206 184.7717396256097 0.06778413744945068 0.059071354580176934
PA204-R225 287.8759099605235 16.854862548307427 0.1984061173405795 0.2686226080067808 204.4649080794199 0.2892596882192693 0.3788404256666045
PA083-R226 287.8851772543047 16.86135572808048 0.20813403031868155 0.2087336370093708 83.07804039502408 0.30239423001383675 0.19106579962334666
PA177-R232 287.8789439026649 16.854237060304186 0.5550562067106718 0.28321410699539895 176.69351501381556 0.4933041067315414 0.017298904210329057
PA230-R234 287.8734291601798 16.85644394450322 0.13847218460579797 0.12168280733371502 230.26700165995553 0.2966369516928742 0.16162339011637136
PA204-R234 287.87583406039454 16.85466934452235 0.1616099352080551 0.2782723131095153 204.38749406544923 0.3688505697336196 0.23415442223943173
PA238-R234 287.87209143193405 16.856832374286036 1.272890972444751 0.18608684714620174 238.32058359631765 0.7252699776009035 0.08329942300820734
PA219-R235 287.8743516210326 16.855520010534597 0.12956750077098625 0.10077883384352011 219.0242389999707 0.17933966383798935 0.20972154261514397
PA279-R237 287.8719123828129 16.861598026643442 0.2941441714365666 0.25857003966317726 278.5842547127372 0.07684452137072943 0.06386437190843693
PA220-R249 287.8740300244761 16.855246895437563 0.20911870290238274 0.24001312334294353 219.52377272389026 0.2726172461257335 0.2505118265703903
PA247-R249 287.87198949678907 16.85794109835079 0.10085670684455648 0.12337436161034117 247.2517830698292 0.2888924505320142 0.3002627681483174
PA249-R252 287.8718282975119 16.858007715674923 0.15081024492214812 0.3074561043143898 248.57806544097872 0.32744677877645906 0.3533919597065267
PA093-R256 287.88678268341147 16.860098696282662 0.49886452356801764 1.7965693179867097 92.97826595434081 0.7601639198883616 0.021291728615760803
PA167-R257 287.88041106855144 16.853625493839324 0.190472861127144 0.16528236434888915 166.59560512998968 0.24224439035202616 0.27956286550569276
PA348-R258 287.8770868687924 16.867474332359233 0.2957306751421158 0.3502577905467627 348.4534810994319 0.22971121891769855 0.16143488019630234
PA086-R259 287.8862071946631 16.861035081549925 0.36898615508704147 0.43006411005391765 86.35876212116817 0.33715947438384075 0.04796659853421643
PA094-R261 287.88625632345094 16.86018270900966 0.39874281490300156 0.4447604275469369 93.74912282892667 0.40644634413098546 0.018448168337345125
PA348-R264 287.8769777575181 16.86778693884965 0.43485976455601943 0.323767915130353 348.02079036082057 0.19907127286461168 0.11526175374996483
PA221-R266 287.87357087281094 16.854990961854345 0.1357391563435789 0.21577720077883997 220.8666898312242 0.3308083434798545 0.2778174803605672
PA249-R267 287.8714085505501 16.85799771482471 0.2043989426475172 0.1809645688720417 249.45697867809605 0.22416688838874205 0.2512472944721561
PA343-R268 287.87630704235795 16.867643256465513 0.17886376748111749 0.24951109853538697 342.69923396465583 0.2864488863506014 0.32560665674398226
PA084-R268 287.88644587789014 16.861295976085685 0.1645518831998525 0.16515033996191716 84.48889595715141 0.19312472043306872 0.17357934561207203
PA241-R269 287.87171745869836 16.856997754889193 0.4365794265222705 1.0612698670269263 240.75203377829365 0.2437434059776592 0.01602458104491234
PA088-R273 287.8865734622404 16.86087898645703 0.30925623521418977 0.14676042775772818 87.75649694421752 0.0839890660531137 0.1850040506122532
PA194-R274 287.87677697869645 16.853233576496947 0.18774197006759757 0.15021741190439722 193.66338280665852 0.1725365662987849 0.09474581585579946
PA085-R274 287.88657046432536 16.8612180117164 0.16241327768161692 0.1441881301183575 85.3436239582365 0.15189927120189667 0.22984980572160058
PA244-R275 287.87151169378745 16.85719832740487 0.13143297127037823 0.08719265228717465 243.58882284408608 0.14377196684298194 0.27792505236535003
PA162-R275 287.88118183832904 16.853317494526163 0.27937141495954976 0.4057769331314816 162.02841766461154 0.30196049533112584 0.14790447313448193
PA220-R284 287.8733470270832 16.854517206830884 0.39796784968396803 0.28879901043968254 219.5602978605077 0.3577374549226545 0.11798288829028128
PA224-R286 287.87291835109426 16.854831590729002 0.4618400862392942 0.7525733549309014 223.80487115920315 0.4124978388884367 0.030451788306236266
PA243-R287 287.87120102710173 16.856976272633737 0.1736564659407556 0.1751723500216945 243.04411802210387 0.14311324479073964 0.1636879133846263
PA190-R293 287.8770680897953 16.852488929958593 0.3732970013273972 0.2559661736368887 190.4969656328342 0.2881767269906052 0.17617917093419133
PA089-R308 287.8875938505262 16.86080679294264 0.08504595756400003 0.09846325780316871 88.54510177171716 0.05278757539081627 0.06019845132386781
PA156-R329 287.88243691697824 16.85217714539019 0.3439514129151686 0.25161201785973664 156.4496533289238 0.22383384794933678 0.17392950318554612
PA157-R331 287.88243259624625 16.852099202650713 0.7417010652239153 0.6839766493846877 157.0440439800927 0.3593306216160805 0.029731430113315582
PA156-R336 287.88266935737937 16.852058053222322 0.48550289276439695 0.6915225786325521 155.77751731657355 0.35464443244228616 0.029099770188331604
PA164-R337 287.8813812431909 16.85163922010398 0.20164695729389362 0.0772073609663442 163.5135339419548 0.056261736718615896 0.28833247595186273
PA158-R351 287.88248464698165 16.851523328452927 0.15342048822808582 0.25016938512922043 158.0380970621678 0.17528685725566953 0.30238529234017364
