m1-67/data/reproject/wr124-hst-2008-f656n-radec-knot-peak-stats.ecsv
# %ECSV 1.0
# ---
# datatype:
# - {name: label, datatype: string}
# - {name: Peak Center.ra, unit: deg, datatype: float64}
# - {name: Peak Center.dec, unit: deg, datatype: float64}
# - {name: Gauss Center.ra, unit: deg, datatype: float64}
# - {name: Gauss Center.dec, unit: deg, datatype: float64}
# - {name: r_eff, unit: arcsec, datatype: float64}
# - {name: r_rms, unit: arcsec, datatype: float64}
# - {name: Gauss sigma, unit: arcsec, datatype: float64}
# - {name: Bright Peak, datatype: float32}
# - {name: Bright Gauss, datatype: float64}
# - {name: Core flux, datatype: float32}
# - {name: Core flux Gauss, datatype: float64}
# - {name: Total flux Gauss, datatype: float64}
# - {name: Bright BG, datatype: float32}
# - {name: MAD BG, datatype: float32}
# - {name: Fill fraction, datatype: float64}
# - {name: NaN fraction, datatype: float64}
# - {name: Peak SNR, datatype: float32}
# meta: !!omap
# - __serialized_columns__:
#     Gauss Center:
#       __class__: astropy.coordinates.sky_coordinate.SkyCoord
#       dec: !astropy.table.SerializedColumn
#         __class__: astropy.coordinates.angles.core.Latitude
#         unit: &id001 !astropy.units.Unit {unit: deg}
#         value: !astropy.table.SerializedColumn {name: Gauss Center.dec}
#       frame: icrs
#       ra: !astropy.table.SerializedColumn
#         __class__: astropy.coordinates.angles.core.Longitude
#         unit: *id001
#         value: !astropy.table.SerializedColumn {name: Gauss Center.ra}
#         wrap_angle: &id002 !astropy.coordinates.Angle
#           unit: *id001
#           value: 360.0
#       representation_type: spherical
#     Gauss sigma:
#       __class__: astropy.units.quantity.Quantity
#       unit: &id003 !astropy.units.Unit {unit: arcsec}
#       value: !astropy.table.SerializedColumn {name: Gauss sigma}
#     Peak Center:
#       __class__: astropy.coordinates.sky_coordinate.SkyCoord
#       dec: !astropy.table.SerializedColumn
#         __class__: astropy.coordinates.angles.core.Latitude
#         unit: *id001
#         value: !astropy.table.SerializedColumn {name: Peak Center.dec}
#       frame: icrs
#       ra: !astropy.table.SerializedColumn
#         __class__: astropy.coordinates.angles.core.Longitude
#         unit: *id001
#         value: !astropy.table.SerializedColumn {name: Peak Center.ra}
#         wrap_angle: *id002
#       representation_type: spherical
#     r_eff:
#       __class__: astropy.units.quantity.Quantity
#       unit: *id003
#       value: !astropy.table.SerializedColumn {name: r_eff}
#     r_rms:
#       __class__: astropy.units.quantity.Quantity
#       unit: !astropy.units.Unit {unit: arcsec}
#       value: !astropy.table.SerializedColumn {name: r_rms}
# schema: astropy-2.0
label "Peak Center.ra" "Peak Center.dec" "Gauss Center.ra" "Gauss Center.dec" r_eff r_rms "Gauss sigma" "Bright Peak" "Bright Gauss" "Core flux" "Core flux Gauss" "Total flux Gauss" "Bright BG" "MAD BG" "Fill fraction" "NaN fraction" "Peak SNR"
[from data line 117]
PA194-R204 287.87723252634305 16.855109047149334 287.87721904352895 16.855116674299225 0.1304811322857412 0.12062508513031288 0.0887021963185923 0.27145404 0.29690177386461036 15.108391 14.924295553427555 15.27348067425204 0.30984288 0.012139499 0.2714988894578887 0.0 22.361221
PA224-R205 287.87450653407404 16.856521303909563 287.87451612039945 16.85653292015385 0.11582771788077885 0.12147200686239769 0.09821947595926511 0.17188959 0.1535794240297043 7.5387797 8.895273360017491 9.686898306918415 0.15542038 0.03845983 0.21499151342055378 0.0 4.469328
PA202-R206 287.87636007284755 16.855332724955627 287.8763519619743 16.855339818742273 0.13720428463153722 0.14822571662919884 0.11025457214515633 0.27919805 0.34166857958926045 17.18202 19.678563084924768 27.155308401073803 0.8041316 0.13098794 0.2958683417393611 0.0 2.131479
PA077-R212 287.88468321961994 16.86196332087814 287.8846819070344 16.861962183082074 0.12366897903886208 0.15380156322226707 0.15486588533405765 0.30460608 0.3295797652684982 15.229533 19.716304938764484 51.680718164265905 0.4636969 0.15929493 0.24508564144957298 0.0 1.9122145
PA205-R215 287.87600910840104 16.85519491187725 287.8759902546879 16.85518130083898 0.15594814748620436 0.1477458107407723 0.11777943456367164 0.22808498 0.2509287514874029 18.133583 18.424470767763616 22.75861538883823 0.49846065 0.029386878 0.38782255591415776 0.0 7.7614565
PA091-R215 287.8848268134397 16.860464913244453 287.8848185548528 16.860460107320492 0.11364497918679474 0.1590747559058684 0.1759381814496794 0.18990195 0.17981343939770017 8.017822 10.6892741007794 36.3914052487921 0.39919198 0.07922579 0.20595537511313833 0.0 2.3969712
PA212-R215 287.87534328872044 16.85552207923046 287.87534015931334 16.85551032749417 0.1198183103590271 0.13469871027673866 0.1236104328788145 0.30267984 0.24103084000640235 14.205495 18.992393917328858 24.079050059933405 0.5834164 0.05757737 0.22893859118950077 0.0 5.2569237
PA238-R217 287.87338189843337 16.857433915858508 287.8733877145347 16.8574463245154 nan 0.1829536917880699 0.1190188547086747 0.028375328 0.037052352235078086 -0.2686016 1.0263693166982764 3.431656411077444 0.09980053 0.018967584 -0.0464020897360409 0.0 1.4959906
PA076-R219 287.884809150989 16.862075151236027 287.8848133480363 16.862072763038235 0.10030570070160252 0.1507371462686304 0.13397479569718646 0.41679436 0.43383065962750017 13.708803 25.42806206117673 50.91232481779287 0.67549247 0.20588724 0.16202486912017972 0.0 2.0243816
PA077-R219 287.8848180563662 16.862066670748334 287.88482329129846 16.8620530990984 0.12284029354261963 0.15190222091449213 0.1308947583927283 0.27092576 0.2693984924479622 13.364677 16.233118952913014 30.17839602608325 0.7915046 0.11876926 0.2406325177448552 0.0 2.28111
PA271-R220 287.8722118574104 16.860740556830716 287.87222831536934 16.860724803371525 0.1479354242359799 0.15206882236920213 0.1692644946039737 0.22668236 0.17700713258097406 16.217674 16.494617735534703 33.15728674996616 0.36702317 0.051561266 0.3489932176543445 0.0 4.3963695
PA177-R222 287.87896951133735 16.854385453427426 287.8789586370634 16.85440550614248 0.12010614874204867 0.15582004087810422 0.11464458626587702 0.22733265 0.21754485497756745 10.7205925 12.429690799231686 18.694437403608884 0.32383758 0.041386247 0.2311675127814798 0.0 5.492952
PA271-R224 287.8721040374144 16.860714556957458 287.872131556158 16.860684729482394 0.15634900721361492 0.15319211215344333 0.2802870873546606 0.20314485 0.1191727309821447 16.233889 14.777583427370526 61.21242058993247 0.4188655 0.076381534 0.39172976624731926 0.0 2.6596067
PA185-R225 287.8781597471971 16.85435121410161 287.8781854688061 16.85432646039865 nan 0.24759033063868668 0.16072217211227097 0.04862032 0.06298047686026179 -0.03841138 1.6454033801266643 10.636873920874748 0.07426397 0.01315935 -0.0038726826508839927 0.0 3.6947358
PA204-R225 287.8759192290149 16.854884989292287 287.87591511204016 16.854882754991557 0.14054418266561428 0.1470146597390548 0.1199871835076671 0.19450164 0.2162323737860957 12.55959 13.910190706723071 20.35386618559443 0.4803549 0.035464406 0.31346208146474897 0.0 5.4844184
PA083-R226 287.88515998758527 16.861351802107134 287.8851689529207 16.861351445016467 0.14910798330716718 0.14647104974865766 0.12114699399498383 0.2434065 0.239643753648555 17.691328 18.383742784803722 22.99576592216768 0.2984036 0.044453055 0.3545474913062119 0.0 5.4755855
PA177-R232 287.87903235159297 16.854161685557607 287.87902971575227 16.85416321883319 0.10543107701128948 0.12129864430957843 0.07818203104504132 0.3952422 0.35807008247680827 14.362402 14.103827944395517 14.309959809966033 0.29096717 0.07769212 0.178128579083611 0.0 5.0872884
PA230-R234 287.8734270707364 16.856443625752863 287.8734301791252 16.85644517030067 0.1455433570341201 0.13347479088733552 0.1043591874957973 0.25916728 0.27512266740077224 17.946983 18.199664008792592 19.590441902134234 0.2038635 0.02412825 0.3329261633066031 0.0 10.741238
PA204-R234 287.8758382340879 16.85466107150255 287.8758358036501 16.854663846188643 0.15538634350687056 0.14798226570439865 0.10396596655481287 0.2731154 0.28939241946058136 21.557499 18.351068934459285 20.451540304492944 0.37967896 0.04115498 0.3869207419601141 0.0 6.6362658
PA238-R234 287.87285097776476 16.85716686842621 287.87285011916504 16.85716752702082 0.12606629020746127 0.14001783035671383 0.10439434289169247 0.05791431 0.05693174432391156 3.0089178 3.577303752486565 4.0566253564582135 0.11004066 0.008843221 0.2559342407827894 0.0 6.5490065
PA219-R235 287.874362372357 16.85552222953311 287.8743533343106 16.855520839047358 0.12940970172049773 0.13775761764801453 0.10015247640177002 0.1947061 0.17917896847004208 10.659571 10.828953949003104 11.750785461328062 0.220953 0.0073822886 0.26968955054071736 0.0 26.374762
PA279-R237 287.87186104306755 16.86157584367888 287.8718783915161 16.861578921814402 0.14590105303842998 0.15467962652237852 0.16062112940093687 0.06978796 0.055767494864225144 4.856505 5.284609586804036 9.406822889418084 0.08643838 0.0077144504 0.3411247029024012 0.0 9.046394
PA220-R249 287.87403878448634 16.855272460988505 287.87403897007596 16.855259128638565 0.15942973419411569 0.14670953945939907 0.11607754910662126 0.23644748 0.25337650246611415 19.647161 19.400940119715894 22.3212893421417 0.33752623 0.035813987 0.4073192746031518 0.0 6.602099
PA247-R249 287.8719871243321 16.857941701741375 287.8719910304822 16.857938737252375 0.1319669276009365 0.13467386070592202 0.08794274763611451 0.28288153 0.3058502572635449 16.10502 14.913076582831906 15.465550789001409 0.3215718 0.029978722 0.2804533671862973 0.0 9.436077
PA249-R252 287.8718611727075 16.85805373138578 287.87184280982865 16.85803628624867 0.14511002930789904 0.14587752851086722 0.12823965635117898 0.30066055 0.2516896978508628 20.696543 21.75519031030801 27.0624188358599 0.43844777 0.052624717 0.3374358158485562 0.0 5.7132955
PA093-R256 287.88614985165054 16.86024091750451 287.88615979471695 16.86025950126046 0.0704424891588981 0.09417789521182005 0.15549563107327144 0.089726895 0.09791946448828909 1.4555211 4.374248869329341 15.479676945683341 0.26849127 0.068108976 0.07874602715945939 0.0 1.3174019
PA167-R257 287.8803911071113 16.85363640374133 287.8803970458842 16.853635436883916 0.12274040552516315 0.13701976366988775 0.10378167629617746 0.2746069 0.26360770433818664 13.524246 16.073491557923585 18.56333243353368 0.33055535 0.043300554 0.24141898809694776 0.0 6.34188
PA348-R258 287.87715166332083 16.867612179655378 287.87713415482534 16.86759770744866 0.15114154418129638 0.15598103332059277 0.13304153511763453 0.07903707 0.09324780019531101 5.902351 6.35096972531221 10.791195751524178 0.18072635 0.0139981955 0.3678732059272052 0.0 5.6462326
PA086-R259 287.8862037720125 16.861015965534612 287.8861928330937 16.861024166454648 0.16771400788555604 0.16621641854850466 0.1808244955275653 0.1225743 0.11372376563342962 11.271055 10.533080375562012 24.31208674699976 0.27658194 0.020810425 0.4507492289823644 0.0 5.890043
PA094-R261 287.88623066226296 16.86012902125968 287.88625297904395 16.86016725458621 0.0943693358473857 nan 0.13098647004569886 0.072098255 0.07993186549847316 2.0990028 5.126254414029733 8.966631181889314 0.3326547 0.059574127 0.1434142295950152 0.0 1.2102276
PA348-R264 287.8770616321461 16.867775898880407 287.8770378074286 16.86780378423517 0.1320282130727619 0.12764802556294244 0.09451462614011003 0.082828194 0.08611697797708281 4.7199583 4.765653617806647 5.029714145044361 0.24135515 0.045318022 0.2863564036000314 0.0 1.8277098
PA221-R266 287.873597754713 16.854997047432416 287.8735833286479 16.854997886728068 0.15132936947196382 0.14856909886134442 0.13193393418701477 0.31749025 0.2986974977543891 23.768585 25.062430593301777 33.993907723175404 0.32349142 0.030913219 0.36698030957988664 0.0 10.270371
PA249-R267 287.87140240794173 16.85801927288092 287.87141188235074 16.858011416062947 0.12415640882166264 0.12760830503667928 0.08666498644834503 0.1548365 0.19494877847463093 7.802578 9.02930715609186 9.573359014453866 0.35257283 0.021530598 0.24702141331691368 0.0 7.191463
PA343-R268 287.8763059677215 16.86766380240728 287.8763206413645 16.867663229417587 0.14560893376610876 0.16683157122309805 0.1474104247150958 0.25890312 0.2567407707575503 17.944849 18.854710443470324 36.47604277201522 0.36834714 0.06773597 0.33976008845310585 0.0 3.8222396
PA084-R268 287.8864375924268 16.86130002803286 287.8864295483026 16.861303767614285 0.1364622724607185 0.1501110068020262 0.12557374937181226 0.16943249 0.15872825640016763 10.314505 10.349462632087691 16.36471512194161 0.21856153 0.021384731 0.30286955952051264 0.0 7.9230595
PA241-R269 287.8718341177353 16.856994561598768 287.8717877480862 16.856978817622593 0.11662314956832591 0.14035494030100806 0.13796156476331412 0.045788497 0.03598427116121917 2.035881 2.4104715131637033 4.478013664132533 0.21661666 0.015660249 0.2168913120176734 0.0 2.9238677
PA088-R273 287.8865816241893 16.860878241140604 287.88657998059745 16.86088074328253 0.14086109743620223 0.1398078032957485 0.12498956832180248 0.066929266 0.0665968457717393 4.3413486 5.16114556556846 6.8023296893702625 0.21562491 0.021517128 0.31953069376828047 0.0 3.110511
PA194-R274 287.87676520748255 16.853240209158994 287.87677158013247 16.853236508251058 0.15108051614319812 0.14460020683924318 0.09593400752323764 0.15095553 0.16557040160874312 11.263994 9.030602411067964 9.962867553041182 0.13509515 0.02027598 0.36757618570562656 0.0 7.445042
PA085-R274 287.8865815629115 16.86121399414459 287.88657385684013 16.86121415143869 0.14727573172887107 0.14499520004517608 0.11296483204412484 0.14459437 0.13924223500520078 10.252748 10.254324752532241 11.6175349641149 0.25947514 0.011915773 0.3475831349690755 0.0 12.134704
PA244-R275 287.8715104419532 16.857192770587737 287.871512144528 16.8572022162401 0.13568846752007477 0.13640791513894585 0.09400002280198538 0.15519297 0.16492931043184286 9.340807 9.033581263890735 9.528186336812576 0.27553207 0.025661916 0.29796207541286357 0.0 6.047599
PA162-R275 287.8811198472683 16.85332649346528 287.8811402063178 16.853328856723692 0.14661058769116214 0.15148672314805295 0.1541586338443004 0.2137801 0.17954368663513 15.021885 16.639861744381314 27.897309782791925 0.28253716 0.039669544 0.3444506327311198 0.0 5.389024
PA220-R284 287.8733638843194 16.854497543422635 287.8733570579652 16.854512123500385 0.12909143060969522 0.12081591225257324 0.11301746569164105 0.12669992 0.12908050756775585 6.902361 8.118528847081766 10.779739700317453 0.37230584 0.05073124 0.2670491162468405 0.0 2.4974732
PA224-R286 287.87290492607167 16.854859034114508 287.8729047751528 16.854852819214486 0.1112235802735506 0.11674920000717917 0.10098982144961181 0.14436555 0.12843325897277438 5.838265 7.550397688963805 8.564247158756626 0.37384164 0.032838136 0.19823943867402918 0.0 4.3962774
PA243-R287 287.87119536770206 16.856968796131323 287.8711985747999 16.85697381679208 0.1453783506913477 0.15100971108502143 0.10994253805448889 0.1214786 0.12281473101319128 8.393165 8.052513505653316 9.705959150881034 0.2054861 0.007947549 0.3370327461056593 0.0 15.285039
PA190-R293 287.8770887240265 16.852542500355472 287.87708861201276 16.852556590962525 0.14388301059599526 0.15573811407257032 0.1574884006055912 0.20015234 0.18135520227072527 13.545848 13.852603598391111 29.40922931442545 0.23119658 0.025561064 0.3317533754834942 0.0 7.83036
PA089-R308 287.8875981756188 16.86080060758868 287.88759348920286 16.860806137015725 0.11029442948107561 0.13080228657508727 0.0809027290653108 0.05572955 0.054790140238669356 2.216252 2.2408829592483244 2.344688947671252 0.06248672 0.0038485415 0.19590142912465364 0.0 14.480693
PA156-R329 287.8824604389556 16.852215516188267 287.88245882298634 16.852204584690163 0.14481093976660542 0.15154481822934393 0.12941942858819364 0.1432842 0.15407523941724957 9.822624 11.318424024492403 16.87284387281938 0.26555842 0.04170248 0.32958382826585036 0.0 3.4358678
PA157-R331 287.88239749058624 16.852129380228504 287.8824164324867 16.85212691343819 0.10917183750132732 0.11746428339499188 0.11511955109003535 0.07825345 0.0663293714849138 3.0489564 4.6218091397749195 5.747255936833686 0.348845 0.029080465 0.1909930472280465 0.0 2.6909282
PA156-R336 287.8826583183266 16.85210351576512 287.8826583333516 16.85209118087043 0.14623242900015884 0.139509571393747 0.11965423207115009 0.15713546 0.14092584810012265 10.984696 11.455976308953431 13.191775916643147 0.31862265 0.015177488 0.34267601312375534 0.0 10.353192
PA164-R337 287.881407725767 16.851630113377503 287.8814046729398 16.85163926733874 0.09855015343125857 0.10208351691041724 0.09518819038930704 0.06943864 0.05538237361407653 2.2046633 3.1164241742839147 3.280909015636213 0.29307818 0.0098094195 0.15640299191028614 0.0 7.078771
PA158-R351 287.88247834741424 16.851526613087316 287.88247600802913 16.851527684316498 0.1246722102224684 0.16485466659722378 0.11514874542366577 0.1542474 0.1658597893006133 7.8376102 9.466049720266103 14.378580432749791 0.3417868 0.037450895 0.2515442725455407 0.0 4.1186576
