m1-67/data/reproject/wr124-hst-1997-f656n-radec-knot-fluxes.ecsv
# %ECSV 1.0
# ---
# datatype:
# - {name: label, datatype: string}
# - {name: Center.ra, unit: deg, datatype: float64}
# - {name: Center.dec, unit: deg, datatype: float64}
# - {name: Peak.ra, unit: deg, datatype: float64}
# - {name: Peak.dec, unit: deg, datatype: float64}
# - {name: PA, unit: deg, datatype: float64}
# - {name: Sep, unit: arcsec, datatype: float64}
# - {name: Core Flux, datatype: float32}
# - {name: Halo Flux, datatype: float32}
# - {name: Bright Peak, datatype: float32}
# - {name: Bright BG, datatype: float64}
# - {name: Isolated, datatype: bool}
# meta: !!omap
# - __serialized_columns__:
#     Center:
#       __class__: astropy.coordinates.sky_coordinate.SkyCoord
#       dec: !astropy.table.SerializedColumn
#         __class__: astropy.coordinates.angles.core.Latitude
#         unit: &id001 !astropy.units.Unit {unit: deg}
#         value: !astropy.table.SerializedColumn {name: Center.dec}
#       frame: icrs
#       ra: !astropy.table.SerializedColumn
#         __class__: astropy.coordinates.angles.core.Longitude
#         unit: *id001
#         value: !astropy.table.SerializedColumn {name: Center.ra}
#         wrap_angle: &id002 !astropy.coordinates.Angle
#           unit: *id001
#           value: 360.0
#       representation_type: spherical
#     PA:
#       __class__: astropy.coordinates.angles.core.Angle
#       unit: *id001
#       value: !astropy.table.SerializedColumn {name: PA}
#     Peak:
#       __class__: astropy.coordinates.sky_coordinate.SkyCoord
#       dec: !astropy.table.SerializedColumn
#         __class__: astropy.coordinates.angles.core.Latitude
#         unit: *id001
#         value: !astropy.table.SerializedColumn {name: Peak.dec}
#       frame: icrs
#       ra: !astropy.table.SerializedColumn
#         __class__: astropy.coordinates.angles.core.Longitude
#         unit: *id001
#         value: !astropy.table.SerializedColumn {name: Peak.ra}
#         wrap_angle: *id002
#       representation_type: spherical
#     Sep:
#       __class__: astropy.coordinates.angles.core.Angle
#       unit: !astropy.units.Unit {unit: arcsec}
#       value: !astropy.table.SerializedColumn {name: Sep}
# schema: astropy-2.0
label Center.ra Center.dec Peak.ra Peak.dec PA Sep "Core Flux" "Halo Flux" "Bright Peak" "Bright BG" Isolated
PA296-R030 287.8778176204486 16.86097379882292 287.87781767799424 16.860973036746696 296.28153574111286 2.9841626738870715 93.42309 392.1405 1.0583972 0.21804336458444595 False
PA067-R032 287.87949974952136 16.860921056658334 287.87950028867004 16.860921369970015 66.86947493936553 3.1549125149909147 17.500256 359.02924 1.0700877 0.6623550057411194 False
PA031-R033 287.87914692299313 16.861381526776785 287.8791493711526 16.861386371124887 30.919260644413303 3.3108251070294017 117.06448 324.80518 2.0362403 0.44926780462265015 False
PA072-R035 287.87964584617987 16.86088491133208 287.87964425515753 16.860886924879168 71.97437921876036 3.5235564474513 47.087063 466.08704 1.1008835 0.5203508198261261 False
PA017-R038 287.87898087810044 16.861610942002912 287.8789784107064 16.861610260360283 16.829907671084754 3.803227856282498 88.226456 687.3967 1.4293625 0.4379591643810272 False
PA058-R044 287.87973700736364 16.861248844491794 287.8797342363924 16.861248591090742 57.69177263933969 4.378772881478465 20.846203 441.91132 0.70216715 0.347148072719574 False
PA338-R045 287.87812088035383 16.86171249606011 287.8781416010923 16.86172220445813 337.92334456075815 4.521866041533656 15.680307 145.6117 0.68486047 0.2159588649868965 True
PA050-R049 287.87976130427273 16.86149807661904 287.8797612316635 16.861498313168727 49.97813143674663 4.9470357908001645 60.35421 368.84088 0.97975993 0.32282093465328215 False
PA028-R054 287.87938450993397 16.861920552492332 287.87938331964966 16.861920259309873 28.041795442239398 5.4263621184941275 -3.9955025 542.1545 0.4916847 0.39872848987579346 False
PA262-R064 287.87682913920287 16.86036365277845 287.8768279127496 16.860361641515595 262.4843734024974 6.350637941225752 72.70291 166.9844 0.8851727 0.0725232407450676 True
PA192-R066 287.8782724199386 16.8588031800505 287.87827657611314 16.85880303807763 191.92627434328423 6.584807134813525 71.539696 468.64938 0.8009287 0.10946221351623535 True
PA202-R068 287.87793404673766 16.858861300299097 287.87793465887773 16.858863314961145 201.81557485506812 6.759768181790186 134.8833 512.0446 1.5292301 0.11594941914081573 True
PA251-R068 287.87679129528107 16.859975567748823 287.87679192498814 16.859974141195767 250.60075274581175 6.821162395568218 71.83917 278.9182 0.8236835 0.057895172387361526 True
PA185-R071 287.8784574317337 16.858638900662914 287.8784565325971 16.858639427209848 185.20291541111195 7.074820455075996 75.171844 549.6352 0.98390687 0.18604094684123992 True
PA177-R075 287.87879814048085 16.85852700939964 287.8787984492194 16.858527482795363 176.82857239170298 7.475119183735325 39.381927 477.86462 0.50222635 0.12621383368968964 True
PA042-R077 287.880166819245 16.86218025409902 287.88014814881245 16.862195810714024 41.62550224073183 7.663316111213477 57.02118 442.27826 1.3156979 0.15634449124336242 True
PA330-R077 287.8775316280943 16.86244760249936 287.8775297358861 16.862445535390215 329.9013966731095 7.674085680330464 98.11482 134.59796 1.0435205 0.05889245495200157 True
PA039-R083 287.8801675618038 16.862394336138834 287.8801841421942 16.862376643781957 39.060066349133635 8.308393048281967 60.613678 620.73553 1.2433504 0.24510513097047806 False
PA179-R085 287.8787063968821 16.85822702345048 287.87870847108996 16.85822609395398 179.24614909708282 8.519408373717578 79.751236 376.91888 1.1209534 0.36185379028320314 False
PA219-R092 287.8769732993682 16.858611375575535 287.8769718944676 16.85861358717906 219.06780010195922 9.199690349976892 71.16849 146.11624 0.7368155 0.057619042694568634 True
PA095-R093 287.8813594992716 16.860359486321652 287.8813538515191 16.860361631749775 94.99475790957146 9.321903082673638 51.136772 156.08086 0.64660716 0.1173978678882122 False
PA330-R093 287.877294430265 16.86286569946301 287.8772957852112 16.862858867325606 330.1218969791886 9.330486013373456 39.70905 363.1056 0.6401215 0.11388957872986794 False
PA356-R098 287.8784483821333 16.863305563389865 287.8784475299018 16.86330664942086 356.0208232478922 9.782912671341565 127.07701 638.0547 1.2601331 0.11869452595710754 True
PA253-R098 287.8759545076949 16.85978697199125 287.8759551256117 16.859784687541364 252.61919285610367 9.793772318367127 24.542854 127.37605 0.34696704 0.06711975038051606 True
PA005-R101 287.8789160409892 16.863394945698975 287.87891542760417 16.86339276045018 5.0073121388263475 10.115936365100394 71.53801 455.4774 0.82205594 0.05865636058151722 True
PA357-R101 287.8785100369153 16.86336615335531 287.87851051607134 16.863366927249295 357.4631799779348 10.116243243106208 108.303345 725.2547 1.1393172 0.167253777384758 False
PA096-R102 287.8815305947535 16.860301175000675 287.8815338084018 16.86030135153244 95.87924919564686 10.178391233994837 105.77435 317.31866 1.1858406 0.20529986172914505 True
PA207-R102 287.8772963667223 16.85808771787294 287.8772958192696 16.85808831177417 207.252693260486 10.213385398548805 64.33472 399.42883 0.75106186 0.16947215795516968 True
PA203-R102 287.8775180158512 16.857965987180236 287.8775207645368 16.857967757566957 202.72686654996232 10.244036846699961 105.38092 419.63153 1.1829869 0.20248558074235917 True
PA359-R104 287.8786254395041 16.863445987076684 287.87862749049617 16.86344442729246 359.28660736819756 10.367132616032288 91.38585 852.32104 1.0657221 0.19965927302837372 False
PA290-R104 287.8758386246179 16.86158685141932 287.8758381266709 16.861584408203605 289.9597897996694 10.371434598825056 29.479757 65.926056 0.3883955 0.02596138920634985 True
PA193-R105 287.8779874289241 16.857704834072592 287.8779886498001 16.857709426253127 192.7757138783096 10.535492309816057 129.60643 462.71194 1.5451332 0.1552136555314064 True
PA043-R107 287.8807786906442 16.86280819553957 287.88077801413357 16.862807194055126 42.69704250086977 10.707356881564325 134.9902 427.6789 1.5848384 0.3922105193138123 True
PA062-R108 287.88136181565386 16.86199854799285 287.88137187089467 16.861997742621863 62.40598436334054 10.803883288615872 59.81514 267.13593 1.3375473 0.1008186623454094 False
PA227-R110 287.8763331101973 16.85850416287392 287.87633305154037 16.8585016365672 226.87355102948678 10.957440029214718 52.21628 249.06496 0.6855573 0.12088285237550736 False
PA203-R110 287.877403150255 16.85777953319693 287.87740379468966 16.8577783124526 203.12007181342457 11.007756179808554 73.10744 482.5401 1.1136496 0.3909230947494507 False
PA044-R110 287.88085876209146 16.862832568955294 287.88085899649536 16.862833026535757 44.14564066395699 11.04749837554651 129.79242 603.4303 1.5212005 0.43216559290885925 False
PA039-R111 287.8807073575922 16.86299559961607 287.8807060321457 16.862996639230357 38.65461531621216 11.114203809022609 197.07272 910.67505 1.9312977 0.26624882221221924 False
PA197-R112 287.8777174399575 16.857637990626156 287.8777187172187 16.857640536329118 196.689168799342 11.161835629378425 46.85134 561.2807 0.85787886 0.3380839228630066 True
PA084-R112 287.8818783920468 16.860947050607013 287.88187573915474 16.86094717979721 83.6130351782113 11.177524015082085 104.753876 258.51743 1.0689801 0.0899587869644165 True
PA170-R113 287.87926543791673 16.857527074134687 287.8792663316902 16.857528593031667 169.57252129628102 11.295210816019617 52.704193 278.35004 0.7017692 0.15285327136516572 True
PA188-R114 287.8781847697395 16.857441997529715 287.87818660125544 16.857442482344347 187.95016246963368 11.426491994316251 104.77197 652.0281 1.3819622 0.3568737834692001 False
PA113-R116 287.88173492853906 16.85932405421921 287.8817317460374 16.85932829311371 113.30027352889753 11.560079928382175 68.313034 129.60754 0.91445225 0.1636130303144455 False
PA083-R117 287.8820192968225 16.860971429936583 287.8820197063045 16.86097301082727 83.16303931275354 11.654695003981551 76.512665 659.204 0.76142234 0.11672169715166092 False
PA183-R119 287.87848453775194 16.85727790060015 287.87848352718737 16.857278871680226 182.64373160610052 11.886321907780335 111.853584 566.78644 1.2714165 0.21928966939449313 True
PA205-R119 287.8771585788118 16.857570164084446 287.877160856597 16.8575716441824 204.56392396493075 11.923778194336005 72.72274 393.2464 1.2951075 0.5027732849121094 False
PA055-R120 287.88147337045837 16.86258402704674 287.8814708572945 16.862583296845052 54.69872425735836 12.015383889211755 54.314907 337.43536 0.65198225 0.1533597379922867 False
PA090-R121 287.8822005119976 16.860550084606153 287.8821996567572 16.86055106336339 90.41960329625103 12.093260660970929 68.11606 317.64468 0.9886228 0.3222569435834885 False
PA209-R122 287.87694514211626 16.857639646201612 287.87694490979953 16.857640531405185 209.11767316527326 12.151300191368758 120.892075 787.3008 1.50435 0.19714070856571198 False
PA167-R122 287.8794098764797 16.857268203366054 287.8794102947309 16.857270259216033 167.31028302472725 12.155578123781261 142.16855 436.20758 1.655535 0.38635501861572263 False
PA092-R123 287.88222780925855 16.86050067095533 287.8822266494761 16.86049939623027 91.89386166142998 12.302070271695632 78.05318 414.04526 1.0005699 0.26825599670410155 False
PA034-R126 287.8806631994984 16.863497004047026 287.8806610473926 16.863496084117692 33.80636265734553 12.562377904588997 118.6998 664.23413 1.5434766 0.3318244516849518 True
PA050-R126 287.88137748636274 16.86291218661783 287.88138088206995 16.862910520278582 49.56704135346802 12.579288239376472 55.1043 425.72812 1.1122152 0.36719152331352234 False
PA180-R130 287.8786807911628 16.856968255518463 287.8786814774849 16.856968871741785 179.65278141202975 13.047910576140387 157.1312 697.644 2.052319 0.5956533551216125 False
PA167-R131 287.8795003629629 16.857055873197783 287.87950027118825 16.857054981086126 166.5517940651275 13.092657659199855 162.66527 885.1394 1.939804 0.5273000180721283 False
PA174-R133 287.87908594669904 16.856917754746817 287.87908637515704 16.85691720460767 173.51988201380723 13.318761877650125 69.206894 821.9195 1.0738308 0.3599218785762787 False
PA060-R134 287.8820191016861 16.862496359319262 287.88201973350857 16.862497177490624 59.54811629721563 13.356809945837046 92.4626 365.54025 1.2015482 0.31372185945510866 False
PA090-R137 287.8826627500016 16.860556275110326 287.88265854979824 16.86055966606292 90.37148626651197 13.655069079842528 15.43236 398.77863 1.007875 0.40095588862895964 False
PA085-R138 287.88263267407916 16.860888584564503 287.8826315629989 16.860886888807382 85.4203587455898 13.757538002330357 39.640606 258.245 0.8543272 0.40161511600017546 False
PA033-R138 287.8809066100156 16.863787123015744 287.88090399795357 16.86378885937879 33.41051222448549 13.809421841269197 92.191055 587.11884 1.446201 0.4530232846736908 False
PA036-R139 287.88100238000226 16.86373081856234 287.8810029757883 16.863728580494342 35.80539579467498 13.89057484457009 119.85754 556.71045 1.5469347 0.4759231388568878 False
PA054-R139 287.88189216442174 16.86283325285804 287.88189376739354 16.86283301284399 54.130759713821845 13.923710067249017 42.12043 351.89075 0.69104475 0.31916208267211915 False
PA209-R141 287.8767356520023 16.85716534966146 287.87673796608254 16.8571669184874 208.5545148928927 14.103100349390585 52.595406 428.7579 0.95591205 0.3499889999628067 False
PA353-R145 287.8781320747773 16.864592718423218 287.8781325953578 16.86458970442959 352.939665855005 14.469046238460129 83.4917 145.87903 0.91499376 0.051573450490832326 True
PA074-R145 287.88272149237974 16.861728210451677 287.88271256220486 16.861722165003176 73.77528454134325 14.49317834167031 40.03912 295.38394 0.59903395 0.108524189889431 True
PA109-R145 287.8826594977606 16.859273768089615 287.8826585225623 16.859276610510754 109.45504622280768 14.51218874991077 39.047646 210.60336 0.67777234 0.2263474941253662 False
PA196-R146 287.8774654027979 16.856692629702778 287.8774667858251 16.856693312825836 196.22234888710852 14.63432749622834 32.822273 202.8862 0.61183167 0.16050114780664443 True
PA062-R147 287.8824334350855 16.862507628455184 287.8824336413045 16.862505781419884 62.1214087821436 14.66308539938589 41.882133 370.76837 0.75558114 0.3304040551185608 False
PA031-R147 287.8808973755915 16.864045822203394 287.8808950029742 16.864047192809334 31.45004973402716 14.689298247893328 46.391197 592.532 0.9685918 0.42585124671459196 False
PA357-R148 287.8784474751441 16.864692105452843 287.87844752845007 16.864693038304825 357.1338782920824 14.753784965895571 158.5797 521.3365 1.5912306 0.06766061931848526 True
PA068-R148 287.8826335385891 16.86214593327336 287.88263158950735 16.862144111026197 67.69819306812978 14.789679176532534 46.817657 290.80887 0.8506644 0.32173994183540344 False
PA156-R149 287.88040163938297 16.85682944683185 287.8804000423923 16.856831086512177 155.77451414381082 14.869046331318039 14.594872 228.28168 0.47369114 0.23400045037269593 False
PA097-R151 287.8830118100689 16.860076070279526 287.8830094567504 16.86007743672137 97.37451753929106 15.110538931828286 56.09944 319.878 0.6594873 0.12115327715873718 False
PA002-R153 287.87880237505357 16.864846928592595 287.87878945621674 16.864830816126595 2.1181482259414346 15.266760452082998 84.471695 602.49243 1.4881355 0.15079562366008759 False
PA360-R153 287.878623194469 16.86485837083959 287.87862749036174 16.864856649509232 359.62449822700506 15.314657912783273 140.1219 813.7721 1.5029069 0.22636752128601073 False
PA093-R153 287.8831268263718 16.86041344074514 287.8831264371066 16.860413267547585 92.81866801623983 15.3227473785155 45.591984 300.0793 0.69402957 0.2701853930950165 False
PA357-R158 287.8783944562661 16.86497706361087 287.8783935394932 16.864977204911078 356.7918781067209 15.773048466137206 40.70588 619.91046 0.9162774 0.4605377823114395 False
PA090-R158 287.88324267580197 16.86060862038742 287.88324341452744 16.860611320530083 89.90038943961278 15.825309446908959 62.02099 274.45786 0.99378556 0.30582475066185 False
PA347-R159 287.87763904822947 16.864893291786974 287.8776376987218 16.864891091493526 347.23241870930246 15.881003000556705 82.68318 431.52063 0.7622465 0.03665458746254444 True
PA074-R159 287.88312623915647 16.861774789363352 287.8831264693554 16.861773823098815 74.47115232219531 15.88392729964669 58.816036 297.38934 0.7351618 0.1987735629081726 False
PA174-R162 287.87916629094974 16.856130760874954 287.8791673525304 16.856133593311792 173.7600671732906 16.2066860316981 40.26037 332.80737 0.72882307 0.276545050740242 True
PA001-R163 287.8787193025694 16.86511355676405 287.87871747150155 16.86511498282928 0.8698648579361684 16.271204218608734 70.709885 911.2008 1.1870636 0.49089029133319856 False
PA355-R163 287.8782516881916 16.8651161736463 287.87824956944644 16.86511498246205 355.2658866141879 16.295925132835396 84.98422 665.1041 1.310384 0.3766883462667465 False
PA004-R164 287.87900687016213 16.865139025037646 287.879005411277 16.865140815861142 4.409480231911589 16.375801803428427 51.882057 773.72815 0.92844754 0.33775182962417605 False
PA348-R166 287.87764017857097 16.86506493228792 287.8776376978037 16.86506331371472 348.02635079617806 16.578023863007996 139.07425 433.51468 1.6370063 0.20164775252342224 False
PA076-R166 287.88335205053136 16.861720647430996 287.88335141700327 16.861722151426132 75.91849971694795 16.644017911931392 40.99355 253.57062 0.716738 0.2681190073490143 False
PA042-R168 287.88192964072084 16.864020417498548 287.88192978006947 16.86402134560286 42.41286944294083 16.75654606880907 38.850807 264.73 0.60513353 0.19671815931797026 False
PA162-R171 287.88015734982963 16.85609054237626 287.8801570979727 16.856090532882448 162.3248335902421 17.073643954105012 12.945503 238.2048 0.56104356 0.37274980545043945 False
PA069-R172 287.8832730109988 16.862283034329934 287.88327044910244 16.86228187547667 69.0059169003032 17.197900389824706 7.9443593 173.55597 0.52677417 0.2799088180065155 False
PA170-R174 287.8795263335047 16.855831124031518 287.8795272586835 16.855832203201487 170.1243093230256 17.351780019240017 8.631897 319.20737 0.2875918 0.1644003450870514 True
