m1-67/data/reproject/wr124-hst-1997-f656n-radec-knot-fluxes.ecsv
# %ECSV 1.0
# ---
# datatype:
# - {name: label, datatype: string}
# - {name: ICRS.ra, unit: deg, datatype: float64}
# - {name: ICRS.dec, unit: deg, datatype: float64}
# - {name: PA, unit: deg, datatype: float64}
# - {name: Sep, unit: arcsec, datatype: float64}
# - {name: Core Flux, datatype: float32}
# - {name: Halo Flux, datatype: float32}
# - {name: Bright Peak, datatype: float32}
# - {name: Bright BG, datatype: float64}
# - {name: Isolated, datatype: bool}
# meta: !!omap
# - __serialized_columns__:
#     ICRS:
#       __class__: astropy.coordinates.sky_coordinate.SkyCoord
#       dec: !astropy.table.SerializedColumn
#         __class__: astropy.coordinates.angles.core.Latitude
#         unit: &id001 !astropy.units.Unit {unit: deg}
#         value: !astropy.table.SerializedColumn {name: ICRS.dec}
#       frame: icrs
#       ra: !astropy.table.SerializedColumn
#         __class__: astropy.coordinates.angles.core.Longitude
#         unit: *id001
#         value: !astropy.table.SerializedColumn {name: ICRS.ra}
#         wrap_angle: !astropy.coordinates.Angle
#           unit: *id001
#           value: 360.0
#       representation_type: spherical
#     PA:
#       __class__: astropy.coordinates.angles.core.Angle
#       unit: *id001
#       value: !astropy.table.SerializedColumn {name: PA}
#     Sep:
#       __class__: astropy.coordinates.angles.core.Angle
#       unit: !astropy.units.Unit {unit: arcsec}
#       value: !astropy.table.SerializedColumn {name: Sep}
# schema: astropy-2.0
label ICRS.ra ICRS.dec PA Sep "Core Flux" "Halo Flux" "Bright Peak" "Bright BG" Isolated
[from data line 115]
PA085-R202 287.88445814586134 16.86108490100646 84.82342868761081 20.18973416348814 79.31737 143.20773 0.95256704 0.1539248615503311 True
PA092-R204 287.88457509916367 16.86045628657153 92.03975169791194 20.351477178788194 53.326347 198.04993 0.6162875 0.14479650557041168 False
PA194-R204 287.87723285699417 16.85511747803556 194.03330611890365 20.376799954788467 35.550785 464.29016 0.6285653 0.21071152985095978 True
PA224-R205 287.8745245363936 16.856529663952795 224.2056099510396 20.5087223659346 14.798229 341.12192 0.3018995 0.11250447034835816 True
PA202-R206 287.87638707620584 16.85533274829244 202.17207230451473 20.567497520193836 70.38689 881.5834 1.092164 0.4513592541217804 False
PA077-R212 287.884665125819 16.861954617291953 77.20003853917879 21.154082760191663 78.15079 277.3911 0.8660616 0.15958299040794371 False
PA205-R215 287.87600917679174 16.855194966036645 205.12327468049776 21.484081031420367 24.165325 677.14825 0.81793594 0.4811775177717209 False
PA091-R215 287.8848990247938 16.86049933256746 91.00559429601124 21.500348010281712 25.706905 237.08502 0.71715623 0.33964332938194275 False
PA212-R215 287.87534334539987 16.855522178680562 211.98613816905123 21.533937877682064 33.14547 459.09387 0.8648816 0.4470154821872711 False
PA238-R217 287.87334581133047 16.857433803720212 237.60742355182862 21.670800472095003 11.509197 90.11145 0.15942803 0.030766958370804787 False
PA076-R219 287.88480909748506 16.86208377970879 75.56131087204639 21.92819127615792 106.094574 564.4419 1.1575117 0.21722706407308578 False
PA077-R219 287.8848360897094 16.862032112234584 76.80858360911147 21.930559750761834 110.50072 604.62476 1.1607254 0.20740249156951904 False
PA271-R220 287.87230196273396 16.860697385376202 270.8866412346092 21.951598185904267 47.509613 246.37746 0.65100783 0.126130211353302 True
PA177-R222 287.87896940042225 16.85441137151013 177.2899997741525 22.197495029652874 53.049812 247.06274 0.546157 0.07933212965726853 True
PA271-R224 287.8721220043154 16.86070599087832 271.25527958361334 22.353403767252228 41.491417 265.38382 0.7477449 0.2091537058353424 False
PA185-R225 287.87806963987896 16.85435970429517 184.7717396256097 22.46754064730811 4.5025606 121.91121 0.13221064 0.06502430737018586 False
PA204-R225 287.8759551952149 16.85489357645457 204.4649080794199 22.514026956724873 35.80423 240.29672 0.8272478 0.36929522156715394 False
PA083-R226 287.8851509955322 16.861360435886457 83.07804039502408 22.558559452841962 43.381 253.10483 0.549607 0.12281548455357552 False
PA177-R232 287.87903238317784 16.854170260293543 176.69351501381556 23.199289667441274 28.131657 376.90982 0.5997425 0.2139964997768402 True
PA230-R234 287.8734538115344 16.856443528694097 230.26700165995553 23.404535779506947 29.680279 79.79788 0.48727015 0.11101050674915314 False
PA204-R234 287.87583822935017 16.85466968601107 204.38749406544923 23.4225029159944 42.301018 397.87427 0.7145258 0.26495138406753543 False
PA238-R234 287.8728239492103 16.85719267855482 238.32058359631765 23.44092972237505 13.537623 93.541046 0.21999042 0.05823727399110794 False
PA219-R235 287.87436260086804 16.855504938443804 219.0242389999707 23.503653024129004 14.992745 90.06474 0.45091966 0.1994369238615036 False
PA279-R237 287.8718610325796 16.8616101491269 278.5842547127372 23.71464173580181 4.0241127 131.63605 0.23411909 0.1136402003467083 False
PA220-R249 287.87406568354464 16.855281043184796 219.52377272389026 24.90338017126823 34.176598 131.64604 0.58334845 0.19120589196681975 False
PA247-R249 287.87200512922726 16.85792459828014 247.2517830698292 24.92300151970066 49.205498 182.0733 0.58281285 0.056871777027845384 False
PA249-R252 287.8718611608245 16.85803653804268 248.57806544097872 25.181903328362115 68.625145 339.68707 0.6998228 0.06850045919418335 True
PA093-R256 287.8861317257205 16.86022373598735 92.97826595434081 25.64016418476542 29.43528 171.19931 0.39099905 0.12131585627794265 False
PA167-R257 287.8803910151733 16.853636364396678 166.59560512998968 25.742931287646034 50.320824 194.17 0.5651431 0.08501106351613999 True
PA348-R258 287.8771517795091 16.867612199631953 348.4534810994319 25.845394573831438 18.521461 225.53833 0.32825688 0.11950834840536118 True
PA086-R259 287.8861947428842 16.861024567019815 86.35876212116817 25.946337569164978 37.30034 97.086075 0.5929672 0.136044879257679 False
PA094-R261 287.8862576936622 16.86016345360307 93.74912282892667 26.123691752755125 36.63569 230.33801 0.42200044 0.12529933601617813 False
PA348-R264 287.8770617952805 16.867836087846296 348.02079036082057 26.44627224177772 25.014225 279.99756 0.34700942 0.09634190052747726 False
PA221-R266 287.8735978131884 16.855005476724592 220.8666898312242 26.591569110038247 39.66765 212.20293 0.65459716 0.1964479237794876 False
PA249-R267 287.8714292687275 16.858002078953454 249.45697867809605 26.708259258784533 32.531372 319.10565 0.54680485 0.17854951024055482 False
PA343-R268 287.87631494298944 16.867663858542915 342.69923396465583 26.78417697853889 67.188995 273.77362 0.6935999 0.08835211396217346 True
PA084-R268 287.8864287001905 16.861300113883868 84.48889595715141 26.800160136614075 15.221546 146.1181 0.38494408 0.20639391392469406 False
PA241-R269 287.8718342078182 16.85691709272068 240.75203377829365 26.867638937114105 32.83697 129.58444 0.43167803 0.04861796833574772 True
PA088-R273 287.88657264981407 16.8608867750756 87.75649694421752 27.30449147133537 10.591667 231.41544 0.28846532 0.17783641219139099 False
PA194-R274 287.87676499844065 16.85323164099603 193.66338280665852 27.41446161811034 18.660254 86.7102 0.28283563 0.07809733450412751 False
PA085-R274 287.88658166182717 16.86122260805993 85.3436239582365 27.431474278643382 17.673853 160.11159 0.42057416 0.20551322400569916 False
PA244-R275 287.8715372721714 16.85720124937449 243.58882284408608 27.46617378120109 30.613596 172.556 0.39400575 0.10233136862516404 False
PA162-R275 287.8811198144078 16.853334968065777 162.02841766461154 27.47934469729965 45.7159 212.94698 0.49520227 0.08829445391893387 True
PA220-R284 287.8733458936443 16.854497414863836 219.5602978605077 28.418568173668028 34.163868 311.3292 0.5412653 0.21263711303472518 False
PA224-R286 287.87290499972255 16.854859069738264 223.80487115920315 28.596845517870875 17.042828 227.22308 0.5056939 0.2893129885196686 False
PA243-R287 287.8711953668878 16.856977348432963 243.04411802210387 28.707404855577785 8.006763 177.69586 0.31407636 0.19479352235794067 False
PA190-R293 287.8770799182825 16.85255997696951 190.4969656328342 29.288811227632436 41.391785 161.32098 0.49233815 0.09222694486379623 False
PA089-R308 287.8875894101361 16.860800622412818 88.54510177171716 30.800473748320062 4.9028816 58.110924 0.114613414 0.04505078420042992 False
PA156-R329 287.882478423329 16.852249947338887 156.4496533289238 32.85070143007623 33.199944 145.02232 0.42560184 0.11105572432279587 False
PA157-R331 287.88238844556025 16.852112171214824 157.0440439800927 33.097725031700975 40.24496 186.24652 0.5114596 0.15419689565896988 False
PA156-R336 287.88259538746405 16.852086334027547 155.77751731657355 33.608446223283444 32.58323 208.27408 0.5266279 0.18533293157815933 False
PA164-R337 287.88140771140695 16.851638575562298 163.5135339419548 33.66570924297562 30.766315 157.58096 0.35542047 0.09423375874757767 False
PA158-R351 287.8824604137249 16.851526614357155 158.0380970621678 35.096394021369534 17.616531 145.54596 0.51570725 0.3203620046377182 False
