m1-67/data/reproject/wr124-hst-1997-f656n-radec-knot-fluxes.ecsv
# %ECSV 1.0
# ---
# datatype:
# - {name: label, datatype: string}
# - {name: ICRS.ra, unit: deg, datatype: float64}
# - {name: ICRS.dec, unit: deg, datatype: float64}
# - {name: PA, unit: deg, datatype: float64}
# - {name: Sep, unit: arcsec, datatype: float64}
# - {name: Core Flux, datatype: float32}
# - {name: Halo Flux, datatype: float32}
# - {name: Bright Peak, datatype: float32}
# - {name: Bright BG, datatype: float64}
# - {name: Isolated, datatype: bool}
# meta: !!omap
# - __serialized_columns__:
#     ICRS:
#       __class__: astropy.coordinates.sky_coordinate.SkyCoord
#       dec: !astropy.table.SerializedColumn
#         __class__: astropy.coordinates.angles.core.Latitude
#         unit: &id001 !astropy.units.Unit {unit: deg}
#         value: !astropy.table.SerializedColumn {name: ICRS.dec}
#       frame: icrs
#       ra: !astropy.table.SerializedColumn
#         __class__: astropy.coordinates.angles.core.Longitude
#         unit: *id001
#         value: !astropy.table.SerializedColumn {name: ICRS.ra}
#         wrap_angle: !astropy.coordinates.Angle
#           unit: *id001
#           value: 360.0
#       representation_type: spherical
#     PA:
#       __class__: astropy.coordinates.angles.core.Angle
#       unit: *id001
#       value: !astropy.table.SerializedColumn {name: PA}
#     Sep:
#       __class__: astropy.coordinates.angles.core.Angle
#       unit: !astropy.units.Unit {unit: arcsec}
#       value: !astropy.table.SerializedColumn {name: Sep}
# schema: astropy-2.0
label ICRS.ra ICRS.dec PA Sep "Core Flux" "Halo Flux" "Bright Peak" "Bright BG" Isolated
PA296-R030 287.87781767799424 16.860973036746696 296.28153574111286 2.9841626738870715 94.74448 772.24097 1.0583972 0.23117935955524446 False
PA067-R032 287.87950028867004 16.860921369970015 66.86947493936553 3.1549125149909147 10.484438 1144.741 1.0700877 0.7135653495788574 False
PA031-R033 287.8791493711526 16.861386371124887 30.919260644413303 3.3108251070294017 154.53363 969.8091 2.0362403 0.4863865077495575 False
PA072-R035 287.87964425515753 16.860886924879168 71.97437921876036 3.5235564474513 45.06543 791.0125 1.1008835 0.5351072728633881 False
PA017-R038 287.8789784107064 16.861610260360283 16.829907671084754 3.803227856282498 87.534004 925.3728 1.4293625 0.4430136024951935 False
PA058-R044 287.8797342363924 16.861248591090742 57.69177263933969 4.378772881478465 18.57271 498.83746 0.70216715 0.3637428879737854 False
PA338-R045 287.8781595969358 16.861748037834598 337.92334456075815 4.521866041533656 53.00679 282.88306 0.7826943 0.19722338616847992 True
PA050-R049 287.8797612316635 16.861498313168727 49.97813143674663 4.9470357908001645 58.261524 537.27045 0.97975993 0.33809601962566377 False
PA028-R054 287.87938331964966 16.861920259309873 28.041795442239398 5.4263621184941275 -5.7333965 584.9908 0.4916847 0.4114138543605804 False
PA262-R064 287.8768279127496 16.860361641515595 262.4843734024974 6.350637941225752 72.70291 166.9844 0.8851727 0.0725232407450676 True
PA192-R066 287.87827657611314 16.85880303807763 191.92627434328423 6.584807134813525 71.539696 468.64938 0.8009287 0.10946221351623535 True
PA202-R068 287.87793465887773 16.858863314961145 201.81557485506812 6.759768181790186 134.82574 519.381 1.5292301 0.11636949181556702 True
PA251-R068 287.87679192498814 16.859974141195767 250.60075274581175 6.821162395568218 71.83917 278.9182 0.8236835 0.057895172387361526 True
PA185-R071 287.8784565325971 16.858639427209848 185.20291541111195 7.074820455075996 75.171844 549.6352 0.98390687 0.18604094684123992 True
PA177-R075 287.8787984492194 16.858527482795363 176.82857239170298 7.475119183735325 39.381927 477.86462 0.50222635 0.12621383368968964 True
PA042-R077 287.88013915083496 16.86219581077934 41.62550224073183 7.663316111213477 125.80993 583.8222 1.3373113 0.14903895556926727 True
PA330-R077 287.8775297358861 16.862445535390215 329.9013966731095 7.674085680330464 98.10457 136.42438 1.0435205 0.05896726697683334 True
PA039-R083 287.88019314010984 16.862368032603595 39.060066349133635 8.308393048281967 117.114136 853.4999 1.2616789 0.2609531581401825 False
PA179-R085 287.87870847108996 16.85822609395398 179.24614909708282 8.519408373717578 79.751236 376.91888 1.1209534 0.36185379028320314 False
PA219-R092 287.8769718944676 16.85861358717906 219.06780010195922 9.199690349976892 73.43499 205.85178 0.7368155 0.05236172042787075 True
PA095-R093 287.8813538515191 16.860361631749775 94.99475790957146 9.321903082673638 51.557343 167.18045 0.64660716 0.11432802751660347 False
PA330-R093 287.8772957852112 16.862858867325606 330.1218969791886 9.330486013373456 52.511444 362.44196 0.6401215 0.11416654586791992 False
PA356-R098 287.8784475299018 16.86330664942086 356.0208232478922 9.782912671341565 127.07701 638.0547 1.2601331 0.11869452595710754 True
PA253-R098 287.8759551256117 16.859784687541364 252.61919285610367 9.793772318367127 24.542854 127.37605 0.34696704 0.06711975038051606 True
PA005-R101 287.87891542760417 16.86339276045018 5.0073121388263475 10.115936365100394 71.53801 455.4774 0.82205594 0.05865636058151722 True
PA357-R101 287.87851051607134 16.863366927249295 357.4631799779348 10.116243243106208 108.303345 725.2547 1.1393172 0.167253777384758 False
PA096-R102 287.8815338084018 16.86030135153244 95.87924919564686 10.178391233994837 106.31706 362.5346 1.1858406 0.20133846998214722 True
PA207-R102 287.8772958192696 16.85808831177417 207.252693260486 10.213385398548805 64.33472 399.42883 0.75106186 0.16947215795516968 True
PA203-R102 287.8775207645368 16.857967757566957 202.72686654996232 10.244036846699961 105.38092 419.63153 1.1829869 0.20248558074235917 True
PA359-R104 287.87862749049617 16.86344442729246 359.28660736819756 10.367132616032288 91.38585 852.32104 1.0657221 0.19965927302837372 False
PA290-R104 287.8758381266709 16.861584408203605 289.9597897996694 10.371434598825056 29.479757 65.926056 0.3883955 0.02596138920634985 True
PA193-R105 287.8779886498001 16.857709426253127 192.7757138783096 10.535492309816057 129.60643 462.71194 1.5451332 0.1552136555314064 True
PA043-R107 287.88077801413357 16.862807194055126 42.69704250086977 10.707356881564325 133.9319 502.2971 1.5848384 0.3999355107545853 True
PA062-R108 287.88137187089467 16.861997742621863 62.40598436334054 10.803883288615872 59.81514 267.13593 1.3375473 0.1008186623454094 False
PA227-R110 287.87633305154037 16.8585016365672 226.87355102948678 10.957440029214718 51.799187 295.66837 0.6855573 0.12392732128500938 False
PA203-R110 287.87740379468966 16.8577783124526 203.12007181342457 11.007756179808554 73.10744 482.5401 1.1136496 0.3909230947494507 False
PA044-R110 287.88085899649536 16.862833026535757 44.14564066395699 11.04749837554651 128.78163 661.53046 1.5212005 0.43954364061355594 False
PA039-R111 287.8807060321457 16.862996639230357 38.65461531621216 11.114203809022609 195.28049 1009.2912 1.9312977 0.2793308347463608 False
PA197-R112 287.8777187172187 16.857640536329118 196.689168799342 11.161835629378425 46.85134 561.2807 0.85787886 0.3380839228630066 True
PA084-R112 287.88187573915474 16.86094717979721 83.6130351782113 11.177524015082085 104.753876 258.51743 1.0689801 0.0899587869644165 True
PA170-R113 287.8792663316902 16.857528593031667 169.57252129628102 11.295210816019617 52.609543 285.33258 0.7017692 0.1535441279411316 True
PA188-R114 287.87818660125544 16.857442482344347 187.95016246963368 11.426491994316251 104.77197 652.0281 1.3819622 0.3568737834692001 False
PA113-R116 287.8817317460374 16.85932829311371 113.30027352889753 11.560079928382175 68.313034 129.60754 0.91445225 0.1636130303144455 False
PA083-R117 287.8820197063045 16.86097301082727 83.16303931275354 11.654695003981551 76.512665 659.204 0.76142234 0.11672169715166092 False
PA183-R119 287.87848352718737 16.857278871680226 182.64373160610052 11.886321907780335 111.87666 570.2923 1.2714165 0.21912118792533875 True
PA205-R119 287.877160856597 16.8575716441824 204.56392396493075 11.923778194336005 72.72274 393.2464 1.2951075 0.5027732849121094 False
PA055-R120 287.8814708572945 16.862583296845052 54.69872425735836 12.015383889211755 54.314907 337.43536 0.65198225 0.1533597379922867 False
PA090-R121 287.8821996567572 16.86055106336339 90.41960329625103 12.093260660970929 68.11606 317.64468 0.9886228 0.3222569435834885 False
PA209-R122 287.87694490979953 16.857640531405185 209.11767316527326 12.151300191368758 120.892075 787.3008 1.50435 0.19714070856571198 False
PA167-R122 287.8794102947309 16.857270259216033 167.31028302472725 12.155578123781261 142.16855 436.20758 1.655535 0.38635501861572263 False
PA092-R123 287.8822266494761 16.86049939623027 91.89386166142998 12.302070271695632 78.05318 414.04526 1.0005699 0.26825599670410155 False
PA034-R126 287.8806610473926 16.863496084117692 33.80636265734553 12.562377904588997 118.6998 664.23413 1.5434766 0.3318244516849518 True
PA050-R126 287.88138088206995 16.862910520278582 49.56704135346802 12.579288239376472 55.47602 425.7176 1.1122152 0.36719612777233124 False
PA180-R130 287.8786814774849 16.856968871741785 179.65278141202975 13.047910576140387 157.08267 705.4987 2.052319 0.5960075378417968 False
PA167-R131 287.87950027118825 16.857054981086126 166.5517940651275 13.092657659199855 162.66527 885.1394 1.939804 0.5273000180721283 False
PA174-R133 287.87908637515704 16.85691720460767 173.51988201380723 13.318761877650125 69.206894 821.9195 1.0738308 0.3599218785762787 False
PA060-R134 287.88201973350857 16.862497177490624 59.54811629721563 13.356809945837046 92.4626 365.54025 1.2015482 0.31372185945510866 False
PA090-R137 287.88265854979824 16.86055966606292 90.37148626651197 13.655069079842528 15.433538 399.63153 1.007875 0.40094727873802183 False
PA085-R138 287.8826315629989 16.860886888807382 85.4203587455898 13.757538002330357 39.644188 258.41718 0.8543272 0.4015889883041382 False
PA033-R138 287.88090399795357 16.86378885937879 33.41051222448549 13.809421841269197 91.588264 612.82776 1.446201 0.4574232578277588 False
PA036-R139 287.8810029757883 16.863728580494342 35.80539579467498 13.89057484457009 119.42151 583.03595 1.5469347 0.47910590171813966 False
PA054-R139 287.88189376739354 16.86283301284399 54.130759713821845 13.923710067249017 42.12043 351.89075 0.69104475 0.31916208267211915 False
PA209-R141 287.87673796608254 16.8571669184874 208.5545148928927 14.103100349390585 52.50985 428.48837 0.95591205 0.3506135165691376 False
PA353-R145 287.8781325953578 16.86458970442959 352.939665855005 14.469046238460129 83.51509 146.25792 0.91499376 0.05140265077352524 True
PA074-R145 287.88271256220486 16.861722165003176 73.77528454134325 14.49317834167031 53.33111 302.37048 0.59903395 0.10879000872373581 True
PA109-R145 287.8826585225623 16.859276610510754 109.45504622280768 14.51218874991077 39.047646 210.60336 0.67777234 0.2263474941253662 False
PA196-R146 287.8774667858251 16.856693312825836 196.22234888710852 14.63432749622834 32.822273 202.8862 0.61183167 0.16050114780664443 True
PA062-R147 287.8824336413045 16.862505781419884 62.1214087821436 14.66308539938589 41.882133 370.76837 0.75558114 0.3304040551185608 False
PA031-R147 287.8808950029742 16.864047192809334 31.45004973402716 14.689298247893328 46.391197 592.532 0.9685918 0.42585124671459196 False
PA357-R148 287.87844752845007 16.864693038304825 357.1338782920824 14.753784965895571 158.5797 521.3365 1.5912306 0.06766061931848526 True
PA068-R148 287.88263158950735 16.862144111026197 67.69819306812978 14.789679176532534 46.817657 290.80887 0.8506644 0.32173994183540344 False
PA156-R149 287.8804000423923 16.856831086512177 155.77451414381082 14.869046331318039 14.594872 228.28168 0.47369114 0.23400045037269593 False
PA097-R151 287.8830094567504 16.86007743672137 97.37451753929106 15.110538931828286 56.09944 319.878 0.6594873 0.12115327715873718 False
PA002-R153 287.8787714599994 16.86481359391623 2.1181482259414346 15.266760452082998 175.26471 731.20935 1.8312349 0.15090402960777283 False
PA360-R153 287.87862749036174 16.864856649509232 359.62449822700506 15.314657912783273 155.07254 998.7819 1.5029069 0.237293042242527 False
PA093-R153 287.8831264371066 16.860413267547585 92.81866801623983 15.3227473785155 45.591984 300.0793 0.69402957 0.2701853930950165 False
PA357-R158 287.8783935394932 16.864977204911078 356.7918781067209 15.773048466137206 39.784073 732.2086 0.9162774 0.46726633608341217 False
PA090-R158 287.88324341452744 16.860611320530083 89.90038943961278 15.825309446908959 62.02099 274.45786 0.99378556 0.30582475066185 False
PA347-R159 287.8776376987218 16.864891091493526 347.23241870930246 15.881003000556705 82.72491 432.17004 0.7622465 0.0363500602543354 True
PA074-R159 287.8831264693554 16.861773823098815 74.47115232219531 15.88392729964669 58.80152 298.89746 0.7351618 0.19887951016426086 False
PA174-R162 287.8791673525304 16.856133593311792 173.7600671732906 16.2066860316981 40.26037 332.80737 0.72882307 0.276545050740242 True
PA001-R163 287.87871747150155 16.86511498282928 0.8698648579361684 16.271204218608734 67.87088 1078.5181 1.1870636 0.5116130352020264 False
PA355-R163 287.87824956944644 16.86511498246205 355.2658866141879 16.295925132835396 84.98422 665.1041 1.310384 0.3766883462667465 False
PA004-R164 287.879005411277 16.865140815861142 4.409480231911589 16.375801803428427 51.746872 846.5861 0.92844754 0.3387385904788971 False
PA348-R166 287.8776376978037 16.86506331371472 348.02635079617806 16.578023863007996 139.07153 434.1158 1.6370063 0.20166750848293305 False
PA076-R166 287.88335141700327 16.861722151426132 75.91849971694795 16.644017911931392 41.035408 254.21683 0.716738 0.2678134500980377 False
PA042-R168 287.88192978006947 16.86402134560286 42.41286944294083 16.75654606880907 38.850807 264.73 0.60513353 0.19671815931797026 False
PA162-R171 287.8801570979727 16.856090532882448 162.3248335902421 17.073643954105012 12.92731 238.18068 0.56104356 0.372882604598999 False
PA069-R172 287.88327044910244 16.86228187547667 69.0059169003032 17.197900389824706 8.365574 181.21448 0.52677417 0.2768342405557632 False
PA170-R174 287.8795272586835 16.855832203201487 170.1243093230256 17.351780019240017 8.631897 319.20737 0.2875918 0.1644003450870514 True
PA180-R174 287.87864548657 16.855746093973906 180.01378891487656 17.412671492984114 49.576004 270.79926 0.7799418 0.25157268047332765 True
PA356-R175 287.87824956876113 16.865442204682076 355.5867692698721 17.478152911453822 137.76978 635.4616 2.0151253 0.4874419867992401 False
PA189-R176 287.8778986798821 16.855754703734327 188.64232736446033 17.63489875467805 43.30877 253.96227 0.54564166 0.05811153128743172 True
PA198-R178 287.877025904621 16.855892476509506 198.23955265921884 17.77261149543183 66.92428 292.67828 0.8407182 0.18881434202194214 False
PA207-R178 287.87629708900084 16.85619385839287 207.03168652386574 17.776624687504565 155.26431 545.3312 1.5672045 0.22897877991199495 True
PA005-R178 287.87912238784946 16.865554148954452 5.2731820214216745 17.791628251783205 161.29684 457.51093 2.3652067 0.3844438284635544 False
PA206-R180 287.8763060877582 16.8561077473845 206.20567409311846 18.035399255148473 155.78268 714.88214 1.6024017 0.29233884811401367 False
PA209-R181 287.87607214635364 16.856219689044867 209.31848710364113 18.0942864263893 172.1767 896.9082 1.7406521 0.1860663741827011 False
PA071-R183 287.8836753582716 16.862281866006228 70.76222382906155 18.263259839271008 22.482367 242.87877 0.5123297 0.2738495171070099 False
PA078-R183 287.8838822963419 16.861722138639475 77.5006301975835 18.313469628703977 39.151424 346.65796 0.6605945 0.2704161524772644 False
PA006-R185 287.8791493827206 16.865726371111187 5.522816344565724 18.49619153069004 133.83315 944.473 1.5923603 0.3515804082155228 False
PA198-R185 287.8769989133135 16.85569442074194 198.21764260514252 18.532576222477886 78.07892 429.847 1.0459489 0.27708432674407957 False
PA355-R186 287.8781415904883 16.865700537778064 354.84618775684214 18.583461478019462 109.92163 918.7024 1.564597 0.44978106021881104 False
PA090-R187 287.88408021941524 16.86061130019387 89.82626085160686 18.66052194041143 17.239275 53.885338 0.3585685 0.1156622290611267 False
PA180-R189 287.8786184936125 16.8553672050862 180.32687525063494 18.851977771279667 64.06511 349.67596 0.8703718 0.22452837377786636 False
PA220-R189 287.8751453772742 16.856581342077746 219.93908421929567 18.89532389182703 91.43167 386.10358 1.0009472 0.20660481452941895 True
PA271-R189 287.8731207721882 16.860697408915897 270.57477783709874 18.89944704233595 28.086727 146.75366 0.595211 0.05097701326012612 False
PA204-R191 287.8763870715768 16.85572024828908 203.9269727432652 19.0639206829023 115.964386 1104.0839 1.5346168 0.30900758504867554 False
PA214-R197 287.87548729947025 16.856030236483964 213.9054444367864 19.671546227558665 17.419834 506.90955 0.5246681 0.3528486371040344 False
PA091-R197 287.88437714835385 16.860551014384875 90.59056816065005 19.732389527449907 31.395508 98.547325 0.4396032 0.12049786224961281 False
PA282-R198 287.8729947698442 16.86175657216718 281.93430599348386 19.77660266704197 41.191708 273.6045 0.7027401 0.04416586235165596 True
PA210-R198 287.87574823521027 16.855840795867508 210.39669118198722 19.800287386514533 140.11899 572.531 1.8337693 0.5559046506881714 True
PA206-R200 287.87613513798027 16.855634134269227 205.68483552276567 19.978673207922732 91.68112 577.95386 1.7459745 0.8346451461315155 False
PA203-R200 287.8763330879836 16.855522192137627 202.93730669612367 19.99021584632001 81.837296 927.3582 1.2492638 0.5155057430267334 False
