m1-67/data/reproject/wr124-hst-2008-f656n-radec-knot-peak-stats.ecsv
# %ECSV 1.0
# ---
# datatype:
# - {name: label, datatype: string}
# - {name: Peak Center.ra, unit: deg, datatype: float64}
# - {name: Peak Center.dec, unit: deg, datatype: float64}
# - {name: Gauss Center.ra, unit: deg, datatype: float64}
# - {name: Gauss Center.dec, unit: deg, datatype: float64}
# - {name: r_eff, unit: arcsec, datatype: float64}
# - {name: r_rms, unit: arcsec, datatype: float64}
# - {name: Gauss sigma, unit: arcsec, datatype: float64}
# - {name: Bright Peak, datatype: float32}
# - {name: Bright Gauss, datatype: float64}
# - {name: Core flux, datatype: float32}
# - {name: Core flux Gauss, datatype: float64}
# - {name: Total flux Gauss, datatype: float64}
# - {name: Bright BG, datatype: float32}
# - {name: MAD BG, datatype: float32}
# - {name: Fill fraction, datatype: float64}
# - {name: NaN fraction, datatype: float64}
# - {name: Peak SNR, datatype: float32}
# meta: !!omap
# - __serialized_columns__:
#     Gauss Center:
#       __class__: astropy.coordinates.sky_coordinate.SkyCoord
#       dec: !astropy.table.SerializedColumn
#         __class__: astropy.coordinates.angles.core.Latitude
#         unit: &id001 !astropy.units.Unit {unit: deg}
#         value: !astropy.table.SerializedColumn {name: Gauss Center.dec}
#       frame: icrs
#       ra: !astropy.table.SerializedColumn
#         __class__: astropy.coordinates.angles.core.Longitude
#         unit: *id001
#         value: !astropy.table.SerializedColumn {name: Gauss Center.ra}
#         wrap_angle: &id002 !astropy.coordinates.Angle
#           unit: *id001
#           value: 360.0
#       representation_type: spherical
#     Gauss sigma:
#       __class__: astropy.units.quantity.Quantity
#       unit: &id003 !astropy.units.Unit {unit: arcsec}
#       value: !astropy.table.SerializedColumn {name: Gauss sigma}
#     Peak Center:
#       __class__: astropy.coordinates.sky_coordinate.SkyCoord
#       dec: !astropy.table.SerializedColumn
#         __class__: astropy.coordinates.angles.core.Latitude
#         unit: *id001
#         value: !astropy.table.SerializedColumn {name: Peak Center.dec}
#       frame: icrs
#       ra: !astropy.table.SerializedColumn
#         __class__: astropy.coordinates.angles.core.Longitude
#         unit: *id001
#         value: !astropy.table.SerializedColumn {name: Peak Center.ra}
#         wrap_angle: *id002
#       representation_type: spherical
#     r_eff:
#       __class__: astropy.units.quantity.Quantity
#       unit: *id003
#       value: !astropy.table.SerializedColumn {name: r_eff}
#     r_rms:
#       __class__: astropy.units.quantity.Quantity
#       unit: !astropy.units.Unit {unit: arcsec}
#       value: !astropy.table.SerializedColumn {name: r_rms}
# schema: astropy-2.0
label "Peak Center.ra" "Peak Center.dec" "Gauss Center.ra" "Gauss Center.dec" r_eff r_rms "Gauss sigma" "Bright Peak" "Bright Gauss" "Core flux" "Core flux Gauss" "Total flux Gauss" "Bright BG" "MAD BG" "Fill fraction" "NaN fraction" "Peak SNR"
PA296-R030 287.8777995361707 16.860964384899017 287.87778651293695 16.860936016535476 0.13769241460039078 0.14524909237089637 0.23929470102881817 0.33214635 0.27401834023383503 20.586191 21.798924181750486 102.58934934953082 0.66612905 0.12024814 0.3023379442168445 0.0 2.7621746
PA067-R032 287.87950016185306 16.860938399379183 287.8794960366122 16.860925646094568 0.12046915685034218 0.13811714097239017 0.10470228367090055 0.468692 0.4504879801561433 22.236465 27.047855143869533 32.28880683127237 0.48331094 0.08056894 0.23371263325508004 0.0 5.817279
PA031-R033 287.87914924835206 16.86138646330144 287.8791437003419 16.8613947849487 0.1412127966249389 0.13133521004914103 0.09773415154055147 0.8050343 0.8521016331798067 52.479412 50.94122117511695 53.215797205779644 1.2796663 0.054301977 0.3195541232239966 0.0 14.825137
PA072-R035 287.8796442321545 16.860878336029863 287.87964695196644 16.860875979167986 0.10597738948336761 0.13910075768470037 0.10831106246210306 0.44430137 0.45911325284515114 16.312878 23.666067033656386 35.21453370787669 0.571584 0.09659311 0.1799793804393095 0.0 4.599721
PA017-R038 287.8789781901916 16.861610264933358 287.8789764454301 16.861611792363114 0.15962552729144508 0.14364559498112825 0.12141958469758833 0.7963866 0.8307179110362518 66.33689 68.64822926941773 80.0732657213374 0.60942817 0.12003258 0.40046801933875453 0.0 6.6347537
PA058-R044 287.87978830005284 16.86127415061009 287.87979343169235 16.861262215898563 0.10901962116608507 0.16917429403319675 0.1418908324327492 0.3448895 0.2811072553619543 13.400339 14.29192330819294 37.003023263953864 0.30874172 0.04914853 0.1867981140430157 0.0 7.01729
PA338-R045 287.87815952720666 16.861747909773353 287.8781596084555 16.86174654577174 0.11917617838073465 0.14037257124319868 0.10667757295889516 0.35270572 0.3547458851178623 16.376379 22.09663012120527 26.394904807800472 0.41475296 0.08417645 0.2264913047232279 0.0 4.190076
PA050-R049 287.8797610115088 16.861489687380868 287.87975100482953 16.861493805168845 0.14588896773335167 0.135424982536957 0.10805921813915494 0.33412242 0.33154592090531104 23.24754 23.458891913160095 25.31184553195383 0.5646297 0.049175918 0.34274833190617304 0.0 6.7944317
PA028-R054 287.8793833454476 16.861937429530226 287.8793854325865 16.86193204422571 0.07083543986181354 nan 0.06382986626507213 0.1927005 0.1964906323139334 3.1608984 5.228559289205677 5.23415042734104 0.32411176 0.048101217 0.08040767557480756 0.0 4.006146
PA262-R064 287.87682778963955 16.860378808744283 287.876816330497 16.8603633320448 0.14436423539094903 0.14108920527880664 0.11850046914222537 0.5275978 0.48198387598247 35.945843 37.87626466415178 44.25161547850674 0.28344566 0.04967103 0.33397622201956956 0.0 10.6218405
PA192-R066 287.8782495631951 16.85880296003594 287.8782299352595 16.858810726061865 0.12760161778670906 0.13654035331702744 0.0984904273777021 0.208785 0.20787622186748408 11.113174 11.972996173701464 13.18406512419294 0.5739074 0.05248624 0.26092078639011757 0.0 3.9778996
PA202-R068 287.87792563787957 16.858854806176808 287.8779221679518 16.85885235933989 0.15011756190720382 0.14424563228485215 0.1217782748689756 0.91414076 0.837833098766938 67.34457 68.54429558818052 81.23695359568612 0.62658197 0.07643929 0.36470197923112624 0.0 11.959043
PA251-R068 287.87679186813045 16.85997414072951 287.87677703142816 16.859983903685368 0.16368656236455292 0.14216791391688002 0.11891588322800571 0.3274793 0.3448546752383464 28.68378 28.267835309458675 31.88396550336388 0.38855302 0.03626761 0.4336118792543317 0.0 9.029526
PA185-R071 287.87845658620887 16.85865652005622 287.87845488739487 16.85863522225503 0.1615516375533863 0.1463069546382497 0.1139663664598852 0.56210804 0.6420979655939214 47.958878 47.50318353122214 54.52694660026585 0.45848954 0.049472183 0.41619355736709224 0.0 11.362103
PA177-R075 287.8787983895549 16.858518940421153 287.878722445346 16.858472931305243 0.10808704903421092 0.13488337149206636 0.22719691080981352 0.072618455 0.03970950570904356 2.773453 3.4878423098958877 13.401573908768645 0.39163378 0.016211033 0.18721629124061734 0.0 4.47957
PA042-R077 287.880139106278 16.86218738920842 287.88013240188326 16.86220203083796 0.14284128970632926 0.1376687574187947 0.11708900586046225 0.5032111 0.4224931333205806 33.56481 33.65254967991529 37.87113950975655 0.84381694 0.04526192 0.328577614770147 0.0 11.117759
PA330-R077 287.8775208316584 16.862462703960126 287.8775275729083 16.86245895449996 0.1634539032496013 0.14278411785172068 0.1185556343923387 0.47672856 0.4995935550711088 41.637844 40.87753887676433 45.91110075465253 0.4966988 0.040563777 0.42814108904670267 0.0 11.752568
PA039-R083 287.880166210613 16.862376632282977 287.88017358516305 16.862378118293833 0.16327570910948946 0.15431996383518728 0.11071947726963889 0.37011838 0.42243244510714617 32.255985 28.35133455805294 33.85803901628936 0.89832544 0.041333824 0.4293125697544643 0.0 8.9543705
PA179-R085 287.8786815816066 16.85824325387724 287.8786846113419 16.858235466692083 0.15472880251982254 0.1419068996566653 0.09542723351308903 0.38683474 0.44586854648336677 30.275705 25.39348872416182 26.546543657657022 0.73029995 0.04529932 0.3836530423631855 0.0 8.539526
PA219-R092 287.876971848274 16.858605101400737 287.87694808820504 16.858573802655854 0.13184540849110704 0.14387096599993207 0.18141251044449946 0.31563127 0.24882845714352975 17.936451 22.577946678926235 53.541556698934954 0.4095807 0.105241 0.27993710522581206 0.0 2.9991283
PA095-R093 287.8813989474161 16.86034436226192 287.88139428262156 16.86034122513222 0.13714242352197767 0.16398624418028215 0.16115431683752376 0.33749056 0.3929158687670498 20.750652 25.209590897951543 66.7175264802887 0.2846275 0.083516404 0.30139771629782286 0.0 4.0410094
PA330-R093 287.8772957666865 16.862858758233894 287.87729733257396 16.862858302847712 0.15765188068519587 0.14140236073670326 0.10863471869635015 0.34583044 0.3634898448597929 28.098816 26.071437755841487 28.046976525840456 0.3140996 0.044767484 0.3963427659941883 0.0 7.725036
PA356-R098 287.87844755077 16.863298072773834 287.87844755077 16.863298072773834 0.1574410488841489 0.15156302659320134 0.1113276333031044 0.34137577 0.34137576818466187 27.662735 23.77208390971031 27.66273550239475 0.83211035 0.12545174 0.39722106036017923 0.0 2.7211719
PA253-R098 287.8759549155597 16.859801770405166 287.87593878697777 16.85979929225747 0.14533219820460605 0.1373045157421235 0.10587151463103073 0.13736075 0.13478131610329716 9.484465 9.268201566764613 9.87744058693326 0.17579067 0.013915241 0.33196082481971156 0.0 9.871245
PA005-R101 287.8789153759951 16.863384405786103 287.87890737682886 16.863409575480507 0.1567592710573591 0.14620202653317554 0.09822645583068375 0.36274433 0.4140418001107958 29.14027 24.946744194582735 26.11906446811292 0.41821343 0.023893356 0.40166404724121096 0.0 15.1818075
PA357-R101 287.87851951528324 16.86338396285936 287.8785092063668 16.863355382171456 nan 0.18353634922672632 0.1314743261971929 0.3267604 0.26074478528785594 -1.1095734 13.089752132735654 29.46822789005812 0.7891052 0.13658196 -0.016810290884263446 0.0 2.3924127
PA096-R102 287.88151554388907 16.860301308460908 287.8814923423514 16.860301302931326 0.12977770273897413 0.16991173044023639 0.18668302212045365 0.4331978 0.4795639083491306 23.851345 24.791763860907153 109.27293732588085 0.6537238 0.104857504 0.2685794551198075 0.0 4.1313
PA207-R102 287.87729568203684 16.858105325869776 287.8772913859125 16.858073905299594 0.137650784890685 0.13198849792848266 0.10563121885594323 0.24795848 0.2445196621795265 15.358996 16.24384763329572 17.838356945167682 0.5145962 0.062022 0.3051320531685364 0.0 3.9979117
PA203-R102 287.87749380322504 16.85796766964084 287.87748437677857 16.857943230179295 0.1547727712343201 0.14789681947314917 0.14679673875314345 0.47858077 0.5397709017488652 37.47752 43.26794627773702 76.0499204501047 0.6575455 0.17345479 0.38387111589020373 0.0 2.7591095
PA359-R104 287.87860057912474 16.863444494097944 287.87860768057925 16.863452776342353 0.1547235610319033 0.15497077830661335 0.13396762249469396 0.44704235 0.47358111249404744 34.985497 37.429270449520075 55.57129970796752 0.56407785 0.106380895 0.3836270500631893 0.0 4.2022805
PA290-R104 287.87583789044453 16.861601608963284 287.8758257321113 16.86159479561789 0.14669180453310912 0.13769798996625565 0.11335050687240665 0.23120448 0.21973888274487918 16.264265 16.67872593857144 18.45909163491299 0.122661084 0.016091272 0.34315025515672637 0.0 14.368316
PA193-R105 287.8779616823695 16.857691926913517 287.87796227580486 16.857672753973905 0.11648512387856555 0.15672978036085153 0.17443747841551607 0.48866606 0.5577010602217396 21.676022 27.81266374152524 110.95261719167928 0.67103183 0.17093554 0.2185100311128964 0.0 2.858774
PA043-R107 287.8807690249017 16.862798646039117 287.880776161344 16.862822853178972 0.15723486967188724 0.14573531636134604 0.1283009210081103 0.49727917 0.5916960000876277 40.190598 45.82797643068742 63.68170198792028 1.0388016 0.20480627 0.39813300071678726 0.0 2.4280467
PA062-R108 287.88141688485956 16.861963446124204 287.8814329403528 16.861964647484395 0.09979706534969794 0.13211008029588536 0.13754061257821606 0.11868927 0.08553944847182494 3.8643236 6.998283509607258 10.579979713928116 0.2776975 0.047398448 0.1603858271255869 0.0 2.504075
PA227-R110 287.87633302616314 16.858519054229625 287.8763265052182 16.858515990314107 0.1258722504102555 0.12097200956144515 0.10504509164662607 0.34685066 0.3062954695230339 17.965075 20.265967523780198 22.09777678853504 0.33881506 0.06200099 0.25514698498354754 0.0 5.5942764
PA203-R110 287.8773769122696 16.857778264374137 287.87738284430134 16.857776036913318 0.14135396434460568 0.14064583720965912 0.11634813221884348 0.40119302 0.3794534871030479 26.205706 28.130578762900473 33.58411129965187 0.7206409 0.046916574 0.3140357824472281 0.0 8.5512
PA044-R110 287.8808590125421 16.86282437041327 287.88084777684907 16.86282460988443 0.09224268842927505 nan 0.10355410253255413 0.27725804 0.27173101436954944 7.7121334 15.833789973794058 19.051549741390996 1.2149024 0.1433841 0.1363515947379318 0.0 1.9336735
PA039-R111 287.8807150491042 16.86298802715492 287.88070442588463 16.862994231638226 0.14172085941151874 0.14854725797352678 0.13643366126984569 0.8071536 0.9023072979243928 52.996872 60.93711849301009 109.81306625463789 1.0813571 0.28972706 0.3202876393387957 0.0 2.7859101
PA197-R112 287.87770079132 16.85763189188271 287.8777026421716 16.85761967060771 0.12088494036733403 0.12727433839250396 0.09540393888735611 0.27979267 0.28902229861531464 13.366178 15.619800449639731 17.199682990934917 0.5491635 0.018231302 0.2341751023834827 0.0 15.346828
PA084-R112 287.8818759017747 16.860938655772912 287.8818845353642 16.860945700555913 0.12340814261369566 0.12079084905576555 0.0905600294311154 0.3905813 0.41348561760596414 19.44579 21.14918403250946 22.171240789590897 0.687095 0.06838328 0.24525511793315116 0.0 5.7116494
PA170-R113 287.879257336054 16.85751996347383 287.87924927492435 16.857503385308977 0.10585964023176385 0.08104743013558585 0.07775465395494387 0.14240366 0.18160224843248968 5.216851 6.940666827858406 7.178446826295826 0.47672015 0.03247668 0.17957966000426048 0.0 4.3847976
PA188-R114 287.87815968995176 16.85744241973192 287.8781586668087 16.857439441840956 0.1202282163029312 0.1322552220802486 0.11501043287051808 0.40513396 0.44768892478434735 19.144232 28.64017829550402 38.717500034213515 0.8909011 0.2129463 0.23050769712866806 0.0 1.9025171
PA113-R116 287.8817319574438 16.859302509703095 287.88174725288945 16.859301872043893 0.15677997861122012 0.1565884788226429 0.14063003139365537 0.5180399 0.5512060788188182 41.626595 43.65293590220996 71.27326047422483 0.37278074 0.09052184 0.38631747319148135 0.0 5.7228165
PA083-R117 287.8820197027411 16.860964443642946 287.88197715884564 16.86093685512953 0.03823598401654878 nan 0.1549999999999998 0.1432321 0.13653830276312012 0.6845598 8.6438310696257 21.447386444711857 0.5866757 0.11402273 0.02342830452264524 0.0 1.2561715
PA183-R119 287.87848353850063 16.857278882378893 287.8784844032287 16.857266755232267 0.1396752690582511 0.14749482424054153 0.13933337123246045 0.39186937 0.4045701824017243 24.992334 30.198817702316543 51.352387796316265 0.7022311 0.14223409 0.31110834261266196 0.0 2.7551017
PA205-R119 287.8771516384184 16.857554315619726 287.87713310348016 16.857556137671455 nan 0.17771370823845445 0.10382217072078201 0.15683216 0.1905321149822241 -18.2653 3.439921573788384 13.427800456680142 0.9426734 0.13144952 -0.5709019829245174 0.0 1.193098
PA055-R120 287.88147102310495 16.862600599603688 287.8814882701211 16.86256716767004 0.1618831616494472 0.15787397936994674 0.12223453170982079 0.23896825 0.2305836966755394 20.472462 17.866742879570428 22.52542035306528 0.4158178 0.03745681 0.41790347215605944 0.0 6.3798347
PA090-R121 287.8821996533074 16.860551010522425 287.88219295721694 16.860550954391886 0.149885724780118 0.15219240583185703 0.15378185873357025 0.3687393 0.3688850449393725 27.08111 29.382121534615308 57.0371400586641 0.52933633 0.075439006 0.36178536250673493 0.0 4.887913
PA209-R122 287.87693598691277 16.8576320691757 287.87693826999157 16.857636729148975 0.1577106396334171 0.14953811584114307 0.12314862097986627 0.82629377 0.8815534748293345 67.186646 69.14516762945964 87.41062957615124 0.61788136 0.11570251 0.3985825706930721 0.0 7.141537
PA167-R122 287.8794102399718 16.857252888352505 287.8794063145928 16.857252598988495 0.13795789090659807 0.15580712473669223 0.16041103596804018 0.52952874 0.5584952301395326 32.946487 36.016930051011826 93.96030897598567 1.0053601 0.22526512 0.30649510275554187 0.0 2.3506913
PA092-R123 287.8822267098234 16.86049940670949 287.88223194686077 16.860511395204735 0.1261555165565331 0.1260856680628014 0.09791585624300794 0.26609397 0.28614211299898157 13.844396 16.446792615082792 17.93677302793333 0.70861423 0.08062005 0.25504029965868186 0.0 3.300593
PA034-R126 287.8806611913266 16.863496154704762 287.88066914375327 16.863503757430884 0.15316616197609317 0.1443020393528974 0.1186175008197772 0.7486731 0.6994556247543358 57.41751 56.9111403986907 64.34490836471034 0.8316779 0.052421004 0.37410911001810215 0.0 14.28193
PA050-R126 287.8813627559098 16.86291064815961 287.88134828443026 16.862934596653705 0.10922607428649643 0.16679811420870513 0.13218738320681214 0.1355412 0.20633812980744218 5.2862835 4.539832645857422 23.573061067108306 0.6258868 0.089913875 0.19118286581600413 0.0 1.507456
PA180-R130 287.8786814144596 16.856968788401627 287.8786589231851 16.856945778473932 0.1389715615931333 0.14063420391722176 0.15370312132388228 0.53359914 0.48321084025737704 33.689415 42.25302852263423 74.63774732911355 1.4192765 0.23472714 0.3125553886489113 0.0 2.2732742
PA167-R131 287.87951827311394 16.857054934190433 287.8794936439736 16.857052472808295 0.1474571096058488 0.14246293156487297 0.14225112963465594 0.6432209 0.6447492687041342 45.72125 52.5813905594961 85.30191610037099 1.2751145 0.31400138 0.35015624849667104 0.0 2.0484653
PA174-R133 287.8790863247027 16.856917172032276 287.8790793662106 16.85691357316473 0.15640940455051472 0.14076621440552578 0.12192652800060899 0.32464904 0.34592358285257946 25.963686 27.471952272066172 33.62273711452854 0.62949425 0.05344522 0.39396366814674416 0.0 6.074426
PA060-R134 287.8820196452687 16.86249709755508 287.8820085494466 16.86249302703426 0.14121140836447538 0.1369490540070851 0.09974032652267432 0.40348536 0.4466556515596976 26.302307 26.881199351703934 29.051655494730845 0.75165635 0.057228327 0.3134026894202599 0.0 7.0504484
PA090-R137 287.8826044810876 16.860551070519136 287.88257706380733 16.860518306309057 nan 0.200970933199369 0.11717797248837095 0.080491275 0.08285325562992371 -4.238467 2.4811272013659686 7.4380315697761095 0.39957854 0.055878997 -0.25812487508736404 0.0 1.4404566
