m1-67/data/reproject/wr124-hst-2008-f656n-radec-knot-fluxes.ecsv
# %ECSV 1.0
# ---
# datatype:
# - {name: label, datatype: string}
# - {name: ICRS.ra, unit: deg, datatype: float64}
# - {name: ICRS.dec, unit: deg, datatype: float64}
# - {name: PA, unit: deg, datatype: float64}
# - {name: Sep, unit: arcsec, datatype: float64}
# - {name: Core Flux, datatype: float32}
# - {name: Halo Flux, datatype: float32}
# - {name: Bright Peak, datatype: float32}
# - {name: Bright BG, datatype: float64}
# - {name: Isolated, datatype: bool}
# meta: !!omap
# - __serialized_columns__:
#     ICRS:
#       __class__: astropy.coordinates.sky_coordinate.SkyCoord
#       dec: !astropy.table.SerializedColumn
#         __class__: astropy.coordinates.angles.core.Latitude
#         unit: &id001 !astropy.units.Unit {unit: deg}
#         value: !astropy.table.SerializedColumn {name: ICRS.dec}
#       frame: icrs
#       ra: !astropy.table.SerializedColumn
#         __class__: astropy.coordinates.angles.core.Longitude
#         unit: *id001
#         value: !astropy.table.SerializedColumn {name: ICRS.ra}
#         wrap_angle: !astropy.coordinates.Angle
#           unit: *id001
#           value: 360.0
#       representation_type: spherical
#     PA:
#       __class__: astropy.coordinates.angles.core.Angle
#       unit: *id001
#       value: !astropy.table.SerializedColumn {name: PA}
#     Sep:
#       __class__: astropy.coordinates.angles.core.Angle
#       unit: !astropy.units.Unit {unit: arcsec}
#       value: !astropy.table.SerializedColumn {name: Sep}
# schema: astropy-2.0
label ICRS.ra ICRS.dec PA Sep "Core Flux" "Halo Flux" "Bright Peak" "Bright BG" Isolated
PA296-R030 287.877898659302 16.860964425944477 296.28153574111286 2.9841626738870715 56.117874 346.70184 0.99528867 0.36734033226966856 False
PA067-R032 287.8795002887479 16.860938592192227 66.86947493936553 3.1549125149909147 25.642635 1221.5072 0.95200294 0.4885451436042786 False
PA031-R033 287.8791493711526 16.861386371124887 30.919260644413303 3.3108251070294017 133.00693 805.24585 2.0847006 0.6467886328697204 False
PA072-R035 287.87964425511205 16.860878313768055 71.97437921876036 3.5235564474513 59.89414 635.1828 1.0158854 0.3643493622541428 False
PA017-R038 287.8789784107064 16.861610260360283 16.829907671084754 3.803227856282498 69.45642 934.1172 1.4058148 0.5532208979129791 False
PA058-R044 287.8797702282758 16.86127442423109 57.69177263933969 4.378772881478465 21.126953 461.59085 0.6536312 0.30371627807617185 False
PA338-R045 287.8781595969358 16.861748037834598 337.92334456075815 4.521866041533656 47.69188 241.90823 0.7674587 0.22672291100025177 True
PA050-R049 287.87976123161263 16.861489702057614 49.97813143674663 4.9470357908001645 56.84501 534.0189 0.8987521 0.2985959529876709 False
PA028-R054 287.87938331971685 16.861937481532077 28.041795442239398 5.4263621184941275 -3.7193208 609.6687 0.51681226 0.38592862486839297 False
PA262-R064 287.876827912584 16.86037886373781 262.4843734024974 6.350637941225752 60.771553 123.589645 0.81104344 0.06502942591905594 True
PA192-R066 287.8782495826651 16.858803038027627 191.92627434328423 6.584807134813525 74.48053 457.80026 0.7826924 0.10309652835130692 True
PA202-R068 287.87792566109164 16.85885470381888 201.81557485506812 6.759768181790186 133.4457 525.48285 1.5407227 0.10774765312671661 True
PA251-R068 287.87679192498814 16.859974141195767 250.60075274581175 6.821162395568218 69.52255 236.84315 0.7160323 0.05107955411076546 True
PA185-R071 287.8784565325799 16.858656649432056 185.20291541111195 7.074820455075996 81.46218 515.59894 1.0205976 0.1563361257314682 True
PA177-R075 287.87879844921247 16.85851887168426 176.82857239170298 7.475119183735325 40.98175 474.64136 0.46425223 0.11002489551901817 True
PA042-R077 287.8801391507669 16.862187199668238 41.62550224073183 7.663316111213477 121.7626 556.8375 1.347028 0.14576302617788314 True
PA330-R077 287.87752073779427 16.862462757563563 329.9013966731095 7.674085680330464 96.84151 131.67038 0.97342736 0.05403882637619972 True
PA039-R083 287.880166146222 16.862376643915344 39.060066349133635 8.308393048281967 121.372894 859.40576 1.2684438 0.22557586431503296 False
PA179-R085 287.8786814777275 16.85824331618264 179.24614909708282 8.519408373717578 77.40654 375.6447 1.1171347 0.36368700861930847 False
PA219-R092 287.8769718945439 16.858604976067973 219.06780010195922 9.199690349976892 71.15613 186.699 0.725212 0.04596787802875042 True
PA095-R093 287.8813628492855 16.860353020520424 94.99475790957146 9.321903082673638 58.937073 166.5082 0.6657354 0.0955041766166687 False
PA330-R093 287.8772957852112 16.862858867325606 330.1218969791886 9.330486013373456 54.047413 314.93927 0.65993005 0.1021897554397583 False
PA356-R098 287.87844752991083 16.863298038309754 356.0208232478922 9.782912671341565 127.26049 589.46124 1.1734861 0.1005661964416504 True
PA253-R098 287.87595512536666 16.85980190976356 252.61919285610367 9.793772318367127 24.24411 116.02846 0.31315142 0.05608534514904022 True
PA005-R101 287.8789154275919 16.86338414933908 5.0073121388263475 10.115936365100394 68.890114 400.3313 0.78095776 0.05413910374045372 True
PA357-R101 287.8785195140931 16.863384149477163 357.4631799779348 10.116243243106208 100.166176 723.6532 1.1158656 0.16840994358062744 False
PA096-R102 287.8815338084018 16.86030135153244 95.87924919564686 10.178391233994837 104.3988 356.47443 1.1592314 0.18731611967086792 True
PA207-R102 287.87729581914664 16.85810553399637 207.252693260486 10.213385398548805 60.962463 349.4832 0.7625547 0.14988155663013458 True
PA203-R102 287.87749377120804 16.85796775741814 202.72686654996232 10.244036846699961 106.48487 403.27905 1.1361263 0.1950002744793892 True
PA359-R104 287.87860049638533 16.863444427288353 359.28660736819756 10.367132616032288 87.37944 792.8888 1.0111202 0.21486210078001022 False
PA290-R104 287.8758381264151 16.861601630425803 289.9597897996694 10.371434598825056 27.77438 57.307 0.35386556 0.02098548263311386 True
PA193-R105 287.8779616565082 16.857709426165474 192.7757138783096 10.535492309816057 120.39473 435.24353 1.4075575 0.15503539890050888 True
PA043-R107 287.8807690160303 16.862798583036795 42.69704250086977 10.707356881564325 130.62738 479.95053 1.5360807 0.37765817642211913 True
PA062-R108 287.88141686023 16.861963297578296 62.40598436334054 10.803883288615872 33.04634 264.06726 0.39638677 0.0826310470700264 False
PA227-R110 287.8763330513297 16.85851885878938 226.87355102948678 10.957440029214718 50.812416 291.9382 0.6856657 0.1046056903898716 False
PA203-R110 287.8773768013879 16.857778312288477 203.12007181342457 11.007756179808554 74.544785 498.69434 1.1218339 0.37467579543590546 False
PA044-R110 287.8808589963945 16.86282441542467 44.14564066395699 11.04749837554651 127.00365 661.84393 1.4921604 0.4063315987586975 False
PA039-R111 287.8807060320519 16.86298802811926 38.65461531621216 11.114203809022609 195.27112 962.7167 1.9214001 0.2784079909324646 False
PA197-R112 287.8777007217404 16.857631925136463 196.689168799342 11.161835629378425 46.314663 581.302 0.8289562 0.31997591257095337 True
PA084-R112 287.88187573900757 16.860938568686116 83.6130351782113 11.177524015082085 102.34995 248.91808 1.0776763 0.0836019828915596 True
PA170-R113 287.87925733390693 16.857519981947426 169.57252129628102 11.295210816019617 52.76357 269.2989 0.6191238 0.1457223892211914 True
PA188-R114 287.8781596080016 16.857442482282583 187.95016246963368 11.426491994316251 106.55022 667.2246 1.296035 0.35321055054664613 False
PA113-R116 287.8817317456157 16.859302459780423 113.30027352889753 11.560079928382175 76.34106 128.97896 0.8908206 0.15123089402914047 False
PA083-R117 287.8820197061508 16.86096439971617 83.16303931275354 11.654695003981551 74.77508 629.9225 0.7299078 0.11348677799105644 False
PA183-R119 287.87848352718737 16.857278871680226 182.64373160610052 11.886321907780335 106.60704 600.19653 1.0941005 0.18084215223789218 True
PA205-R119 287.87715185870354 16.857588866339665 204.56392396493075 11.923778194336005 75.00423 422.97284 1.2843745 0.4863210916519165 False
PA055-R120 287.8814798554195 16.862591907832762 54.69872425735836 12.015383889211755 56.07179 348.6709 0.65478605 0.1379179298877716 False
PA090-R121 287.8821996567572 16.86055106336339 90.41960329625103 12.093260660970929 67.70306 299.96704 0.9683156 0.3177989810705185 False
PA209-R122 287.8769359121167 16.85763192021978 209.11767316527326 12.151300191368758 126.911575 843.3748 1.4441751 0.18143487870693206 False
PA167-R122 287.8794102947309 16.857270259216033 167.31028302472725 12.155578123781261 139.10501 429.38318 1.6555879 0.38341628611087797 False
PA092-R123 287.8822266494761 16.86049939623027 91.89386166142998 12.302070271695632 77.62082 419.98956 0.9747082 0.2551543474197388 False
PA034-R126 287.8806610473926 16.863496084117692 33.80636265734553 12.562377904588997 118.74397 675.1784 1.580351 0.31800025701522827 True
PA050-R126 287.8814708612841 16.86285024128881 49.56704135346802 12.579288239376472 42.25702 333.78293 0.7389095 0.34255123138427734 False
PA180-R130 287.8786814774849 16.856968871741785 179.65278141202975 13.047910576140387 153.20099 665.92944 1.9528756 0.5732346773147583 False
PA167-R131 287.87951826665386 16.857054981010837 166.5517940651275 13.092657659199855 156.17053 893.14 1.9183354 0.5170505106449127 False
PA174-R133 287.87908637515704 16.85691720460767 173.51988201380723 13.318761877650125 62.987244 791.05774 0.9541433 0.3590308666229248 False
PA060-R134 287.88201973350857 16.862497177490624 59.54811629721563 13.356809945837046 88.26132 352.74573 1.1551417 0.30462436079978944 False
PA090-R137 287.88260456222037 16.86055105599437 90.37148626651197 13.655069079842528 5.350459 389.57263 0.5046064 0.388518238067627 False
PA085-R138 287.882631563362 16.860904111029562 85.4203587455898 13.757538002330357 39.19294 212.04477 0.81372154 0.3894519627094269 False
PA033-R138 287.88090399795357 16.86378885937879 33.41051222448549 13.809421841269197 96.897064 632.83374 1.4695425 0.43231564164161684 False
PA036-R139 287.88100297600306 16.8637458027165 35.80539579467498 13.89057484457009 122.35483 589.01904 1.5284082 0.4595226407051086 False
PA054-R139 287.88187577167224 16.862850235348613 54.130759713821845 13.923710067249017 40.1485 324.31897 0.66748947 0.31236132979393005 False
PA209-R141 287.8767109729562 16.857158307125143 208.5545148928927 14.103100349390585 58.588905 452.31073 0.98253345 0.331203356385231 False
PA353-R145 287.87813259538115 16.864581093318524 352.939665855005 14.469046238460129 70.710526 98.50245 0.7951408 0.05288322530686855 True
PA074-R145 287.8826945661106 16.861713554245913 73.77528454134325 14.49317834167031 49.593594 247.7109 0.5948129 0.10374125018715859 True
PA109-R145 287.8826315283205 16.85924216658941 109.45504622280768 14.51218874991077 32.79772 186.99747 0.5433633 0.22054924368858336 False
PA196-R146 287.8774667858251 16.856693312825836 196.22234888710852 14.63432749622834 33.048717 207.82114 0.61113966 0.16155994087457656 True
PA062-R147 287.8824336416496 16.862523003642043 62.1214087821436 14.66308539938589 42.756878 354.9795 0.74198353 0.3145271182060242 False
PA031-R147 287.8808950029742 16.864047192809334 31.45004973402716 14.689298247893328 47.69257 612.3998 0.91297346 0.4019975781440735 False
PA357-R148 287.87842953226715 16.864684427175696 357.1338782920824 14.753784965895571 147.6131 428.4993 1.4865186 0.06332380473613738 True
PA068-R148 287.8826675825066 16.862195776994458 67.69819306812978 14.789679176532534 49.725677 303.79608 0.81407166 0.32424711585044863 False
PA156-R149 287.8804270354776 16.856822475169956 155.77451414381082 14.869046331318039 10.884953 175.29996 0.39756912 0.23092693090438843 False
PA097-R151 287.8830094567504 16.86007743672137 97.37451753929106 15.110538931828286 55.513348 289.78925 0.6358006 0.11531453132629395 False
PA002-R153 287.8787804580954 16.86480498279948 2.1181482259414346 15.266760452082998 154.7496 604.0044 1.6822252 0.13399703800678253 False
PA360-R153 287.87862749036174 16.864856649509232 359.62449822700506 15.314657912783273 152.2302 970.9573 1.4677527 0.20357553660869598 False
PA093-R153 287.883117439214 16.860413267742715 92.81866801623983 15.3227473785155 40.53973 270.31342 0.61184424 0.2601083695888519 False
PA357-R158 287.87839353950466 16.8649685938 356.7918781067209 15.773048466137206 37.35263 675.7476 0.86517495 0.44717925786972046 False
PA090-R158 287.88324341431803 16.860602709419 89.90038943961278 15.825309446908959 61.918137 266.69623 0.942856 0.2879667043685913 False
PA347-R159 287.87763769863 16.86490831371564 347.23241870930246 15.881003000556705 80.98849 355.1997 0.71471256 0.029374170303344726 True
PA074-R159 287.8830994754833 16.861773823683087 74.47115232219531 15.88392729964669 55.74701 307.57257 0.72708774 0.18209604918956757 False
PA174-R162 287.8791493571524 16.856133593356496 173.7600671732906 16.2066860316981 39.29557 338.4453 0.73457766 0.25637262463569643 True
PA001-R163 287.8787174714983 16.865106371718227 0.8698648579361684 16.271204218608734 70.354485 1015.6038 1.1486892 0.47952863574028015 False
PA355-R163 287.87824956946446 16.86510637135099 355.2658866141879 16.295925132835396 75.591095 618.4568 1.2622415 0.365872722864151 False
PA004-R164 287.8790054112606 16.865132204750072 4.409480231911589 16.375801803428427 53.564754 784.1932 0.91638905 0.30767856240272523 False
PA348-R166 287.8776466959177 16.86506331375845 348.02635079617806 16.578023863007996 130.91202 440.9856 1.4269753 0.16591055691242218 False
PA076-R166 287.8833514167889 16.861713540315048 75.91849971694795 16.644017911931392 41.60627 245.20886 0.7192714 0.2575845718383789 False
PA042-R168 287.8819387781338 16.864021345459467 42.41286944294083 16.75654606880907 37.101852 251.647 0.61658245 0.18702831268310546 False
PA162-R171 287.88015709790386 16.8560819217714 162.3248335902421 17.073643954105012 13.003416 242.66785 0.5508655 0.36424365639686584 False
PA069-R172 287.88332443741797 16.86229909648199 69.0059169003032 17.197900389824706 15.955917 170.38374 0.4377984 0.24851387739181519 False
PA170-R174 287.8795182610884 16.85584942546181 170.1243093230256 17.351780019240017 4.3949003 322.22617 0.2403884 0.16219479441642762 True
PA180-R174 287.87862749122894 16.855746093973128 180.01378891487656 17.412671492984114 51.019745 262.3269 0.8123763 0.22388924062252044 True
PA356-R175 287.87824956876113 16.865442204682076 355.5867692698721 17.478152911453822 128.4982 562.69055 1.835831 0.48016414046287537 False
PA189-R176 287.8778716869045 16.855746092523905 188.64232736446033 17.63489875467805 40.694668 236.18578 0.59920347 0.046074393391609195 True
PA198-R178 287.8770259046948 16.855883865398468 198.23955265921884 17.77261149543183 66.52642 298.34308 0.8069882 0.18720458447933197 False
PA207-R178 287.87629708900084 16.85619385839287 207.03168652386574 17.776624687504565 156.27501 534.29834 1.6027122 0.23300801217556 True
PA005-R178 287.8790953934989 16.86557998234821 5.2731820214216745 17.791628251783205 112.16034 443.51807 1.2545031 0.356813982129097 False
PA206-R180 287.8763060877582 16.8561077473845 206.20567409311846 18.035399255148473 159.29742 707.8062 1.6431226 0.2913984954357147 False
PA209-R181 287.87607214635364 16.856219689044867 209.31848710364113 18.0942864263893 183.35426 917.96265 1.7978843 0.1737629070878029 False
PA071-R183 287.88367535804247 16.86227325489516 70.76222382906155 18.263259839271008 21.828169 237.48636 0.5066601 0.25951796770095825 False
PA078-R183 287.88388229610337 16.86171352752841 77.5006301975835 18.313469628703977 38.617508 356.59045 0.63635325 0.24280043691396713 False
PA006-R185 287.8791493826976 16.865717760000145 5.522816344565724 18.49619153069004 128.23674 793.7494 1.5199645 0.3349148750305176 False
PA198-R185 287.87697192038553 16.855685809413842 198.21764260514252 18.532576222477886 73.89428 399.3592 0.9656561 0.28049391508102417 False
PA355-R186 287.8781415904883 16.865700537778064 354.84618775684214 18.583461478019462 105.57037 879.1356 1.4398506 0.4241436719894409 False
PA090-R187 287.88408021941524 16.86061130019387 89.82626085160686 18.66052194041143 12.075621 43.09198 0.23726788 0.10758564621210098 False
PA180-R189 287.8786004983096 16.85535859397204 180.32687525063494 18.851977771279667 65.462326 327.1988 0.915312 0.1994134709239006 False
PA220-R189 287.8751093869164 16.856555508131304 219.93908421929567 18.89532389182703 97.18294 373.6056 1.026049 0.24236047267913818 True
PA271-R189 287.8731657627171 16.86066296567086 270.57477783709874 18.89944704233595 23.738384 55.000122 0.33140302 0.03194090351462364 False
PA204-R191 287.8763870715768 16.85572024828908 203.9269727432652 19.0639206829023 116.19309 1102.6575 1.5055785 0.3061591386795044 False
PA214-R197 287.8754603064182 16.856030236069298 213.9054444367864 19.671546227558665 18.717222 444.25684 0.53615725 0.35248100757598877 False
PA091-R197 287.88440414178893 16.860542402522487 90.59056816065005 19.732389527449907 35.340622 95.726135 0.46625283 0.1110990434885025 False
PA282-R198 287.87305775655784 16.861722129437677 281.93430599348386 19.77660266704197 43.46318 142.33 0.5213648 0.01941853780299425 True
PA210-R198 287.87574823534226 16.85583218475647 210.39669118198722 19.800287386514533 144.52208 601.3721 1.8968236 0.5721527695655823 True
PA206-R200 287.8761261403151 16.855634134159637 205.68483552276567 19.978673207922732 94.92131 603.37244 1.8259864 0.8449291586875916 False
PA203-R200 287.8763330879836 16.855522192137627 202.93730669612367 19.99021584632001 85.129395 936.73126 1.2893586 0.5152663111686706 False
