m1-67/data/reproject/wr124-hst-2008-f656n-radec-knot-fluxes.ecsv
# %ECSV 1.0
# ---
# datatype:
# - {name: label, datatype: string}
# - {name: ICRS.ra, unit: deg, datatype: float64}
# - {name: ICRS.dec, unit: deg, datatype: float64}
# - {name: PA, unit: deg, datatype: float64}
# - {name: Sep, unit: arcsec, datatype: float64}
# - {name: Core Flux, datatype: float32}
# - {name: Halo Flux, datatype: float32}
# - {name: Bright Peak, datatype: float32}
# - {name: Bright BG, datatype: float64}
# - {name: Isolated, datatype: bool}
# meta: !!omap
# - __serialized_columns__:
#     ICRS:
#       __class__: astropy.coordinates.sky_coordinate.SkyCoord
#       dec: !astropy.table.SerializedColumn
#         __class__: astropy.coordinates.angles.core.Latitude
#         unit: &id001 !astropy.units.Unit {unit: deg}
#         value: !astropy.table.SerializedColumn {name: ICRS.dec}
#       frame: icrs
#       ra: !astropy.table.SerializedColumn
#         __class__: astropy.coordinates.angles.core.Longitude
#         unit: *id001
#         value: !astropy.table.SerializedColumn {name: ICRS.ra}
#         wrap_angle: !astropy.coordinates.Angle
#           unit: *id001
#           value: 360.0
#       representation_type: spherical
#     PA:
#       __class__: astropy.coordinates.angles.core.Angle
#       unit: *id001
#       value: !astropy.table.SerializedColumn {name: PA}
#     Sep:
#       __class__: astropy.coordinates.angles.core.Angle
#       unit: !astropy.units.Unit {unit: arcsec}
#       value: !astropy.table.SerializedColumn {name: Sep}
# schema: astropy-2.0
label ICRS.ra ICRS.dec PA Sep "Core Flux" "Halo Flux" "Bright Peak" "Bright BG" Isolated
[from data line 115]
PA085-R202 287.8844671435207 16.861076289641808 84.82342868761081 20.18973416348814 76.48895 149.60364 0.8835691 0.14621856510639192 True
PA092-R204 287.8845750978132 16.860413231016203 92.03975169791194 20.351477178788194 54.731327 206.59016 0.60125506 0.11668300777673722 False
PA194-R204 287.8772328570585 16.85510886692453 194.03330611890365 20.376799954788467 28.986532 369.92798 0.5812969 0.20315247178077697 True
PA224-R205 287.87450654116657 16.856521052481767 224.2056099510396 20.5087223659346 12.796343 333.04077 0.32730997 0.11908078119158745 True
PA202-R206 287.8763600832533 16.855332747995416 202.17207230451473 20.567497520193836 75.05123 1011.7387 1.0979176 0.433297210931778 False
PA077-R212 287.884665125819 16.861954617291953 77.20003853917879 21.154082760191663 73.73259 247.73514 0.79468066 0.15413452833890914 False
PA205-R215 287.87600917679174 16.855194966036645 205.12327468049776 21.484081031420367 17.423058 724.6665 0.72654563 0.48939875066280364 False
PA091-R215 287.88483603895327 16.860482112243922 91.00559429601124 21.500348010281712 31.403564 277.35193 0.63154995 0.28559044003486633 False
PA212-R215 287.87534334539987 16.855522178680562 211.98613816905123 21.533937877682064 33.09652 461.72717 0.88609624 0.46230447888374326 False
PA238-R217 287.873363806832 16.85743380418138 237.60742355182862 21.670800472095003 12.302467 77.64454 0.13537566 0.027870054356753826 False
PA076-R219 287.8848090972043 16.862075168597734 75.56131087204639 21.92819127615792 102.82901 535.2354 1.0922868 0.19839730262756347 False
PA077-R219 287.8848360902733 16.862049334456692 76.80858360911147 21.930559750761834 104.4458 585.12573 1.0922868 0.19511072635650636 False
PA271-R220 287.8722749684354 16.86071460676698 270.8866412346092 21.951598185904267 49.81707 239.16159 0.56237555 0.10207707062363625 True
PA177-R222 287.8789424076418 16.85443720488374 177.2899997741525 22.197495029652874 46.540936 228.94078 0.5342024 0.06777834892272949 True
PA271-R224 287.8721130061113 16.860714601704807 271.25527958361334 22.353403767252228 42.78367 232.40482 0.62201035 0.19957880973815917 False
PA185-R225 287.8781416207383 16.854351093372347 184.7717396256097 22.46754064730811 4.350857 94.06801 0.13269684 0.06741713732481003 False
PA204-R225 287.8759192048193 16.85488496487147 204.4649080794199 22.514026956724873 38.031746 265.38513 0.67485654 0.3288323312997818 False
PA083-R226 287.8851599931731 16.861351824491614 83.07804039502408 22.558559452841962 41.612186 232.73349 0.5418101 0.12343963384628297 False
PA177-R232 287.8790323831602 16.854161649182547 176.69351501381556 23.199289667441274 27.438408 376.21228 0.6862094 0.19291458427906036 True
PA230-R234 287.8734268184234 16.856443528013553 230.26700165995553 23.404535779506947 30.23599 78.83795 0.4630308 0.11116055399179459 False
PA204-R234 287.87583822947806 16.85466107490007 204.38749406544923 23.4225029159944 34.568687 295.42892 0.65279436 0.26951014101505283 False
PA238-R234 287.87285094321993 16.857166845981098 238.32058359631765 23.44092972237505 10.830736 64.33918 0.16795497 0.05451103821396828 False
PA219-R235 287.87436260047787 16.855522160665842 219.0242389999707 23.503653024129004 12.300627 83.30223 0.4156591 0.20455647706985475 False
PA279-R237 287.8718610338157 16.861575704682704 278.5842547127372 23.71464173580181 2.3231773 94.271454 0.15622634 0.10612814873456955 False
PA220-R249 287.87403869080947 16.855272431473278 219.52377272389026 24.90338017126823 38.311417 136.35217 0.5739737 0.1850533589720726 False
PA247-R249 287.8719871330725 16.857941819922587 247.2517830698292 24.92300151970066 52.813217 163.28888 0.6044533 0.05309000089764595 False
PA249-R252 287.8718611602065 16.85805376026475 248.57806544097872 25.181903328362115 70.6216 316.4055 0.7391083 0.051507219672203064 True
PA093-R256 287.8861317264024 16.860240958209427 92.97826595434081 25.64016418476542 30.435919 166.20168 0.3905843 0.10810463577508926 False
PA167-R257 287.8803910151733 16.853636364396678 166.59560512998968 25.742931287646034 49.438625 162.39163 0.60516226 0.08372344076633453 True
PA348-R258 287.8771517795091 16.867612199631953 348.4534810994319 25.845394573831438 16.462805 203.12057 0.27416047 0.11249556392431259 True
PA086-R259 287.8861947428842 16.861024567019815 86.35876212116817 25.946337569164978 32.131218 90.28502 0.406546 0.12923623472452164 False
PA094-R261 287.8862306986383 16.860129010152626 93.74912282892667 26.123691752755125 34.901417 181.01604 0.40475297 0.10967394933104516 False
PA348-R264 287.87706179578544 16.86777581006949 348.02079036082057 26.44627224177772 23.506802 233.6608 0.32418334 0.08579302653670311 False
PA221-R266 287.8735978134183 16.854996865613582 220.8666898312242 26.591569110038247 42.409454 218.17293 0.6409817 0.18412566184997559 False
PA249-R267 287.8714022747344 16.858019300230197 249.45697867809605 26.708259258784533 32.723206 320.80328 0.50740933 0.1759976029396057 False
PA343-R268 287.87631494298944 16.867663858542915 342.69923396465583 26.78417697853889 63.80091 257.63943 0.6442129 0.078523650765419 True
PA084-R268 287.88643769812523 16.861300113544374 84.48889595715141 26.800160136614075 15.256347 124.02005 0.38799402 0.20079762786626815 False
PA241-R269 287.871834205026 16.85699459271982 240.75203377829365 26.867638937114105 25.054974 99.49321 0.26240516 0.04356612972915173 True
PA088-R273 287.88658164736756 16.86087816361881 87.75649694421752 27.30449147133537 11.944086 229.81006 0.28255418 0.16228863447904587 False
PA194-R274 287.876764998355 16.853240252106986 193.66338280665852 27.41446161811034 18.458755 62.450577 0.28605068 0.07763939052820205 False
PA085-R274 287.88658166146564 16.861213996948905 85.3436239582365 27.431474278643382 16.804235 139.43942 0.4040695 0.20537135004997253 False
PA244-R275 287.87151027927746 16.85719263733233 243.58882284408608 27.46617378120109 33.72016 182.45053 0.43072504 0.09542584419250488 False
PA162-R275 287.88111981429506 16.853326356954796 162.02841766461154 27.47934469729965 42.963615 184.01807 0.49631727 0.0825880914926529 True
PA220-R284 287.8733638888663 16.85449741532492 219.5602978605077 28.418568173668028 30.136578 284.6113 0.49900576 0.21633293628692626 False
PA224-R286 287.87290499972255 16.854859069738264 223.80487115920315 28.596845517870875 17.231697 172.20676 0.5182072 0.30323550701141355 False
PA243-R287 287.8711953672271 16.85696873732195 243.04411802210387 28.707404855577785 10.003475 174.2453 0.3269647 0.1929362416267395 False
PA190-R293 287.8770889154469 16.852603032592206 190.4969656328342 29.288811227632436 32.457954 132.43752 0.42165706 0.08381711691617966 False
PA089-R308 287.887598408047 16.860800622022737 88.54510177171716 30.800473748320062 4.85633 36.051125 0.11821627 0.043850700557231906 False
PA156-R329 287.88246042762574 16.85221550322848 156.4496533289238 32.85070143007623 33.262226 135.54675 0.40884262 0.11257584914565086 False
PA157-R331 287.88239744339955 16.85212939327334 157.0440439800927 33.097725031700975 33.565674 155.7639 0.42709845 0.1342722713947296 False
PA156-R336 287.88265837030383 16.85210355503507 155.77751731657355 33.608446223283444 29.839394 147.52034 0.4757581 0.17183374166488646 False
PA164-R337 287.88140771128116 16.851629964451416 163.5135339419548 33.66570924297562 31.465155 153.4573 0.36251682 0.08235616832971573 False
PA158-R351 287.88247840866427 16.851526614023957 158.0380970621678 35.096394021369534 20.195393 134.47054 0.4960342 0.28559826910495756 False
