m1-67/data/reproject/wr124-hst-2008-f656n-radec-knot-peak-stats.ecsv
# %ECSV 1.0
# ---
# datatype:
# - {name: label, datatype: string}
# - {name: Peak Center.ra, unit: deg, datatype: float64}
# - {name: Peak Center.dec, unit: deg, datatype: float64}
# - {name: Gauss Center.ra, unit: deg, datatype: float64}
# - {name: Gauss Center.dec, unit: deg, datatype: float64}
# - {name: r_eff, unit: arcsec, datatype: float64}
# - {name: r_rms, unit: arcsec, datatype: float64}
# - {name: Gauss sigma, unit: arcsec, datatype: float64}
# - {name: Bright Peak, datatype: float32}
# - {name: Bright Gauss, datatype: float64}
# - {name: Core flux, datatype: float32}
# - {name: Core flux Gauss, datatype: float64}
# - {name: Total flux Gauss, datatype: float64}
# - {name: Bright BG, datatype: float32}
# - {name: MAD BG, datatype: float32}
# - {name: Fill fraction, datatype: float64}
# - {name: NaN fraction, datatype: float64}
# - {name: Peak SNR, datatype: float32}
# meta: !!omap
# - __serialized_columns__:
#     Gauss Center:
#       __class__: astropy.coordinates.sky_coordinate.SkyCoord
#       dec: !astropy.table.SerializedColumn
#         __class__: astropy.coordinates.angles.core.Latitude
#         unit: &id001 !astropy.units.Unit {unit: deg}
#         value: !astropy.table.SerializedColumn {name: Gauss Center.dec}
#       frame: icrs
#       ra: !astropy.table.SerializedColumn
#         __class__: astropy.coordinates.angles.core.Longitude
#         unit: *id001
#         value: !astropy.table.SerializedColumn {name: Gauss Center.ra}
#         wrap_angle: &id002 !astropy.coordinates.Angle
#           unit: *id001
#           value: 360.0
#       representation_type: spherical
#     Gauss sigma:
#       __class__: astropy.units.quantity.Quantity
#       unit: &id003 !astropy.units.Unit {unit: arcsec}
#       value: !astropy.table.SerializedColumn {name: Gauss sigma}
#     Peak Center:
#       __class__: astropy.coordinates.sky_coordinate.SkyCoord
#       dec: !astropy.table.SerializedColumn
#         __class__: astropy.coordinates.angles.core.Latitude
#         unit: *id001
#         value: !astropy.table.SerializedColumn {name: Peak Center.dec}
#       frame: icrs
#       ra: !astropy.table.SerializedColumn
#         __class__: astropy.coordinates.angles.core.Longitude
#         unit: *id001
#         value: !astropy.table.SerializedColumn {name: Peak Center.ra}
#         wrap_angle: *id002
#       representation_type: spherical
#     r_eff:
#       __class__: astropy.units.quantity.Quantity
#       unit: *id003
#       value: !astropy.table.SerializedColumn {name: r_eff}
#     r_rms:
#       __class__: astropy.units.quantity.Quantity
#       unit: !astropy.units.Unit {unit: arcsec}
#       value: !astropy.table.SerializedColumn {name: r_rms}
# schema: astropy-2.0
label "Peak Center.ra" "Peak Center.dec" "Gauss Center.ra" "Gauss Center.dec" r_eff r_rms "Gauss sigma" "Bright Peak" "Bright Gauss" "Core flux" "Core flux Gauss" "Total flux Gauss" "Bright BG" "MAD BG" "Fill fraction" "NaN fraction" "Peak SNR"
[from data line 59]
PA033-R138 287.88091324473777 16.86378004573982 287.8809208074764 16.863785885467934 0.12523765105878257 0.16490022946282154 0.1615424796251177 0.477628 0.5258089102915706 24.489847 31.854654543214373 89.71352305443415 0.73447645 0.24038902 0.2513426238415288 0.0 1.986896
PA036-R139 287.88100295906565 16.863745786232375 287.8809854781816 16.86376127603264 0.15201368430902382 0.1349444175334832 0.12668963936955804 0.38519967 0.4123648063595956 29.09898 33.39351871409038 43.27332569647198 1.1432085 0.14812371 0.3703068003934972 0.0 2.6005268
PA054-R139 287.8818667288285 16.862833000569875 287.8818672893772 16.86285872385552 0.1212222035202757 0.15436507378750738 0.09414115746118701 0.13419843 0.16770068993022785 6.446712 6.293308407129258 9.717407097377185 0.52336276 0.078029215 0.23548359964408128 0.0 1.7198485
PA209-R141 287.876710996389 16.85715838491461 287.876711296982 16.85715447164529 0.13690357707100984 0.14493196489826712 0.10370382388274414 0.44183946 0.47421388716979873 27.072014 29.08095717995837 33.34419903271654 0.540694 0.10945159 0.2945728668799767 0.0 4.036848
PA353-R145 287.87813276072995 16.864581231458263 287.878133605745 16.86460420569869 0.13617721520034776 0.12900804068847876 0.1030003786040251 0.3288364 0.3062582239327624 19.934956 20.045998572788257 21.243295115239512 0.4663044 0.05187401 0.29863406402136894 0.0 6.339136
PA074-R145 287.8826945082149 16.86171366814689 287.8827036201434 16.861719014141897 0.12157997911065038 0.13376887628386236 0.103825871496368 0.21223298 0.1994977411590777 10.255657 12.34635879504576 14.060657637949117 0.38257995 0.03520441 0.23804254015091017 0.0 6.0285907
PA109-R145 287.88263164037676 16.85924223599619 287.8826615479805 16.859235874791995 0.12086388538501748 0.1587143384078826 0.1802058190388882 0.13197118 0.07635861298951384 6.3022943 6.986081548034209 16.212580040378356 0.4113921 0.025127247 0.2364112929542466 0.0 5.252115
PA196-R146 287.8774664564389 16.85669317391192 287.87745518622995 16.856689533598953 0.11732387201274633 0.12400052298174256 0.08289203040254636 0.30892035 0.32976743911902034 13.900991 14.394844992025153 14.814595828712932 0.3022193 0.016590089 0.2216681118669181 0.0 18.620777
PA062-R147 287.8824335570767 16.86252289871615 287.8824220757298 16.86252942232315 0.16092957312130982 0.14963031286434114 0.1281413215096953 0.25608274 0.25295741194818805 21.68096 22.050576105376983 27.157030934639874 0.4859008 0.054779083 0.41501905403885186 0.0 4.674827
PA031-R147 287.8809130976246 16.864038509631833 287.8809089243632 16.86404381660868 0.1096957938507824 0.15192197548650388 0.1348566258406771 0.2640748 0.288232880601583 10.388035 15.943140273268586 34.272405005739834 0.5519838 0.11918309 0.1937806453610876 0.0 2.2157068
PA357-R148 287.87842953017656 16.864684544340243 287.87843702286733 16.864685195414317 0.11539361263124684 0.11020009866951386 0.08674051923872174 0.5500774 0.5995504928171228 23.944942 28.27011682814119 29.49349773655364 0.93644124 0.07643765 0.21338302013920804 0.0 7.1964192
PA068-R148 287.8826676499519 16.86221305573506 287.8826643843778 16.86219893436506 0.15241207560009404 0.15139189388720334 0.14728899770067186 0.20325351 0.2300112115325945 15.434881 16.451483294240656 32.62466792563388 0.5178916 0.07238519 0.375935960524153 0.0 2.807943
PA156-R149 287.8804268708867 16.8568225061209 287.880416570589 16.856813344563818 0.13763656357212528 0.14829427031490042 0.10793433409663378 0.15990394 0.16017133158800703 9.902693 10.026112791605208 12.200018795587924 0.23766518 0.013599582 0.3035735709994447 0.0 11.758004
PA097-R151 287.88300957009045 16.86007722765657 287.88303286705747 16.86007268084973 0.14623961858832854 0.1456785774407189 0.12828966358038496 0.2521421 0.26438906553177394 17.627956 20.509457025004373 28.450067627680877 0.3836585 0.09781495 0.336119138277494 0.0 2.5777462
PA002-R153 287.87877140408733 16.86490843573324 287.87877043302666 16.864897776768263 0.1145651885619172 nan 0.12619931587296715 0.20975149 0.23145300769510632 8.999884 10.912424345841215 24.100902769128744 1.0321181 0.18383229 0.20930421410537348 0.2146341463414634 1.1409937
PA360-R153 287.8786275359674 16.86485662548831 287.87863490301703 16.86485725180349 0.15239787265639734 0.13536389877460422 0.10672962331425608 0.34436524 0.40199165516246066 26.1459 26.819563308873406 29.93942613771553 1.1233875 0.07898903 0.36856753154865746 0.0 4.359659
PA093-R153 287.8831174384186 16.860413298927355 287.8831180995216 16.86042649232072 0.13613554644303993 0.1406490911103044 0.12221865683631417 0.11639649 0.10970333235531772 7.0519533 7.656878632233605 10.713991902089138 0.49544775 0.028290108 0.2941049557287716 0.0 4.1143885
PA357-R158 287.8783935523315 16.864968649379264 287.87839895294854 16.864977486806502 0.1463096606743751 0.13725825735974231 0.10675062510311968 0.27461332 0.28441861739738467 19.217377 19.455647247399682 21.19119048120703 0.5905616 0.041575998 0.34643448933516396 0.0 6.6050925
PA090-R158 287.88324333479284 16.860602661262096 287.8832415659572 16.860590816087836 0.1524351343804012 0.1503896361319545 0.1277498748075432 0.44112813 0.4271980756200228 33.508995 35.10857198908536 45.583402028857876 0.5017279 0.08208549 0.3723629596186619 0.0 5.3740087
PA347-R159 287.87763770145534 16.864908345420364 287.8776420539611 16.86491738979672 0.11605719292931718 0.07684500298437691 0.09281360249940092 0.16156584 0.18539557717383248 7.1141033 9.961771299222281 10.441889901622748 0.5531467 0.07219815 0.21690750122070312 0.0 2.2378113
PA074-R159 287.88309957037626 16.86177381312136 287.88312514905726 16.861786449798117 0.16425762222659634 0.15817441582904104 0.15040655832400177 0.31575707 0.3089914401947121 27.850348 28.363341159276555 45.70213370607778 0.41133067 0.03840503 0.43449172597800567 0.0 8.221763
PA174-R162 287.87914943247995 16.85613330820858 287.8791552786606 16.856105868359116 0.15085261108947864 0.14714334435438217 0.11547201698054417 0.3671093 0.41851731626255506 27.310366 29.081346364072047 36.48576159769325 0.36746836 0.06075163 0.36646804433738067 0.0 6.042789
PA001-R163 287.87871757609645 16.865106437153006 287.87874796323393 16.86509364707567 0.11608469382241789 0.1247069316731253 0.13970952386309318 0.29291165 0.2543189587497422 12.903664 18.890236147840284 32.4554206698852 0.8557775 0.12537134 0.21489313637338034 0.0 2.3363526
PA355-R163 287.8782498300738 16.86510649348969 287.87825655554013 16.8651220365924 0.14512100551745047 0.13844270839751638 0.09628678256509182 0.5716844 0.6007765316313874 39.35894 35.15638010347954 36.416884597083474 0.69055706 0.10307068 0.3374868654737286 0.0 5.5465283
PA004-R164 287.87900552868325 16.865132227964637 287.8790128774028 16.865132412646126 0.11494634652739846 0.11836197121855976 0.09332491698736775 0.32259643 0.2830278821280598 13.934019 15.439062956534718 16.11687831270481 0.5937926 0.042250276 0.21069923959127287 0.0 7.635369
PA348-R166 287.8776466127179 16.865054809551793 287.8776529901646 16.86507322805516 0.1526208325061292 0.16179892630261852 0.13225201415545257 0.7727661 0.8190730924711476 58.844 58.693730315580545 93.6663786160103 0.65420914 0.07664764 0.37327074537090227 0.0 10.08206
PA076-R166 287.88335140433196 16.861713581665413 287.883349614854 16.86171516497277 0.11210448679405376 0.1322944253906825 0.08868820142954352 0.24673831 0.2551717259235791 10.1369915 12.100552287707277 13.122625262605554 0.4725331 0.03349197 0.20040964266149008 0.0 7.367089
PA042-R168 287.88193861118583 16.86402130857771 287.88192217898967 16.864014874407 0.14278633305698318 0.14888558307759825 0.13082313510140864 0.31519154 0.28158298919008656 21.007498 22.35085181348361 31.508809950739476 0.30139092 0.0598799 0.32995020044912204 0.0 5.2637286
PA162-R171 287.8801571562421 16.856081865059625 287.88015777307425 16.856083788850217 0.1525848091529731 0.14362272213940824 0.10393630624455247 0.18090671 0.18932359431308085 13.769043 12.447910255182766 13.371981857902096 0.36995876 0.02402334 0.3749324629459475 0.0 7.5304565
PA069-R172 287.8833244778099 16.86229918635907 287.88336024437757 16.862317184052472 0.11871261427382167 0.14202583060256152 0.13320393033900782 0.12666053 0.12940005528795556 5.8352776 8.289208707400043 15.011532172660473 0.31113788 0.053474247 0.2236418122226752 0.0 2.3686266
PA170-R174 287.8795182410258 16.855849395593438 287.87949988996417 16.855830473527373 0.15169719182294078 0.15010896489917797 0.1257944934832653 0.09208053 0.09782055812330763 6.927067 7.403004896807539 10.120684316672602 0.14830786 0.008493222 0.3724176010282913 0.0 10.841649
PA180-R174 287.8786276350265 16.855746078269494 287.87863513157515 16.855745597167033 0.13695590998234747 0.1433571920533878 0.1161409949048805 0.43832454 0.4206018032659193 26.877188 29.569188801008234 37.093575286665065 0.37405178 0.10443649 0.30057847266103704 0.0 4.197044
PA356-R175 287.8782496020403 16.8654421304257 287.8782450165447 16.865441045937725 0.13981119129704694 0.13035404958143698 0.1042333469840533 0.7961148 0.8189305540242374 50.87285 53.58739229448367 58.17239203962975 1.0397162 0.11389005 0.3132421456131281 0.0 6.990205
PA189-R176 287.87787179300057 16.85574621143914 287.877878376323 16.855751274544083 0.11142826952956669 0.12245070132744983 0.08397624696362556 0.36959684 0.345410237898611 15.001873 15.528847165800151 15.925922915520394 0.22960661 0.018416941 0.19514342454763559 0.0 20.068308
PA198-R178 287.87702592888905 16.85588395599026 287.87702199882455 16.85589060752855 0.14086146193377444 0.1486241967738581 0.09469309459413487 0.26071906 0.2876696562271491 16.91156 14.684464611161118 16.86503140793545 0.5462691 0.050695404 0.31185128138615537 0.0 5.1428537
PA207-R178 287.87629712251214 16.85619385853719 287.87596821133513 16.855918368732794 nan 0.8150472640724684 0.03099999999999996 0.34346116 0.10909036953272658 -0.4922104 0.0 0.6854350070028192 1.259251 0.21271557 -0.007024945581660551 0.0 1.6146499
PA005-R178 287.87909539284124 16.865597215930336 287.87910372001323 16.86556783857836 0.17827938190028164 0.16346900018595906 0.13549545873369837 0.27658254 0.3018112976566487 28.737799 24.20191596343726 36.22775754791539 0.9771792 0.051285267 0.5043842352709724 0.0 5.3930216
PA206-R180 287.8763060728282 16.856107715360768 287.8762924259194 16.856111479065248 0.11031035102463099 0.08758084027887933 0.11747720351819356 0.42727554 0.4625610725220559 16.996796 29.34829457735114 41.7381083042345 1.215847 0.27218255 0.19404620659060595 0.0 1.5698124
PA209-R181 287.8760721261252 16.85621960299629 287.87609246634366 16.85620675552926 0.1579063473439954 0.1507647291680327 0.16476378774410028 0.60723233 0.47827990829569333 49.49719 52.254724861851024 84.89109836113273 1.190652 0.14249158 0.39957240983551623 0.0 4.2615314
PA071-R183 287.8836753673867 16.862273382742682 287.88362046166316 16.8623078388939 0.16505363122656697 0.15503968597092949 0.20036068447814187 0.13500318 0.09668332226739487 12.023216 11.696983251444966 25.376578103408747 0.37165692 0.053398132 0.43656255684646905 0.0 2.5282378
PA078-R183 287.8838822058973 16.861713671288367 287.88387654326505 16.861729902857043 0.13239214835484864 0.14815743474946824 0.12427694136133445 0.23680699 0.23585595962224165 13.568926 15.48722303366236 23.816856904612504 0.39954627 0.071765184 0.2808799743652344 0.0 3.2997475
PA006-R185 287.87914930625027 16.865717841720812 287.87914136629206 16.865729149066436 0.1420069172476808 0.13373276403288106 0.09159878985242491 0.48984778 0.622639813982525 32.29287 32.221816266738514 34.15645895917092 1.0301167 0.08431494 0.32475021437471135 0.0 5.8097386
PA198-R185 287.87697203334847 16.85568582385169 287.8769824915896 16.855681092232064 0.1328256762008641 0.1502001088814592 0.10226348775896442 0.34999675 0.431781218444781 20.1862 21.447576578862638 29.523064086851896 0.61565936 0.083030105 0.2841152322703394 0.0 4.215299
PA355-R186 287.8781595198715 16.86568321415718 287.8781558443654 16.865678235817878 0.09714051349160778 0.18591249730185838 0.1570906805412742 0.58247393 0.5909680755715917 17.968166 31.04295630226624 95.35014188719123 0.8198785 0.17704964 0.1512157776776482 0.0 3.2898905
PA090-R187 287.8840802321277 16.860611272950887 287.88408523891223 16.860622254854608 0.13703671358583466 0.1315198646645683 0.10403384644150904 0.07994339 0.0896938918742488 4.9077554 5.647003048588635 6.347002382204551 0.1573245 0.020440578 0.29946529109303544 0.0 3.911014
PA180-R189 287.8786004313725 16.855358706764168 287.8785964037678 16.855374049909404 0.14671996967723577 0.13778201017595745 0.10789126064049369 0.44461685 0.47020114093884974 31.288942 32.21135423033138 35.78596183687242 0.47069514 0.084349096 0.3466641280451432 0.0 5.2711515
PA220-R189 287.8751093953882 16.856555462373652 287.87510901367443 16.856549846742542 0.18584510820453573 0.15866003557035888 0.1784144564272047 0.32955122 0.34277821384989055 37.209316 36.94939382656742 71.33945289530756 0.6964978 0.1275847 0.548102184406762 0.0 2.5829997
PA271-R189 287.87316597166904 16.860662641555216 287.87316408964887 16.860653823462446 0.1403598575089313 0.1362693696147554 0.10559896928832996 0.21837322 0.20804047362655562 14.064093 14.041360331901767 15.167837701056323 0.11302979 0.014868848 0.3157055050719018 0.0 14.686627
PA204-R191 287.87638688168636 16.85570284733445 287.8763762813 16.85570792532563 0.08826706528273169 0.15132733816905133 0.10346486799094003 0.33940196 0.3825413858959419 8.644466 11.951553433133812 26.774460187190147 0.9418094 0.06898633 0.12485147924984202 0.0 4.919844
PA214-R197 287.8754603237987 16.856030207382833 287.8754849810755 16.85600315070183 0.09292963955271177 0.16223987405525603 0.17374765931962122 0.112142324 0.10759244072257246 3.1659536 6.472934959103389 21.23616863813284 0.42401493 0.044373974 0.13771496284298781 0.0 2.5272093
PA091-R197 287.88440417508434 16.86054245234709 287.88443166023535 16.860547701167008 0.1586726158244405 0.15650311209949333 0.17298806977875295 0.20721278 0.208952199086982 17.054813 17.832966565131564 40.882338749230414 0.22565958 0.04143034 0.39570096822885364 0.0 5.0014744
PA282-R198 287.87305742792734 16.861722291363854 287.8730452080211 16.861725944342208 0.13144476974097793 0.1400262175669125 0.1088114569973959 0.31510463 0.2882522564447923 17.797865 19.012996068369446 22.3140523445206 0.20626017 0.03755182 0.27823839986265586 0.0 8.391194
PA210-R198 287.87574826340585 16.855832182977203 287.87574049144234 16.85583142553074 0.1623010128262223 0.15357451316322626 0.13576272965048267 0.8394822 0.925446018705635 72.29037 75.2882443572932 111.52409168358172 1.0573415 0.14551604 0.4221227683273016 0.0 5.769001
PA206-R200 287.8761261579278 16.8556340450426 287.87614953770503 16.855618741365223 0.16184392941161013 0.15109296495387103 0.1720904818554213 0.5526699 0.4057394292006176 47.324398 49.08293741490159 78.56288002764606 1.2733165 0.06591976 0.4197484932693781 0.0 8.38398
PA203-R200 287.8763239598742 16.855530899775527 287.8763142256193 16.85553418809379 0.0568480381864992 0.1183029097037321 0.13352433990005966 0.21686292 0.27937058349120053 2.291093 10.596667156220047 32.56552131478496 0.96149766 0.21676528 0.05178777844298119 0.0 1.0004504
PA354-R202 287.8780515987365 16.866165565689396 287.87805068472096 16.866173660997163 0.15343983384584617 0.1448579353253203 0.09507018263266499 0.13190275 0.14291600491734197 10.152117 7.986901490525378 8.44551241159533 0.30987328 0.022172436 0.3754471941692073 0.0 5.9489517
PA085-R202 287.8844670298226 16.86107644923009 287.88446838459737 16.861096394605664 0.1587575701145091 0.14786251396314287 0.08453802263154037 0.3344363 0.4449731191872044 27.55553 19.72379103215611 20.791911954227878 0.5491328 0.09306106 0.40192175144102515 0.0 3.5937297
